0.23515723250715154
0.23516838669407594
0.23517396478047103
0.23519069944552828
0.23521301614658435
0.2352158298426019
0.23521838527836725
0.2352189486682662
0.23522138991416555
0.2352225617764674
0.23522314061116326
0.23522488059064237
0.2352271959543171
0.23522851253456795
0.23522917080254685
0.2352311456130158
0.2352337872675148
0.23523509544065474
0.23523575458862167
0.23523773597964678
0.23524035625989806
0.23524175521155272
0.23524245098127733
0.2352445258325935
0.23524732629035167
0.2352487447076432
0.23524946359012122
0.23525162024526766
0.23525449584635363
0.2352588571579551
0.23526103796480932
0.2352676065457462
0.23527624795779997
0.23527765692018912
0.23528079335230614
0.23528235202659573
0.23528697221483422
0.2352933234695421
0.235294727707964
0.2352964690493041
0.2352973521995531
0.23530000166169884
0.23530352296412663
0.23530558999820922
0.2353066200439692
0.23530971019657773
0.23531385715309353
0.23531585861626286
0.23531686756347955
0.23531989441979226
0.2353239043246801
0.23532598055264156
0.23532701301557732
0.23533010425309814
0.23533423428972533
0.23533667645344064
0.23533789764720117
0.23534154666240095
0.23534646198888323
0.23534895607711473
0.23535021653415855
0.23535399792792372
0.23535903997422908
0.23536168454409473
0.2353630105078465
0.2353669884240519
0.23537230963851524
0.23537532147731421
0.2353768259660556
0.23538135750221995
0.23538737566070528
0.23539069711932606
0.23539234905746298
0.23539728520124545
0.23540393433019513
0.23540711619027824
0.23540872050868042
0.23541353350018804
0.23541990979084007
0.23542293693507227
0.23542443787510298
0.23542894072730222
0.23543494479700836
0.23543868000036006
0.23544055189117652
0.23544617875315021
0.23545359644425998
0.23545732209123355
0.23545917776097475
0.23546471181086392
0.23547213516093854
0.23547646079628937
0.23547863470923924
0.23548515651419566
0.23549382485328152
0.23549836888181588
0.23550062741351266
0.23550744349461394
0.23551636399009784
0.23551728464070457
0.2355191969305688
0.23552494525366297
0.23553259484855102
0.23553763554301835
0.23554015047924598
0.23554766546730993
0.23555778830061513
0.23556368743848566
0.23556665445571864
0.23557564398848305
0.23558728976589954
0.2355881315123847
0.23559555931367931
0.23560546377660327
0.23562163560818386
0.23562972359483336
0.2356540844390149
0.23568603832996132
0.2356956858697735
0.23570150116618493
0.23570436681262674
0.23571292990899365
0.23572450094159644
0.23573018131757262
0.23573307464710613
0.23574173765632614
0.23575323836972523
0.23575909226590752
0.2357619969630719
0.23577067679516192
0.2357824425182709
0.23578483970906022
0.23578760487816014
0.2357959168223774
0.2358068401229434
0.2358123798598022
0.23581509852423518
0.23582325461994763
0.23583413029505623
0.23585432359555655
0.23586444586757727
0.23589451560816518
0.23593590255402294
0.23594103292582222
0.23594579690630565
0.23596020186261105
0.23597902164097345
0.2359879864777897
0.23599234987646456
0.23600541459068436
0.2360230890122181
0.23603091743219612
0.23603491844063457
0.23604682777160663
0.2360629826738012
0.2360713057413568
0.23607556829891016
0.23608825625512406
0.23610557518704053
0.23611357346654518
0.2361176842226422
0.23613008929472268
0.23614643385459463
0.23615512764529797
0.23615941890331146
0.23617234332570233
0.23618940604779246
0.23619942102656266
0.23620437828173504
0.2362193377346655
0.2362389230378699
0.23624898953723322
0.2362538955896026
0.23626872947304955
0.2362882989487877
0.23629944173662804
0.23630498498943653
0.23632158278533946
0.23634369026330565
0.23635563960393796
0.23636157594421228
0.2363795941922001
0.2364029793463827
0.23641560676643184
0.23642178056624136
0.2364402306241396
0.23646477626304088
0.2364765340424867
0.23648235021699532
0.23649993519364887
0.23652306269964973
0.23654364380434578
0.23655381371678733
0.23658468133477203
0.23662488019053843
0.23664546043250548
0.23665552051504876
0.23668546838935334
0.23672658750757694
0.2367454038321716
0.23677666487330346
0.23679068932319342
0.23679793093114096
0.23681986660787152
0.23684849027216814
0.236865439847234
0.23687373425792632
0.23689866640111426
0.23693185317258253
0.23694761830366964
0.23695553094126443
0.23697904208026144
0.2370111785716001
0.23702626060136264
0.23703398945161777
0.23705726610702532
0.23708828558281664
0.23710581346711856
0.23711457627530513
0.23714096653143368
0.23717581857934358
0.23719609469625938
0.2372061124628701
0.23723639793226697
0.23727636667555052
0.23729692908288494
0.2373071888878514
0.23733785255071108
0.23737865381019033
0.23739866863085024
0.23740859544124254
0.2374385476128736
0.2374779090124113
0.23750156654051524
0.2375132685274894
0.2375480434108326
0.23759571203828025
0.23761680669565688
0.23762774613935192
0.2376603799762119
0.23770441244210025
0.23773234824039005
0.23774637679305125
0.23778862473537798
0.23784476494314707
0.23788351083709272
0.23790279520353827
0.23796076253632337
0.2380377145314098
0.23807707446649726
0.2380966665496242
0.23815544795771657
0.23823339260359924
0.23824607175789408
0.23826279375634862
0.23831333878687566
0.23837907886520368
0.23838800950446346
0.2384030018496331
0.23844798190755725
0.23850798183413413
0.23853885824956222
0.23855432408101815
0.2386008970928156
0.23866206229245435
0.23869339692830993
0.2387088523490043
0.23875530747982354
0.23881662022363953
0.23885137112055688
0.238868599127221
0.23892038228605886
0.2389885275770558
0.23902195795134734
0.23903842669569741
0.23908747443156494
0.23915395898929037
0.23918891939125372
0.2392067611421159
0.23926019269313478
0.23933160320766275
0.23936817788932596
0.23938651429965752
0.2394412272649188
0.23951481946224892
0.23956214409392934
0.23958589349354412
0.23965727902436795
0.2397520724354295
0.23980974115323272
0.23983848250549775
0.23992440572298757
0.24004080490488477
0.24005459062290296
0.24008172908017478
0.2401630079702872
0.24027134597604133
0.24032960366135564
0.24035866310925605
0.24044616430548008
0.24056119478697624
0.2405845646188749
0.2406146377927746
0.2407040689188721
0.240826161258148
0.2408802251752134
0.24090806938440026
0.2409920548260371
0.24110198995069987
0.24115861762153795
0.2411865542253163
0.2412693478326263
0.24138273701469107
0.24144199642645506
0.24147242383871362
0.24156324101710475
0.24168573690034575
0.24175904168820012
0.24179603344161915
0.24190721992913194
0.2420553695937822
0.2421609759188487
0.24221391842067164
0.24237141870163156
0.24258701101151722
0.24262147527794165
0.2427896334610824
0.2428682816494301
0.24299068679383748
0.2430658497505969
0.24310321318757616
0.24321608222946103
0.2433653400211344
0.2434641766434374
0.2435132580139831
0.2436607813021244
0.24385795865963938
0.243969434289967
0.24402510031085958
0.24419325010013074
0.2444157667972979
0.244539350620416
0.2446008358682372
0.24478519051149028
0.24503193454650637
0.24517300381009385
0.24524357014508774
0.24545602330221364
0.24574042675084196
0.24574745869970663
0.24580409381086865
0.2459733619381943
0.24620204082856453
0.24631847547346117
0.2463776016849059
0.2465543252360454
0.24679157032037388
0.24695994120499254
0.24704442703774915
0.24729956353127244
0.24763468794094357
0.24766552837059574
0.24777569130865637
0.24810735904630798
0.24854963537404384
0.24876838402284315
0.24887773027776303
0.2492074105588053
0.2496442920975641
0.24972936731873427
0.25002943641659486
0.25016341521275287
0.25023217885001364
0.2504374728460364
0.25071567576913845
0.2508522250084331
0.2509217826996798
0.25113021638246585
0.2514096976251644
0.25159158951933835
0.25168316534626994
0.25195702208534476
0.252326450939215
0.2525093710265767
0.2526022903609504
0.2528805729153788
0.2532525121890741
0.25344593978623525
0.25354279437328653
0.2538332781965526
0.25422232070614653
0.25447681291351976
0.25460485589366416
0.2549894535135048
0.25550262106998595
0.2558333449240792
0.255998892457826
0.25649719701422224
0.25716218720910405
0.2576033789752167
0.25782512452683615
0.25849183072568577
0.2593787161480574
0.25970608264739264
0.2603485313750074
0.26048533228766463
0.2606934537336739
0.261315728850925
0.26215988675691293
0.2624061171483701
0.2630170482270336
0.2633475225816019
0.2635141425632834
0.26401435181444194
0.26468421540389303
0.26512062284181703
0.26534019958120353
0.26600100368575663
0.266879729896202
0.2669194441084776
0.2674238495023433
0.26809707383804293
0.26852026929701356
0.2687324954289667
0.2693697348458184
0.27022401508435817
0.2707521767576709
0.2710181163516232
0.2718176227962023
0.2728863374654963
0.27338951978646936
0.2736411494164284
0.27439792173254984
0.2754103314554057
0.2760538342391835
0.27637784921620695
0.27735163643639016
0.2786584715580283
0.279528889657015
0.27996842389648374
0.2812891140110028
0.2830687644047963
0.2833092540485174
0.28440687583900776
0.28589007258403903
0.28605475438399014
0.28714392542989703
0.28860448906886055
0.28934446160961075
0.28971670825264545
0.2908344708880298
0.29234006074642305
0.293051055944609
0.29341040344238645
0.29448939246196315
0.2959408011934743
0.2967564136117308
0.2971682722910641
0.29840522026529853
0.30007308146144673
0.30082887008107856
0.30121097959344517
0.30235845682145424
0.30390310024380934
0.30475089539137973
0.3051792429626227
0.3064676143524088
0.3081980863765707
0.30930100520244636
0.3098584263312186
0.3115340579390577
0.3137957418739277
0.31406148665468153
0.3145952510111745
0.31619960299253663
0.3183644640524251
0.3193606578767781
0.3198641771859041
0.3213777165548059
0.32341808424661933
0.3244330203683382
0.3249462576708502
0.326488561231504
0.32856873402630526
0.32957430891706135
0.3300828877694571
0.3316114212445061
0.3336710904828913
0.33480000959172196
0.3353710464178458
0.33708870265451213
0.3394025782914472
0.34080574063514524
0.3415167297844254
0.34365474563057696
0.34654686817175073
0.3471131716493238
0.3490852543578413
0.35174892577815575
0.3530257611373541
0.35367211885030564
0.3556154463315117
0.3582402246196969
0.3594904498771833
0.36012345402719953
0.36202691492028666
0.3645942464930449
0.36607801894693387
0.36683002368640955
0.3690918072688117
0.37215052189151354
0.37357033498790154
0.3742897616503256
0.3764535870516701
0.37937604623651017
0.3809611472426306
0.3817649687963831
0.38418306272969005
0.38745544694273726
0.38897743084605524
0.38974921693487896
0.3920709223599055
0.3952095840945209
0.39685850860732913
0.3976952625365405
0.40021264829124004
0.4036201880611698
0.4053211969665017
0.40618488374751455
0.40878328160255134
0.4123027938535255
0.41403721009260697
0.41491834331748384
0.4175692719784479
0.4211606526507464
0.4229864194061704
0.423914606588835
0.42670763528344424
0.4304939613981504
0.4324059135642437
0.43337847215548037
0.436305707481694
0.4402749943889267
0.44236322555284263
0.443426456458402
0.44662719093061765
0.4509740867444438
0.4531038758034304
0.4541885744226165
0.45745394331149813
0.46188822709594296
0.4641544790333094
0.46530939568796637
0.4687865512229885
0.47351227454591294
0.4758654741429909
0.4770650140965283
0.4806768060198196
0.4855858015334602
0.4880843697541623
0.4893584940354742
0.4931953121989071
0.49841305641571787
0.5010231258818414
0.5023542931892481
0.5063630765892269
0.5118151474933202
0.514579127820503
0.5159890362519445
0.5202355655471891
0.5260127695044462
0.5289139126248168
0.5303937839248712
0.5348514352316633
0.5409161650291234
0.5439883982146956
0.5455556339853084
0.5502770076282594
0.5567023497533378
0.5599163685728556
0.5615557390118747
0.5664949193250738
0.5732158320828147
0.5766308019710739
0.5783727239849511
0.5836215855230682
0.5907661131540747
0.594340951196507
0.5961641167588914
0.601658375848788
0.6091360576755992
0.6129181212022984
0.6148468552736782
0.6206600181284117
0.6285729053608516
0.6325547273436332
0.6345850635263657
0.640705245222043
0.6490360387228408
0.6532402608964573
0.655383754703196
0.661845776729293
0.670642831166109
0.6750590190773484
0.677310187364886
0.6840974334143327
0.6933370881454128
0.6979739463969206
0.7003371299477259
0.7074628204512189
0.7171625094122258
0.7220476617083157
0.7245369165618266
0.732043659768706
0.7422616953025493
0.7474197041430565
0.7500474699246968
0.7579729328530581
0.7687611250113319
0.7741829201282551
0.7769443092786568
0.7852735928626139
0.7966105202335537
0.8023011369615142
0.8051985224440653
0.8139388801704993
0.825833319615466
0.831826104904599
0.834876377468164
0.844078946222901
0.8566011571473325
0.8628970082400381
0.8661003351849065
0.87576566850123
0.8889151080246347
0.8955353032180781
0.8989023044401603
0.9090625758104008
0.9228829225916441
0.9298309619505938
0.9333631142078618
0.9440228156031144
0.9585188999538163
0.9658206131972294
0.969530813989803
0.9807290623771449
0.9959540498427226
1.0036109704777347
1.0074996516590384
1.019237745433006
1.0351920450107253
1.043222669078933
1.047298927562649
1.059604445236071
1.0763250317269768
1.0847388220875958
1.0890071090128233
1.1018936254230354
1.1193977958665398
1.128209314703035
1.1326766476937782
1.1461654344590362
1.164481258007271
1.173702494461891
1.178374554987548
1.1924828919786745
1.2116327532010687
1.2212749936410763
1.2261570652109668
1.240901034462043
1.2609055206369708
1.2709825616593051
1.2760811491404465
1.2914805575698372
1.3123652972621578
1.3228883773637463
1.3282086268129552
1.3442791650863886
1.366063938308048
1.377044491540777
1.3825915822211787
1.3993490468498915
1.4220536692228738
1.4334998943895962
1.4392772935604508
1.4567323145409323
1.480369268697015
1.4922893076193051
1.498300365673861
1.5164632607139767
1.54104435621641
1.5534567435945783
1.5597099875567213
1.578606834582935
1.604165413360521
1.6170825982489396
1.62358337130037
1.6432306165797879
1.6697864827073683
1.6831600736675498
1.689882851306072
1.7102030677310913
1.737647274134196
1.751509717929401
1.7584697874487707
1.7795098150452038
1.8079036615623052
1.8222523283357404
1.8294471853255494
1.8511997847264585
1.880530296700468
1.8953580036604707
1.9027827559456132
1.925233503190438
1.9554778377234416
1.9707685215206368
1.978413769088525
2.001534595653682
2.0326513755421987
2.0484005267783467
2.05626259499955
2.0800429924471078
2.1120147101040017
2.1281922179682784
2.1362546237691817
2.1606451536096087
2.193401580109758
2.2099950775081396
2.2182501277466016
2.243228269082107
2.276735804430499
2.293721544582544
2.3021558660127996
2.3276819173941377
2.361883819878293
2.3792310381261585
2.38782776779671
2.4138515147981203
2.448677094293543
2.4663506822820342
2.4750908241619842
2.5015556923006033
2.536925952632926
2.5548924935703736
2.5637578654002606
2.5906099034214773
2.6264496952992666
2.64466957751579
2.653638988927339
2.6808152133659027
2.7170375545164895
2.735469698630943
2.744521236333922
2.771956612268061
2.808472101425441
2.827073842825496
2.8361848265449363
2.8638121286184903
2.9005287767559005
2.9192572432562702
2.928404883358494
2.9561567150791386
2.9929825930495944
3.011797890314834
3.0209607664086375
3.048774113344086
3.0856233484027618
3.1044914134045642
3.113650775669389
3.1414710186084087
3.178268966416093
3.1971703200010557
3.2063140583310235
3.2341072802700617
3.270806409497089
3.2897518050873966
3.2988814221949494
3.3266560796389517
3.3632638420814605
3.3823314820040293
3.3914785425911713
3.419336771581594
3.4559813345734343
3.4754303952576016
3.4847062540030684
3.512999336480537
3.5501284972692657
3.5709438307426953
3.5807753921390773
3.6108430530191264
3.6501687818937474
3.673389651220692
3.6841918256406925
3.7173678057816835
3.7605570973327156
3.775880009710729
3.8073105503253815
3.813711091529136
3.8332391211470798
3.8587889163284665
3.8628606924570184
3.8683099797180565
3.884904324217593
3.9066371302060197
3.916358918329696
3.9210157997219333
3.935177888352556
3.953739099046012
3.9621779582038323
3.9662286701929235
3.978532776224708
3.9946640870712935
4.002052009402579
4.005603466367233
4.016378666683315
4.030502921591299
4.036951526048852
4.040054260038506
4.049456309302062
4.061770727989046
4.067351341393888
4.070036612152974
4.07816257196921
4.0887881188062325
4.093539805257478
4.095824068412575
4.102726452029385
4.111728293174336
4.113185514576788
4.115098228137445
4.1208702007942035
4.128377286033004
4.12866361826541
4.130199475079576
4.13482884223689
4.1408380577488115
4.144002197708341
4.145498412754995
4.150004861156429
4.155791214873124
4.158836975390074
4.160245265923064
4.164481523539905
4.169818797599524
4.172555865666086
4.1737734043975525
4.17743020445819
4.181880318789771
4.184125896973329
4.185044924040956
4.1878019799716535
4.190894388250193
4.192377015223089
4.192834679059124
4.19420976296689
4.195230020202464
4.1954401380302935
4.195151023576485
4.19429638358059
4.192028939407666
4.190110424547526
4.188620598647845
4.184177815552122
4.1767319415883986
4.171858506124481
4.168877279476082
4.159939750162877
4.1463963334697524
4.137687416193834
4.132805529585978
4.118081232467463
4.096768337828128
4.0823752536461075
4.074754114544666
4.051565887278542
4.018956215426521
3.997698632377545
3.9870812910120073
3.954294887123238
3.9094421881416515
3.8647813810856526
3.8447138774195513
3.7795184451359964
3.693542034818822
3.6436504780436576
3.615055203959156
3.602664560698718
3.5622810457404754
3.5098996149795196
3.4726131633088175
3.4577620082934972
3.406679433191058
3.3421010922612657
3.300552474809324
3.285600024598833
3.2309362731000033
3.1636997667316384
3.125526572153534
3.112698633433752
3.0641923889258917
3.005063361444723
2.9707895399989455
2.9598161021868825
2.916948946940197
2.865029984501904
2.834190032176308
2.8247610990887475
2.7866781041409228
2.740792981149252
2.7129055531627877
2.7047541095578747
2.670699120033214
2.629837079286318
2.604463239015241
2.597361481004009
2.566678123471985
2.5299836917052185
2.5067367145362183
2.500494434811228
2.4726257968702154
2.4393890471847772
2.4179398567314596
2.4124022054402836
2.386888146001007
2.356532763827939
2.336609507492043
2.3316530984873003
2.308121862054764
2.280188280877522
2.261571101160436
2.2570990806281626
2.235254897051088
2.209380762764587
2.191894030151565
2.187830966487343
2.167440313089187
2.143341121744411
2.1268450851012792
2.1231322898679554
2.104010848795788
2.0814626683201425
2.0658457412787494
2.0624373177870963
2.044438716233701
2.0232638289805616
2.008436070368193
2.005295754148702
1.988302431790951
1.9683579736850951
1.95424588144935
1.9513446061502955
1.935260711636246
1.9164299776859954
1.9029724835783763
1.9002865521720609
1.8850325702357233
1.8672185076343255
1.8543639693735299
1.8518737025940786
1.8373824634234046
1.8205028712562161
1.808206847620271
1.8058955952792222
1.792109343321612
1.7760933611250316
1.7643169801374579
1.7621704019137965
1.7490386554236772
1.7338242046707386
1.7225329710442576
1.720538514297177
1.7080165050172387
1.6935484255114837
1.68271134884055
1.6808578689997336
1.668905402877916
1.6551340914748083
1.6447230468266347
1.6430005302627502
1.6315811518938932
1.6184615625575678
1.6084508190360511
1.6068501792626921
1.595930554969253
1.5834214583005648
1.5737873295213427
1.5723002556759835
1.5618497144352534
1.5499131437747669
1.5406235985936096
1.5392430616643755
1.5292226257599155
1.5178152652053778
1.5088679302277526
1.5075856779276278
1.4979911590499273
1.48709762932562
1.4784696082187976
1.477279563135956
1.4680756162361701
1.457656966213685
1.4493273884214084
1.4482234359039856
1.4393869913084838
1.4294146914216803
1.4213669140418181
1.420343346802832
1.4118529555058357
1.402300428825325
1.3945189025731444
1.393570391645288
1.3854059835242267
1.376248363413273
1.3687185174973489
1.3678400822489518
1.3599828610337141
1.3511968627970214
1.3439050349532176
1.3430920171683245
1.3355243698353076
1.3270881789192999
1.3200215536145268
1.3192695947557744
1.3119750109043888
1.303868183250465
1.2970147360157422
1.2963197569568272
1.2892827561400646
1.281486128526517
1.2748345750813834
1.2741927577742718
1.2673988234783766
1.2598944312453026
1.2534341809321525
1.2528419517192004
1.2462774703848305
1.2390484719442536
1.2327695845867008
1.232223598789421
1.2258758035827695
1.2189064109202017
1.212799556350211
1.212296684003322
1.206153602621206
1.1994290154246807
1.1934854365871705
1.1930227491757877
1.1870731546314297
1.1805795005654527
1.174790977501435
1.174365735493403
1.1685991007602898
1.1623233770001609
1.1566821950516728
1.156291836305084
1.1506982909526482
1.1446283125365628
1.1391272298229969
1.1387693586699241
1.1333396486317346
1.1274639959234718
1.1220962159897612
1.121768592942344
1.1164940423829732
1.1108020164512384
1.1055611587099416
1.1052616908061528
1.1001341661344926
1.0946157433326515
1.0894958184971522
1.08922255002487
1.0842344280054235
1.078880214633876
1.0738756023847298
1.0736267064823715
1.0687708401637963
1.063572037606183
1.0586774602089164
1.058451230925733
1.0537209205407103
1.0486692865545988
1.04387978954655
1.0436746338364034
1.03906359954286
1.0341514160444978
1.0294623440192456
1.0292767751180198
1.0247791299297244
1.0199991599746634
1.0154061475424936
1.015238777378104
1.0108490030237998
1.0061944745808524
1.0016934156063155
1.0015429496000432
0.9972558723771138
0.9927204352576096
0.9883074742838485
0.9881727054695859
0.9839834714290921
0.9795611827409737
0.9752326952086867
0.9751124959524677
0.9710165598022704
0.9667018393070109
0.9624544328261325
0.9623477516611435
0.9583408490682326
0.9541284892888406
0.9499589474652391
0.9498648089313264
0.9459429201210608
0.9418280603901541
0.9377333586518686
0.9376508459084055
0.9338102443893173
0.9297882485466539
0.925765596766854
0.9256938595871239
0.9219310101884617
0.9179976043602189
0.914044305410966
0.9139825556277541
0.9102941459592339
0.9064453151865027
0.9025588657086611
0.9025063620871792
0.8988892760836197
0.8951212830199335
0.8912992761414855
0.8912553344945001
0.8877066803144973
0.8840158875484316
0.8802561856907644
0.8802201617775224
0.87673717201939
0.8731204068938775
0.8694208297968712
0.8693921219056341
0.8659722711637927
0.862426363683651
0.861285953781415
0.8610797340683828
0.8602634515602499
0.8591910928853597