20000.
19997.098478896
19995.647876092
19991.296699233
19985.496603496
19984.774934645
19984.108749496
19983.964961173
19983.328198506
19983.027379827
19982.876972175
19982.425756033
19981.824150419
19981.482179951
19981.311196898
19980.798256546
19980.114356627
19979.772745247
19979.601941734
19979.089539982
19978.406358156
19978.046177611
19977.866089761
19977.325835976
19976.605520394
19976.232595941
19976.046136311
19975.486767892
19974.740967773
19973.609914362
19973.044411632
19971.347999588
19969.086341217
19968.733654319
19967.926447694
19967.522856588
19966.312132273
19964.697947542
19964.317845802
19963.860177308
19963.631346979
19962.944871762
19962.029608283
19961.495388224
19961.228283536
19960.426990955
19959.35865099
19958.836530087
19958.575474738
19957.792329217
19956.748183094
19956.213610635
19955.946329756
19955.144508636
19954.07546403
19953.443162127
19953.127018665
19952.178618381
19950.914154917
19950.262344811
19949.936447719
19948.958788433
19947.655317377
19946.968454773
19946.625032315
19945.594800467
19944.221240912
19943.439405638
19943.048499465
19941.875826976
19940.312371075
19939.458036597
19939.030883053
19937.749477389
19936.041064773
19935.211650782
19934.796956695
19933.552926256
19931.894339932
19931.118635242
19930.730794189
19929.567316369
19928.016118414
19927.050229852
19926.567303092
19925.118593101
19923.18714381
19922.233318954
19921.756423614
19920.32580616
19918.418476221
19917.296265923
19916.735184443
19915.052034919
19912.808057039
19911.640108137
19911.056159332
19909.304415754
19906.968997615
19906.75748426
19906.263254663
19904.780639568
19902.803991409
19901.507447715
19900.859207493
19898.91461361
19896.322117597
19894.789953861
19894.023916183
19891.725980231
19888.662478822
19888.492491775
19886.580048507
19884.030410463
19879.868360769
19877.787662473
19871.546874443
19863.228872325
19860.804043495
19859.331888791
19858.595852305
19856.387906629
19853.444361217
19851.962191368
19851.221147883
19848.998183506
19846.034618519
19844.544246183
19843.799101931
19841.563837159
19838.583876088
19837.938701204
19837.230612176
19835.106496842
19832.274697143
19830.879995392
19830.182681246
19828.090886027
19825.302169247
19820.125645203
19817.537889869
19809.776651254
19799.433062144
19797.948840326
19796.727345052
19793.063311577
19788.178988973
19785.94621591
19784.829923771
19781.481425385
19777.017642859
19774.981693338
19773.9637971
19770.910422896
19766.839991102
19764.672824124
19763.589329656
19760.339202781
19756.006532117
19753.90869942
19752.859866531
19749.713702135
19745.51959618
19743.334277514
19742.241708798
19738.964365566
19734.595421326
19732.07025801
19730.807797427
19727.020900479
19721.972835622
19719.470904282
19718.220057544
19714.46799356
19709.466352657
19706.658345378
19705.254491659
19701.043530725
19695.43031647
19692.412859167
19690.904303768
19686.379331144
19680.347652399
19677.231766546
19675.674008504
19671.001474496
19664.773155805
19661.82442809
19660.350229937
19655.928298856
19650.033938395
19644.880402586
19642.304141361
19634.577385022
19624.279772163
19619.210239866
19616.675964653
19609.075103385
19598.945203772
19594.026833686
19586.343627816
19582.697728185
19580.875032741
19575.407964522
19568.120915327
19563.959679028
19561.879392574
19555.639860641
19547.32358129
19543.37412001
19541.399688474
19535.477590917
19527.584253309
19523.711642367
19521.77562476
19515.968724032
19508.228877329
19503.856162862
19501.670173029
19495.113673779
19486.375104441
19481.369005066
19478.866437493
19471.360663853
19461.357465433
19456.275517459
19453.735040949
19446.115601937
19435.960992979
19431.032330734
19428.568468136
19421.178755062
19411.330177288
19405.552118084
19402.66373327
19394.0011585
19382.457075797
19377.073773393
19374.382682703
19366.311653261
19355.555511663
19348.631424153
19345.170309057
19334.790678621
19320.959835398
19311.483515115
19306.747097702
19292.544815073
19273.624690257
19264.056797769
19259.274632466
19244.935258922
19225.832702284
19222.838396504
19218.767239981
19206.558943607
19190.293279282
19188.297847289
19184.658571098
19173.74488392
19159.202959567
19151.723211055
19147.984431626
19136.772472611
19121.833407088
19114.391561847
19110.671725104
19099.516558349
19084.653132383
19076.385275038
19072.252689331
19059.86030359
19043.349648788
19035.490564836
19031.562238927
19019.78212521
19004.086650232
18995.584575496
18991.334964293
18978.591834698
18961.614296869
18952.909194029
18948.558141062
18935.510975164
18918.128729299
18906.863891405
18901.233987665
18884.354333796
18861.871577441
18848.325038394
18841.555417209
18821.261139553
18794.236104193
18790.748758492
18784.401858133
18765.374017755
18740.033545512
18726.49677431
18719.732055479
18699.452558497
18672.447402103
18667.236262209
18660.286561484
18639.452980483
18611.711052954
18598.890460928
18592.483476595
18573.275764057
18547.696347023
18534.957360401
18528.591148029
18509.505628494
18484.088849095
18470.264667898
18463.356454414
18442.647313905
18415.071257377
18398.308975707
18389.933556804
18364.830170732
18331.412289782
18307.692987785
18295.844847428
18260.346414648
18213.122292466
18204.628107497
18167.999827974
18150.172825067
18123.076254549
18106.562129283
18098.310709898
18073.579007858
18040.655972541
18019.180189576
18008.45188607
17976.305286598
17933.532405095
17909.39992239
17897.345860689
17861.232334023
17813.194298438
17786.886488028
17773.74715541
17734.38736769
17682.043207667
17652.152934975
17637.22675065
17592.523884285
17533.096267421
17531.455401345
17519.65392992
17484.297161674
17437.265779217
17412.904125372
17400.736063918
17364.282875531
17315.797393977
17281.320897462
17264.108398041
17212.57369776
17144.09999043
17138.459346844
17116.331720931
17050.120114094
16962.236230788
16919.172206268
16897.681209162
16833.371871582
16748.0066562
16695.203521239
16668.864413811
16590.096155901
16485.650522688
16435.206594354
16410.042539793
16334.781317074
16234.96968703
16233.884610702
16170.557155184
16140.394578808
16125.334394153
16080.238103602
16020.305842828
15980.11349258
15960.055145322
15900.031044398
15820.349928814
15775.464612727
15753.069731162
15686.07566024
15597.193224757
15570.034100913
15544.552519478
15468.357721694
15367.345326974
15315.181409774
15289.165887575
15211.384176256
15108.290430424
15055.53188466
15029.221737916
14950.566848555
14846.333625425
14796.221555196
14771.228984246
14696.504282469
14597.459052783
14546.839721032
14521.595915756
14446.127040192
14346.11163837
14290.56205674
14262.867976073
14180.107337154
14070.506357219
14020.789817823
13995.997460534
13921.88311793
13823.674145394
13762.64975993
13732.238661069
13641.407968764
13521.234268133
13443.704900817
13405.107078475
13289.97724778
13138.007474621
13123.950383926
13025.568804081
12895.5396452
12815.962543988
12776.358328681
12658.27849272
12502.534559615
12430.196493984
12394.184562218
12286.773552182
12145.00547851
12075.064727973
12040.245536146
11936.389228246
11799.306355854
11706.361835219
11660.164483565
11522.66342473
11341.847663966
11223.660819265
11065.28412873
11030.811900398
10991.973656014
10876.277474883
10723.907992021
10679.592106663
10636.692569901
10509.025155153
10341.182397918
10337.337840798
10291.110363137
10153.664589514
9973.2548544581
9960.0243728902
9839.8833465914
9777.3844103642
9746.2839608318
9653.5749154052
9531.3332143595
9467.9810965993
9436.4631171961
9342.5373092664
9218.7555736132
9154.0874449089
9121.9236913803
9026.1089110047
8899.9195924025
8833.9801550979
8801.1938651629
8703.5632904265
8575.0717962231
8508.4357672575
8475.3121857732
8376.7131463498
8247.0297923166
8185.36099583
8154.6997391638
8063.4033719475
7943.2628665906
7884.3597215338
7855.0721480994
7767.8605741939
7653.0828287426
7597.6716977621
7570.1167611217
7488.050117763
7380.0102041417
7317.4450389315
7286.3616381088
7193.9014246225
7072.4436644659
7017.8939203194
6990.7770279187
6910.0534090668
6803.8700414868
6752.8402594806
6727.4690698942
6651.9260083476
6552.5198279149
6505.0944355544
6481.5106129481
6411.2709200496
6318.8006391347
6264.2570839379
6237.162115569
6156.5783568092
6050.7505725088
6036.3511379541
6013.2117375477
5944.324388405
5853.7006359822
5810.0125411802
5788.2909166712
5723.6120907978
5638.4965072944
5596.1846504804
5575.1479370395
5512.5110886678
5430.0886142559
5387.907117725
5366.9394038062
5304.5245870402
5222.4324823629
5183.0965417106
5163.539815803
5105.3112738989
5028.6933761886
4991.4081642317
4972.869354445
4917.6650406793
4845.0114069702
4807.893347059
4789.4410890575
4734.5081401774
4662.2430552976
4627.0674837033
4609.5793440118
4557.510510868
4488.9991695581
4455.3483309524
4438.6176250897
4388.8015296061
4323.2487042266
4290.3520437461
4273.9977012132
4225.3077719348
4161.2496168181
4130.3815672838
4115.0335147497
4069.3307027473
4009.1822331975
3979.0094730963
3964.0083531406
3919.3434745011
3860.5721853432
3831.8972324018
3817.6397242671
3775.1847043904
3719.3115346362
3691.7938152563
3678.1113962378
3637.3676464447
3583.7438598788
3557.5128618514
3544.4694485219
3505.6254472188
3454.4948320924
3429.2174770619
3416.6482435748
3379.2162928934
3329.9441780185
3305.730017673
3293.6890456069
3257.8286449253
3210.6213877927
3187.3395708156
3175.762048716
3141.2811951017
3095.8883870119
3073.5683621205
3062.4687657259
3029.4099039206
2985.8858823244
2964.5872785009
2953.9950155656
2922.4447604118
2880.9013157619
2860.5391618051
2850.412117558
2820.2455930958
2780.519604202
2760.9873858397
2751.2727890679
2722.3336057139
2684.2209821335
2665.5311125616
2656.2350345074
2628.5408710786
2592.0639564703
2574.1717022658
2565.2719422831
2538.7568549142
2503.829240559
2486.670420367
2478.1351563561
2452.7047426752
2419.2030092592
2402.7714767359
2394.5976092565
2370.2424675854
2338.1538436338
2322.4127952196
2314.582054916
2291.2479020683
2260.50121988
2245.4075080333
2237.8984873482
2215.5217593472
2186.0337849278
2171.5619600483
2164.3620138154
2142.9050910125
2114.6263935303
2100.7498832956
2093.8458125429
2073.2694437735
2046.1484858289
2032.8345472771
2026.2100996468
2006.4660000702
1980.439490614
1967.658500998
1961.2989704018
1942.3434391861
1917.354073024
1905.0806015814
1898.9733590195
1880.7688517219
1856.7673597371
1844.9752738803
1839.1073440587
1821.6152956554
1798.551090125
1787.2151725259
1781.5740345499
1764.7572304225
1742.5814947219
1731.6780472965
1726.2519337693
1710.075395537
1688.7422388298
1678.2483520227
1673.0258870945
1657.4558002575
1636.9208587774
1626.8149831749
1621.7854656609
1606.790018299
1587.0115490579
1577.2729494782
1572.4260824213
1557.9746638558
1538.9124991709
1529.5214419724
1524.8474254225
1510.9109010879
1492.5268070814
1483.4644851618
1478.9539790173
1465.5045803353
1447.7621132083
1439.0106432089
1434.654765834
1421.6660861287
1404.5305868486
1396.0729465405
1391.8632437503
1379.3101463529
1362.7486207758
1354.5685964841
1350.4970155043
1338.3555566159
1322.3365748951
1314.4352192644
1310.5022636872
1298.7738641848
1283.2991141953
1275.6493686182
1271.8416126224
1260.4864054724
1245.5036780404
1238.0657405052
1234.3634448678
1223.3228539502
1208.7555273033
1201.5410128064
1197.9499189538
1187.2409067888
1173.1109946439
1166.1002130346
1162.6105494225
1152.2040930481
1138.4735711183
1131.6575429837
1128.2648467736
1118.1476643456
1104.7990699228
1098.1681291786
1094.8675979715
1085.0254039148
1072.0399704235
1065.5764737025
1062.3593533579
1052.7661531325
1040.1098391639
1033.8060948416
1030.6685637532
1021.3129886003
1008.9708575966
1002.8163344306
999.75316498118
990.61968278321
978.57137300892
972.55520969401
969.56101210762
960.63361562345
948.85815791182
942.96928305701
940.0385651131
931.30095002252
919.77700260606
914.00407868424
911.13121828277
902.56670320883
891.27245040349
885.6059272084
882.78618971291
874.38073104922
863.29781726968
857.72616427003
854.95383672504
846.69050275443
835.79682928543
830.30850913432
827.57787847694
819.43975012437
808.71326463074
803.29541565603
800.60011721829
792.56836226447
781.9845570678
776.62258476755
773.95540161129
766.00868683314
755.53984743033
750.21591072596
747.56802697921
739.68031846676
729.29268303899
723.98276209777
721.34231698609
713.47862165106
703.12688510645
697.79483045091
695.1439852015
687.2517185695
676.86790567817
671.44949710295
668.75658001026
660.74245736163
650.20615493537
644.55397134646
641.74633134669
633.39657840961
622.43232399275
615.94764310496
612.7306813195
603.18025487801
590.67751098509
584.58098155807
581.55635379188
572.57604419654
560.81764116619
555.54994626042
546.67901383959
545.69515167082
543.75638569682
537.98131897557
530.37652825212
528.86750132863
527.16461014479
522.08876493775
515.39691545129
512.34755695352
510.82964987967
506.30285780368
500.32947494552
497.5906594693
496.22687889751
492.15792327081
486.78450273515
484.32228354278
483.0958481341
479.43514465452
474.5973208357
472.39169141216
471.29272349227
468.01113589442
463.67120237544
461.71663010335
460.74243582805
457.83216875494
453.98038813948
453.49158648421
452.64472868383
450.11363221959
446.76083993073
445.1876202777
444.4030890843
442.05778111235
438.94994625898
437.25079396437
436.40368584624
433.87219577838
430.51970409477
428.75299443245
427.87236014388
425.24129519237
421.75835889487
419.94793756884
419.04564317748
416.3503754286
412.78363287068
410.93735392933
410.01731343319
407.26953281997
403.63444925018
401.74544771892
400.80426465782
397.99392461749
394.27743387733
392.3601397527
391.40499174314
388.55347630448
384.78374538236
382.8548441774
381.89402259476
379.02600160172
375.23545081486
373.17295239424
372.1459582406
369.08190293338
365.03570359739
362.63261331132
361.43700708205
357.87378823775
353.17741371144
350.44762065834
349.09064646289
345.05116895002
339.73781638639
336.8830187914
335.46462829013
331.24518792411
325.70170833625
322.66691597621
321.16014019669
316.68189945345
310.80789720221
307.43888243546
305.76809423374
300.81001252844
294.32407228707
290.45577328931
288.540731002
282.87102988289
275.48434957058
270.80915806885
268.50140000611
261.69545354434
252.88845900247
246.80788732743
243.82264955746
235.08184071238
223.912909477
218.10332066273
215.25529819272
206.93243416943
196.333702911
191.20682205717
188.69380663621
181.35120020125
172.0035804952
167.09065696435
164.68707103353
157.6817836438
148.80272485517
144.27945188378
142.06964103639
135.64121842428
127.52017021379
123.64565299343
121.75276599534
116.24620640534
109.28957282102
105.96946520637
104.34742807637
99.628770294352
93.667472223991
90.82038542156
89.429460402019
85.383198648419
80.271523049527
77.829348051135
76.636266090919
73.165639036579
68.781390396362
66.686395888054
65.662950527335
62.685895808574
58.925385127848
57.128303424597
56.250420680017
53.696888358284
50.471581798831
48.930226473394
48.177291481149
45.987292883167
43.221363844147
41.899550928313
41.253881667256
39.375961359128
37.004366618922
35.871033625382
35.317450779345
33.707436270876
31.674338680076
30.70280760274
30.228274554225
28.848229216554
27.105675334117
26.273028417102
25.866346248205
24.683681922135
23.190480663644
22.477028316779
22.128575794641
21.115296133851
19.83606229661
19.224888022065
18.926399197223
18.058452389205
16.962788266963
16.439358693726
16.183732306381
15.440456323722
14.502250215271
14.054080509476
13.835216454008
13.198863037661
12.39568725907
12.012053793285
11.824712677838
11.280038532039
10.592632398093
10.264325841404
10.104008302714
9.6379237893388
9.0497493023945
8.7688623395387
8.6317052835969
8.2329723855621
7.7298322353054
7.4895769903968
7.3722643528238
7.0312369057217
6.6009459328191
6.3954969026033
6.295182878638
6.0035831044251
5.6356856856262
5.4600445976483
5.3742875897741
5.1250138330578
4.8105407392145
4.6604190767471
4.5871242933134
4.3740840007399
4.1053413150272
3.9770683033166
3.9144426907082
3.7324208641925
3.5028228191823
3.3932453255773
3.3397488086225
3.1842667130104
2.9881584143615
2.8945731025207
2.848885363568
2.7161035960292
2.5486379288216
2.4687287482559
2.4297186660326
2.3163481675079
2.1733731885739
2.1051564742448
2.0718552967965
1.9750792884678
1.8530395584681
1.7948168188829
1.7663950946445
1.6838019545376
1.5796537075578
1.52997104516
1.5057187956347
1.4352443707631
1.3463826162186
1.3039958586986
1.2833055422886
1.2231835846886
1.1473794817435
1.111224228157
1.0935761059636
1.0422956995164
0.97764277044875
0.94680866854781
0.93175823794075
0.88802724288745
0.83289519409302
0.80660385659553
0.79377106304697
0.75648473541361
0.70947982003458
0.68706587303209
0.67612585245382
0.64433991700302
0.60427092644009
0.58516574936567
0.57584088561987
0.54874843558165
0.51459752735379
0.49831530679452
0.49036841975928
0.46728010593781
0.43817778823413
0.42430356262555
0.41753206893597
0.39785911853843
0.37306280994457
0.36124222092512
0.35547312852979
0.33871278974586
0.31758844375744
0.30751895648778
0.30260457681691
0.28832765080229
0.27033401701584
0.26175739948022
0.25757167463881
0.24541183647026
0.23008698143133
0.22278286504598
0.21921822320047
0.20886287909128
0.19581264729606
0.1895930145019
0.18655767806274
0.17774013948925
0.16662827740033
0.16133274562895
0.15874842839562
0.15124121734472
0.14178092550189
0.13727271123428
0.13507264772427
0.12868176800694
0.12062847297254
0.11679094309513
0.11491820466619
0.10947824703631
0.10262342561093
0.099357144860116
0.097763198157103
0.093133150223814
0.087299043722849
0.084519254147758
0.083162730485942
0.079222399776038
0.074257501855119
0.071891969715468
0.070737613884061
0.067384572507884
0.063159775186276
0.061146949418084
0.060164720652236
0.057311692457515
0.053716990747399
0.052004430453182
0.051168734764492
0.048741364342449
0.045683042665129
0.044226075311788
0.043515110455847
0.041450059530074
0.038848291090303
0.03760886818391
0.037004065033168
0.035247389024036
0.033034188530758
0.031979906275676
0.031465450777489
0.029971209727423
0.028088682039719
0.027191949292451
0.026754376295049
0.025483454507582
0.023882306169565
0.023119632216932
0.022747477824321
0.021666573725924
0.020304839455128
0.019656222214503
0.019339725219988
0.018420484062983
0.017262433842782
0.016710852283018
0.016441706306127
0.015659999552727
0.014675229223389
0.014206192414763
0.013977325907453
0.013312612467531
0.012475239446514
0.012076418114614
0.011881814444354
0.011316617616467
0.010604620839719
0.010480840556788
0.010419493269494
0.01023759751847
0.0099999997764826