0.9993425497662226
0.9993179740107075
0.9993056855611452
0.9992688201339692
0.9992196643320616
0.9992135470741111
0.9992078998729749
0.9992066809626207
0.9992012829260719
0.9991987327265884
0.9991974576203191
0.9991936322994409
0.9991885318530982
0.9991856325336587
0.9991841828656329
0.9991798338591188
0.9991740351592376
0.9991711385993018
0.9991696903108485
0.9991653454430829
0.9991595522615475
0.9991564979495683
0.9991549707842171
0.9991503892855105
0.9991442805935011
0.9991411178844433
0.999139536519979
0.9991347924237958
0.9991284669333422
0.9991188734434046
0.9991140766110982
0.999099686098525
0.9990804984705555
0.9990775060918083
0.9990706571263167
0.9990672325983913
0.9990569590057268
0.9990432607402755
0.9990400349436359
0.9990361507758598
0.9990342086771538
0.9990283823772829
0.999020613933356
0.9990160794757356
0.9990138122270436
0.9990070104762786
0.9989979414136424
0.9989935089731263
0.9989912927333823
0.9989846440095655
0.9989757789865611
0.9989712401554253
0.9989689707198441
0.998962162408417
0.9989530845987146
0.9989477151465217
0.9989450303925562
0.9989369761245136
0.998926237013974
0.9989207008878888
0.9989179327949615
0.9989096285097541
0.9988985560380337
0.9988927210918064
0.9988898035858172
0.9988810510608249
0.9988693809258642
0.9988627378471736
0.9988594162654596
0.9988494515117667
0.998836165040906
0.9988289043013104
0.9988252738808927
0.9988143826097429
0.9987998607555
0.9987928100741276
0.9987892846853753
0.998778708509716
0.9987646067924265
0.9987580111123491
0.998754713230313
0.9987448195757818
0.99873162790507
0.9987234132450286
0.9987193058502218
0.9987069836537975
0.9986905538534487
0.9986824395319192
0.9986783823075738
0.9986662106227087
0.9986499815110709
0.9986404320369032
0.9986356572129355
0.998621332725631
0.9986022331300122
0.9985922912090256
0.9985873201531781
0.9985724069689612
0.9985525224238686
0.9985507214246415
0.9985465129610482
0.9985338875576766
0.9985170534707404
0.9985060104888778
0.9985004888812045
0.9984839240380681
0.9984618372109582
0.9984487824193305
0.9984422548620229
0.9984226721637912
0.9983965613794569
0.998395112415154
0.998378809796122
0.9983570726117811
0.9983215822746524
0.9983038359143235
0.998250596670291
0.9981796071136657
0.9981589060920826
0.9981463367977549
0.9981400520006708
0.9981211975844441
0.9980960578777568
0.9980833976731553
0.9980770674169986
0.9980580766232386
0.9980327550740273
0.9980200193304297
0.9980136513034927
0.9979945471979008
0.9979690745546874
0.9979635591021395
0.9979575054400748
0.9979393444309543
0.9979151293020393
0.9979032016059752
0.9978972376213044
0.9978793456444643
0.997855489241538
0.9978111966186308
0.9977890484520258
0.9977226037094814
0.9976340045847636
0.9976212871819259
0.9976108197388204
0.9975794173480003
0.9975375461357525
0.9975184017253275
0.9975088291686773
0.9974801114469933
0.9974418200156336
0.9974243519695042
0.997415617653436
0.9973894146618527
0.9973544763909158
0.9973358714411261
0.9973265686335365
0.9972986601610216
0.9972614477975398
0.9972434267328001
0.9972344158911037
0.9972073833190416
0.9971713388891794
0.9971525547703362
0.9971431623749365
0.9971149851386191
0.9970774143971055
0.9970556950907017
0.997044834987344
0.9970122546112002
0.9969688126532614
0.996947277320597
0.9969365092132018
0.9969042048259327
0.9968611308863481
0.9968369431548574
0.996824848736989
0.9967885654046745
0.9967401858146359
0.996714172457102
0.9967011651348499
0.9966621430735653
0.996610111592681
0.9965832258945118
0.9965697823693082
0.9965294516942761
0.9964756752558236
0.9964502088011468
0.9964374749697364
0.9963992733876312
0.9963483359374383
0.9963037868958566
0.9962815104992419
0.9962146810576993
0.9961255689509209
0.9960816799650348
0.9960597336385099
0.9959938944106996
0.9959061028346339
0.9958634585070387
0.995796817276134
0.9957651840000497
0.9957493664164984
0.9957019135270867
0.9956386399463887
0.9956024961887702
0.9955844230863595
0.9955302036047347
0.9954579069367279
0.9954235607959838
0.9954063866150719
0.995354863921302
0.9952861632951537
0.9952524463967725
0.9952355868532572
0.9951850080675533
0.9951175661934349
0.9950794510959281
0.9950603921826269
0.9950032152537286
0.9949269748313335
0.9948832817531658
0.9948614334049493
0.9947958881119118
0.9947084884415697
0.9946640676330871
0.9946418553504122
0.9945752182550145
0.9944863626520062
0.9944432170474998
0.9944216424771084
0.9943569185196234
0.9942706141716772
0.9942199578581683
0.99419462729372
0.9941186352649467
0.9940173045819563
0.993970028688771
0.9939463886220865
0.9938754681205907
0.9937809005695829
0.9937199937452839
0.9936895368551134
0.993598165686944
0.9934763261136401
0.9933927913744102
0.9933510174935879
0.9932256949955817
0.9930585765566282
0.9929739960574486
0.9929316990370917
0.9928048070627942
0.9926355955044444
0.992609056470631
0.9925729603608582
0.9924646713829582
0.9923202698893296
0.9923025470989483
0.9922702139090745
0.9921732137945222
0.9920438674654587
0.9919772948797781
0.9919440044633026
0.9918441326426185
0.9917109565034216
0.9916445723549184
0.9916113761464355
0.9915117869649306
0.9913789877151963
0.9913050681887127
0.9912681032851285
0.991157207887489
0.9910093303533833
0.9909388908359409
0.990903666383295
0.9907979924054264
0.9906570783098492
0.990580693177171
0.9905424951056182
0.9904279001454626
0.9902750888037606
0.9901966773913864
0.9901574659233662
0.9900398307044178
0.9898829649661134
0.989781220927086
0.9897303393168495
0.9895776931895928
0.9893741327353545
0.9892513529777708
0.9891899489212054
0.9890057348472804
0.9887600691497364
0.9887283442291154
0.9886705724370677
0.9884972553036673
0.988266124922154
0.9881425143444486
0.9880806949457343
0.9878952348242753
0.9876479070831284
0.9876001402097558
0.9875363976349556
0.987345167880486
0.9870901442193685
0.9869721464961345
0.9869131344836768
0.9867360966502875
0.986500003189411
0.9863822904814054
0.9863234212087869
0.986146811553898
0.9859112894966813
0.9857830389431957
0.985718898466368
0.9855264748518923
0.9852698594549576
0.9851136675944911
0.9850355490741932
0.9848011903843241
0.9844886363608849
0.9842664145242075
0.9841552576652994
0.9838217807068353
0.9833769924088546
0.9832968481826233
0.9829507572499427
0.9827820250061045
0.9825251898051716
0.9823684534135925
0.9822900625608864
0.9820548866730253
0.9817412433341404
0.9815363145365837
0.981433811427159
0.9811262964142984
0.9807161479795858
0.9804842657640388
0.9803682753754208
0.9800202968941143
0.9795561609038086
0.9793013936413755
0.9791739505022945
0.9787916121478396
0.9782816291971039
0.9779896652059685
0.9778436052771796
0.9774054136154664
0.9768208994359314
0.9768047473308455
0.9766883658711414
0.9763392139749212
0.9758735126881438
0.9756317398734518
0.9755108001541521
0.9751479726940057
0.9746640247203469
0.974319001181001
0.9741463812618038
0.973628504960025
0.9729376385876304
0.972880665038068
0.9726565671818129
0.9719842454795588
0.9710872044444399
0.9706457681183285
0.9704248734172825
0.9697621610836255
0.9688779533996039
0.9687091459296024
0.9681154383509831
0.9678407254499376
0.9677033010918656
0.9672910168242494
0.9667410767262917
0.9664641559442471
0.9663256270561568
0.9659100288885598
0.965355666449203
0.9649931970650688
0.9648118450917366
0.9642677691278226
0.9635419388710217
0.9631764304334596
0.962993557481063
0.9624449180951373
0.9617129961091276
0.9613337647242982
0.9611440211542088
0.9605747681074692
0.9598153319110317
0.9593175968685389
0.9590685104986192
0.9583212124152932
0.9573240741036898
0.9566852890481504
0.9563655387389404
0.9554062231402147
0.9541259088610936
0.953281924340649
0.9528593077505824
0.9515913433515298
0.9498985899190079
0.9492854693576204
0.9480830678278598
0.9478187641347098
0.9474288397547077
0.9462589622876979
0.9446973324715974
0.9442292746222855
0.9430988956965364
0.9424850735147345
0.9421778410134398
0.9412560756598406
0.9400259448145232
0.939225968231623
0.9388254369400891
0.9376237260013962
0.9360195617307469
0.9359552956502245
0.9350452200863679
0.9338307127955753
0.933072855981903
0.9326934473160785
0.9315551106260175
0.930035649889822
0.9290987847756601
0.9286296223344025
0.927221961552783
0.9253425284438497
0.9244689324888313
0.9240315059857079
0.9227190694682941
0.9209669443501928
0.9198609202436857
0.9193069117981257
0.9176446274424506
0.9154247176715652
0.9139563356784607
0.9132204098651668
0.9110121592834721
0.9080616159413292
0.9076662481738426
0.9058611685649324
0.9034502731871175
0.903177722276211
0.9014173122952335
0.8990661964939044
0.8978867289825472
0.8972959122887285
0.895523111541385
0.8931554271498007
0.8920393069823979
0.8914802846045012
0.8898028879548995
0.8875628405294191
0.8863087900096084
0.885680568808083
0.8837954720368391
0.8812775661071197
0.8801384999896806
0.8795679857705813
0.8778560665339926
0.8755698500463556
0.874318800467001
0.8736921071092999
0.8718115529103853
0.8692997286895852
0.8677123501330523
0.8669167973228176
0.864529340236327
0.8613389073196845
0.8609637289430232
0.860219603149524
0.8579864881263224
0.8550027176910372
0.8536372637559507
0.8529531666086747
0.8509002144853726
0.8481576029499357
0.8468000579193075
0.8461199376945959
0.8440788896433679
0.841352163817389
0.840039448497065
0.8393818295042206
0.8374082970287837
0.8347718788777122
0.8333345434045896
0.8326143596811649
0.8304529589103214
0.8275649463987691
0.8258275449404059
0.8249566118208711
0.8223425040744343
0.8188478186408642
0.8181679147767711
0.8158160109140159
0.8126725469739492
0.8111757456617642
0.8104256306798966
0.8081742095625429
0.8051651718359748
0.8037398449657567
0.8030255936595252
0.8008818142406836
0.7980167806540072
0.7963728255584827
0.7955486894876559
0.7930748489104903
0.7897671988494278
0.7882427842470107
0.7874786473726388
0.7851849412286105
0.7821184694223521
0.7804681946466795
0.7796407239538745
0.7771567190217884
0.7738346894057346
0.7723009028219245
0.771531900565468
0.7692234528135858
0.7661365056199878
0.7645272839337051
0.7637202614275672
0.7612975373182167
0.7580568619147445
0.7564537184516144
0.7556496386587936
0.7532356849456289
0.7500063118497406
0.7483454475876435
0.7475121985776977
0.745010536223464
0.7416628822099735
0.7400209227051632
0.7391970518207042
0.7367234957979332
0.7334130534484725
0.731767174424401
0.7309411946877474
0.7284612343999948
0.7251416503743067
0.7234681292217763
0.7226280846571363
0.7201057937683581
0.7167287671262476
0.7150318412620852
0.7141798569370202
0.711621620380652
0.7081957122315045
0.7065016283988973
0.7056509384892938
0.7030965330364526
0.6996752702010298
0.6979756112691182
0.6971219866388648
0.6945587076114407
0.691125052290837
0.689411599421419
0.6885509090581031
0.6859663453286008
0.6825036555174753
0.6807647482066147
0.6798911257253408
0.6772676483525927
0.6737522595031203
0.6719875650982243
0.6711008648382601
0.6684380398808355
0.6648694568640661
0.6631053413979803
0.6622189093046881
0.6595568623167195
0.6559892633601552
0.6541944469915986
0.6532925343327073
0.6505839282391673
0.6469536936307967
0.6451494541561318
0.6442428520050941
0.6415201334703481
0.6378711513393933
0.6360545238670606
0.6351417940658823
0.6324006455022328
0.6287272931041232
0.6269022055737964
0.6259853928946036
0.6232319667436897
0.619542738351374
0.6177010504653355
0.6167761154788777
0.6139982714281387
0.6102770456520586
0.6084278670145075
0.6074994768855999
0.6047112484456102
0.6009771486547372
0.599119508811763
0.5981872485662543
0.5953873885153992
0.5916389685891301
0.5897774063709651
0.588843635900471
0.5860392371342452
0.5822862596282122
0.5804192139543961
0.5794832214866152
0.5766721400779644
0.5729119474727462
0.5710435843630446
0.5701075365255835
0.5672962795189549
0.5635378181458243
0.5616706906175394
0.5607359372904582
0.5579285537869477
0.5541774450760817
0.5523181045017789
0.55138798979973
0.5485945217273867
0.5448643727832425
0.5430126280594272
0.5420871091776862
0.5393074139303524
0.535598169578596
0.5337512842996313
0.5328290491416547
0.5300591654139376
0.5263656775596729
0.5245376613591779
0.5236257416319544
0.5208867912229427
0.5172373232671259
0.5154262606135093
0.5145237321334788
0.511812916093245
0.5082037920956358
0.506416496523176
0.5055267680508295
0.5028543133640216
0.49929915879125897
0.4975361385330245
0.4966594774030781
0.4940261643818023
0.49052601863557244
0.4887923038233531
0.48793120887140695
0.4853445269437213
0.48190929974012103
0.4802083054854202
0.4793644644826225
0.47682946403966364
0.4734657967875398
0.47180021981113807
0.4709749589992398
0.4684956029143141
0.4652086784277858
0.4635792118381393
0.46277287187894484
0.46035015731884127
0.45714124680201207
0.45555308880735074
0.4547682171792796
0.4524097804076289
0.4492888866006972
0.4477430276262139
0.44698010901051416
0.44468737951891213
0.4416563399118752
0.44015565068242185
0.43941609143158633
0.4371932713689591
0.43425757147358085
0.4328034877026884
0.432087999183284
0.42993719713362655
0.4270995920447794
0.42569430793091867
0.42500397600693596
0.4229284257833097
0.420193156844183
0.4188388880137699
0.41817481310192967
0.41617778996663374
0.4135491616603631
0.41224717809598604
0.4116100113152298
0.4096934326288694
0.4071739973652708
0.4059258101586282
0.4053163274091596
0.40348248084068933
0.4010752888359134
0.399882953463237
0.39930219663181143
0.3975541662931073
0.3952633044375539
0.3941299491336682
0.393579467967271
0.39192186742374563
0.3897533770445972
0.38867838360298557
0.38815796072418884
0.3865900563388139
0.3845431161924847
0.383527278188989
0.3830373854943758
0.3815605086958503
0.37963698760466436
0.3786851989786514
0.3782282181702462
0.3768494761546818
0.37505856669215953
0.3741714183192664
0.3737477237205495
0.3724681348036423
0.37081126803458075
0.36999061397488386
0.3696011763629698
0.3684235503556051
0.36690443317638255
0.366152547837407
0.3657985316646714
0.36472625375862416
0.36334929876744193
0.3626679420554816
0.36235028725243545
0.36138603987857804
0.3601547794987994
0.3595462076668247
0.35926608308760444
0.3584132281248295
0.35733202722931373
0.3567982862984523
0.35655678018851844
0.3558184073966053
0.3548912963489387
0.35443460425299633
0.3542328945324367
0.3536123396146477
0.35284365032207343
0.3524662742777332
0.35230558034536374
0.3518062700456598
0.35120045360185403
0.35090476566118334
0.35078637800439766
0.35041191312850234
0.34997364606376996
0.34976215287958995
0.34968745319216044
0.3494416598472309
0.34917591306851253
0.3490512967291783
0.3490217853039619
0.3489087847768364
0.3488209172165519
0.34878609309552405
0.3488034293561123
0.34882774105055286
0.34892364084028266
0.34898186270503034
0.3490479367931751
0.3492146635284389
0.34950100331619843
0.3496560658648655
0.3497731334878505
0.3500883156979152
0.3505730420327545
0.3508296708129556
0.351000604736275
0.35147188820699565
0.3521651364154742
0.35252985856857033
0.35275872368628625
0.3533968870643526
0.35431310573071473
0.3547964274776679
0.3550899083383509
0.35591266582998876
0.35707589257619377
0.3576989675406067
0.35807080006514835
0.3591145673036495
0.36057479351136534
0.3614025691883704
0.36189627244988987
0.3632759848355562
0.3651927591098193
0.3662935787719696
0.3669534553251545
0.3687833352968942
0.3713064674902358
0.37210832312810943
0.3740950106422503
0.3741234353734217
0.3745910846219451
0.3759219418228589
0.3777240521156622
0.37800868542370697
0.3784451404505568
0.3796929961678413
0.38137537354334533
0.3821277524661527
0.3825351640569662
0.38370433851233393
0.3852750400806337
0.38598831954289486
0.38637151798938313
0.3874741538003932
0.3889515106429536
0.38962544130662674
0.38998515756627944
0.3910225444075048
0.39240955457940846
0.39304051002555884
0.3933753455896253
0.3943430657252339
0.39563479241739485
0.396218953297551
0.3965273089621236
0.39742048049500817
0.39861121963032964
0.39914407804324337
0.3994239101732574
0.4002364421765198
0.401318755601601
0.4014821311374351
0.40173096760943106
0.4024555870160832
0.40342041135684376
0.4034433565723809
0.40365544661408415
0.404275375993816
0.4051007484987718
0.4055483798354509
0.40578185956475876
0.4064622411755096
0.40736752123696396
0.4078524526789123
0.40810641467270337
0.4088441861980767
0.4098252093967766
0.4103487902982012
0.41062427215947195
0.41142182158460583
0.41248172913265696
0.41305959635834916
0.41336574219595196
0.41424786830441934
0.41541951351525613
0.41608255450136383
0.4164377245299299
0.41745371556109867
0.41880229992749607
0.41958929269770034
0.42001794830459993
0.42123131306142547
0.42284071915119337
0.42380744713284785
0.42434742371424883
0.4258527583319544
0.4278473468928011
0.42895309965698647
0.4295842526549133
0.4313210580299839
0.4336207562000793
0.43495280084069693
0.43573997158487315
0.4378631590494246
0.4406661989731973
0.44237684736901445
0.4434458729527337
0.446237662420382
0.4498916697752825
0.45203821617216494
0.45346713855225335
0.45705880546906597
0.46168540920187945
0.4647020555196458
0.4670283209037546
0.472448852470525
0.4790996019453951
0.48277531670730023
0.48786991105939315
0.49027738126467774
0.4919854333032798
0.4960403667679093
0.5011049081810864
0.5040352861338208
0.5064901108406435
0.5119171064093982
0.5183466867919537
0.5216798345135886
0.5247575832889619
0.5311778966983438
0.5383753979506113
0.5417456308929252
0.5447762201872015
0.5509709458167767
0.5578343262143183
0.5610455198486158
0.564018633305142
0.56998683806808
0.5765269673684517
0.5795865697540924
0.5825116851363192
0.5882747301961843
0.5945096643921772
0.5974204265076272
0.6003003624867868
0.6058620258142122
0.6117935009067668
0.6145533850288565
0.6173888070225821
0.6227491950166104
0.6283789199676777
0.6309881417200446
0.6337805704949638
0.6389439979314472
0.6442808159627019
0.646744035317598
0.649496611168345
0.6544730190520631
0.6595328734407373
0.6618583354340232
0.6645753711432232
0.6693785138406507
0.6741814163979873
0.676379121966008
0.6790653273938005
0.683710255263226
0.6882770245468396
0.690357094847472
0.6930169296906812
0.6975179963405356
0.7018679274072329
0.7038395487362744
0.7064768357105351
0.7108465384910736
0.7149961719311525
0.7168670972137481
0.7194848678953873
0.723733397245079
0.7276961411708116
0.7294725847416753
0.7320730823449072
0.7362083383000695
0.7399946194027109
0.7416813788365314
0.744266146791889
0.7482940064007724
0.7519116860315644
0.7535123679229202
0.7560823736476299
0.7600070585777462
0.7634619388712311
0.7649792118575514
0.7675349752080902
0.7713594299171442
0.7746557501996786
0.7760915838651394
0.7786332944830228
0.7823595292203455
0.7855004045611236
0.7868562757284697
0.789383892765052
0.7930132730268241
0.7960010579227863
0.7972781190348248
0.7997914519254314
0.8033249311983421
0.8061615081641866
0.8073607192489599
0.8098594907729223
0.8132977908581762
0.8159847915713184
0.8171070202836981
0.819590914122332
0.8229346602597792
0.8254736297327147
0.8265197248763022
0.8289884200102009
0.832238238514283
0.8346307530037639
0.8356015968327128
0.8380547907789797
0.8412113762123666
0.8434591246408183
0.8443564243042925
0.8467920442750956
0.8498543625233705
0.8519591876755913
0.8527815965203208
0.8552027621261558
0.8581752148690828
0.8601392697909488
0.860890547405608
0.8632953351857761
0.8661772189488691
0.86800271882621
0.8686831336155192
0.8710714223323672
0.8738640141036573
0.8755534674149916
0.8761643742142852
0.8785361260421541
0.8812408898736748
0.8827970120238122
0.8833398782973887
0.8856951170526782
0.8883136753945341
0.8897393753241282
0.8902157617725576
0.8925545700361608
0.8950886920635702
0.8963870546895599
0.8967986055767603
0.8991211210642902
0.9015727087673325
0.9027469746876456
0.9030954071476394
0.9054018184984969
0.9077728913310349
0.908826435000578
0.9091135278457679
0.911404069929432
0.9136967486436275
0.9146330558813434
0.9148606381929899
0.9171355873026742
0.919352077615508
0.9201747232482554
0.9203446631197432
0.9226043320675058
0.9247469085284814
0.9254595345611868
0.9255737282104638
0.9278184615089202
0.929889451915422
0.9304957466422897
0.9305561081211587
0.9327862772398436
0.934788047790195
0.9352917260359922
0.935300177447865
0.9375161765244383
0.9394511180059281
0.9398559028704522
0.9398143655532768
0.9420166069857133
0.9438871217202014
0.9441967277486756
0.9441071139967256
0.946296024536904
0.9481045145891717
0.9483226324875375
0.9481868380645411
0.9503628553197919
0.9521117118910807
0.952241994624695
0.9520618922698176
0.9542254613594366
0.9559170551111542
0.955963105918031
0.9557405395379425
0.9578921098332591
0.9595287822396976
0.9594941436354238
0.9592309228863822
0.9613709458506082
0.9629550018119555
0.9628431467596265
0.9625410433176196
0.9646699689523047
0.9662036700217483
0.9660179935127219
0.9656787366732533
0.9677970124522587
0.9692825716545128
0.9690263840862435
0.9686516572364422
0.9707597269470642
0.972199304033428
0.9718758267808025
0.9714672671249057
0.9735655655126834
0.9749612624325217
0.9745736210966022
0.9741328140547266
0.9762217714214506
0.9775756311665771
0.9771268530943565
0.9766553360321282
0.9787353712195836
0.9800493719626622
0.9795423876780043
0.9790416413738172
0.9811131645538571
0.9823892220297745
0.9818268551641527
0.9812983144031755
0.983361721895195
0.9846016815472869
0.9839866611737697
0.9834316964872316
0.985487378191796
0.9866930259572556
0.9860279662560114
0.9854479091245183
0.987496237926813
0.9886692849350549
0.9879567105124485
0.9873528228050893
0.9893941663648007
0.9905362650058889
0.9897785860291854
0.9891520916516162
0.9911867997093123
0.9922995307075195
0.9914990641094634
0.9908511325777687
0.9928795386158425
0.993964418488616
0.9931233755213026
0.9924551277308851
0.9944775546119672
0.9955360325181356
0.994656539079109
0.9939690296747111
0.9959857990588686
0.9970192696055837
0.996103337320464
0.9953975859539343
0.997409005651209
0.9984187905742373
0.9974683655995421
0.9967453447987527
0.9987516881530283
0.9997390584924103
0.9987559614101104
0.999768508788802
0.9998545087573298
0.9999243260050854
0.9999999996199932