0.23520010028210767
0.23521126893552544
0.23521685425716962
0.23523361063475898
0.23525595630480164
0.23525690850660344
0.2352574578514748
0.23525911246983544
0.23526129620495453
0.23526244930386297
0.23526301983732875
0.23526473826796962
0.235266998875853
0.2352680718143288
0.23526859895264812
0.23527018037204003
0.2352722821525472
0.23527348134737897
0.2352740788630599
0.2352758714156212
0.23527826925515818
0.23527955130245712
0.23528019327292
0.23528213072044157
0.23528468264554117
0.23528623934349602
0.23528700970457414
0.23528932079683712
0.2352923923734531
0.23529392893220072
0.2352946924572451
0.2352969967635406
0.23530003188597384
0.23530170934457115
0.2353025367099276
0.2353050336684643
0.2353083225966044
0.2353100397006797
0.23531089225519872
0.23531344484155123
0.2353168441993985
0.23531839428173917
0.23531916479133827
0.23532147632908423
0.23532456839423826
0.2353261985665586
0.23532701673048978
0.23532946144875125
0.23533276511805962
0.23533435410327344
0.23533516563097642
0.23533759055487724
0.23534082637160558
0.23534254518113093
0.23534340575437873
0.2353459720889074
0.235349435867453
0.23535172770211285
0.2353528843539825
0.23535638197588665
0.23536095125564643
0.23536320777483255
0.23536430827999483
0.2353676163961334
0.23537200432325206
0.23537409627149314
0.23537513540596589
0.23537824663232554
0.23538238997900657
0.2353846049454425
0.23538570744081763
0.23538903471936953
0.2353934031644966
0.2353956213190354
0.23539670672127933
0.23539996942037913
0.2354042831754602
0.23540670293281843
0.2354079026323786
0.23541151607238806
0.23541628527946912
0.23541918470287554
0.23542061493979868
0.23542492280831348
0.23543064393612814
0.23543383445277688
0.23543541781488042
0.2354401963058245
0.23544647027298796
0.23544959898698611
0.23545113744090745
0.23545575283681341
0.23546188718094183
0.2354652674088945
0.23546695906563161
0.23547201397880668
0.2354787811222168
0.23548258481545623
0.23548450035098017
0.23549022428291472
0.2354978870675324
0.23550293570999803
0.23550548276018932
0.2355130937661061
0.23552325038731903
0.23552629768204442
0.23553396419398118
0.23553810838939013
0.2355401936060648
0.2355464369353096
0.2355547249806715
0.23555865875997029
0.23556061817153442
0.2355664499987949
0.23557433664147867
0.23557941891769357
0.235581987382932
0.23558969287179476
0.23559993468580864
0.23560529985380765
0.23560796291892097
0.23561596805944454
0.23562668966094724
0.23562950390444445
0.23563242785594243
0.23564118250208174
0.23565284216023116
0.23565843096012504
0.2356612019170916
0.23566954787346503
0.23568066818225966
0.23568603490241644
0.23568873110007282
0.23569680385199013
0.23570752086233682
0.23571269097482542
0.2357152343550158
0.23572294033481353
0.23573305145216475
0.235740751976662
0.2357445719939413
0.23575600966481403
0.2357712918806975
0.2357793125918392
0.23578333457424155
0.23579540074709526
0.23581149090624898
0.23582106393666205
0.23582581938572827
0.23584017082774916
0.2358592562951745
0.23586245938711858
0.23586673084125548
0.235879520271347
0.23589655435377752
0.23590542354255672
0.2359098679605626
0.235922992523331
0.23594121209069838
0.23594358126215342
0.2359539707785392
0.2359682221066607
0.2359747685451589
0.23597816238080904
0.23598820446487012
0.23600211655429218
0.23600823481383792
0.23601145433109366
0.2360210752277032
0.2360339141278989
0.23604028589316325
0.23604347854570373
0.23605301918783045
0.23606575096988583
0.23607165593890664
0.23607460315135037
0.2360834622222732
0.23609518033884017
0.2361018831973688
0.2361051971328528
0.23611517815068786
0.23612847735725523
0.23613488412002
0.23613808862344954
0.2361476458548412
0.23616066230581745
0.23616783366903626
0.2361714964497339
0.23618244202514155
0.23619727714051925
0.23620399028329342
0.23620743061054233
0.23621771144355783
0.23623155824881625
0.23624047333558046
0.23624495857743377
0.23625844090194004
0.23627632764554798
0.23628607824333211
0.23629091752229528
0.23630549228692582
0.23632467373641308
0.23633541688869944
0.23634070030358026
0.23635658184324806
0.23637771916176858
0.23638979501223933
0.2363958320549647
0.23641376793300478
0.23643821380505142
0.2364514960546416
0.2364582466236972
0.23647873603000713
0.2365055007080406
0.23651808563872315
0.23652423300919254
0.2365428192233227
0.2365673416888762
0.23658243045418817
0.23658988400737807
0.23661233245011748
0.2366424356968881
0.23664875066295377
0.2366567717395257
0.23668064970538327
0.23671333115028134
0.2367164623199891
0.23672343391770292
0.23674430899015686
0.23677228952399232
0.23678712190176077
0.2367945670760682
0.23681707579876818
0.23684641226435568
0.23686184463866602
0.23686938641649946
0.23689192542143092
0.2369224697197265
0.2369358519463279
0.23694267353073775
0.2369632968104979
0.23699051012619893
0.23700518939947926
0.2370124428278474
0.23703437146462408
0.237063127089242
0.23707755780933135
0.23708464418291447
0.23710586329845043
0.23713421590586475
0.23714913303928037
0.23715659378987186
0.23717906253082677
0.23720864226214072
0.2372267273174218
0.2372356653824122
0.23726258319801435
0.23729802241867795
0.23731783615677574
0.2373276057347109
0.2373566923181939
0.2373963692576597
0.23741468381679812
0.23742407896209353
0.2374524268082903
0.23748967960987205
0.23751172546020485
0.23752258125996742
0.2375553361401517
0.2375986511789215
0.237625729007867
0.2376391718627652
0.23767973270509132
0.23773337525991764
0.2377653506030813
0.2377813236277258
0.23782906562172967
0.2378929934877815
0.23792525644605567
0.23794138552584906
0.23798968515916266
0.23805501005464338
0.2380644517555346
0.2380802175202239
0.2381276959509058
0.23819042327575812
0.23822078015839948
0.23823582419414877
0.23828095939031388
0.2383409843469297
0.23837101317145434
0.23838601923814265
0.23843120826585387
0.23849073305107216
0.238520340556475
0.23853489092748198
0.23857878869926172
0.2386368560094084
0.23867423397946605
0.23869287675214124
0.23874870633251685
0.23882332520598495
0.2388645449106456
0.23888526196144239
0.23894730432923172
0.23903072615630944
0.23907237586549562
0.23909346631522554
0.23915639599324517
0.2392413008016806
0.23929011516851903
0.23931486143192293
0.23938897297426903
0.23948804165621448
0.2395592306599898
0.23959482565362886
0.23970221098476185
0.23984395361364472
0.2399162542964733
0.23995201339622116
0.2400598894879415
0.24020229218282316
0.24027779317034137
0.24031525827756833
0.240427070505999
0.240577955961577
0.24064799825037536
0.2406832863805198
0.24078992261119803
0.24093086430628755
0.24100950924945305
0.24104876417314564
0.24116613533356154
0.24132336389234255
0.24141085209670995
0.24145475944567463
0.24158696798769871
0.2417614021949243
0.24178388840438828
0.2418215941531343
0.24193571381786452
0.24208466687460004
0.24215481413169443
0.24218892857951013
0.24229163997412886
0.24242790080804363
0.2425082272107363
0.24254847267103283
0.24266799618417437
0.24283179580626643
0.24286787213368666
0.2429078319548718
0.2430277328885306
0.24318734720214383
0.24327057040047187
0.243312080337866
0.2434360052789075
0.24360404976532235
0.24368380561604744
0.24372444703084234
0.24384598738607696
0.24400961736687427
0.24408727801091898
0.24412655146987094
0.24424458788598666
0.24440188621388645
0.24449456193056396
0.24454085346732377
0.24467952894121908
0.2448666672510049
0.2449533233934119
0.24499742037243588
0.24513005964721524
0.24530511531801333
0.24539444055187706
0.24543838347080868
0.24557077083882742
0.24574681382537863
0.24585359323010844
0.2459068415334184
0.24606751957541614
0.24627954737870356
0.24639335728956607
0.24644954591539878
0.2466184207687068
0.24684416548419036
0.24695401019833543
0.2470092127321933
0.24717499054247785
0.24739620119572736
0.24751315945571195
0.2475717670677519
0.2477464155903361
0.24798328055181676
0.24811146073104687
0.24817672576932132
0.24837197981190265
0.24863421899404653
0.24881626044446653
0.2489078776738646
0.24918408137717654
0.24954861743336954
0.24958475229572177
0.2496601443430111
0.2498868994913028
0.2501881468427647
0.25035732341163014
0.25044172839974954
0.2506948521651899
0.25103339514215167
0.25121951892189953
0.2513127168623062
0.25159222476601384
0.2519669751579136
0.2521770774045949
0.2522828416080258
0.25259938635282553
0.25302481080915445
0.25327704676617385
0.25340389969781746
0.2537857232073651
0.25429410185779333
0.2545783336453076
0.2547203037936751
0.2551467661731472
0.2557159790806289
0.25599692861356377
0.2561368213051788
0.25655841456102796
0.2571193201641111
0.2574247827389429
0.25757685680258713
0.25803484258740866
0.2586442083007853
0.2589526367863205
0.2591064246789778
0.25956981509316474
0.2601818721883823
0.26031380598000087
0.2607624471731592
0.2613592965028011
0.26167971199371115
0.26183979774198807
0.26232010029948577
0.262962989317917
0.263322600662599
0.26350307991279065
0.2640468083480994
0.2647694549821521
0.2651125470791815
0.2652831943450452
0.2657969380880466
0.2664794594504096
0.2668054691610172
0.26696757389345654
0.2674550117578205
0.2681049666931176
0.26848580363736807
0.2686763559469861
0.2692484766299638
0.27001756868807686
0.27039421785809886
0.27058406316583183
0.27115521923516583
0.27191701980183364
0.27233840690535416
0.27254925446515516
0.2731845450477574
0.2740292118184645
0.274437421726645
0.2746410631831327
0.27525133559922715
0.2760706006424241
0.27659998820460985
0.27686720638172946
0.27766641181741386
0.2787486802949292
0.27901024186063733
0.27981809957617915
0.2808969977006165
0.2814148067395561
0.2816740362257526
0.28245135501701524
0.2834969874693148
0.2840914268945318
0.284391492739553
0.28529327411862704
0.2865037807788908
0.28725075676354545
0.28762766601859485
0.2887603144628305
0.29028322833905823
0.29121115706895484
0.2916802120088589
0.2930896703497128
0.2949910204916899
0.2952807976107212
0.2963812714291257
0.2978602078560579
0.29889354278522334
0.29941608398725916
0.3009884909842762
0.30310479900072446
0.3045514589966087
0.30528504729699896
0.3074948360120291
0.3104823434010925
0.311277383975255
0.3133054366861701
0.3135633664929739
0.3140660387117547
0.3155770500313362
0.3176147598413663
0.31858947377957186
0.31908220792959346
0.3205627924098897
0.3225598736468784
0.32350732506949387
0.3239864205188675
0.32542689351967974
0.3273656775130785
0.3285565179530484
0.3291589196704168
0.33097107396288317
0.3334155856184936
0.33464966576173427
0.335274153143982
0.33715168197431367
0.339687637610883
0.3408629333949367
0.34145762334724356
0.3432462622870645
0.34565780977907967
0.3470076157606821
0.347691010985951
0.3497465656746998
0.3525231629496739
0.35388494595771314
0.35457434775788077
0.3566486086520947
0.3594489823246108
0.3609112594647122
0.36165204585881766
0.3638805977270589
0.3668931567485123
0.36833250928967537
0.36906158033617686
0.3712545058432726
0.3742194568092948
0.3756318633127303
0.37634762225514046
0.3785002762152501
0.3814090990312835
0.38291091686588835
0.3836722825520202
0.38596280683111206
0.38905926394450707
0.39066229939714986
0.39147537526987275
0.3939218927460705
0.3972319447698226
0.3989155078740897
0.39976991783276405
0.40234115981751384
0.40582245844798126
0.40756828803974354
0.40845479797730366
0.41112272820421125
0.41473764248658934
0.41650762967307337
0.41740687388157727
0.42011299222111353
0.42378043693938766
0.4256227857182116
0.4265593529241053
0.4293782164524517
0.4331997963527566
0.4351750236205976
0.4361799322509736
0.43920520627271176
0.443310352703026
0.4454033048871722
0.44646887431418947
0.4496769443958071
0.4540345748135147
0.4561771303792006
0.4572682936340373
0.460553725584291
0.46501559337510723
0.4673269845017857
0.46850493798199333
0.4720524767132161
0.476874865853096
0.4793056226998761
0.4805448725702246
0.4842771992378647
0.48935336791693723
0.49187808715659737
0.49316541303585665
0.49704286034341505
0.5023161632132005
0.5050019167865932
0.506371742373322
0.5104983283558286
0.5161129518418541
0.5189451556070369
0.5203898156285447
0.5247424081393406
0.5306655137040776
0.5336691875488933
0.5352014839512111
0.5398186420299167
0.546104081088104
0.5492427988032448
0.5508438136698816
0.555668506858855
0.5622357279877819
0.565564035537686
0.5672617823891649
0.5723787636700348
0.5793454218934999
0.5828530981027892
0.5846421925260068
0.5900351368517656
0.597378140415515
0.6010748673878227
0.6029602044536899
0.6086439984505578
0.6163834188490667
0.6202864748586466
0.6222768574194655
0.6282781319809837
0.636450641365349
0.6405660930358488
0.6426645369682453
0.6489924416709995
0.6576102265951763
0.6619498905919544
0.6641623583743141
0.6708349682897157
0.6799225878364635
0.6844989092793257
0.6868316757259937
0.6938680102401518
0.7034512705807177
0.7082776447610104
0.7107374525644694
0.71815793434486
0.7282645795756931
0.7333519476956618
0.7359442518786427
0.7437654216687951
0.7544176366436832
0.7597814549485201
0.762514010000047
0.7707593666656607
0.7819889934497152
0.7876421606399479
0.7905213774915842
0.7992103559248618
0.8110434640257577
0.8170007958866995
0.8200340432831484
0.8291889878070691
0.8416556086641102
0.8479323091609694
0.8511271271728781
0.860770903398156
0.8739017139455669
0.8805131781119371
0.8838771771336733
0.8940328702128171
0.9078587673215076
0.9148208953151719
0.9183619175569248
0.929053323105179
0.9436061097022286
0.9509353211847325
0.9546614483023067
0.9659130956596567
0.9812255186480046
0.9889385941904756
0.9928580658052772
1.0046949723686447
1.0208003800411332
1.0289145314604062
1.0330357803210863
1.045483558948941
1.062416048147017
1.0709489165333324
1.0752805652035653
1.0883654149962043
1.1061598113004338
1.1151294257923647
1.1196802612792351
1.1334288913936255
1.1521206286694197
1.1615454122916558
1.1663243821210834
1.1807640005512434
1.2003890836387052
1.2102877790208417
1.2153039433084223
1.2304621119792338
1.251056885037433
1.2614484258594652
1.2667108783225969
1.282615274156763
1.3042160488671877
1.3151194074883599
1.3206371806665465
1.337315309042125
1.3599579189032682
1.3713918391551136
1.377173747759181
1.394652468666655
1.4183715561769807
1.4303542159369227
1.4364086613408655
1.4547135984048798
1.479541735103407
1.492090297578282
1.4984250131897472
1.5175797842635175
1.543546341038974
1.5566764005364888
1.563298141610105
1.5833234220607388
1.6104532078735243
1.6241798750976835
1.6310949331328042
1.652010035624832
1.6803253913219602
1.6946967550626761
1.7019278711445014
1.72380233103631
1.753393786217569
1.7683756527102215
1.7759035637594456
1.7986789267241967
1.8294604568704125
1.8450023710940557
1.8527994847637324
1.8763919663504278
1.9082426755927042
1.9244122818217153
1.9325101293866294
1.9570164389249225
1.990061403309616
2.0068250421117657
2.0152037417565554
2.040563908560356
2.0747127908881433
2.0920556823784713
2.100704321343263
2.1268859533375024
2.162084958712627
2.179978212925801
2.1888782573039083
2.215825964615454
2.2519886346993134
2.2703839690852154
2.279506597562556
2.30713390628609
2.34413016966214
2.3629842633989906
2.3723022222082437
2.400527865781489
2.4382326369589005
2.4574738350941074
2.4669448759699635
2.49564231005726
2.533867076602017
2.5534175745281265
2.5629949938094905
2.59202474760403
2.630560302678634
2.6503256115214344
2.659952599684451
2.6891452372346802
2.727737555119488
2.7476094486703
2.7572195881106074
2.786377595884659
2.8247280297582047
2.844595864582195
2.8541165972295515
2.8830256970037786
2.9208007676385637
2.940569426428962
2.949926084856078
2.978369108532601
3.015206639073165
3.0348823025793323
3.04402482332288
3.0718680057519707
3.1074524925363654
3.1276176952896617
3.1366733448864594
3.164356564100446
3.1988661079038847
3.221514426040175
3.230793009825142
3.2594743448524106
3.2927476255602706
3.2944245800124836
3.313406555149033
3.316147207851138
3.319484418181766
3.329779731493012
3.3415012418594636
3.3465314896847578
3.3483637128824273
3.35408548685568
3.359938784618427
3.362316299713953
3.362900660643343
3.3648357264557793
3.365824898128419
3.365921636805358
3.365441951384321
3.3641478180096303
3.36101553369891
3.359185727247773
3.3578229351333992
3.353845222920202
3.347333457987512
3.344001220720519
3.341976374469155
3.335979337192819
3.327002172502981
3.3224442055583037
3.3198672787350634
3.31219099947945
3.30112711539704
3.2943979212253596
3.2906766570504025
3.279570278528673
3.2637496208557377
3.254464960947929
3.2494381163910075
3.2344039313236683
3.2132482212994926
3.200750155737882
3.1941108649026315
3.1742125737874085
3.1465158709593237
3.1315621072867885
3.123793926329682
3.1004471408124132
3.068381913072736
3.044363921175078
3.032081404997845
2.9950588632783908
2.9444950382832697
2.9216672171795564
2.9102869898361954
2.875787647720502
2.829469354459335
2.8070805487091026
2.7961389511161814
2.76283483484838
2.718541798974937
2.6949328461092668
2.6836028949621333
2.6489455735693235
2.6032409022343344
2.577670886511206
2.5656739818023153
2.5287056893722792
2.480457950856177
2.453152387434631
2.440710203786665
2.4019536665380468
2.352014441059141
2.3227232802101625
2.309917672440859
2.269324308434706
2.217890779925592
2.189331332389443
2.1773866651635925
2.138716892804785
2.0904664793080654
2.0672203233711857
2.057703808860879
2.0265637045063944
1.987751572196037
1.9674079421003503
1.9592954523691808
1.9322688242263482
1.8987327565665322
1.8800706939224963
1.8729262774944864
1.8484656864563507
1.818342454834769
1.8007303458473614
1.7943711342281679
1.7717104907284984
1.7441068932699915
1.7271603394416077
1.721521270633113
1.7002307036141566
1.6746880161153814
1.65816652835727
1.6532482443795828
1.6330952207535305
1.609414789252474
1.5935688423306422
1.5894302664551612
1.570733383198089
1.5492210380183993
1.5351220407475734
1.5317648665421668
1.5156045030094243
1.4970407840875235
1.484468458582997
1.481676961539738
1.467409528221937
1.4510433368835587
1.4396330956204235
1.437256946602144
1.4244205939264882
1.409718053937812
1.39921451860459
1.3971499260982956
1.3854248286469777
1.372015234353528
1.3622396456138206
1.3604142859571322
1.3495759240350824
1.3371983175157358
1.3280223925647012
1.3263853196630926
1.3162725256734367
1.3047395651500353
1.2960678698256827
1.2945828144319218
1.2850765116614085
1.2742504639237662
1.2660093099367036
1.26465020926237
1.2556599478023533
1.2454372193653123
1.2375684796779078
1.2363164248430636
1.2277724586578498
1.2180740107959944
1.2105319771770089
1.2093730581345827
1.2012216724763023
1.191986954678854
1.1847363032801588
1.1836600662648202
1.1758601722460786
1.1670426979995627
1.1600564255885162
1.1590547905590773
1.1515748355367852
1.1431384919485355
1.1363957399756344
1.135462264695604
1.1282774769169392
1.120193479977671
1.1136776246735047
1.1128070125856528
1.1058972506799132
1.0981418626490043
1.0918391087830708
1.0910268787046329
1.0843751433722963
1.0769281088949838
1.0708265658269112
1.0700688278891277
1.063660298806931
1.056503824358398
1.0505929297282155
1.0498862321438018
1.0437076568087051
1.03682575182345
1.0310959150999934
1.0304371387704487
1.024476441802801
1.0178544890963148
1.0122968680604094
1.0116831536701434
1.0059291826373273
0.9995536535869243
0.9941557424835069
0.9935849625582672
0.9880229869594918
0.981878309975259
0.976639548232149
0.9761082060471727
0.9707372785551601
0.9648176295686839
0.9597294709728457
0.9592357144060393
0.9540422863580548
0.948333443139866
0.9433874780365678
0.9429291161115796
0.9379044125137085
0.9323957239776347
0.9275853856322734
0.9271603393477821
0.9222960940504906
0.9169774965465167
0.9122965705124334
0.9119028694967827
0.9071912389143033
0.9020531810306014
0.8974957655696144
0.8971315408470422
0.8925650774270929
0.8875984890285895
0.8831589778025628
0.882822456011485
0.8783940869273159
0.8735903541114193
0.8692634214525452
0.8689529200782229
0.8646559290531262
0.8600068725028142
0.8557874605332305
0.8555013838117775
0.8513293950451098
0.8468272509067609
0.8427105575983148
0.8424473928772438
0.8383943562160786
0.8340317585418261
0.8300132265683857
0.8297715409310216
0.8258317181905366
0.8216016822287445
0.8176769885751403
0.8174554256662658
0.8136233773660472
0.8095192839980268
0.8056843295980174
0.8054816065411484
0.8017521793452947
0.7977677594353384
0.7940186596645282
0.7938335640876534
0.7902018784225266
0.786331198254163
0.7826642729828603
0.7824956601012442
0.7789570980081986
0.77519454467221
0.7716063090151836
0.7714530986895003
0.7680032924273653
0.7643435587127064
0.76083071462387
0.7606918885990791
0.7573267088644962
0.7537647803286108
0.750324206751495
0.7501988058489443
0.746914350387348
0.7434454914244093
0.7400742358103793
0.7399613571734771
0.7367539399474002
0.7333736803254646
0.7300689507063999
0.729967745084676
0.7268338860286611
0.723538007426483
0.7202971640043123
0.7202068331575832
0.717143247244912
0.7139277703084665
0.7107483184146863
0.7106681125461644
0.7076717002021672
0.7045328740837444
0.7014124548178914
0.7013416701880927
0.6984095073487844
0.6953437952657758
0.6922801807248702
0.6922181569359575
0.6893474858906781
0.6863515563193375
0.683342640050067
0.68328875800768
0.6804769789552837
0.6775476897952378
0.674591483022601
0.6745451629143175
0.6717898208816675
0.668924221156929
0.6660188380068628
0.6659795365046343
0.6632783224013955
0.660473621469959
0.657617290055489
0.6575844982795791
0.6549352335406842
0.6521888071549825
0.6493798467654637
0.6493530898928334
0.6467537146405302
0.64406310661734
0.6412999184955219
0.6412787503286339
0.6387273356688982
0.6360901968434236
0.6333712942905975
0.6333553011974118
0.6308500134077764
0.628264171131282
0.6255881260946884
0.6255769173413864
0.6231160371836261
0.6205794366259159
0.6179449001155061
0.6179381131410095
0.6155200208090562
0.613030704915344
0.6104364169360771
0.6104337129564485
0.6080568870869827
0.605612992178732
0.6030577627701491
0.6030588312518722
0.6007217912502693
0.5983216924226635
0.5958043156540892
0.5958088516101101
0.5935102557109636
0.5911522865527905
0.5886717026753683
0.5886794344778086
0.5864180311238769
0.584100515068641
0.5836217661445473
0.5835724473238784
0.5834128169382737
0.5832003270202657