0.23517290529314236
0.2351840647691272
0.23518964550077456
0.23520638810423963
0.23522871539621817
0.2352315304131391
0.23523408706558702
0.235234650718899
0.23523709312780208
0.23523826554080904
0.23523884465039085
0.23524058545478796
0.2352429019181116
0.2352442191235124
0.23524487770407398
0.23524685345232793
0.23524949635786468
0.23525080515519678
0.23525146461560692
0.2352534469442617
0.2352560684733302
0.23525746808459796
0.23525816418389184
0.2352602400231238
0.23526304180046845
0.23526446089889907
0.2352651801226038
0.2352673378014743
0.23527021476763127
0.23527457814977382
0.2352767599920089
0.2352833316812378
0.2352919772308153
0.23529338684265486
0.23529652475542256
0.23529808416945092
0.2353027065733756
0.23530906079558245
0.23531046572678
0.23531220790570495
0.23531309147559754
0.23531574219674067
0.23531926517722784
0.2353213331916545
0.23532236372737672
0.2353254553499625
0.23532960426844718
0.2353316066889039
0.23533261611533549
0.2353356444093794
0.23533965622970826
0.23534173343999937
0.2353427663937443
0.23534585910337036
0.23534999110357563
0.23535243442879236
0.2353536562033426
0.23535730696006188
0.23536222461221015
0.23536471989680713
0.23536598095296546
0.23536976414420957
0.23537480858747814
0.23537745441979246
0.2353787810150522
0.23538276082593196
0.2353880845681356
0.2353910978448373
0.23539260305248227
0.23539713674676158
0.23540315778158133
0.2354064808144506
0.23540813353917986
0.23541307204165074
0.23541972432058983
0.2354229077071608
0.23542451278975932
0.23542932807407568
0.2354357074195598
0.23543873599580203
0.2354402376510376
0.235444742649044
0.23545074958028805
0.23545448656556836
0.23545635934771095
0.2354619888847097
0.23546941013751435
0.23547313754798924
0.23547499409907288
0.23548053079106357
0.23548795766761063
0.23549228537549352
0.23549446032555488
0.2355009852422496
0.23550965772940982
0.23551420391969355
0.23551646353146682
0.23552328285595364
0.23553220766568764
0.23553312871468887
0.23553504191943309
0.23554079298824818
0.23554844624382373
0.2355534893416214
0.23555600547928388
0.23556352407017972
0.23557365171543448
0.23557955369246925
0.23558252213064634
0.23559151593295277
0.23560316738190915
0.23560400945635526
0.23561144081032462
0.23562135001140827
0.23563752958194667
0.23564562143959994
0.23566999390887533
0.2357019632772743
0.23571161535530658
0.2357174334049661
0.23572030042536735
0.23572886764202078
0.2357404441803491
0.23574612731972852
0.23574902203473483
0.23575768919993167
0.23576919545290131
0.23577505214065875
0.23577795823228379
0.23578664224615167
0.23579841355968087
0.2358008119509977
0.23580357844692781
0.23581189437339706
0.235822822974348
0.23582836533343107
0.23583108530566285
0.23583924532540768
0.23585012623408638
0.23587032925583878
0.23588045639239527
0.23591054071509934
0.2359519472120174
0.23595708033689167
0.23596184662045516
0.2359762584956341
0.23599508747736875
0.23600405654833467
0.23600842205638814
0.23602149309863515
0.23603917597870197
0.23604700824276117
0.236051011179496
0.23606292629032466
0.2360790889209751
0.23608741608635364
0.23609168070009684
0.2361043748196145
0.2361217020002962
0.23612970424934268
0.2361338169981962
0.23614622805496893
0.23616258058444245
0.2361712785419152
0.23617557187990276
0.23618850254725565
0.23620557358801386
0.23621559338792525
0.23622055305075637
0.23623551973477677
0.2362551146596414
0.23626518595522616
0.23627009439750668
0.2362849354606974
0.23630451449992965
0.23631566267093734
0.23632120861405387
0.23633781448130792
0.23635993272561873
0.23637188786230254
0.23637782709872698
0.23639585405259156
0.23641925077771925
0.23643188421718295
0.23643806101788256
0.23645652007678739
0.2364810777208599
0.23649284119762454
0.23649866021719843
0.23651625374138074
0.23653939262887677
0.23655998371827283
0.23657015861697042
0.23660104122741588
0.2366412600277643
0.2366618501552803
0.23667191516685152
0.23670187782084237
0.2367430167481131
0.23676184262246794
0.236793118726505
0.23680715027437274
0.23681439544838426
0.2368363418425162
0.23686497976387094
0.2368819375299183
0.23689023602502893
0.23691518043082435
0.23694838356240547
0.23696415647099603
0.23697207300078593
0.23699559580591062
0.23702774791973386
0.2370428375735326
0.23705057025023493
0.237073858396482
0.23710489320439895
0.2371224297594193
0.23713119690454854
0.23715760018530008
0.23719246959140583
0.23721275568518604
0.23722277843397216
0.23725307887497715
0.23729306757190183
0.23731364014676323
0.23732390503625891
0.23735458395363704
0.2373954055677815
0.23741543029478965
0.2374253620548149
0.23745532909607306
0.237494710301199
0.23751837950368873
0.2375300873218564
0.2375648796871999
0.23761257174406966
0.23763367726163803
0.23764462216584856
0.23767727238152736
0.2377213267471102
0.2377492766340445
0.2377633122396589
0.23780558136968927
0.2378617498545162
0.23790051517952074
0.23791980926332215
0.23797780578899733
0.23805479676000724
0.23809417648294048
0.23811377846208895
0.23817258959227217
0.23825057391520382
0.23826325933334402
0.23827998981593643
0.23833056035088024
0.23839633437303046
0.2384052692453389
0.23842026922050558
0.23846527218846195
0.23852530270997818
0.23855619489164587
0.2385716686134995
0.23861826533036928
0.23867946211815577
0.23871081258159996
0.23872627590590545
0.23877275477512802
0.23883409917348508
0.2388688677591963
0.23888610460602194
0.23893791431886421
0.23900609501047018
0.23903954234240593
0.23905601955344583
0.23910509268691663
0.2391716112442424
0.2392065900224573
0.239224440995195
0.23927790023318385
0.23934934774220204
0.2393859414298696
0.23940428735431993
0.23945902886985185
0.23953265925185918
0.23958000866117887
0.2396037704687453
0.23967519328433562
0.23977003649784104
0.2398277353546838
0.23985649178804144
0.23994246030045097
0.24005892018759092
0.24007271366587332
0.2400998664130243
0.24018118822864948
0.24028958362058192
0.24034787209050537
0.2403769469444995
0.24046449445996135
0.2405795867539133
0.24060296863567857
0.2406330578123377
0.24072253696798082
0.2408446937568053
0.2408987873787295
0.2409266465204705
0.24101067686533909
0.24112067186773314
0.24117732960123484
0.2412052812247944
0.24128811988320306
0.24140156953236047
0.24146086175348672
0.24149130565379315
0.2415821723445388
0.24170473455251634
0.24177807971803908
0.2418150917185366
0.2419263390905061
0.24207457022275705
0.24218023469143968
0.24223320634074727
0.2423907942172986
0.24260650437660553
0.2426409895955966
0.24280924005908555
0.24288793311380374
0.24301040695162793
0.24308561197810138
0.24312299646510954
0.24323592885235634
0.24338527131217932
0.2434841635468998
0.24353327275285205
0.24368087979800981
0.24387816940491563
0.2439897087573786
0.24404540670703165
0.24421365267426492
0.2444362981607258
0.24455995312344586
0.24462147400554324
0.24480593590518643
0.24505282387727673
0.2451939759506116
0.24526458381353358
0.24547716210261747
0.2457617336263427
0.24576877017019855
0.24582543889545458
0.24599480812091512
0.24622362279959426
0.24634012805744168
0.2463992897400888
0.24657611998820278
0.24681350827750465
0.24698198173075306
0.24706651905041183
0.2473218108623675
0.24765714356628635
0.24768800156465512
0.24779823261496414
0.2481301060107638
0.24857265940997075
0.24879154567016476
0.24890096102934325
0.24923084998908793
0.24966801236255598
0.24975314170954832
0.2500534021597713
0.2501874695162907
0.2502562777245713
0.25046170582199334
0.25074008911812184
0.25087672931423594
0.2509463327336113
0.25115490407814245
0.251434570199113
0.25161658359576655
0.2517082204539694
0.2519822610745596
0.25235193758932506
0.2525349829377875
0.2526279652764879
0.25290643770503396
0.253278632371835
0.2534721932998257
0.2535691148159728
0.2538598004196679
0.25424911450415866
0.25450378606818336
0.2546319192505895
0.25501678929852056
0.25553032430189093
0.25586128620165477
0.2560269535263394
0.2565256206562158
0.2571911014702616
0.25763262132369485
0.2578545324100138
0.25852174088925206
0.25940930881853846
0.25973692678014065
0.26037987424150755
0.2605167853213906
0.2607250705153235
0.2613478416250782
0.26219267448727485
0.26243910885846033
0.2630505394660262
0.2633812878767097
0.2635480458833838
0.2640486725640088
0.2647191009140679
0.2651558804056584
0.2653756448031913
0.2660370180234434
0.26691651660405474
0.26695626269987355
0.26746111421202723
0.2681349416704498
0.26855851855332563
0.2687709368881412
0.2694087586573037
0.27026382943275656
0.2707924862133417
0.2710586758828034
0.271858941909104
0.27292869135363507
0.2734323638739994
0.27368424067606223
0.2744417631661998
0.275455193471844
0.2760993526563092
0.2764236997043164
0.2773984976346399
0.27870671560780064
0.2795780704007927
0.28001808036251585
0.28134022503371253
0.2831218828922859
0.2834817098189966
0.28470454031231224
0.2863459413933932
0.2871648168648239
0.287577131339991
0.2888156646661308
0.29048488625290547
0.29075756321598806
0.2911523285706958
0.29233917378205526
0.2939335161623855
0.29492003021069557
0.2954183752681303
0.29691666871331174
0.29893534308216047
0.2999517897188221
0.30046547429736015
0.3020104448471909
0.3040928267802488
0.3050914914986983
0.3055960364387969
0.3071136159740292
0.3091570149388549
0.310437286913651
0.3110859473117507
0.31303605993757116
0.31567466805899397
0.31735082545360055
0.3198242464534028
0.32092010614121635
0.3229078619285212
0.32384119768176717
0.32431342254320517
0.32573202992745376
0.327643818736645
0.3286559967360553
0.32916800599356966
0.33070673400092504
0.3327800675214846
0.33396995761589837
0.3345722097985987
0.33638295803081336
0.3388263136589591
0.3400676180983613
0.34069586323999335
0.3425848161380404
0.3451351761158686
0.34638284165041033
0.34701438136070706
0.34891313319901895
0.35147712513358637
0.3527157162575657
0.3533427660864482
0.3552278618641685
0.3577731049340521
0.3590256829813797
0.35965993510869815
0.3615670134085939
0.3641407691904864
0.36549052520157593
0.36617417515827055
0.3682298051019564
0.3710067385556977
0.3723948691183761
0.37309820699197493
0.3752137534584568
0.37807024520436666
0.37963017056263004
0.3804210234784764
0.3828000850576834
0.38601900591931537
0.38753951876252
0.3883104509047146
0.3906298410624491
0.3937648339438387
0.39545218234498114
0.39630844793287007
0.3988852794569395
0.4023736666379376
0.4040987660569994
0.4049745256274678
0.40761000580828743
0.41117901435778864
0.41298300634598073
0.41389950133035625
0.4166578039402745
0.42039604322566354
0.4222530032550415
0.42319690610898836
0.4260378240490529
0.4298897717007149
0.4318177862286879
0.432798434179872
0.4357501119184718
0.4397540002627299
0.441797296404144
0.4428373998194843
0.44596843106716244
0.4502190741999616
0.4523551775946969
0.4534430933398592
0.4567184806937658
0.461166766016975
0.46343099960931455
0.4645848439955588
0.46805899234972986
0.47278075885150794
0.4751450288401286
0.47635026082265747
0.4799793732014106
0.4849133090627894
0.48738058619262414
0.48863857722187287
0.4924269450428004
0.4975777485794552
0.5002037669046757
0.5015430981559484
0.5055770307796902
0.5110644322178916
0.513820195376838
0.5152258176175093
0.5194597409116909
0.5252199269159014
0.528131848964459
0.5296172570218727
0.5340920862070571
0.540181399186971
0.543242664238579
0.5448042023873411
0.5495087993221528
0.5559113984527853
0.5591350477871018
0.5607793591653979
0.5657340182339698
0.5724771356235921
0.5758926624072305
0.5776348153046963
0.5828850759340517
0.5900317554566622
0.5936384961203008
0.5954780632556529
0.6010225996043822
0.6085707081018394
0.6123729910847603
0.6143120919892786
0.6201573294417477
0.6281154071771103
0.6321161077404024
0.6341561267588991
0.6403061783088888
0.6486795980618892
0.652886188858392
0.655030873668793
0.6614971855698596
0.6703011388203437
0.6747295553863992
0.6769869750300078
0.6837940345827307
0.6930617868534497
0.697733609413681
0.7001147280504707
0.7072956961477426
0.717072830308675
0.7219970026707995
0.7245062607729863
0.7320745253360008
0.7423791674593135
0.7475522629809629
0.7501877119326193
0.7581375063337404
0.768960229061303
0.7744275979953217
0.7772123544343316
0.7856136254525832
0.7970512826869179
0.8027981525001148
0.8057243787235567
0.8145533572702184
0.8265718034296554
0.8326188553586514
0.8356969314455001
0.8449850753037803
0.8576270633056595
0.8639827410287135
0.8672167203732335
0.8769763595352433
0.8902577498835452
0.8969422748299909
0.9003422270119384
0.9106039232888216
0.9245659335480809
0.9315963340623954
0.9351706722846969
0.9459598732416895
0.9606367912113959
0.9680187098742542
0.9717699964333142
0.9830944812857045
0.998495728043992
1.006248014234446
1.0101855410193417
1.0220735351880255
1.038236915865331
1.0463731098807871
1.050503426337735
1.0629748101168195
1.07992648647443
1.088462039534895
1.0927926439076268
1.1058701864783849
1.123640315446016
1.1325867917415093
1.137123176146853
1.1508235690910436
1.1694337524054477
1.1788059981043695
1.1835552910908929
1.1979002064839575
1.217378881924847
1.2271904493031587
1.2321590785638288
1.2471680839653787
1.2675406108000344
1.2778068177699555
1.2830020572723502
1.2986972868995335
1.3199925180605283
1.3307247852924788
1.3361518740258027
1.3525493026647917
1.374787368694685
1.3859993321537578
1.3916645609831984
1.408783373328514
1.4319887065021586
1.4436912344295099
1.4495994165807982
1.4674543360560481
1.4916449926141684
1.5038490002533422
1.5100048826594032
1.5286104582208504
1.5538040645187199
1.566518712386456
1.5729260712848145
1.5922939102519993
1.6185038825566187
1.6317477281140773
1.638414988039806
1.6585709767594967
1.6858299831606613
1.6995918191885058
1.7065122246486404
1.727435996523422
1.755713182393369
1.7700030089318
1.7771804772955793
1.7988842657043722
1.8281933165387505
1.8429921572184031
1.850415907103388
1.8728672338035701
1.9031605777686758
1.9184971871747858
1.9261803663492365
1.9494197638695225
1.9807494603630127
1.9965937051903164
2.004519800945125
2.028497494537231
2.060792272415323
2.0771409397795257
2.0853068733359708
2.1100141457394614
2.143258767663697
2.1600978522893617
2.168495092120165
2.1939067160492085
2.2280634842360714
2.245371558308569
2.2539878279069754
2.280067274907316
2.315083246156596
2.332843155431192
2.3416682392978188
2.3683854043746297
2.4042164142903495
2.422399737682441
2.431417796228417
2.458725548919388
2.4953045017113036
2.513882700773751
2.5230777713701316
2.550928751835417
2.5881883347536876
2.6071265137951873
2.6164794420870865
2.6448166919515406
2.6826767239192923
2.701936085125867
2.7114257138042808
2.7401863089492737
2.7785585938383304
2.798096946444068
2.807700332921615
2.8368160530214888
2.875605177794692
2.895378122677728
2.9050710536484896
2.934469967437778
2.9735752490815637
2.9935341862096956
3.0032901363736975
3.032893429866718
3.07220445676173
3.0922998785308855
3.1020914611872503
3.131817913871801
3.1712201526485977
3.1914045462509755
3.2012046800560383
3.230974315736873
3.2703533831776803
3.290586507507051
3.300370540855134
3.3301112951812035
3.369360834843365
3.38962445977255
3.3993763696518755
3.42904345960651
3.468088872046291
3.4884228074678045
3.498150321404235
3.5277735670321304
3.5666300603146057
3.5872475926084144
3.5970305351394765
3.6268657848888552
3.6658243852714714
3.687702790887999
3.6979380308679652
3.7292359138857583
3.769806091745486
3.7935691204601585
3.8044296038272143
3.8377794879067144
3.8804805249972407
3.8928499441599143
3.922621526025782
3.9228390962904838
3.9287893906993623
3.946936305646286
3.970287567397106
3.9737719946699666
3.9786125699954957
3.993356025283558
4.012313712474472
4.016115035826289
4.0200942020932136
4.032201000043377
4.047751708637784
4.0547388821228685
4.058000785361876
4.067916506503365
4.080625952849697
4.086319930716903
4.0889740884715335
4.097034741061109
4.107340969988881
4.11192988689068
4.114064629568939
4.120541101763318
4.128796547900512
4.132428884089899
4.134114186801934
4.139221159090636
4.145706062741191
4.146735676912669
4.14805903106728
4.152064249829675
4.157133123679593
4.157411658125649
4.15841634897394
4.161453069549532
4.165288215908373
4.167214569344854
4.168086522561657
4.170721107997033
4.17398657590514
4.175654882368335
4.1763782121528
4.178561423909485
4.181161388660133
4.182410700395332
4.182904655378865
4.1843903602443575
4.18598933493923
4.186669638436404
4.186853612757682
4.187397466070445
4.187651175100477
4.1875715398153
4.187339114211984
4.186621147138293
4.185070972769207
4.183927172831634
4.183107131818083
4.180614763604474
4.176522901593976
4.17376892424682
4.1720588914929815
4.166886551364891
4.158959565354607
4.153693247515798
4.1506208047497335
4.141350626960005
4.127623455124404
4.119506765862194
4.115022647801307
4.101497701857743
4.082070766186858
4.070468509076923
4.064276765881213
4.0455661063021795
4.019256087498386
4.003098670893146
3.994727940202297
3.969338814043197
3.9342395492922595
3.912002582903983
3.9008356229683185
3.8667491218519072
3.820388327497604
3.7894481100180784
3.7745233265185165
3.728426342608496
3.6669078519658673
3.6217694112627736
3.601430022005875
3.5369187150241506
3.453343839734264
3.4098472481799886
3.3912784754297483
3.3311092037615815
3.254823151367939
3.214783351906626
3.198448626117549
3.1443865170489596
3.076712805605678
3.03530442817389
3.019610526707851
2.9653010501729855
2.8988729487653644
2.8582447943621956
2.844210606866978
2.7927465092008013
2.7312513375942338
2.69629411692499
2.6850156386974593
2.6419279905346347
2.5906848376147384
2.5606938364095866
2.551531821056422
2.51501455345561
2.4717059332190683
2.4455885177552847
2.4380285796933223
2.4065568943507856
2.3693063155616323
2.346198106262245
2.3398529377460116
2.312266768963892
2.2796664027208577
2.2589073166242764
2.253488124390093
2.2289155423337887
2.199917246996321
2.1810102607547273
2.1763036980884016
2.154095835302337
2.127925352814075
2.1105003736510275
2.106350183437602
2.0860283684646146
2.0621176694162617
2.045901296554992
2.0421936922903154
2.0234067198736767
2.0013403850888754
1.9861311996421276
1.9827833842844
1.9652735497742815
1.9447469568491322
1.9303959496843868
1.9273473455689238
1.9109242438922611
1.8917119210247664
1.8781075699429162
1.8753133349443847
1.859834348462033
1.8417667937700732
1.8288241033998436
1.826250474576681
1.811606697936333
1.7945538580569271
1.7822065500826625
1.7798275684996059
1.7659338914191636
1.7497936014713809
1.7379886609877944
1.7357838948940636
1.7225721111884273
1.7072620825553826
1.695955989060686
1.6939089578292386
1.6813230039718898
1.6667752845224293
1.6559314138594623
1.6540284961038116
1.642021159951868
1.628178295156808
1.6177651237425512
1.6159947980149407
1.604525434420195
1.5913377940198665
1.5813276503420386
1.5796799643162598
1.5687128998241373
1.5561368043434438
1.546504994374399
1.544971191480688
1.5344746021309714
1.5224710004393058
1.5131951898300067
1.5117674448240028
1.501712560429988
1.4902460887905733
1.4813058626558286
1.479977092825093
1.470337627881323
1.4593759344395498
1.4507524811282941
1.4495162101418086
1.4402679531818725
1.429781208173294
1.421475062093321
1.4203239542731623
1.411463178935703
1.4014377474819832
1.3934022967384996
1.392333356277344
1.383801546878738
1.374183120373702
1.366410322239733
1.365417199724186
1.3572140130205332
1.347993189189702
1.3404745908312274
1.3395524438666528
1.3316597562919146
1.322814059473773
1.31553631867859
1.3146806272049545
1.307081213363345
1.2985893830111743
1.2915398883306208
1.2907464129229511
1.2834240808417698
1.2752661336224256
1.2684330160246895
1.2676977761527926
1.2606372956805294
1.2527944369734505
1.2461665211674628
1.2454857770414076
1.2386728158660598
1.2311273616307705
1.2246941224940253
1.2240643593640677
1.2174854267567252
1.2102207345283644
1.2039722579665617
1.2033901722640523
1.1970325684603662
1.1900329754442212
1.183959922549545
1.1834224094027512
1.1772741796430957
1.1705249457328568
1.1646185201695853
1.1641226619819691
1.158172553985605
1.151659809580668
1.1459117267997185
1.1454547826853292
1.139692207106967
1.133402904314186
1.1278053627125206
1.127384758633252
1.1217997519461105
1.1157216183524397
1.1102672723963392
1.1098805918747539
1.1044637813361324
1.0985852767757807
1.093267211470587
1.0929121868424039
1.087654757348377
1.0819650336132378
1.0767767396620023
1.0764512437142406
1.0713449068738914
1.0658337669587243
1.0607691193515574
1.0604711574699544
1.0555081209480417
1.0501659849484342
1.0452192181721343
1.044946920934549
1.040119860724024
1.034937727484352
1.0301034181046085
1.02985503399981
1.0251570668116112
1.0201264858634334
1.0153995285996347
1.0151734170907236
1.010598077201926
1.0057111074296357
1.0010867035806172
1.0008813290529963
0.9964225404964349
0.9916717304107496
0.9871453622108621
0.9869592875177662
0.9826113432247735
0.9779896976844282
0.9735571149732791
0.9733889957183557
0.9691465357907232
0.9646474863099576
0.9603046932070346
0.9601532721305783
0.9560112620174451
0.9516286472063085
0.9473718799311849
0.9472359821301876
0.9431896920859577
0.9389177297319753
0.9347434497682884
0.9346219758986458
0.9306669684061455
0.9265002298628914
0.9224051078633276
0.9222970325535207
0.9184291363147996
0.9143625282028561
0.9103434268269759
0.9102477925076046
0.9064630863940119
0.9024918365106394
0.8985458015539196
0.8984617122086647
0.8947565225630378
0.8908761332887685
0.8870003976231015
0.8869270190218623
0.8832978886726386
0.8795041610994826
0.8756961022632661
0.8756326552446755
0.8720763342330702
0.8683653281346168
0.864622476997984
0.8645682328990802
0.8610816732434806
0.85744968188126
0.8537697138336139
0.8537239955649848
0.8503043342430988
0.8467478552023073
0.8431285936189363
0.843090771429777
0.8397353062985102
0.8362510996416378
0.8326904726180969
0.8326599527418822
0.8293661667162808
0.8259511615829198
0.8224472106327799
0.8224234491574901
0.8191889410863806
0.8158402278751358
0.8123911347449656
0.8123736149058616
0.809196138566002
0.8059110815790836
0.8038567370794707
0.8036111320107048
0.8017667025497548
0.799512781362246