20000.
19997.098478896
19995.647876092
19991.296699233
19985.496603496
19984.774934645
19984.108749496
19983.964961173
19983.328198506
19983.027379827
19982.876972175
19982.425756033
19981.824150419
19981.482179951
19981.311196898
19980.798256546
19980.114356627
19979.772745247
19979.601941734
19979.089539982
19978.406358156
19978.046177611
19977.866089761
19977.325835976
19976.605520394
19976.232595941
19976.046136311
19975.486767892
19974.740967773
19973.609914362
19973.044411632
19971.347999588
19969.086341217
19968.733654319
19967.926447694
19967.522856588
19966.312132273
19964.697947542
19964.317845802
19963.860177308
19963.631346979
19962.944871762
19962.029608283
19961.495388224
19961.228283536
19960.426990955
19959.35865099
19958.836530087
19958.575474738
19957.792329217
19956.748183094
19956.213610635
19955.946329756
19955.144508636
19954.07546403
19953.443162127
19953.127018665
19952.178618381
19950.914154917
19950.262344811
19949.936447719
19948.958788433
19947.655317377
19946.968454773
19946.625032315
19945.594800467
19944.221240912
19943.439405638
19943.048499465
19941.875826976
19940.312371075
19939.458036597
19939.030883053
19937.749477389
19936.041064773
19935.211650782
19934.796956695
19933.552926256
19931.894339932
19931.118635242
19930.730794189
19929.567316369
19928.016118414
19927.050229852
19926.567303092
19925.118593101
19923.18714381
19922.233318954
19921.756423614
19920.32580616
19918.418476221
19917.296265923
19916.735184443
19915.052034919
19912.808057039
19911.640108137
19911.056159332
19909.304415754
19906.968997615
19906.75748426
19906.263254663
19904.780639568
19902.803991409
19901.507447715
19900.859207493
19898.91461361
19896.322117597
19894.789953861
19894.023916183
19891.725980231
19888.662478822
19888.492491775
19886.580048507
19884.030410463
19879.868360769
19877.787662473
19871.546874443
19863.228872325
19860.804043495
19859.331888791
19858.595852305
19856.387906629
19853.444361217
19851.962191368
19851.221147883
19848.998183506
19846.034618519
19844.544246183
19843.799101931
19841.563837159
19838.583876088
19837.938701204
19837.230612176
19835.106496842
19832.274697143
19830.879995392
19830.182681246
19828.090886027
19825.302169247
19820.125645203
19817.537889869
19809.776651254
19799.433062144
19797.948840326
19796.727345052
19793.063311577
19788.178988973
19785.94621591
19784.829923771
19781.481425385
19777.017642859
19774.981693338
19773.9637971
19770.910422896
19766.839991102
19764.672824124
19763.589329656
19760.339202781
19756.006532117
19753.90869942
19752.859866531
19749.713702135
19745.51959618
19743.334277514
19742.241708798
19738.964365566
19734.595421326
19732.07025801
19730.807797427
19727.020900479
19721.972835622
19719.470904282
19718.220057544
19714.46799356
19709.466352657
19706.658345378
19705.254491659
19701.043530725
19695.43031647
19692.412859167
19690.904303768
19686.379331144
19680.347652399
19677.231766546
19675.674008504
19671.001474496
19664.773155805
19661.82442809
19660.350229937
19655.928298856
19650.033938395
19644.880402586
19642.304141361
19634.577385022
19624.279772163
19619.210239866
19616.675964653
19609.075103385
19598.945203772
19594.026833686
19586.343627816
19582.697728185
19580.875032741
19575.407964522
19568.120915327
19563.959679028
19561.879392574
19555.639860641
19547.32358129
19543.37412001
19541.399688474
19535.477590917
19527.584253309
19523.711642367
19521.77562476
19515.968724032
19508.228877329
19503.856162862
19501.670173029
19495.113673779
19486.375104441
19481.369005066
19478.866437493
19471.360663853
19461.357465433
19456.275517459
19453.735040949
19446.115601937
19435.960992979
19431.032330734
19428.568468136
19421.178755062
19411.330177288
19405.552118084
19402.66373327
19394.0011585
19382.457075797
19377.073773393
19374.382682703
19366.311653261
19355.555511663
19348.631424153
19345.170309057
19334.790678621
19320.959835398
19311.483515115
19306.747097702
19292.544815073
19273.624690257
19264.056797769
19259.274632466
19244.935258922
19225.832702284
19222.838396504
19218.767239981
19206.558943607
19190.293279282
19188.297847289
19184.658571098
19173.74488392
19159.202959567
19151.723211055
19147.984431626
19136.772472611
19121.833407088
19114.391561847
19110.671725104
19099.516558349
19084.653132383
19076.385275038
19072.252689331
19059.86030359
19043.349648788
19035.490564836
19031.562238927
19019.78212521
19004.086650232
18995.584575496
18991.334964293
18978.591834698
18961.614296869
18952.909194029
18948.558141062
18935.510975164
18918.128729299
18906.863891405
18901.233987665
18884.354333796
18861.871577441
18848.325038394
18841.555417209
18821.261139553
18794.236104193
18790.748758492
18784.401858133
18765.374017755
18740.033545512
18726.49677431
18719.732055479
18699.452558497
18672.447402103
18667.236262209
18660.286561484
18639.452980483
18611.711052954
18598.890460928
18592.483476595
18573.275764057
18547.696347023
18534.957360401
18528.591148029
18509.505628494
18484.088849095
18470.264667898
18463.356454414
18442.647313905
18415.071257377
18398.308975707
18389.933556804
18364.830170732
18331.412289782
18307.692987785
18295.844847428
18260.346414648
18213.122292466
18204.628107497
18167.999827974
18150.172825067
18123.076254549
18106.562129283
18098.310709898
18073.579007858
18040.655972541
18019.180189576
18008.45188607
17976.305286598
17933.532405095
17909.39992239
17897.345860689
17861.232334023
17813.194298438
17786.886488028
17773.74715541
17734.38736769
17682.043207667
17652.152934975
17637.22675065
17592.523884285
17533.096267421
17531.455401345
17519.65392992
17484.297161674
17437.265779217
17412.904125372
17400.736063918
17364.282875531
17315.797393977
17281.320897462
17264.108398041
17212.57369776
17144.09999043
17138.459346844
17116.331720931
17050.120114094
16962.236230788
16919.172206268
16897.681209162
16833.371871582
16748.0066562
16695.203521239
16668.864413811
16590.096155901
16485.650522688
16435.206594354
16410.042539793
16334.781317074
16234.96968703
16233.884610702
16170.557155184
16140.394578808
16125.334394153
16080.238103602
16020.305842828
15980.11349258
15960.055145322
15900.031044398
15820.349928814
15775.464612727
15753.069731162
15686.07566024
15597.193224757
15570.034100913
15544.552519478
15468.357721694
15367.345326974
15315.181409774
15289.165887575
15211.384176256
15108.290430424
15055.53188466
15029.221737916
14950.566848555
14846.333625425
14796.221555196
14771.228984246
14696.504282469
14597.459052783
14546.839721032
14521.595915756
14446.127040192
14346.11163837
14290.56205674
14262.867976073
14180.107337154
14070.506357219
14020.789817823
13995.997460534
13921.88311793
13823.674145394
13762.64975993
13732.238661069
13641.407968764
13521.234268133
13443.704900817
13405.107078475
13289.97724778
13138.007474621
13123.950383926
13025.568804081
12895.5396452
12815.962543988
12776.358328681
12658.27849272
12502.534559615
12430.196493984
12394.184562218
12286.773552182
12145.00547851
12075.064727973
12040.245536146
11936.389228246
11799.306355854
11706.361835219
11660.164483565
11522.66342473
11341.847663966
11223.660819265
11065.28412873
11030.811900398
10991.973656014
10876.277474883
10723.907992021
10679.592106663
10636.692569901
10509.025155153
10341.182397918
10337.337840798
10291.110363137
10153.664589514
9973.2548544581
9960.0243728902
9839.8833465914
9777.3844103642
9746.2839608318
9653.5749154052
9531.3332143595
9467.9810965993
9436.4631171961
9342.5373092664
9218.7555736132
9154.0874449089
9121.9236913803
9026.1089110047
8899.9195924025
8833.9801550979
8801.1938651629
8703.5632904265
8575.0717962231
8508.4357672575
8475.3121857732
8376.7131463498
8247.0297923166
8185.36099583
8154.6997391638
8063.4033719475
7943.2628665906
7884.3597215338
7855.0721480994
7767.8605741939
7653.0828287426
7597.6716977621
7570.1167611217
7488.050117763
7380.0102041417
7317.4450389315
7286.3616381088
7193.9014246225
7072.4436644659
7017.8939203194
6990.7770279187
6910.0534090668
6803.8700414868
6752.8402594806
6727.4690698942
6651.9260083476
6552.5198279149
6505.0944355544
6481.5106129481
6411.2709200496
6318.8006391347
6269.1666790552
6244.4960915381
6171.0653119409
6074.4990683683
6028.5307416937
6005.6771898809
5937.6350383974
5848.1098330037
5803.9815429036
5782.0424213568
5716.7213881135
5630.7731585744
5585.6378557387
5563.2060582464
5496.4497369922
5408.6857304201
5367.1363163723
5346.4814546608
5284.9925785597
5204.1060552855
5163.9927035445
5144.052123517
5084.6911973642
5006.6075034387
4968.6118571823
4949.7223020994
4893.4834318594
4819.491002108
4782.9545948016
4764.79038941
4710.7106217406
4639.5578631759
4604.7546886466
4587.4511250278
4535.929596126
4468.1332072625
4434.223840164
4417.3657815978
4367.1751810609
4301.1403533127
4269.2449428825
4253.3860424178
4206.1619337534
4144.0110556047
4113.0352961105
4097.6343505905
4051.7766593385
3991.4304018291
3961.4716485871
3946.576700444
3902.2270425534
3843.8684580032
3815.2325771879
3800.9947341969
3758.5992151504
3702.806525665
3675.2692704376
3661.5775337807
3620.8076071379
3567.1529852888
3540.9006186847
3527.8469748705
3488.974072441
3437.8090235092
3412.6516605758
3400.1420992672
3362.8878789224
3313.8497653936
3289.7295010194
3277.7352838949
3242.014379615
3194.9913363807
3171.9962798727
3160.5608880993
3126.5014754934
3081.6591917429
3059.5857828144
3048.6084390559
3015.9121552393
2972.8619455044
2951.7146595434
2941.1974940997
2909.8703060799
2868.619154748
2848.3660784013
2838.2932244179
2808.2878880743
2768.773625903
2749.397342797
2739.7601092664
2711.0506204275
2673.2387362316
2654.6396768856
2645.3887290525
2617.8288653946
2581.528498522
2563.731016298
2554.8783395728
2528.5033009535
2493.7596464588
2476.7081994344
2468.2262471583
2442.9542822267
2409.6603853314
2393.3217019335
2385.1939508162
2360.9759357138
2329.0673263829
2313.3980736607
2305.6030228859
2282.3751116702
2251.7681749378
2236.7516447115
2229.2809740717
2207.018340818
2177.6802871738
2163.283009713
2156.1201040985
2134.7733782037
2106.6394746236
2092.8263978096
2085.95386034
2065.4713632216
2038.4738853766
2025.2216259976
2018.6278386038
1998.9750077339
1973.0685452274
1960.3448482567
1954.013801617
1935.1430775912
1910.2652982176
1898.0458042998
1891.9654001174
1873.8408107927
1849.9444962152
1838.2023853696
1832.3593080622
1814.9412810554
1791.974531523
1780.6845604298
1775.066276353
1758.3175597746
1736.2315112302
1725.3701325097
1719.9649490307
1703.8507864646
1682.5998386708
1672.1440960935
1666.9406143613
1651.4271236364
1630.9668256779
1620.8947211027
1615.882017771
1600.9367292131
1581.2244812227
1571.5151276519
1566.6828306897
1552.2749117063
1533.2702577483
1523.9037183886
1519.2419273514
1505.3419461824
1487.0062660101
1477.9635191126
1473.4627877282
1460.0426618546
1442.3391036212
1433.6019943221
1429.2533066406
1416.286232145
1399.1796203076
1390.7308520515
1386.5256182129
1373.9860572998
1357.442876474
1349.2659482085
1345.1959733452
1333.059562259
1317.0478372256
1309.1526959964
1305.2228908657
1293.5041132814
1278.0425831466
1270.3546310683
1266.528014494
1255.117186744
1240.0625117256
1232.6173032939
1228.9114782148
1217.860718317
1203.2807970913
1196.0385238535
1192.4337494987
1181.6844832733
1167.5027116969
1160.4657428532
1156.963179586
1146.5187922109
1132.739463241
1125.8794965392
1122.4651078986
1112.2839446635
1098.8525672942
1092.1715084139
1088.8462270924
1078.9310063431
1065.8510216274
1059.3295545677
1056.0837993211
1046.4060816731
1033.6402723244
1027.2645634901
1024.0914715463
1014.630882885
1002.1525773556
995.91317579125
992.80805737154
983.55066988177
971.3416240394
965.2243901414
962.1802348916
953.10525308911
941.13828248346
935.12900046598
932.1387633317
923.22530097571
911.47313061333
905.55682782292
902.61309267777
893.83917935696
882.27315522231
876.43245437162
873.52661943844
864.86679363521
853.45375803049
847.66731792519
844.78882640962
836.21186796747
824.91122921251
819.15127638409
816.28639945786
807.7517463012
796.51085640083
790.73695664211
787.86572116837
779.3144181324
768.05688439771
762.20130548712
759.29027800014
750.62373370642
739.22202246438
733.14432011281
730.12423298659
721.13841226901
709.32911344042
702.57384339162
699.22037163613
689.25569083108
676.19000170254
668.24683691699
664.31031350175
652.63933437887
637.39636070494
635.31738522013
624.81683583709
623.78439066303
621.50378541873
614.71187663693
605.7713170661
601.70162914692
599.67704939993
593.64409216121
585.69445655073
582.01521448784
580.18426957721
574.72592219367
567.52792347066
564.19387930564
562.5342092213
557.58443498083
551.05242000314
548.05846572719
546.56759399706
542.11926844642
536.24443368246
535.1709822594
533.86213611878
529.95477254936
524.78940481706
522.20653278255
520.91986766222
517.07886255787
512.00154271208
509.19305568437
507.79459439176
503.62221318245
498.11231926901
495.15712979899
493.68611615047
489.29924406891
483.5106598627
480.43561906496
478.90544010925
474.34408298539
468.3297833371
465.48542829638
464.06973533487
459.8484378235
454.27971146286
451.24027455121
449.72819046233
445.22227207819
439.28452984178
435.86537859795
434.16579563714
429.10670714747
422.45283861003
418.50301841068
416.54197847939
410.71382170471
403.06959871897
398.40645785771
396.0951570119
389.24139629213
380.28717153883
378.86841065239
373.36859683719
366.15950351149
362.50064947871
360.68495567854
355.29225926195
348.22720995493
344.208311088
342.21628843764
336.30912439953
328.59121585511
324.66293647188
322.71644272256
316.94670270621
309.41386078138
306.03692342358
304.36230080175
299.39321372156
292.89373203614
289.53272651795
287.86671445756
282.92597699689
276.4699853755
272.87357397959
271.09295010489
265.82049222001
258.94971528527
255.01324296457
253.06750422308
247.31891140774
239.856736216
235.51144052426
233.36840237578
227.05558362296
218.90332864626
214.71677863059
212.6536254544
206.58235166435
198.75609384395
194.15569266911
191.89557757248
185.27186754227
176.7945333479
172.45798057687
170.32975749079
164.1013765385
156.14970000945
151.93528618184
149.87092741694
143.84462399514
136.18479616432
131.98894113834
129.93974320592
123.9810708682
116.45904504254
112.86796686161
111.11416837516
106.01459430818
99.577361030978
96.512205919429
95.015193342858
90.662042782718
85.166492472868
82.54979430108
81.271750093462
77.555117881112
72.862644933674
70.627148791601
69.535253887444
66.359813558686
62.350313747043
60.438638696672
59.504894380659
56.789328592934
53.360365720169
51.724187400517
50.925009130444
48.600801736176
45.666023277487
44.264828281003
43.580436751016
41.590099840063
39.076993720037
37.876704433229
37.290456888191
35.585597625363
33.433076771951
32.404837518309
31.902638222538
30.442257304061
28.598539823372
27.717769161486
27.287608782266
26.036769627149
24.457717841854
23.70339278708
23.33499994169
22.263819780718
20.911676195542
20.265778634259
19.950349968374
19.03321666512
17.875619076852
17.322690594185
17.052673479178
16.267614091422
15.276799446778
14.803572289879
14.57248456787
13.900641114038
13.052783541471
12.647869109602
12.450146886346
11.875333487229
11.149984649918
10.80360800652
10.634475910438
10.142801218164
9.5224129952488
9.2261855063455
9.0815455719234
8.6610893705275
8.1306049572224
7.8773291219777
7.7536654042168
7.3942009871166
6.9407038576153
6.7242055874418
6.618502191585
6.311257785758
5.9236700309724
5.738654446295
5.6483250525015
5.3857787033893
5.0546016873936
4.8965291114909
4.819356371724
4.595059566336
4.312150931274
4.1771537629154
4.1112483861518
3.9197058642014
3.6781251165532
3.5628225549024
3.5065338837396
3.3429476943232
3.1366421409793
3.0382018895135
2.9901464344691
2.8504927555353
2.6743808682746
2.5903557231711
2.5493383738999
2.4301423262991
2.279838137821
2.2081327057627
2.1731302028648
2.0714167379956
1.9431655180412
1.8819863460257
1.8521229119324
1.7653459003137
1.6559345271657
1.6037470278451
1.5782733217479
1.5042543272558
1.4109339303371
1.366425384869
1.3447004277806
1.2815761259928
1.2019956571867
1.1640434479974
1.1455191035954
1.0916961378822
1.0238453453469
0.99148968884704
0.97569734326568
0.92981357973862
0.87197406992418
0.84439461754547
0.83093374939195
0.79182503206616
0.74252828343847
0.71902404942289
0.70755242529609
0.67422406083184
0.6322154145438
0.61218756256938
0.60241282938802
0.57401513576374
0.53822292154022
0.52116000792825
0.51283248546853
0.48863983235648
0.45814890600272
0.44361423273683
0.43652073691156
0.41591358455121
0.3899426535383
0.37756343350952
0.37152198495368
0.35397149824843
0.33185370021425
0.32131177667986
0.31616706857839
0.30122193963458
0.28238821032176
0.27341211270725
0.26903163137054
0.25630680046956
0.24027163899501
0.23262978199184
0.2289004858912
0.21806748670123
0.2044167719738
0.19791163614878
0.19473711435161
0.18551581330544
0.17389638075292
0.16835953674574
0.16565757933776
0.15780911295122
0.14791984340144
0.14320769425306
0.14090821351686
0.13422894575834
0.12581314225991
0.1218032863071
0.11984654092733
0.11416290153991
0.1070017778462
0.10358989789939
0.10192497420319
0.097089044457301
0.090996157087279
0.088093364820098
0.086676880277769
0.082562624787338
0.077379120153844
0.074909685533812
0.073704680302664
0.070204725612249
0.06579527732495
0.06369469214015
0.062669683709976
0.059692570895496
0.055941914879116
0.054155236866993
0.05328341174568
0.050751247492952
0.047561220110699
0.046041662799886
0.045300188127486
0.043146644253645
0.040433659660671
0.039141387083298
0.038510822293762
0.036679426156032
0.034372320787727
0.033273415158166
0.032737208135167
0.03117987880725
0.029218066281269
0.02828366014526
0.027827723514398
0.026503540259617
0.024835457921242
0.024040978788228
0.02365332131089
0.022527452918743
0.021109212863773
0.020433749344764
0.020104166500438
0.019146972143663
0.01794122746392
0.017366983132072
0.017086790594541
0.016273045610109
0.015248014772647
0.014759851034208
0.014521661493853
0.013829908724927
0.012958557392456
0.012543592530905
0.012341120077873
0.011753101843353
0.01101242754855
0.010802056618264
0.010698383000486
0.010393294150677
0.0099999997764826