0.23519152306406377
0.23520268882294668
0.2352082726969009
0.23522502473043513
0.23524736460341678
0.23525018118944463
0.23525273928719506
0.23525330325341665
0.23525574704385677
0.2352569201110488
0.23525749954716876
0.23525924133148965
0.23526155910109092
0.23526287704911011
0.23526353600099004
0.23526551286324288
0.23526815725489283
0.23526946679370556
0.23527012662526833
0.23527211006773768
0.23527473308028155
0.2352761334751065
0.23527682996589702
0.2352789069786787
0.23528171032356582
0.23528313023112443
0.23528384986017387
0.23528600875513067
0.23528888734286146
0.23529325318460884
0.23529543625677748
0.2353020116383599
0.23531066210291987
0.23531207248624444
0.23531521215788365
0.23531677245065066
0.23532139748659886
0.2353277552339107
0.23532916098805942
0.23533090416195515
0.23533178823034417
0.2353344404470556
0.23533796542091706
0.23534003459989858
0.235341065717649
0.2353441590864273
0.23534831033554354
0.2353503138931659
0.2353513238888589
0.23535435389079015
0.23535836798647958
0.23536044636368453
0.23536147990046372
0.23536457435881009
0.23536870869155835
0.23537115339652778
0.2353723758610006
0.23537602868647844
0.2353809491012956
0.23538344580706025
0.23538470757490937
0.23538849290138658
0.23539354019201822
0.2353961875240009
0.23539751486943167
0.23540149693100323
0.23540682367592064
0.23540983866071327
0.23541134472234718
0.23541588098026053
0.2354219054318905
0.23542523033481624
0.2354268839939421
0.2354318252983092
0.2354384813191344
0.23544166651902707
0.2354432725094178
0.23544809051737178
0.23545447349170423
0.2354575037690372
0.23545900627386787
0.23546351382088795
0.23546952415136543
0.23547326325340653
0.23547513709435933
0.23548076980903218
0.2354881952927895
0.2354919247981353
0.2354937823961695
0.23549932222672418
0.2355067532923833
0.23551108346223595
0.23551325964428665
0.2355197882574289
0.23552846567210475
0.23553301443033997
0.2355352753251409
0.2355420985024595
0.23555102843711012
0.23555194995936587
0.23555386425090002
0.2355596185813689
0.23556727618549125
0.2355723221382155
0.2355748397030677
0.23558236257378337
0.23559249593517392
0.2355984012848642
0.2356013714109872
0.23561037028510115
0.23562202847130445
0.23562287093533696
0.23563030650954406
0.23564022133910814
0.23565641010278837
0.2356645065588239
0.23568889283759917
0.23572088059173157
0.23573053806073538
0.23573635938099013
0.23573922803352404
0.23574780014468383
0.23575938322328752
0.23576506964532573
0.23576796600614128
0.23577663810824107
0.23578815094169067
0.23579401094557248
0.23579691869368338
0.2358056076751035
0.23581738562951732
0.23581978544694607
0.23582255351902354
0.23583087417602727
0.23584180907332855
0.23584735454736325
0.2358500760731351
0.23585824075425496
0.23586912787991443
0.23588934244958476
0.2358994753647445
0.23592957700960807
0.23597100673131613
0.23597614312658
0.23598091214598244
0.23599533224012145
0.2360141721545822
0.23602314625531284
0.2360275142691064
0.23604059282844464
0.23605828575643992
0.23606612258689996
0.23607012781426634
0.236082049791012
0.23609822160232885
0.23610655363552918
0.23611082069182932
0.23612352213276225
0.23614085911218832
0.23614886607667088
0.23615298119272857
0.23616539935874334
0.23618176135534147
0.23619046426253767
0.23619476007133566
0.2362076981571062
0.23622477907964645
0.23623480460661253
0.23623976712951208
0.23625474240337566
0.23627434875785236
0.23628442575088976
0.236289337032156
0.2363041866241958
0.23632377702394436
0.23633493158964014
0.23634048072858546
0.23635709618383272
0.23637922721753118
0.23639118923936991
0.2363971319161437
0.23641516921175731
0.23643857968206128
0.23645122027201373
0.23645740063748386
0.23647587038872364
0.2365004422937916
0.23651221253842608
0.23651803493766546
0.2365356386154944
0.2365587910231183
0.23657939397338304
0.23658957479527618
0.23662047521533108
0.23666071770793554
0.23668131957853836
0.23669139044532345
0.23672137065616813
0.2367625331146924
0.23678137033324895
0.23681266433057696
0.23682670431016362
0.23683395372031807
0.23685591284569799
0.2368845677030743
0.23690153519922433
0.2369098385462333
0.23693479751883367
0.23696802008466433
0.23698380223218507
0.23699172338553065
0.23701526004889928
0.23704743072074028
0.2370625294311649
0.23707026665332057
0.2370935684495861
0.23712462147060204
0.23714216832560692
0.23715094062260905
0.23717735937536716
0.23721224940134955
0.23723254734669047
0.23724257601382456
0.2372728942396683
0.23731290663961022
0.23733349129252132
0.23734376222195147
0.23737445926023884
0.23741530505377895
0.23743534154858142
0.23744527918829725
0.2374752638932504
0.237514668625521
0.23753835169606488
0.2375500664411327
0.23758487957342042
0.23763259946220325
0.23765371788064069
0.23766466927142146
0.23769733894357067
0.23774141932389622
0.23776938594679278
0.23778342993064125
0.23782572422963738
0.23788192630490457
0.23792071471214896
0.23794002033923994
0.23799805154327652
0.2380750888139562
0.23811449204295793
0.23813410577763341
0.2381929522148182
0.23827098367028976
0.23828367652927915
0.23830041709021596
0.23835101792196775
0.2384168322661326
0.23842577216689798
0.23844078120577158
0.2384858113886554
0.23854587825403348
0.23857678916448602
0.2385922722593776
0.2386388971356063
0.23870013144709146
0.23873150071219745
0.23874697342523687
0.23879348049341254
0.23885486249433707
0.2388896520926439
0.23890689944073593
0.23895874069719605
0.23902696344134014
0.2390604309173354
0.23907691818599308
0.2391260214893879
0.23919258043498734
0.2392275810424316
0.23924544296987554
0.23929893509733693
0.23937042655227161
0.23940704281725486
0.2394254000435683
0.23948017547409137
0.23955385121584347
0.2396012300586291
0.2396250066056555
0.23969647371198272
0.2397913760860288
0.23984911074516807
0.2398778850934215
0.23996390741186405
0.2400804394110269
0.24009424210776106
0.24012141182992192
0.24020278463695116
0.24031124819817537
0.24036957323727048
0.24039866639223068
0.24048626893051744
0.24060143465175554
0.24062483084761002
0.24065493903401677
0.2407444752441668
0.24086670859289164
0.24092083750134732
0.2409487143815347
0.24103279806714833
0.24114286419856087
0.24119955764363188
0.24122752710925524
0.2413104192840608
0.2414239407623415
0.24148327195785235
0.24151373544438304
0.2416046609510706
0.2417273019464925
0.2418006950768238
0.2418377311289143
0.24194905082579576
0.2420973787337654
0.2422031122715034
0.24225611854523538
0.24241381047697216
0.2426296606301215
0.2426641707387579
0.24283253082247558
0.2429112771741511
0.24303383261318506
0.2431090876144556
0.243146497106885
0.24325950474236382
0.24340894777985153
0.24350790607680559
0.24355704834855876
0.24370475488904214
0.24390217783748955
0.24401379288575545
0.24406952876372245
0.24423788898117682
0.24446068745700222
0.24458442692676616
0.24464599013897584
0.24483057944895312
0.24507763840452254
0.2452188888479178
0.24528954604204697
0.2455022729745039
0.2457870441576646
0.24580815447324547
0.24587173379075125
0.24606435851737007
0.24631504427622172
0.24633958855586247
0.24649533446296018
0.2467010932886267
0.2468109278562804
0.2468653499894091
0.24702865564223409
0.2472467335693756
0.2473653407941498
0.247424791436712
0.24760236234390448
0.24784177611106825
0.24798153229199565
0.24805213277037244
0.24826367625988435
0.24854705439993516
0.24870725110435632
0.24878790613317156
0.2490299562256013
0.2493518801166463
0.24951764228634138
0.24960024024781227
0.2498473885761493
0.2501809902555772
0.25033446398846154
0.250412187999967
0.2506459514880738
0.2509569200648796
0.25112619494895666
0.25121039742981827
0.2514636453830039
0.2518013700214653
0.25198087956847576
0.2520705998621414
0.252339485269679
0.25270101466878275
0.25288276918343444
0.25297448428976055
0.2532505066815341
0.2536172337108517
0.2538142873161347
0.2539124254419428
0.2542069654997244
0.2546003128190485
0.2548651460089491
0.254998084718189
0.2553960621714691
0.25593002090993494
0.25627724506847566
0.2564517983701216
0.2569761982278123
0.25767899932354327
0.2580495215392817
0.25823584628477464
0.2587970375213192
0.2595429941805062
0.259604588273372
0.2597748902555207
0.2602864860982819
0.26097062962583495
0.26138126281089585
0.26158725074427386
0.2622068665804149
0.2630353307819004
0.26351898626713804
0.26376207471068186
0.2644920996968132
0.2654725988085467
0.2659409498918941
0.26617724508059865
0.266885675403311
0.26783840827596767
0.26830636763438936
0.2685425684531206
0.2692511324619608
0.2702058018828028
0.2705755071167861
0.27127942774041863
0.27160868508182573
0.2717718354673938
0.27226162087016437
0.2729179008209433
0.2733442110009929
0.27355907725041784
0.2742033122421458
0.27506685312530216
0.27558596911271904
0.27584709604712354
0.2766298635217523
0.2776861684497954
0.2778587434695163
0.27811877551397063
0.2788998897678317
0.27994558095069527
0.28049717805116375
0.28077409142089893
0.28160560172233
0.282722024184338
0.28346645513885216
0.28384205636928217
0.2849720154494722
0.2864889664037826
0.28770630478452736
0.28832351491463937
0.2901809686286561
0.29268862410741037
0.2929028500590871
0.2948348295702128
0.2957612640573092
0.2972738390812539
0.2983094865941064
0.2988328956763523
0.300406412881762
0.3025300832072189
0.3026020750162635
0.30313412879679874
0.3047341216982082
0.3068917311002319
0.30788662181650595
0.3083895756687873
0.30990061874804864
0.3119402725094584
0.31244429989757955
0.31301167758092874
0.31471625757228516
0.3170216507575894
0.3171043347654042
0.3186008079991428
0.3206158245136547
0.321786505293429
0.32237882475290386
0.3241599176935564
0.3265650388494171
0.32680066746411407
0.32730837319660283
0.3288343099447732
0.3308908309010105
0.33201392529139534
0.33258200868437754
0.3342904066994606
0.3365934909439337
0.3378387938714505
0.3384690478480412
0.3403637372080892
0.34292391625694485
0.3433100790364327
0.3438741281346911
0.3455703222882662
0.3478561112565114
0.3491859099517162
0.3498592606130868
0.3518840667541304
0.3546203704118034
0.3558873734299323
0.3565289182214919
0.3584583246307629
0.36106166948642743
0.36248548173865675
0.3632066100993782
0.36537611798342595
0.3683077007273682
0.3697319563372877
0.3704534881558928
0.37262297209311396
0.37555718841279245
0.3769250401026691
0.3776182428358259
0.3797031201178598
0.38251856690475466
0.3840458153737596
0.38482007717412936
0.387149538524174
0.39029928421871135
0.39189797085575884
0.3927088263182222
0.39514859760984034
0.398449161658976
0.4001536466595504
0.4010188733992758
0.40362256910360533
0.4071484961137071
0.4088989250429943
0.40978782771321504
0.4124631261643883
0.4160868917858674
0.41794122395801053
0.41888366175125763
0.4217204784585482
0.4255661968765195
0.4275211920382531
0.4285155008928936
0.43150864494576646
0.4355703392809438
0.43757531095422575
0.4385955268895576
0.44166690431103445
0.4458356187402995
0.4479332822644258
0.449001322768769
0.45221654278948575
0.456584083691655
0.4587301250543466
0.4598231958982204
0.46311404916220844
0.46758347887871543
0.4698813812265296
0.47105245254082556
0.4745787338900346
0.4793717324820996
0.4817884690657604
0.4830205090817128
0.48673090344251746
0.49177552299459704
0.49434205511846147
0.4956508912953471
0.49959313582810067
0.5049554262099091
0.5076663544269295
0.5090490849435684
0.5132145123646308
0.5188817258144497
0.5217543944947756
0.5232197985350696
0.5276348711995171
0.5336436326038732
0.5366659033954945
0.5382076398293947
0.5428530866447427
0.5491764272347511
0.552341078605533
0.5539553074925164
0.5588195753260485
0.5654407218090307
0.5687738632751281
0.5704739497524872
0.5755976493465245
0.5825719816703745
0.5861187764355172
0.5879278675538249
0.593381035394346
0.6008059855674814
0.6045357301662222
0.606437885303407
0.6121721794688856
0.6199800887285545
0.6239111801095784
0.6259158050565105
0.6319597536675751
0.6401897309372816
0.644336246762619
0.6464504795705058
0.6528257170158773
0.6615073824654084
0.665874862303204
0.6681014210839353
0.67481620775019
0.6839603321498403
0.688569945032953
0.6909196009265072
0.6980065447131345
0.7076579718253178
0.7125141931639888
0.7149890906792349
0.7224546860196035
0.7326216856989921
0.7377406506661438
0.7403489185934662
0.7482178065740444
0.7589338947842051
0.7643250256851578
0.7670713023208545
0.7753575357937542
0.7866413341972092
0.7923219500360588
0.795214921705719
0.8039448338771431
0.8158320127550376
0.8218150611431175
0.8248611289829896
0.8340541159974953
0.8465706189685993
0.8528699677927253
0.8560759814969715
0.8657528246086519
0.8789263951234888
0.8855573717320567
0.8889309016980842
0.899114553805835
0.9129759235295142
0.9199526585706772
0.9235006368461179
0.9342121274109026
0.9487892505243519
0.9561273183961126
0.9598573912194337
0.9711199224412089
0.986443717355022
0.9941580428432109
0.9980774973793363
1.0099131920266362
1.0260129951214927
1.034119314099082
1.0382358273695136
1.0506679962295553
1.0675747379677645
1.0760884204759336
1.0804094556698542
1.0934607710483077
1.1112044165698098
1.1201411987093124
1.1246743761393692
1.1383679962406883
1.1569791072451916
1.1663547033459096
1.171107598145621
1.1854665547304883
1.2049754217730824
1.2148056128039941
1.2197857932096443
1.234833108477049
1.255269896547615
1.26557035471029
1.27078528430818
1.2865436754774164
1.3079379910575006
1.3187241746266254
1.3241811488071737
1.3406728365008493
1.3630534382805586
1.3743403566962598
1.380046372220905
1.3972926866338578
1.4206869145963366
1.4324888800257838
1.4384504971763472
1.456471462565176
1.4809046383704347
1.4932349903299393
1.499458181516679
1.5182720600025787
1.5437668358140568
1.556637561484796
1.5631275077799336
1.5827501858360222
1.6093257310619091
1.6228237433172537
1.6296235344952656
1.650186458593023
1.6780201934802574
1.6919804963187426
1.6990052581398913
1.7202499626824157
1.7489835766548467
1.7635028468179612
1.7708003850590202
1.7928728218867083
1.822703442138322
1.8377859440994644
1.8453570563121557
1.868259978149637
1.8991875186244893
1.9148796614285695
1.9227461049992356
1.9465462776528542
1.9786576114443877
1.9948779167343385
2.002997003920184
2.027564739410516
2.060678056557481
2.0774565533426483
2.0858413765136277
2.1112172431402616
2.145382837559384
2.162687940026981
2.1713205466970282
2.1974505334003167
2.232589268159319
2.250400761584282
2.2592686105035615
2.286115369447479
2.3221703150423956
2.340448914199719
2.3495297314116366
2.3770263781955587
2.413900022035348
2.4326119259174055
2.441885804750458
2.4699728938604837
2.5075770924196603
2.52666541638043
2.53610070648069
2.564683160181184
2.6028809614724926
2.62228598088514
2.63184918676955
2.66082657249789
2.6994729579362353
2.719117691985122
2.728766389718527
2.7580113152192554
2.796924133553411
2.8167184966030647
2.8264033078598363
2.8557675050991103
2.8947356079963793
2.9145746514852005
2.9242383300535892
2.9535499255417292
2.9923294454600406
3.012091622630866
3.0216681333320174
3.0507289085672853
3.089039512856537
3.108586638836823
3.1180009916320315
3.1465859831344614
3.1841100959556905
3.2032885526856236
3.2124570784858237
3.240315589482228
3.276699093932703
3.2953430303591933
3.304174240635595
3.3310327735614447
3.3658873179348348
3.3838289500517953
3.3922267306075953
3.4177994350066365
3.4507119813686296
3.467810907386325
3.4756834085768147
3.4997011508635962
3.530259581127709
3.5465137515261036
3.553806383512821
3.5761248386945725
3.604010828758617
3.620439627287888
3.6273920613767725
3.648836657146062
3.674540032394871
3.685813305384498
3.690380622292621
3.7045407838898563
3.7208294104967004
3.72804015896205
3.7374627261858206
3.7387803992479336
3.7403188045596445
3.7451113539921654
3.7502598213104523
3.7522838953859425
3.752920275652085
3.754950397386514
3.7566896627870023
3.757257191321585
3.7572437824185747
3.7572875891223956
3.756564951709244
3.756039436301166
3.755541559922911
3.754104498773793
3.7515560796219
3.7502216039730984
3.749370128784595
3.746851338729235
3.7429844488273063
3.7410800832827156
3.7399857949852247
3.736722792033408
3.7319682335660094
3.7297103530130817
3.728474803040404
3.7247765433799893
3.719532353966053
3.718896697354816
3.7176470279770957
3.713899532551063
3.7086693666019954
3.7060930609292977
3.70473952008802
3.700675688925307
3.695051925278032
3.6918992136258537
3.690250251408438
3.6852942575471257
3.67845019290833
3.674744464388448
3.67281682858016
3.667016972060925
3.6590295546325646
3.654763278808556
3.652555212568728
3.645904435144037
3.6367678778515273
3.631909472493247
3.629405612672856
3.621855905552536
3.611505099899243
3.605982577293674
3.603146230595339
3.5945850639604644
3.5828650889264324
3.576626628854123
3.5734327175270226
3.5637832123009066
3.550592344681278
3.5437140574922075
3.540205572375015
3.5295991948904195
3.515130187719364
3.507172680519217
3.503125691703529
3.490881007513105
3.4742020238834534
3.4642927216296204
3.4592706301024156
3.4440533447169575
3.42335310905049
3.4106592855353393
3.4042709429885605
3.384874251790399
3.358570490007484
3.3438309312432386
3.3365019936062175
3.314207301897402
3.284173033847054
3.2675274762118742
3.2593666487712816
3.2344707931694634
3.2011903730300757
3.1819754126920583
3.1727189318470415
3.1443436636058695
3.106732680077584
3.0841150845980216
3.073475821715383
3.0405978367589364
2.9974668183613637
2.9703057836109874
2.9579723609085717
2.9193184639484353
2.8693205170544918
2.8333669882100967
2.8181483693576257
2.7688413678771315
2.706770485484561
2.667429230087793
2.6521352833301735
2.600282188302214
2.536906531890124
2.503174282879146
2.49078839234148
2.4475018717109402
2.395019525672805
2.364488285704637
2.354012979429303
2.315603840634497
2.2696890126385036
2.241777361987292
2.2330132957852533
2.1987899600494147
2.158534998475646
2.1345848953996898
2.1275923559131926
2.0988946012352723
2.0652360408331147
2.044533579998613
2.0388563773503763
2.0143290771729667
1.985618023317269
1.9673803265074585
1.9626775596917438
1.9412861239379788
1.9162847250910193
1.8999258624271085
1.8959488156850584
1.8769337942823672
1.854741020609957
1.8398306885063884
1.8363996697571938
1.8192092827310886
1.799175184132033
1.7854011595736607
1.7823876435891224
1.7666250108881778
1.7482846296625576
1.7354224644676937
1.7327351505096207
1.7181166737376665
1.701138701477993
1.6890275832656119
1.6866016682106602
1.6729246960540645
1.657072344199753
1.6455964876922105
1.6433856802192532
1.6305042342624736
1.615606435423204
1.6046813293105915
1.602652117114137
1.5904593641949534
1.5763903168548385
1.565952954985118
1.564080610288943
1.5524966168188812
1.5391616486564288
1.5291637964632863
1.5274296452763174
1.5163930094084916
1.5037189648515277
1.494122600439069
1.4925121715040766
1.4819743673716554
1.4699031109007332
1.46067735973562
1.4591791303918935
1.4491006927106014
1.4375847122654561
1.4287037836332497
1.4273083264406055
1.4176562664019843
1.4066556815762965
1.3980974709194451
1.3967968692343886
1.3875429121158178
1.3770234234431866
1.3687685577948647
1.367556002788833
1.3586753763912514
1.3486068490506868
1.3406380292911484
1.3395075402494052
1.330978135414447
1.3213336139695793
1.3136351577122056
1.3125813866865004
1.3043831712315905
1.2951381894210128
1.287695710844016
1.2867138053403642
1.2788284119835767
1.2699605058087722
1.2627606899565267
1.2618461956768945
1.2542566303537779
1.2457449920162404
1.2387763482575358
1.2379250488645206
1.2306164217884923
1.222442323008858
1.2156918823851506
1.2149000849712708
1.2078558648416562
1.1999998887273626
1.1934572014471443
1.1927212062268575
1.1859285032912847
1.1783743091992374
1.1720294021144275
1.1713458168946942
1.164791486155173
1.1575229409808487
1.151366073090877
1.15073170357561
1.1444033254911286
1.137405190415902
1.1314271507301872
1.1308389835264854
1.124724823113335
1.1179826985629826
1.112174775561544
1.1116299655159132
1.105718928224861
1.0992192007709416
1.093573152803168
1.093069012558207
1.087350606579415
1.0810804034547987
1.075588432827625
1.0751224239050488
1.0695867272352617
1.0635338764165732
1.058188606102216
1.0577583310720262
1.0523959618620162
1.0465489561662993
1.041343408386626
1.040946603797677
1.0357486931999367
1.0300966573449237
1.025024233564628
1.0246587634164326
1.0196169303207534
1.014149589700213
1.0092040521555923
1.0088679017850466
1.003974228886311
0.9986818808210346
0.9938573342585155
0.9935486045500507
0.9887956156482116
0.9836691010705132
0.9789599762026207
0.9786768780067058
0.9740575163256627
0.9690881933969347
0.9644892300157921
0.9642300788765125
0.9597376859190763
0.9549174040461983
0.9504236357922868
0.9501868467529709
0.945815142456235
0.9411362180663179
0.9367429570169203
0.936527039632689
0.9322701031993422
0.9277252950484997
0.9234281176881107
0.923231671283226
0.9190839217195204
0.9146664098400435
0.9104611416221065
0.9102828506425189
0.9062390295607574
0.9019423910892785
0.8978250941705272
0.8976637236983356
0.893718878329586
0.8895370649346112
0.8855040272249775
0.8853584186466079
0.8815078843413447
0.8774352056097359
0.8734829257221777
0.8733519925958695
0.869591377380918
0.865622482477501
0.8617476559138109
0.8616303799402145
0.8579555498690054
0.8540854012312457
0.8502849145766478
0.8501803421588652
0.846587406019663
0.8428112664029173
0.8390821837729803
0.8389894214129587
0.8354747174979146
0.8317881296359568
0.8281276857043967
0.8280458978893607
0.8246059795042626
0.8210047647437917
0.8174103403103318
0.8173387454504479
0.81397036734536
0.810450588823044
0.8069197240140481
0.8068575898798783
0.8035577071100208
0.8001156565547829
0.7966460331490616
0.796592677108343
0.7933584137808852
0.7899906139323982
0.7865800381768844
0.7865348208422988
0.7833634807159481
0.780066649396265
0.7767130649006228
0.7766753907186076
0.7735644244818627
0.7703355032819413
0.7670369442170724
0.7670062567340271
0.7639532601632568
0.7607894054937309
0.7575439973857134
0.7575197740821845
0.754522526556102
0.7514209192884106
0.7482269988286672
0.7482087575471791
0.745265108051037
0.7422232801758517
0.739079125367477
0.7390664172898451
0.7361743737658953
0.7331898669179857
0.7300939929019017
0.7300863844861434
0.7272440757280819
0.7243146628983915
0.7212655791468048
0.7212626787861944
0.7184683263557091
0.7155919409956415
0.7144282236348445
0.7142266152378117
0.7133021902497493
0.7121044087705255