0.23515723249784273
0.235168386684764
0.23517396477115746
0.23519069943621004
0.23521301613725987
0.2352158298332766
0.23521838526904124
0.23521894865894
0.23522138990483868
0.23522256176714013
0.2352231406018359
0.23522488058131452
0.2352271959449886
0.23522851252523908
0.23522917079321778
0.23523114560368621
0.23523378725818442
0.23523509543132398
0.23523575457929077
0.23523773597031525
0.23524035625056577
0.2352417552022201
0.23524245097194452
0.23524452582326008
0.23524732628101752
0.23524874469830862
0.23524946358078647
0.23525162023593235
0.23525449583701744
0.23525885714861772
0.2352610379554712
0.23526760653640627
0.2352762479484577
0.23527765691084634
0.2352807933429625
0.23528235201725167
0.23528697220548883
0.23529332346019494
0.23529472769861642
0.23529646903995607
0.23529735219020476
0.23530000165234982
0.23530352295477655
0.23530558998885856
0.2353066200346183
0.23530971018722596
0.23531385714374056
0.2353158586069094
0.23531686755412579
0.2353198944104376
0.23532390431532438
0.2353259805432852
0.2353270130062207
0.2353301042437406
0.2353342342803666
0.23533667644408127
0.23533789763784138
0.2353415466530402
0.23534646197952103
0.23534895606775189
0.23535021652479537
0.23535399791855943
0.2353590399648633
0.23536168453472828
0.23536301049847952
0.23536698841468393
0.23537230962914588
0.23537532146794388
0.23537682595668488
0.23538135749284794
0.23538737565133153
0.23539069710995145
0.23539234904808784
0.2353972851918689
0.23540393432081672
0.23540711618089907
0.23540872049930064
0.23541353349080688
0.23541990978145708
0.23542293692568847
0.2354244378657187
0.2354289407179167
0.23543494478762111
0.2354386799909718
0.23544055188178775
0.2354461787437598
0.23545359643486752
0.23545732208184
0.2354591777515807
0.23546471180146836
0.2354721351515409
0.23547646078689036
0.23547863469983973
0.2354851565047942
0.23549382484387762
0.23549836887241077
0.23550062740410688
0.23550744348520622
0.2355163639806875
0.23551728463129407
0.23551919692115775
0.23552494524425024
0.2355325948391362
0.23553763553360205
0.2355401504698289
0.23554766545789077
0.23555778829119306
0.23556368742906195
0.23556665444629402
0.23557564397905592
0.2355872897564691
0.23558813150295413
0.23559555930424655
0.23560546376716773
0.23562163559874372
0.23562972358539097
0.23565408442956545
0.23568603832050272
0.23569568586031225
0.23570150115672206
0.23570436680316303
0.23571292989952752
0.23572450093212693
0.23573018130810153
0.23573307463763424
0.2357417376468518
0.23575323836024759
0.23575909225642816
0.2357619969535918
0.2357706767856792
0.23578244250878497
0.23578483969957356
0.23578760486867267
0.23579591681288758
0.23580684011345046
0.23581237985030773
0.2358150985147398
0.23582325461045
0.2358341302855555
0.23585432358604996
0.23586444585806787
0.23589451559864708
0.2359359025444932
0.23594103291629093
0.23594579689677297
0.23596020185307426
0.2359790216314312
0.235987986468245
0.23599234986691858
0.23600541458113455
0.23602308900266328
0.23603091742263896
0.23603491843107635
0.23604682776204491
0.23606298266423503
0.23607130573178808
0.2360755682893403
0.2360882562455505
0.2361055751774621
0.2361135734569644
0.23611768421306026
0.23613008928513715
0.23614643384500433
0.23615512763570518
0.23615941889371744
0.23617234331610465
0.2361894060381898
0.23619942101695712
0.23620437827212812
0.23621933772505427
0.236238923028253
0.23624898952761336
0.2362538955799814
0.23626872946342406
0.23628829893915645
0.23629944172699363
0.23630498497980051
0.23632158277569873
0.2363436902536585
0.2363556395942874
0.23636157593455998
0.23637959418254262
0.23640297933671833
0.23641560675676387
0.23642178055657162
0.23644023061446456
0.23646477625335868
0.23647653403280117
0.23648235020730807
0.23649993518395654
0.23652306268995063
0.2365436437946407
0.23655381370707937
0.23658468132505517
0.2366248801808097
0.23664546042277082
0.23665552050531122
0.236685468379607
0.23672658749781883
0.2367454038224079
0.23677666486353074
0.23679068931341646
0.23679793092136192
0.23681986659808613
0.23684849026237423
0.23686543983743524
0.23687373424812513
0.23689866639130577
0.23693185316276433
0.23694761829384692
0.23695553093143937
0.2369790420704294
0.2370111785617588
0.23702626059151682
0.2370339894417697
0.23705726609717045
0.23708828557295258
0.23710581345724935
0.23711457626543342
0.2371409665215542
0.23717581856945374
0.2371960946863637
0.2372061124529713
0.23723639792235937
0.23727636666563112
0.23729692907295943
0.23730718887792293
0.23733785254077355
0.23737865380024076
0.23739866862089473
0.2374085954312841
0.23743854760290634
0.23747790900243226
0.2375015665305292
0.23751326851749988
0.23754804340083277
0.2375957120282665
0.23761680668563664
0.23762774612932844
0.23766037996617873
0.237704412432054
0.23773234823033546
0.2377463767829925
0.23778862472530662
0.237844764933059
0.23788351082699302
0.2379027951934328
0.23796076252620063
0.23803771452126388
0.23807707445633952
0.2380966665394606
0.23815544794753538
0.23823339259339438
0.23824607174768556
0.2382627937461351
0.238313338776647
0.23837907885495485
0.2383880094942121
0.23840300183937713
0.23844798189728772
0.23850798182384653
0.2385388582392652
0.23855432407071644
0.23860089708249987
0.23866206228211984
0.2386933969179659
0.23870885233865563
0.23875530746946086
0.23881662021325803
0.23885137111016488
0.23886859911682365
0.23892038227564577
0.23898852756662167
0.2390219579409032
0.23903842668524825
0.23908747442110057
0.23915395897880593
0.2391889193807583
0.23920676113161501
0.2392601926826175
0.23933160319712352
0.23936817787877532
0.23938651428910135
0.23944122725434563
0.239514819451653
0.2395621440833187
0.23958589348292614
0.2396572790137279
0.2397520724247598
0.23980974114254514
0.23983848249480133
0.23992440571226412
0.24004080489412524
0.24005459061213882
0.24008172906940226
0.24016300795948908
0.24027134596520916
0.24032960365050518
0.24035866309839637
0.24044616429459295
0.24056119477605237
0.2405845646079439
0.24061463778183412
0.24070406890790308
0.24082616124714068
0.24088022516418844
0.2409080693733665
0.24099205481497663
0.24110198993960374
0.241158617610424
0.24118655421419347
0.24126934782147663
0.24138273700350552
0.24144199641525005
0.24147242382749878
0.24156324100586066
0.2416857368890622
0.2417590416768926
0.24179603343029962
0.24190721991777622
0.24205536958237808
0.24216097590741004
0.24221391840921566
0.24237141869012352
0.24258701099993926
0.24262147526635122
0.24278963344943713
0.24286828163775817
0.24299068678212474
0.2430658497388592
0.24310321317582595
0.24321608221767324
0.24336534000929633
0.24346417663156622
0.2435132580020955
0.24366078129018692
0.24385795864763532
0.24396943427792506
0.24402510029879862
0.24419325008801268
0.24441576678510335
0.24453935060817913
0.2446008358559792
0.2447851904991686
0.2450319345340992
0.24517300379763757
0.24524357013260675
0.2454560232896583
0.24574042673818683
0.2457474586870488
0.24580409379819085
0.24597336192545644
0.246202040815746
0.2463184754606007
0.24637760167202438
0.2465543252231005
0.24679157030734397
0.24695994119190168
0.24704442702462767
0.24729956351805873
0.24763468792760612
0.24766552835724784
0.2477756912952681
0.24810735903279754
0.24854963536036884
0.24876838400908644
0.24887773026396523
0.24920741054488357
0.2496442920834755
0.2497293673046135
0.2500294364023604
0.2501634151984659
0.2502321788357002
0.2504374728316433
0.25071567575463827
0.2508522249938789
0.2509217826850984
0.2511302163678027
0.2514096976103915
0.2515915895044932
0.25168316533138857
0.25195702207035425
0.25232645092407735
0.25250937101136456
0.2526022903457008
0.25288057290001653
0.2532525121735601
0.25344593977064206
0.2535427943576536
0.2538332781807998
0.25422232069023243
0.2544768128974991
0.2546048558775899
0.25498945349726876
0.2555026210535317
0.25583334490748355
0.25599889244115925
0.25649719699734
0.2571621871919304
0.2576033789578483
0.2578251245093694
0.2584918307079207
0.259378716129887
0.2597060826290729
0.26034853135639147
0.2604853322689832
0.2606934537148953
0.2613157288318517
0.26215988673743873
0.26240611712877476
0.2630170482071416
0.2633475225615471
0.26351414254314653
0.2640143517940573
0.2646842153831728
0.265120622820876
0.265340199560151
0.266001003664366
0.26687972987435266
0.26691944408660934
0.26742384948021
0.26809707381555153
0.2685202692742955
0.26873249540613453
0.26936973482264037
0.27022401506071053
0.27075217673372926
0.271018116327533
0.27181762277166094
0.27288633744034024
0.27338951976102216
0.2736411493908346
0.27439792170651045
0.2754103314287601
0.2760538342121479
0.2763778491889743
0.27735163640855703
0.2786584715293739
0.27952888962780414
0.2799684238669904
0.28128911398064566
0.28306876437324663
0.2833092540168047
0.2844068758065399
0.28589007255053484
0.28605475435036704
0.2871439253954949
0.2886044890333912
0.28934446157359345
0.2897167082163509
0.29083447085089076
0.29234006070812635
0.29305105590575486
0.2934104034032501
0.294489392421968
0.295940801152304
0.29675641356988813
0.2971682722488807
0.29840522022207666
0.3000730814167986
0.30082887003577086
0.30121097954780324
0.3023584567747959
0.30390310019575917
0.30475089534255123
0.3051792429133998
0.3064676143019833
0.30819808632449547
0.3093010051493013
0.30985842627752946
0.31153405788370364
0.31379574181627085
0.3140614865967479
0.314595250952688
0.31619960293236055
0.3183644639899176
0.3193606578131749
0.31986417712174525
0.3213777164889506
0.32341808417842993
0.32443302029896437
0.3249462576008756
0.32648856115969577
0.3285687339519748
0.3295743088414867
0.3300828876932515
0.33161142116637654
0.33367109040211806
0.3348000095094715
0.33537104633484544
0.33708870256922113
0.33940257820300085
0.3408057405447464
0.34151672969303226
0.343654745536136
0.34654686807308216
0.3471131715498121
0.3490852542553586
0.3517489256715685
0.3530257610287574
0.3536721187406883
0.3556154462187751
0.35824022450265797
0.35949044975805233
0.36012345390700634
0.36202691479685123
0.3645942463651456
0.3660780188164034
0.36683002355454064
0.3690918071328458
0.37215052174987917
0.3735703348435793
0.37428976150463755
0.3764535869018081
0.3793760460808896
0.3809611470838238
0.3817649686359552
0.38418306256430096
0.38745544677048377
0.3889774306705419
0.389749216757709
0.3920709221776725
0.3952095839053026
0.39685850841436876
0.3976952623416767
0.4002126480905553
0.4036201878524405
0.4053211967536763
0.40618488353260546
0.4087832813812713
0.4123027936234416
0.41403720985809866
0.4149183430807254
0.4175692717348115
0.42116065239761125
0.42298641914811336
0.42391460632827394
0.4267076350152275
0.4304939611193556
0.432405913280006
0.43337847186847284
0.4363057071862174
0.4402749940817461
0.4423632252393901
0.4434264561417551
0.44662719060419526
0.4509740864044874
0.453103875456718
0.45418857407246394
0.4574539429508241
0.46188822672071483
0.464154478650507
0.46530939530130555
0.46878655082452364
0.47351227413110875
0.47586547371990173
0.4770650136692187
0.48067680557960113
0.48558580107537924
0.48808436928682625
0.48935849356342237
0.49319531171242775
0.4984130559092647
0.5010231253652175
0.5023542926674414
0.506363076051567
0.5118151469337165
0.5145791272495772
0.5159890356752478
0.5202355649528391
0.5260127688856523
0.5289139119935308
0.530393783287218
0.5348514345745333
0.540916164345027
0.5439883975166991
0.5455556332802256
0.5502770069014985
0.5567023489965549
0.5599163678007923
0.5615557382320221
0.5664949185213954
0.5732158312461482
0.5766308011173554
0.5783727231225384
0.5836215846340584
0.5907661122282264
0.594340950251907
0.5961641158047314
0.6016583748653859
0.6091360566517059
0.6129181201575749
0.6148468542183338
0.620660017040579
0.6285729042280258
0.6325547261877804
0.6345850623587721
0.6407052440185367
0.649036037469602
0.6532402596176958
0.6553837534114211
0.6618457753977114
0.6706428297794005
0.6750590176625004
0.6773101859356907
0.6840974319412557
0.693337086611575
0.6979739448320822
0.7003371283670822
0.7074628188222405
0.7171625077163334
0.7220476599781664
0.7245369148142128
0.7320436579676841
0.7422616934275968
0.7474197022301727
0.7500474679924755
0.757972930861701
0.7687611229381162
0.7741829180132302
0.7769443071423191
0.7852735906611071
0.7966105179418534
0.8023011346238096
0.8051985200829126
0.8139388777376573
0.8258333170834329
0.8318261023217899
0.8348763748594779
0.8440789435351024
0.8566011543500865
0.8628970053868895
0.8661003323032724
0.8757656655325176
0.8889151049354845
0.8955353000673352
0.8989023012580376
0.909062572532359
0.9228829191809664
0.9298309584721884
0.9333631106949583
0.9440228119847711
0.9585188961897146
0.9658206093585655
0.9695308101131673
0.9807290583844611
0.9959540456896555
1.0036109662427597
1.0074996473823608
1.019237741028893
1.0351920404305488
1.0432226644087728
1.0472989228466862
1.0596044403801588
1.076325026677774
1.0847388169396428
1.089007103814621
1.1018936200713108
1.1193977903028554
1.1282093090310308
1.132676641966672
1.1461654285636003
1.1644812518795165
1.1737024882154086
1.1783745486806896
1.1924828854873937
1.2116327464553587
1.221274986765335
1.2261570582691246
1.2409010273183152
1.2609055132148372
1.270982554094834
1.2760811415036468
1.2914805497121544
1.3123652891000008
1.3228883690458983
1.3282086184160247
1.344279156447976
1.3660639293369174
1.3770444823994623
1.3825915729934584
1.399349037357716
1.422053655776162
1.4335001207998648
1.4392776398955687
1.4567330247985977
1.4803704871465777
1.4922900078260364
1.498300805967675
1.5164628935584006
1.541042935671829
1.5534454173539383
1.5596936519096738
1.5785752361415735
1.6041129537664762
1.6170458244666581
1.6235545620174499
1.643226049169769
1.6698151533814294
1.6831808554306988
1.6898996547124208
1.7102077570466991
1.7376353970002056
1.7514923584849122
1.758449668915421
1.779481291604238
1.807863677740023
1.8222235965942497
1.8294241129285285
1.8511939465058678
1.8805479848122186
1.8953726616715625
1.9027959044273854
1.9252420500903502
1.9554801225387983
1.970767918977442
1.978411724210754
2.0015281554942486
2.032638962571574
2.0483796715434353
2.0562375353244144
2.0800051158863386
2.111959472810552
2.12814060691702
2.136204814990681
2.1606008404403694
2.193364728335455
2.20995934044324
2.218214951383539
2.243194803215898
2.276704664799086
2.293690227469592
2.3021244679558994
2.327650271938886
2.3618518556135673
2.3791975795622164
2.3877935810533124
2.4138151065783577
2.4486377128659393
2.466311969699673
2.475052442226799
2.501518316499055
2.53688995706197
2.5548566501864287
2.5637221077747014
2.5905744059297864
2.626414560437674
2.644634446725922
2.653603866542796
2.6807801141695187
2.7170025033213805
2.7354350289104254
2.7444867580081334
2.7719227164532807
2.8084389974711765
2.827040791686481
2.8361518090812097
2.86377921168683
2.900496006112578
2.9192245944344966
2.9283722992067016
2.956124326806061
2.9929504780318723
3.011765797640692
3.020928693343706
3.0487420900964275
3.0855914236915267
3.104459345048358
3.113618652841829
3.1414387228222562
3.1782364635444202
3.1971378000362822
3.2062815412715087
3.2340747643373193
3.2707739159797233
3.2897192962865933
3.298848918772794
3.326623582696652
3.3632313784359917
3.3822989361850673
3.3914459736564706
3.419304119951585
3.4559486016880614
3.4753974286228955
3.484673198732854
3.5129659916838056
3.550094808647025
3.570909172383272
3.580740326981899
3.610806701279191
3.650130807984158
3.6733525993412197
3.6841552002568485
3.7173324880415053
3.7605235021896806
3.775857034053278
3.80729074411758
3.8136881911679157
3.8332175729185463
3.8587691258060146
3.8628403063575103
3.8682899125577186
3.884885236857064
3.9066193191006153
3.9163416348490774
3.9209987645557995
3.93516161495847
3.953723819657095
3.9621630663795377
3.9662139621172168
3.978518631056965
3.9946506795590366
4.002038942520844
4.005590561678058
4.016366258545926
4.030491166532461
4.036940080831767
4.040042963321172
4.049445466828258
4.061760485479147
4.067341389847821
4.070026800995457
4.07815318964322
4.088779305021735
4.093531274443798
4.0958156747371675
4.102718476295617
4.1117208722084975
4.113178496005034
4.115091348883078
4.120863744750573
4.128371388551333
4.128658428898963
4.130194441002788
4.13482427812096
4.14083410451509
4.143998237009257
4.1454944570695
4.150000921687332
4.155787317786378
4.158833133783752
4.160241459862494
4.164477825998703
4.1698152698827755
4.172552437115531
4.173770036312019
4.177427019363324
4.181877411182199
4.184123140683448
4.185042259706002
4.18779959189536
4.190892416214817
4.192375286296997
4.19283309611542
4.194208616389012
4.1952295248482425
4.195440055766633
4.195151177894306
4.194297244076299
4.192030828006311
4.19011298738501
4.188623532394925
4.184181859711121
4.176737566694466
4.1718649868625635
4.16888418561261
4.159947944645223
4.1464062586994
4.137698542023755
4.132817247342304
4.118094761634566
4.09678430241992
4.082393051089336
4.074772774057595
4.051587239523259
4.018981132815203
3.9977258021698074
3.987109412824753
3.954326122225353
3.909477365316251
3.8648197678439917
3.8447531262918937
3.7795614091328407
3.6935888581438068
3.64367420886477
3.615080501923735
3.6026903784360895
3.562308882657851
3.5099298707305526
3.472645090548961
3.4577942886197603
3.406713601285429
3.3421372402778773
3.3005880152441804
3.28563513636052
3.230970186274993
3.16373206660578
3.125558080893489
3.112729752712143
3.0642223361572105
3.0050917988313106
2.9708172698683404
2.959843507031539
2.916975354145543
2.8650551256339036
2.8342145618831474
2.824785359131622
2.7867015219227613
2.7408153431530513
2.7129273925837496
2.7047757268053374
2.6707200307178303
2.6298571131808997
2.604482829920284
2.5973808898636936
2.5666969423511308
2.5300017839073927
2.506754432595972
2.50051200388307
2.472642873492777
2.4394055202319374
2.4179560132512563
2.412418239557064
2.386903767226086
2.3565478803748166
2.3366243545079115
2.331667844091026
2.3081362584387097
2.2802022508765836
2.2615848393302076
2.257112733772833
2.235268251356434
2.20939375219552
2.191906817761122
2.187843681810855
2.167452769287355
2.14335326136079
2.1268570467824786
2.1231441891890275
2.104022520396392
2.0814740614684193
2.065856975633968
2.0624484975777184
2.0444496933629734
2.0232745580886635
2.0084466562077026
2.0053062916236706
1.9883127868698818
1.9683681053915538
1.9542558826727698
1.9513545640192071
1.9352705037696147
1.9164395667557617
1.9029819528805898
1.9002959822409682
1.885041848514705
1.867227599892712
1.8543729510052644
1.851882648447012
1.837391269371073
1.820511505747306
1.808215379415947
1.805904094245044
1.7921177126874492
1.7761015716924935
1.7643250949990177
1.7621784865067798
1.749046619491202
1.733832021112896
1.722540698019686
1.7205462132628195
1.708024091554865
1.693555874411553
1.6827187139097466
1.6808652080770148
1.6689126368379545
1.6551411968219982
1.6447300734863428
1.6430075327530118
1.6315880559285356
1.6184683462172471
1.6084575287222693
1.6068568664399132
1.595937149799159
1.5834279403115472
1.5737937419094055
1.5723066470792686
1.5618560191232909
1.5499193426220965
1.540629700971608
1.539249146346474
1.5292285965508068
1.517821111642802
1.5088737059522865
1.5075914357018005
1.4979968409204603
1.487103218965415
1.478475140211532
1.477285078352221
1.468081060400189
1.4576623239884623
1.4493326918932552
1.4482287237095883
1.4393922122472431
1.4294198311329174
1.4213720024758139
1.4203484206094512
1.411857966335311
1.4023053632580733
1.3945237885449806
1.3935752639611534
1.385410796504487
1.37625310452913
1.3687232128137914
1.3678447648132308
1.3599874877080127
1.3512014218510533
1.3439095506888468
1.343096521000836
1.335528820969217
1.327092566384351
1.320025900094929
1.319273930127977
1.3119792965756778
1.3038724090230864
1.2970189229494005
1.29632393352592
1.2892868858220603
1.2814902017596395
1.2748386115345856
1.2741967845584086
1.2674028060294944
1.2598983605315321
1.2534380754426588
1.2528458372127649
1.2462813141093465
1.2390522655776486
1.2327733451037275
1.232227350912649
1.2258795162311344
1.2189100761916127
1.2128031904154464
1.2123003102295893
1.2061571916129488
1.1994325599678797
1.1934889515218492
1.1930262567839447
1.187076627125549
1.1805829312059979
1.1747943800495269
1.174369131230409
1.1686024631922771
1.162326700470195
1.156685491316077
1.1562951262395913
1.1507015493753177
1.1446315336786945
1.1391304252366488
1.1387725482093063
1.1333428081839259
1.1274671201059658
1.1220993158397965
1.1217716873130137
1.116497108181879
1.1108050498073692
1.1055641682453248
1.105264695206573
1.1001371440165397
1.0946186890283323
1.0894987425007832
1.0892254692901557
1.08423732175539
1.0788830781931167
1.0738784453265746
1.0736295449105622
1.068773654980705
1.0635748230167148
1.0586802275052902
1.0584539939519664
1.0537236613181793
1.0486720021093152
1.0438824855990232
1.0436773259960321
1.0390662709485254
1.034154059280793
1.0294649716636428
1.02927939909599
1.0247817338918264
1.0200017398158219
1.0154087091116721
1.015241335883668
1.0108515422256503
1.006196986611768
1.0016959118415536
1.0015454428801902
0.9972583473372078
0.992722882662211
0.9883099106019922
0.988175138290277
0.983985885785639
0.9795635855217333
0.9752350802341271
0.9751148777477412
0.9710189257996189
0.9667041967615576
0.962456770232064
0.9623500865683094
0.9583431688052857
0.9541307893798522
0.9499612401064206
0.9498670970490829
0.9459452040051045
0.941830306611522
0.9377356043184165
0.9376530896403448
0.9338124744745462
0.9297904492763197
0.925767793322301
0.9256960527339485
0.9219332038826983
0.9179997401956796
0.9140464672385055
0.9139847167402779
0.9102962721775283
0.9064474868527906
0.9025609740814481
0.902508465364438
0.8988913869313315
0.8951233304707005
0.8913013597897114
0.8912574081359267
0.8877087749478144
0.8840179001264457
0.8802582458991846
0.8802222097829662
0.8767392971564613
0.8731222304071318
0.869422837501717
0.8693941270226647
0.8659743272149536
0.8624281286812706
0.8612874227991612
0.8610810980868091
0.8602642009228859
0.8591910845101353