0.23515459052442403
0.23516574381976432
0.2351713214602456
0.2351880547871148
0.23521036970284478
0.23521318317619586
0.23521573840686333
0.23521630175235836
0.23521874280220864
0.23521991457167726
0.23522049336003534
0.23522223320045693
0.23522454837876228
0.23522586485363078
0.2352265230689172
0.23522849772130244
0.23523113916491228
0.23523244723283138
0.23523310632812933
0.2352350875610969
0.23523770763083338
0.23523910647129617
0.23523980218546495
0.2352418768702467
0.23524467710556043
0.2352460954080314
0.23524681423298843
0.23524897071556428
0.23525184608653837
0.23525620704910596
0.23525838768142454
0.2352649557383925
0.23527359645297832
0.23527500530588866
0.23527814148841047
0.2352797000380013
0.23528431985273854
0.23529067060721104
0.23529207472885083
0.2352938159289982
0.2352946990085072
0.2352973482584222
0.23530086927797716
0.23530293614680178
0.23530396610996823
0.23530705601478072
0.2353112026405647
0.23531320394236288
0.2353142128087977
0.23531723942275007
0.2353212490047495
0.23532332506711828
0.23532435744731767
0.23532744843668366
0.23533157814230782
0.23533402011022736
0.23533524120608335
0.23533888992771287
0.2353438048621544
0.23534629874871305
0.23534755910476327
0.235351340195525
0.235356381837771
0.23535902619482396
0.23536035205212155
0.23536432964893916
0.235369650437298
0.23537266203370769
0.23537416640126252
0.23537869757363056
0.23538471524724827
0.23538803644049597
0.2353896882460359
0.23539462399221103
0.23540127259016272
0.2354044541929238
0.23540605838250428
0.23541087098751
0.23541724676320477
0.23542027366604126
0.23542177448550886
0.23542627697598653
0.23543228056331933
0.23543601546628892
0.23543788720685327
0.23544351361789448
0.23545093070860454
0.2354546560583022
0.2354565115794744
0.2354620451839809
0.2354694679395933
0.23547379322557457
0.23547596696369721
0.2354824882441036
0.23549115588394304
0.23549569954806843
0.23549795789769518
0.2355047734320546
0.23551369320027946
0.23551461378372832
0.23551652591937008
0.23552227377961424
0.2355299227574153
0.23553496304674998
0.2355374777804501
0.2355449921611798
0.2355551141833281
0.23556101284259698
0.2355639796202994
0.23557296843334136
0.23558461325469876
0.23558545494589903
0.2355928821483145
0.2356027858125205
0.23561895633953445
0.2356270436736437
0.23565140255816733
0.23568335384005865
0.235693000614857
0.23569881544714966
0.23570168086198126
0.23571024326378592
0.23572181336828105
0.23572749327842665
0.23573038637440913
0.23573904868305048
0.23575054846263674
0.2357564018882394
0.23575930635033768
0.2357679854774997
0.23577975025822404
0.2357821472466388
0.2357849121920732
0.23579322346499676
0.2358041458720698
0.23580968516689665
0.2358124036108722
0.23582055904510527
0.23583143383798388
0.23585162549975947
0.2358617469517589
0.23589181423421982
0.23593319788432882
0.23593832779203858
0.23594309138428862
0.23595749517427028
0.23597631340120767
0.23598527752426773
0.23598964056736169
0.23600270421485736
0.23602037721052474
0.2360282049825008
0.23603220566588382
0.23604411402253753
0.23606026762193594
0.23606858999871594
0.2360728522096546
0.23608553912691208
0.23610285666832304
0.23611085427867665
0.23611496469885207
0.23612736876208476
0.23614371197851022
0.23615240506681554
0.236156695974205
0.23616961934387423
0.23618668066367526
0.23619669482973912
0.23620165167904925
0.23621660991302512
0.2362361935942933
0.23624625928515092
0.2362511649346499
0.2362659976077977
0.2362855654714046
0.23629670735179722
0.23630225015109677
0.23631884658640115
0.23634095224947013
0.2363529006130542
0.23635883646512054
0.23637685324554694
0.23640023644919975
0.23641286285454802
0.23641903614849338
0.23643748468907985
0.23646202830425314
0.2364737851232943
0.2364796008182063
0.23649718435399136
0.23652030994139828
0.2365408893629599
0.23655105843486152
0.23658192352554688
0.23662211901922808
0.2366426975947748
0.23665275684642514
0.23668270222929805
0.23672381800828377
0.2367426327230625
0.23677389122502
0.23678791447839428
0.2367951554852055
0.2368170893552893
0.2368457106162544
0.2368626588105554
0.23687095253273177
0.23689588260879535
0.23692906662241725
0.23694483044244022
0.23695274242392236
0.23697625159634436
0.23700838545417974
0.2370234661987482
0.23703119440397397
0.23705446912235523
0.2370854860135893
0.23710301243625648
0.23711177451335877
0.23713816257390902
0.23717301169572436
0.23719328613082669
0.23720330305758527
0.2372335860031979
0.2372735513828693
0.2372941120762499
0.23730437102411045
0.23733503211549534
0.2373758299437611
0.23739584309449452
0.2374057690705205
0.23743571873555838
0.23747507679644128
0.23749873235657815
0.2375104333605802
0.23754520529695905
0.23759286997487725
0.23761396280153665
0.2376249013247452
0.2376575324006056
0.23770156117483274
0.2377294945981807
0.2377435219619161
0.237785766332603
0.2378419017736702
0.237880644392096
0.23789992712047364
0.23795788953217387
0.23803483495703615
0.23807419155645962
0.23809378197140088
0.23815255836920027
0.23823049632666898
0.23824317442505907
0.23825989499333103
0.23831043572454402
0.23837617008091613
0.23838510000660504
0.23840009106557583
0.23844506726152473
0.23850506203067146
0.2385359357883632
0.23855140028972413
0.23859796930552554
0.23865912918030746
0.23869046114808498
0.23870591523645696
0.2387523663656614
0.23881367377342871
0.23884842168852213
0.2388656482049883
0.23891742688758166
0.23898556621105002
0.2390189937267686
0.23903546104387738
0.2390845044984365
0.23915098332480336
0.23918594062905713
0.23920378082537527
0.23925720770916423
0.23932861198748095
0.23936518346527624
0.2393835182718
0.2394382264243036
0.239511812184791
0.23955913263967124
0.23958287994766078
0.23965425919334118
0.23974904420913745
0.239806707846362
0.2398354466563869
0.2399213622384508
0.24003775118718307
0.24005153559704306
0.24007867164545071
0.2401599432995513
0.24026827163163986
0.24032652412755093
0.24035558097842524
0.2404430743665527
0.2405580944282396
0.24058146222887591
0.24061153270516897
0.24070095573486097
0.2408230372097893
0.24087709611946645
0.2409049378114525
0.24098891568369082
0.2410988407146835
0.24115546331781768
0.2411833973896912
0.24126618340267655
0.24137956239172179
0.24143881627276725
0.24146924090561325
0.24156004973763995
0.24168253444043034
0.2417558324217665
0.24179282076210823
0.24190399698624573
0.24205213291779237
0.24215772944151098
0.242210667029903
0.24236815254475555
0.24258372498860487
0.24261818572302687
0.24278632835034447
0.24286496897550744
0.2429873625401727
0.2430625184051835
0.24309987829373098
0.24321273665740256
0.24336198017645141
0.24346080742409404
0.24350988410238764
0.24365739327149535
0.24385455170697876
0.24396601659557976
0.244021677234198
0.24418981081062013
0.2444123057976019
0.24453587762862106
0.2445973568695241
0.24478169343242248
0.24502841320377136
0.24516946850800783
0.24524002784258278
0.24545245990604517
0.24573683502202714
0.24574386619630795
0.2458004956410967
0.24596974672617303
0.24619840272652443
0.2463148254681005
0.24637394570011667
0.24655065126520287
0.24678787220927537
0.24695622580376148
0.24704070295730124
0.24729581326858643
0.24763090256581455
0.24766174003388441
0.24777189149017126
0.24810352455975082
0.248545754181174
0.24876447963263454
0.24887381423855606
0.24920345934234728
0.2496402935404193
0.24972535963752648
0.2500253964788605
0.2501593603462788
0.2502281164701424
0.250433387860511
0.2507115603778881
0.2508480942844687
0.2509176442672629
0.25112605474422245
0.2514055048217407
0.2515873762340773
0.2516789417728849
0.25195276751480417
0.25232215462014235
0.25250505359207087
0.2525979623057199
0.2528762128528117
0.25324810907454576
0.2534415141959487
0.2535383575006717
0.2538288073095381
0.2542178040393844
0.2544722660123644
0.25460029378699145
0.25498484548326056
0.2554979510987227
0.25582863482513546
0.25599416216556187
0.25649240560245623
0.25715731309300216
0.2575984495529915
0.25782016720020295
0.2584867887289682
0.2593735591002263
0.25970088321022716
0.2603432478656189
0.2604800302072379
0.26068812405003833
0.26131031555716233
0.26215435968486944
0.262400555691188
0.26301140256358896
0.26334183072014733
0.26350842743476915
0.2640085663192782
0.26467833470626984
0.26511467942660427
0.2653342245322032
0.2659949327001534
0.26687352871111536
0.266913237548739
0.2674175677398416
0.2680906904063285
0.2685138215681555
0.2687260153002123
0.2693631565491474
0.27021730352581075
0.2707453817382211
0.27101127917660656
0.2718106575774678
0.2728791978133008
0.27338229750069953
0.273633885464523
0.27439053132279606
0.2754027690046313
0.2760461611380576
0.27637012013742634
0.27734373698083437
0.2786503389933215
0.279520599192533
0.2799600532387372
0.2812804981583768
0.2830598101461735
0.28330025345862286
0.2843976609296524
0.2858805635319336
0.28604521163918223
0.2871341615479488
0.2885944222915328
0.2893342393406772
0.2897064072858039
0.2908239302462157
0.292329191537339
0.29304002851141875
0.2933992959156339
0.2944780412183155
0.29592911640913694
0.2967445380071727
0.29715629998358095
0.29839295319139814
0.3000604096184595
0.3008160110177515
0.3011980257364325
0.30234521445488277
0.30388946284290885
0.30473703708764044
0.3051652727085886
0.30645330281587646
0.3081833066177006
0.30928592177259523
0.30984318851829024
0.3115183475851604
0.3137793779417669
0.31404504414661105
0.3145786516226689
0.3161825240734005
0.31834672346631004
0.3193426063303992
0.31984596788384717
0.32135902578887476
0.32339873104806394
0.324413330995801
0.3249263977535026
0.32646818093002306
0.3285476378673445
0.3295528596390622
0.330061259423438
0.33158924682695784
0.33364816579347156
0.33477666564442066
0.33534748962148886
0.33706449572257724
0.3393774758602603
0.3407800840302475
0.34149079098581475
0.3436279418500013
0.34651886452644387
0.3470849286806549
0.34905616815195695
0.35171867465276657
0.35299493970145956
0.35364100770791546
0.35558344994283225
0.3582070071571985
0.3594566386462777
0.3600893413656326
0.36199188202510324
0.3645579466716609
0.36604097236997407
0.36679259721148083
0.36905321802726027
0.3721103238418008
0.3735293740973784
0.3742484131231301
0.37641105387396767
0.37933187871428287
0.38091607540288575
0.3817194368610291
0.38413612270148245
0.38740655873266017
0.38892761744270743
0.38969893331777367
0.39201920181105454
0.3951558809623999
0.3968037434539329
0.39763994263169933
0.40015574923705455
0.4035609528657329
0.405259159494699
0.40612137475137405
0.40871572222487923
0.4122279795570292
0.4140501533411647
0.4149760575919159
0.4177625943307841
0.42153949704055305
0.42340872985098965
0.42435903660522184
0.42721906916272584
0.43109707151290616
0.43304259837385417
0.43403235089607195
0.43701129189876115
0.441052458265697
0.44310894183354216
0.44415587467189716
0.4473074219907595
0.45158560760907634
0.45375658112270256
0.4548624596804715
0.4581918377592211
0.46271462805722613
0.46497352085043986
0.46612462878050237
0.46959022535832173
0.47429968273776685
0.4766626698518154
0.47786725889821113
0.4814941069950762
0.4864241543169977
0.48890911637034923
0.4901762428151102
0.493991828668782
0.49917968514058736
0.5018118011839179
0.5031543009542387
0.5071974011993047
0.51269637644696
0.515486032236391
0.5169091254394036
0.5211954066417764
0.5270274162592776
0.5299409914197174
0.5314272271699785
0.5359040962884384
0.5419947911750964
0.5450919201230502
0.5466719253267712
0.5514319601593299
0.5579099269843142
0.5611646455083205
0.5628249164861779
0.5678272364891239
0.574635238764256
0.578061846564381
0.5798096582633355
0.5850763175207606
0.5922445902045748
0.5958456406505436
0.5976822208981447
0.6032169614820599
0.6107500260481925
0.6145530542455105
0.6164924916314533
0.6223379310576459
0.630294787853014
0.6342942392087182
0.6363335611429053
0.6424806686901915
0.6508482697894448
0.6550597086262698
0.6572068305056115
0.6636796314833826
0.6724908164017883
0.6769189589926499
0.6791761672739763
0.6859815428033877
0.6952452317886746
0.699910092856801
0.7022875576275619
0.7094563448432288
0.7192147437696039
0.7241242640345708
0.7266259012458666
0.7341699346105331
0.7444387595141193
0.749605653291243
0.7522378365634078
0.760176350182676
0.7709817304456515
0.7764081465522139
0.7791717561387667
0.7875074677207903
0.7988520959862201
0.8045597335268981
0.8074656926159636
0.8162318051062334
0.8281604672829364
0.834182391665662
0.8372474115113447
0.846494444157103
0.8590768643969825
0.8653929253783573
0.8686063921690289
0.8783021634732183
0.8914922569053981
0.8981332193341528
0.9015106261037619
0.9117021154077123
0.925564113798246
0.9325310418507528
0.9360726037246073
0.9467604790167918
0.9612939242193674
0.9686108410260011
0.9723285453628963
0.9835491393257966
0.9988032823491878
1.006476491277576
1.010373201011632
1.0221352171798674
1.0381208221091096
1.046161626445519
1.0502427700654204
1.0625626200502898
1.079301172218765
1.087723079859707
1.0919951757819704
1.1048927601819396
1.122410119759157
1.1312367013561513
1.1357113364290279
1.1492217658869222
1.1675653879087629
1.1767954221760553
1.1814715587317839
1.1955917499942228
1.2147556512461066
1.2244087155068524
1.229295836885997
1.244054607382169
1.2640770905345906
1.2741606325938555
1.27926202396421
1.2946693957343882
1.3155625047502806
1.3260913552022981
1.331413975710138
1.347491147341474
1.3692823050927685
1.380264696307797
1.3858120977195447
1.4025699050120122
1.4252721464410925
1.436713528548851
1.4424877963489642
1.4599326836797535
1.4835526426572543
1.4954641302756242
1.5014701057954323
1.5196169126546533
1.544172667218122
1.556562233370542
1.5628030782216957
1.5816615757454378
1.6071640695221256
1.6200323405526025
1.6265074403784812
1.6460759711082464
1.6725201894966055
1.6858518701504612
1.6925524430889716
1.7128045044518474
1.7401514966515486
1.7539709589832433
1.7609082331916321
1.781878335143493
1.810172344472291
1.824492066623216
1.8316710755896621
1.8533749441573701
1.8826342650680339
1.8974067760393174
1.9048023848672195
1.9271639624897186
1.9572817082908964
1.9725131317457538
1.980127058497205
2.003152152041177
2.0341331542588463
2.049801336808177
2.057621122322272
2.081272460082244
2.1130629270878707
2.129160430400847
2.1371808771144325
2.1614434374390563
2.194019831801932
2.2105236821631773
2.21873182021405
2.2435670145393494
2.2768739556746795
2.2937548980455356
2.302134626353988
2.327494448893576
2.3614640375162326
2.378690983252758
2.387225289105665
2.413059090859953
2.4476201133704367
2.4651601216151486
2.4738310747841057
2.5000855505057062
2.535163478829315
2.552980374050517
2.561768454224073
2.5883855913303555
2.6238998656579975
2.6419527751701017
2.6508361767944733
2.6777511406514365
2.71361236356932
2.731859884540176
2.740816542914281
2.767963851979702
2.8040821109070246
2.822480054312031
2.8314865629806136
2.8587967963512817
2.8950772618058123
2.913582321422435
2.922615685824522
2.950020855519705
2.9863708753222973
3.004942320507989
3.013980720181252
3.04141661026304
3.0777488003347555
3.0963526811811777
3.1053774048403158
3.1327895675008954
3.169029524585463
3.1876472372868303
3.1966465387187277
3.2240022252350267
3.260103971205151
3.2787482338605045
3.287724433985916
3.315034723299096
3.3510090275453663
3.369765095440003
3.3787527517702545
3.406129220830799
3.442116176835168
3.461267535519329
3.4703883079717524
3.498214662935361
3.534703011651312
3.5553840685323417
3.565127977418507
3.5949427872386774
3.6338958935769337
3.656341661178217
3.666771183878073
3.698808296226352
3.740479844813816
3.752602395814072
3.782383457537153
3.7832853249237575
3.7893988932268483
3.808043323073135
3.832428393487914
3.836550373756183
3.841761007965785
3.8576291271748833
3.878403702209954
3.8877058584655604
3.892159379333983
3.905703807541136
3.9234497525005927
3.931533960858286
3.9354120549424465
3.9471928518565695
3.962632703422425
3.969702636102312
3.9730990933400756
3.9834048679714593
3.996908694769761
4.003071439074474
4.006034553363346
4.015014141977187
4.026769942721508
4.032094025721063
4.034653727679893
4.042400089726151
4.052523403397589
4.0570456433916275
4.059217380126591
4.065779935421205
4.074332012820059
4.0756725218110335
4.077483815986813
4.082949838833589
4.0900524652560915
4.0902665126761875
4.0917135958223865
4.096075496606864
4.10173198188119
4.104774433861535
4.10620818491285
4.110526642009728
4.116058532533191
4.118961150616275
4.1202962761080855
4.124312330451754
4.12935102968761
4.131927499121853
4.133062170280056
4.136469929410852
4.140580784722575
4.142641615325088
4.143464067679762
4.1459316736264356
4.148627310860242
4.149881756324683
4.15021894524734
4.151234079047413
4.151758808606679
4.151666809837027
4.15122005707101
4.149895439443856
4.146986254989531
4.144658617395564
4.142957421512091
4.137884385923739
4.129584953290032
4.124234515965892
4.121021127491773
4.111387387971945
4.096937812098322
4.087605102585263
4.0824237830966315
4.066794931729681
4.044312809757989
4.029075706535431
4.021079706692286
3.9967362087576195
3.9627055342434563
3.94037967672948
3.9293589986735693
3.895257103761561
3.84895225278494
3.813131990647369
3.7969686267982636
3.7450073679775544
3.6769202933538327
3.6444347364331136
3.594500624760215
3.5681117761425902
3.556819459608551
3.5199010618160322
3.47234052792905
3.4382873260580578
3.4249672543984944
3.3787757817324886
3.3207942223413225
3.282274936583044
3.268815539237363
3.218584600705929
3.1571909185261844
3.121690958754885
3.1101135799992012
3.0652994366622157
3.0106988205222467
2.9785021029814387
2.9684309254643346
2.9282263145307947
2.8793691772098087
2.849930177652762
2.8410729489439044
2.8046674944182315
2.7605899447655684
2.733511572873226
2.7256735883736187
2.6925154928439987
2.652535755413487
2.6275297714536237
2.620563743459398
2.590232861163264
2.5538077633267395
2.530635678397544
2.5244179442553785
2.4965579829965328
2.463219368491801
2.4416683763321054
2.4360913693063977
2.4103876429905773
2.3797250472076894
2.3596034570520104
2.354574341484592
2.3307504671010753
2.30240904672735
2.2835476730184294
2.278988034218145
2.2568063988066265
2.230485846835202
2.212739028843408
2.2085839598504946
2.18784444644459
2.163294999265465
2.1465396791907074
2.142736177300659
2.1232725530163545
2.1002885595333884
2.0844218399671672
2.0809268735313178
2.0626018424886094
2.041014378503162
2.025950398510834
2.022728984483154
2.0054289772210145
1.9850987026145115
1.9707654878632865
1.9677889818300447
1.9514193694772388
1.9322302808442462
1.9185669311862836
1.9158116087615298
1.900292651757215
1.882146952385818
1.8691013046626355
1.8665472366094054
1.8518108276182572
1.8346248835615135
1.8221516544405163
1.8197818407100954
1.805768971502473
1.7894702068743438
1.7775295581340829
1.7753292737525366
1.761988105955906
1.746512658053896
1.735069106967736
1.7330254134772585
1.7203098271502633
1.7056007913822997
1.6946223906925821
1.6927237731865854
1.6805922811394531
1.6665984017518238
1.6560561246040657
1.6542922221626604
1.6427071584980042
1.6293818505791706
1.6192491289785207
1.6176105336356865
1.6065374454430243
1.5938380606961267
1.584090438477033
1.5825685439699073
1.571975732975525
1.5598630041494523
1.5504825164378417
1.5490691313088556
1.5389321807386114
1.5273735768410368
1.5183319091299232
1.5170201640609906
1.5073026872910744
1.4962572725239778
1.487536913933615
1.4863197880826016
1.477001353858438
1.4664415895421816
1.4580256613668903
1.4568968248320604
1.447953826221189
1.437850416885152
1.429721836938057
1.4286753951840931
1.4200857310400334
1.4104112748708466
1.402554045540915
1.4015844992741393
1.393327503297448
1.384056380444385
1.37645552157443
1.3755577350950359
1.3676140675783741
1.358722306640612
1.3513637825238907
1.3505329564029391
1.342884508722086
1.334349668779258
1.3272203231202893
1.3264519701670656
1.3190817797591874
1.3108828453541672
1.303970342484602
1.3032602663027908
1.2961524400794915
1.2882697262552096
1.2815624976529532
1.2809067732646378
1.274046417760983
1.266461483407345
1.2599486784983878
1.2593436346760525
1.2527167919239461
1.2454123599563154
1.2390838008809706
1.2385260038729435
1.2321195921502879
1.2250794762604655
1.2189256153218995
1.2184118538062831
1.2122136126677918
1.205422647980248
1.1994345290391795
1.1989618001546858
1.1929602389294098
1.1864042197577762
1.1805734401500065
1.1801389363795687
1.1743232863317496
1.1679889044132565
1.162307581843989
1.1619086788565984
1.1562688480848822
1.1501436382172883
1.144604377211185
1.1442386223793268
1.1387651538039871
1.1328374390616571
1.1274333024375685
1.127098404061679
1.121782435608424
1.116041280966922
1.1107657593220872
1.1104595765330552
1.1052928041814745
1.099727969009206
1.0945749538484437
1.0942954872244093
1.089270129012188
1.0838720219588034
1.07883578205764
1.0785811645175325
1.0736899299775675
1.068449568475779
1.0635247267814354
1.0632932153875014
1.0585292709359442
1.0534382490120482
1.0486197537343367
1.0484097216907464
1.0437666654875373
1.0388171030238467
1.0341002201968865
1.0339101489521474
1.029381983951784
1.0245665026492798
1.0199467874491324
1.0197752608607131
1.0153563615378738
1.0106680643388282
1.0061413289095256
1.0059870264403006
1.0016721198342642
0.997104535467206
0.9926668635268303
0.9925285519032041
0.9883127082050204
0.9838597694756867
0.9795074847967044
0.9793840160118357
0.9752625965364771
0.9709186406092816
0.9666482661945429
0.9665385699616194
0.9625072307776867
0.9582669516459941
0.954075231077439
0.9539783068458495
0.950032984480911
0.9458913802988685
0.9417752801871687
0.9416901974577983
0.9378270824480736
0.9337794869186611
0.9297361291104717
0.9296620224417452
0.9258775180019129
0.9219195811424884
0.9179462328980075
0.9178822993781635
0.9141730277364074
0.9103007012103044
0.9063947801249719
0.9063402623295004
0.9027030855673378
0.8989124862476466
0.8950716383106626
0.8950258338900874
0.8914578158576493
0.8877452904938155
0.8839673060103016
0.883929559159456
0.8804279608362708
0.8767899844101976
0.8730728619839433
0.8730425716985293
0.8696047076340833
0.8660383510179596
0.8650957996259645
0.864938414398448
0.8643725562380138
0.8636236058285928