0.2351595830219593
0.2351707380021068
0.23517631648522166
0.2351930523408359
0.23521537063025796
0.23521818452437712
0.23522074014261357
0.23522130357201765
0.23522374499233767
0.2352249169372311
0.23522549581315277
0.23522723591634837
0.2352295514449421
0.23523086811894933
0.23523152643380768
0.2352335013849203
0.2352361432270427
0.2352374514937954
0.23523811068862083
0.23524009222026626
0.235242712687808
0.23524411173838766
0.2352448075575392
0.2352468825570173
0.23524968321267953
0.2352511017321244
0.23525182066577768
0.23525397747445645
0.23525685328026788
0.23526121490239735
0.23526339586453202
0.2352699649116327
0.23527860694420866
0.23528001600399864
0.2352831526581752
0.2352847114434066
0.235289331963941
0.2352956836636974
0.2352970880060178
0.23529882947297415
0.23529971268615885
0.23530236233712196
0.23530588389121534
0.23530795107232436
0.2353089811915661
0.23531207156463338
0.23531621881539405
0.23531822042213194
0.2353192294412185
0.23532225651315392
0.23532626670530862
0.23532834308059428
0.2353293756171388
0.2353324670754375
0.23533659740655094
0.2353390397444616
0.23534026102532568
0.23534391030170856
0.23534882597698087
0.23535132024463645
0.23535258079153207
0.2353563624548728
0.23536140486066098
0.23536404961986152
0.2353653756783232
0.235369353878681
0.2353746754722405
0.23537768752668778
0.2353791921232463
0.23538372398307233
0.23538974257293385
0.2353930642676515
0.23539471632375697
0.23539965282128208
0.23540630242264915
0.23540948451166624
0.23541108894467808
0.2354159022800481
0.23542227902884627
0.23542530638784318
0.2354268074351363
0.23543131060915143
0.2354373151080146
0.2354410505786098
0.23544292260310226
0.2354485498662609
0.23545596809153335
0.2354596940029867
0.23546154980490666
0.23546708425104304
0.23547450812999793
0.23547883407617515
0.23548100814466516
0.23548753041630224
0.2354961993774926
0.23550074373023377
0.23550300242391425
0.23550981899143994
0.23551874013395038
0.23551966084430606
0.23552157327137876
0.23552732200626045
0.23553497215015742
0.23554001320506254
0.23554252832147446
0.23555004384987052
0.23556016740484434
0.2355660669685165
0.23556903419885455
0.23557802437194045
0.23558967099994207
0.23559051279561297
0.2355979411297175
0.23560784630324352
0.23562401929546872
0.23563210786266928
0.23565647045031582
0.23568842666248205
0.23569807488291053
0.23570389059223842
0.2357067564447388
0.2357153201590427
0.23572689201736272
0.23573257280777832
0.23573546634509712
0.23574412997760674
0.23575563152179896
0.23576148583664563
0.23576439074294328
0.2357730712021924
0.23578483776372075
0.2357872351345583
0.2357900005026486
0.23579831304410126
0.2358092371395887
0.23581477726971364
0.23581749613028283
0.2358256528144992
0.23583652927450868
0.2358567240329468
0.23586684703452276
0.23589691896205311
0.23593830884006706
0.23594343962475678
0.23594820395064298
0.23596260994460155
0.23598143110323297
0.23599039657506288
0.23599476029009023
0.23600782595335132
0.23602550164344746
0.23603333063993875
0.23603733193757215
0.236049242135374
0.2360653981966383
0.23607372187876183
0.23607798474469088
0.23609067362524175
0.23610799379426092
0.23611599266909478
0.23612010372405404
0.23613250969368432
0.23614885544879155
0.23615754986440307
0.23616184143435923
0.23617476679333385
0.23619183076301023
0.2362018464648276
0.23620680408108685
0.23622176461849484
0.23624135136470084
0.236251418583374
0.2362563249941686
0.23627115995439243
0.23629073086440866
0.23630187445958564
0.23630741811587117
0.2363240171222692
0.2363461262149102
0.23635807642480122
0.23636401319942352
0.23638203275306896
0.2364054196425957
0.23641804796540214
0.2364242222152681
0.23644267362308583
0.23646722106245405
0.23647897969635112
0.23648479629754637
0.23650238255610934
0.23652551176904177
0.23654609437118607
0.2365562650314377
0.236587134897906
0.2366273367448468
0.23664791846939187
0.2366579792911626
0.23668792938203992
0.23672905147111123
0.2367478692279243
0.23677913252810448
0.23679315804250856
0.2368004001852739
0.23682233746933912
0.23685096327182778
0.23686791407533017
0.23687620909858018
0.23690114308084384
0.23693433230590824
0.23695009860342098
0.23695801182474482
0.23698152471336095
0.2370136635476706
0.23702874672084243
0.23703647614496626
0.2370597545237042
0.23709077629891995
0.23710830548360667
0.2371170689422231
0.23714346115171012
0.23717831580290297
0.23719859341609187
0.2372086119299007
0.23723889964465367
0.2372788713804703
0.23729943531267222
0.23730969588018735
0.23734036183083246
0.237381166142988
0.23740118244934533
0.23741111000205525
0.237441064403748
0.2374804287736145
0.23750408805257603
0.23751579091407923
0.23755056841927297
0.2375982405605313
0.23761933684665734
0.23763027710928922
0.23766291340255086
0.23770694915283005
0.23773488706405424
0.237748916674477
0.23779116779441437
0.23784731224301492
0.2378860610511196
0.23790534687491857
0.23796331858588637
0.23804027642635894
0.23807963932911427
0.23809923289638998
0.23815801876203163
0.23823596935845104
0.23824864945216165
0.23826537272301873
0.23831592157855228
0.23838166674758068
0.23839059802168883
0.23840559151116172
0.2384505750050015
0.2385105795200324
0.23854145829999096
0.23855692531480358
0.2386035018817523
0.23866467181880074
0.23869600882838757
0.2387114654344203
0.23875792412538957
0.23881924161657256
0.23885399516635406
0.238871224498815
0.23892301164007063
0.23899116224024838
0.23902459515775049
0.23904106517188622
0.23909011671674102
0.2391566063735321
0.23919156953146062
0.23920941266536688
0.23926284836871922
0.23933426443146924
0.23937084196354427
0.23938917980074897
0.23944389704781655
0.23951749497186617
0.23956482331955514
0.2395885745800435
0.2396599657026235
0.23975476658277076
0.2398124398206547
0.23984118343469585
0.23992711344525863
0.24004352173138094
0.24005730861323912
0.24008444921362537
0.24016573454146065
0.24027408115366564
0.2403323434558796
0.2403614052142977
0.24044891335721624
0.24056395310899098
0.24058732474805963
0.24061740032196174
0.24070683865125578
0.2408289406563064
0.2408830090283366
0.24091085547702254
0.24099484765298929
0.2411047917577717
0.24116142393723614
0.24118936279359543
0.2412721631574115
0.2413855614079851
0.24144482574030954
0.24147525562535124
0.24156608022932216
0.2416885860595678
0.24176189690303396
0.24179889169299404
0.2419100873116094
0.2420582491943045
0.24216386423941802
0.24221681111261398
0.2423743245306597
0.24258993451492755
0.24262440192369814
0.2427925739465177
0.24287122886366708
0.24299364431032025
0.24306881357645477
0.24310618017039695
0.243219058712457
0.2433683292021752
0.24346717416491048
0.24351625971005125
0.24366379555959092
0.24386098975162754
0.2439724749386366
0.244028145748022
0.2441963099615139
0.24441884597376273
0.24454244046599144
0.2446039310580376
0.24478830178699074
0.24503506740886594
0.24517614909178584
0.24524672165490083
0.24545919357860208
0.24574362223417223
0.2457506548721674
0.24580729502457901
0.24597657831402472
0.24620527756914887
0.24632172280417206
0.24638085433538487
0.24655759388832638
0.24679486044971777
0.24696324671699296
0.24704774027146068
0.2473029000587542
0.2476380557072053
0.24766889877171303
0.24777907192485923
0.2481107705059437
0.24855308838727413
0.24877185767424345
0.24888121429302476
0.2492109258705054
0.24964784952724767
0.2497329328658991
0.25003303066169263
0.2501670227396272
0.2502357930613946
0.2504411071691783
0.2507193371435953
0.2508559000240735
0.2509254645733634
0.25113391890187076
0.25141342787155513
0.251595337987976
0.2516869229680287
0.2519608072846016
0.2523302732812365
0.25251321215454164
0.2526061409379438
0.25288445196860654
0.25325642954469924
0.2534498771380556
0.25354674176275
0.25383725584789074
0.25422633908673453
0.2544808581929926
0.2546089147011562
0.2549935531782039
0.25550677584226794
0.2558375353970895
0.25600310089639605
0.2565014598294892
0.2571665236046273
0.25760776457539986
0.2578295349529669
0.25849631648095667
0.25938330426181194
0.2597107084740198
0.26035323199887034
0.26049004943377807
0.26069819543776446
0.26132054494113455
0.2621648040731944
0.26241106505636475
0.2630220710515161
0.2633525865074533
0.2635192271893338
0.2640194990441763
0.26468944733319344
0.2651259105695986
0.26534551545288054
0.2660064049101514
0.2668852469562568
0.2669249659502439
0.267429438250379
0.2681027530389754
0.2685260057017218
0.26873826065916107
0.2693755874138817
0.27022998621262656
0.27075822213929635
0.27102419923814336
0.2718238196004449
0.27289268945941086
0.2733959452976851
0.27364761199710275
0.2744044968200327
0.2754170596040583
0.2760606608310571
0.27638472561018756
0.2773586644108972
0.278665706924698
0.2795362655036945
0.27997587108937383
0.28129677934846636
0.2830767308147451
0.28331726167839527
0.284415074144268
0.2858985325817328
0.2860632443573514
0.2871526121441823
0.28861344526260435
0.28935355614086833
0.2897258727997273
0.2908438486687432
0.2923497308463198
0.2930608668130661
0.2934202855683511
0.2944994914175704
0.2959511968930088
0.2967669790798826
0.2971789237937137
0.2984161340152451
0.3000843553256825
0.3008403105111955
0.30122250435945086
0.30237023826816545
0.30391523314400665
0.3047632248240481
0.30519167199504343
0.30648034701647614
0.3082112356079103
0.3093144246032805
0.30987198308333247
0.3115480351006365
0.31381030050993125
0.3140761151979701
0.31461001912758796
0.31621479773696565
0.3183802474676335
0.3193767179465978
0.3198803776075338
0.321394345324416
0.32343530236818685
0.32445053757661596
0.324963926609152
0.3265066931442975
0.3285875028219934
0.3295933918751094
0.33010213004044403
0.33163114934350474
0.33369148608252297
0.3348207781960098
0.33539200438932826
0.3371102390375365
0.33942491138075964
0.34082856676080486
0.3415398069717191
0.34367859237358966
0.3465717824084257
0.3471382988068105
0.34911113172521435
0.3517758395491802
0.3530531823012823
0.3536997977598282
0.3556439128254833
0.3582697774765969
0.35952053100032283
0.36015377308487806
0.36205804268574926
0.3646265531348996
0.3660879136978997
0.3668283766540958
0.3690554549326931
0.3720662970992271
0.3734944663028361
0.3742180148334844
0.37639428648041345
0.37933457404915305
0.38084288135548
0.3816074670293884
0.3839074975711449
0.3870165059217427
0.3886125882081592
0.3894221019061564
0.3918574562230816
0.39515255310527464
0.39677457675072175
0.39759757126232265
0.40007368784398256
0.4034240874509623
0.4051358678651252
0.406004984316514
0.40861994377698774
0.41216148605574965
0.41393501259297916
0.41483605926228106
0.41754759657247215
0.42122084159490136
0.4231207712554355
0.42408682840698386
0.4269943392905206
0.4309381328228046
0.43288033517442254
0.4338683713975324
0.43684222822274427
0.44087644135196125
0.4429276677191619
0.4439718982777049
0.4471151768595269
0.4513825108176172
0.45352858532890433
0.4546216778783476
0.45791256896397753
0.46238166480356485
0.4646749393164684
0.4658437496103488
0.46936298482913225
0.47414666682961537
0.47651862122227373
0.47772779423750805
0.481368612964061
0.4863179469507155
0.48881584717429727
0.490089604284265
0.49392532703275244
0.49914125589837566
0.5017711913883928
0.503112539051344
0.5071522418126666
0.5126467671327672
0.5154270000168822
0.5168452142149585
0.5211169567398167
0.5269285786096778
0.5298588189802641
0.5313536164531696
0.5358564441279049
0.5419838207334545
0.5450483845629835
0.5466115860650826
0.5513207906713596
0.5577287708384241
0.5609622058581861
0.5626115063574332
0.5675807730780186
0.5743432134498714
0.5777632848009161
0.5795077257211849
0.5847643688102766
0.5919191117886734
0.5955115638570395
0.5973436933982359
0.6028651103347241
0.610380233638733
0.6141673917364275
0.6160986439870113
0.6219194917405472
0.6298426113303144
0.6338398944256234
0.6358781113495561
0.6420221182993063
0.6503857565672214
0.6546012542625947
0.6567504710952629
0.6632298811368962
0.672050567275125
0.6764876480818883
0.67874946477471
0.6855690741993188
0.694852960873601
0.6995226424905828
0.7019026022391507
0.7090791962451176
0.7188489636926717
0.7237609265015543
0.7262638404589542
0.7338120282377276
0.7440871379091843
0.7492584952173584
0.7518929887519387
0.7598388853293035
0.7706548472566606
0.7760968695780128
0.7788685004025203
0.7872290087012777
0.7986082668457919
0.8043388694195223
0.8072566221460126
0.8160588431551563
0.828038324649508
0.8340644831720271
0.8371316960629499
0.8463857830997622
0.858978518644337
0.8653097956269707
0.8685310982323639
0.8782510328571406
0.8914754078036017
0.8981245894718793
0.9015062558075013
0.9117111264201054
0.9255922641747926
0.9325815971489465
0.9361346951174433
0.946858047483769
0.9614414209455702
0.9687774218671721
0.9725049556995545
0.9837559160385824
0.9990528314575998
1.0067519479617135
1.0106619870864113
1.0224649978747686
1.0385081407664836
1.046580122172062
1.050677287564177
1.0630463992830483
1.0798538404604863
1.0883123141387894
1.092603174413682
1.1055583340510091
1.123156264161053
1.132017695136051
1.1365102358584553
1.1500757048222925
1.1684962993858574
1.1777694731474742
1.1824677427590082
1.1966558362386548
1.2159145567515475
1.2256137251074586
1.2305245120384551
1.2453558653345143
1.265479614041791
1.275618184192625
1.2807477854623146
1.2962415697820073
1.3172551490732989
1.3278407464139699
1.333192477397134
1.3493588474513667
1.371274289563672
1.38232223597307
1.3879032350086924
1.40476392304916
1.4276092706300523
1.4391265992582933
1.4449397453094108
1.4625036072391735
1.4862888371873266
1.4982852527336852
1.5043346732796306
1.5226143822805844
1.5473545651722955
1.5598309652479707
1.5661162434297793
1.5851106608023646
1.6108017702032391
1.6237659525860322
1.6302901001357317
1.6500085989065703
1.6766608118801765
1.690108045147024
1.6968676390634982
1.717300029391812
1.7448966468649725
1.7588315291901788
1.7658278018475437
1.786978160023105
1.8155217967246753
1.8299677822199694
1.837211316145969
1.8591122589509614
1.888644339992781
1.9035730527705816
1.9110482829122375
1.9336528837784317
1.9641061345705915
1.9795061607927589
1.9872060008032952
2.0104932455972175
2.0418358668859082
2.0576963682814733
2.065613979858249
2.0895637140517875
2.121765106390056
2.138072661095615
2.1461998554479846
2.170787930549192
2.2038121041694145
2.22054196152228
2.2288648797055064
2.2540499814639023
2.287837823322438
2.304965182464447
2.313469920446316
2.3392107271651383
2.373703317246595
2.3911996265092554
2.399870412747193
2.4261200437352133
2.4612511741429963
2.4790853060981797
2.4879050866364327
2.514612892105656
2.5503115216823318
2.568446925998384
2.577395986343205
2.6045033399952486
2.6406880009563576
2.659087105145328
2.668145229685093
2.6955921290230616
2.7321798003339683
2.7508011524503004
2.7599462408526487
2.7876670765847424
2.8245675590998593
2.8433694354098242
2.8525792493802253
2.8805081461601727
2.9176312062250176
2.936571370562442
2.945823409501982
2.9738938551876593
3.0111486929956555
3.030187845334097
3.0394609597779865
3.067610761273979
3.1049125227524326
3.1240181133842184
3.133294240800673
3.1614708943079037
3.1987476104559205
3.2179021948710185
3.227170138021167
3.2553425280102983
3.2925502314549693
3.3117677096014204
3.3210303804191383
3.3492113155355794
3.386362961928502
3.405728837233405
3.4150210654802238
3.443322799252733
3.480559452340672
3.5003529769172457
3.5097950540501683
3.5385966544702083
3.576401706420248
3.597702283780719
3.6077626215940177
3.6385335304359625
3.6787852505157344
3.7023150414372337
3.7132693623262307
3.7469085025624818
3.790712426998387
3.8050100284427573
3.836663853603914
3.8370990052468024
3.843576026036962
3.863324899959747
3.8891679691212597
3.893390956331536
3.8989113383115046
3.9157186306072536
3.9377315195993456
3.947581526509221
3.952301242468854
3.9666513602389672
3.9854577891786884
3.9940126512030774
3.9981195754589067
4.010591822820539
4.026940313427196
4.034419773661828
4.038015259871246
4.04892166897801
4.063213286661889
4.069726646577939
4.072860177612067
4.08235341438024
4.094781787068427
4.100399296465851
4.103101759046636
4.111277903064149
4.121963403458195
4.1267240703158325
4.129012136080135
4.135924539792694
4.14493448929381
4.146227119286398
4.148131736062726
4.153878218989744
4.161349399924883
4.16181086771083
4.163349489558769
4.167986594344508
4.174002700382723
4.177231690515789
4.178756055164674
4.183346778894176
4.18923321169869
4.192314465575707
4.193736492917125
4.198013393054862
4.203391032471596
4.206140634409879
4.207359672878135
4.211020127239827
4.215458482626517
4.217691842502916
4.218598491409607
4.2213172286696565
4.224336770027496
4.22577107177574
4.226195538432984
4.227469265588075
4.228323153138236
4.228422365742829
4.228064378892399
4.227000296071678
4.224406795971393
4.222271260683123
4.220655919557405
4.215831222194083
4.207812123111011
4.202645060748157
4.199510133439508
4.19010080679764
4.175885184984022
4.166769803685983
4.161672766121441
4.146286579197359
4.124024868353787
4.109037040763651
4.101095887283392
4.07692321581109
4.042887053761694
4.020674336226196
4.009535391613951
3.975155984077857
3.927994232018291
3.88082736006804
3.859399032470736
3.7900683227605727
3.698185677346308
3.697447795712545
3.6377828373420473
3.6056799821678682
3.59179288320572
3.5465144666113697
3.4879252504753357
3.4471785553480845
3.4310069827591763
3.375470586828546
3.3056396035029043
3.2623045428562394
3.2466956563386558
3.190056342055807
3.1207300102531983
3.081635418805823
3.068480027577435
3.019039248483808
2.9590934392512933
2.924479317319679
2.913409066018065
2.8703212918270005
2.818396076433764
2.787616859731885
2.7782384808896303
2.740398895488426
2.695000350760446
2.6674197205620622
2.6594013279971582
2.6258545892342955
2.5857408544440905
2.56080437727037
2.55387446774736
2.5238265845909496
2.4879915896350178
2.4652368270768363
2.459178702498534
2.4319874647086364
2.3996321171113535
2.378684982559794
2.37332915863204
2.3484862468238545
2.318986201507237
2.29955048449413
2.2947663414313015
2.271875519499477
2.244748419290375
2.226592619646162
2.2222803537539377
2.201035370742885
2.175910471159512
2.158854602300437
2.154938134199913
2.135102679580402
2.1116946955547444
2.0955985255347658
2.092019646225807
2.0734104948848118
2.051498342921308
2.036251676591953
2.032965442685897
2.015439033083421
1.9948492871022692
1.9803643394124062
1.9773355748490462
1.9607777290305075
1.9413721421146652
1.9275777611826808
1.9247784627212579
1.9090967213118926
1.8907630134690618
1.8776004064078615
1.8750078494383515
1.860125855733574
1.8427710050626631
1.8301906214199104
1.8277859901858626
1.8136394186574705
1.797184813816111
1.7851440912660237
1.7829114932880508
1.769445113608777
1.7538230636003278
1.7422848025909068
1.7402105607202687
1.7273761238771046
1.7125273458209076
1.701458537254549
1.6995306806639736
1.6872853947548152
1.6731572012930453
1.6625281782587835
1.6607360752497724
1.6490415021113425
1.6355864873776604
1.6253703080737927
1.623704399680183
1.61252565128325
1.5997007316343856
1.5898727274801439
1.5883243325745582
1.5776294811720288
1.5653951885777528
1.5559326311688726
1.554493802199303
1.5442534436502853
1.5325733995757491
1.5234536094698734
1.5221171297876455
1.5123023351368623
1.5011415329233895
1.4923483698555402
1.4911072228685969
1.4816968147335419
1.4710271100002144
1.4625418170347688
1.4613897796012336
1.4523583790526124
1.4421491320492121
1.433954100081605
1.432885296745004
1.4242108032630065
1.4144346526351645
1.4065138689718995
1.4055228156999628
1.397184573123627
1.3878159376551704
1.3801544032164421
1.3792359752219263
1.3712146389764481
1.3622295640397195
1.3548132128449275
1.3539626164886913
1.3462400562640269
1.33761609423012
1.3304317282306897
1.3296444768017421
1.3222036915976827
1.3139197973158363
1.3069550282552442
1.3062269207052992
1.2990519632173656
1.2910884006730972
1.2843315976453693
1.2836586996203205
1.2767346079624653
1.2690728659021746
1.2625131076731164
1.2618917343189926
1.255204470016078
1.2478271846987594
1.2414542156700585
1.240880915978998
1.2344173063967658
1.2273081905180159
1.2211123799137782
1.2205839222279926
1.2143316074577581
1.207475384918228
1.2014476881751808
1.2009610467376712
1.1949084303208246
1.1882907731426167
1.1824226975784173
1.1819750400037086
1.1761112424310702
1.1697187145438295
1.1640022848973492
1.1635909604107637
1.1579057756583229
1.1517257781379568
1.146153505731899
1.1457760341390422
1.14025988893887
1.1342806093581594
1.1288454624381448
1.128499523799668
1.123143438716572
1.1173538042914084
1.112049179243125
1.1117326040410336
1.10652815759568
1.1009177892702164
1.0957374854550275
1.0954482453333427
1.090387540718908
1.084946708200212
1.0798849054972517
1.079621104668146
1.0746967358150796
1.0694163232975882
1.0644675529826189
1.0642274199478268
1.0594324429320563
1.054303904428625
1.0494630328175643
1.0492449129883834
1.0445728150073115
1.039588144865722
1.0348503496114898
1.0346526974026884
1.0300973737817882
1.025249067975639
1.0206098224947782
1.02043119453789
1.015986920944432
1.0112679479263924
1.006722999399883
1.0065620487039748
1.0022234562864756
0.9976272271905445
0.993172578783101
0.9930280484384104
0.9887900996298326
0.9843104520750039
0.9799423395435176
0.979813056682606
0.9756710298028146
0.9713021779913101
0.9670170709869592
0.9669019425049544
0.9628514077002372
0.9585879304788066
0.9543825096086112
0.9542805144759116
0.9503173146621853
0.9461541369226416
0.9420252860654049
0.9419354712266311
0.9380557233119519
0.933988058873236
0.9299328565532102
0.9298543368805607
0.9260543684113548
0.9220777746551914
0.9180934454012932
0.9180253935321446
0.9143017772560045
0.9104120755735909
0.9064960085660994
0.9064376552864091
0.9027871708888652
0.8989804171072522
0.8951301814242365
0.8950808088726394
0.8915004057482624
0.8877729885671652
0.8839862476095
0.8839451814324333
0.880432075372317
0.8767804238498353
0.8730550846486251
0.8730217133665565
0.8695731683832305
0.8659942216682622
0.8623281098081736
0.8623018352444274
0.8589154146521598
0.8554059162913975
0.8544409220527062
0.8542763959435069
0.8536747881764958
0.8528793955313845