0.9991963981071326
0.9991717835654629
0.9991594757190823
0.9991225520861713
0.9990733186412015
0.9990671917182065
0.9990615355942355
0.9990603147578815
0.9990549081916318
0.9990523539622914
0.9990510768410535
0.999047245475105
0.9990421369682874
0.9990392330667318
0.9990377811075959
0.9990334252275385
0.9990276173624403
0.999024716224104
0.9990232656463983
0.9990189139106639
0.9990131115713449
0.9990100524309334
0.9990085228513085
0.9990039341095444
0.9989978157595778
0.9989946480499835
0.9989930641851885
0.9989883125877609
0.9989819770950615
0.998972368434081
0.9989675640156822
0.9989531507425001
0.9989339327616487
0.9989309356487542
0.9989240758471734
0.9989206459009123
0.9989103560520517
0.9988966361089184
0.9988934052069918
0.9988895148917395
0.9988875697192013
0.9988817341974524
0.9988739534568031
0.9988694118211137
0.9988671409832592
0.9988603284644865
0.9988512450432996
0.9988468055846644
0.9988445858357389
0.9988379265838798
0.9988290475223319
0.9988245015030732
0.9988222284733026
0.998815409378785
0.9988063171904183
0.9988009392327402
0.9987982502258528
0.9987901831983136
0.9987794270734175
0.9987738821755312
0.9987711096965126
0.9987627922522546
0.9987517022333315
0.9987458580393332
0.9987429359092466
0.9987341695110985
0.9987224808765945
0.9987158272662998
0.9987125004185091
0.9987025198654663
0.9986892123262099
0.9986819400720492
0.9986783038940207
0.998667395348701
0.9986528504591293
0.9986457885923844
0.9986422576106365
0.9986316646547277
0.9986175405608466
0.9986109344136643
0.9986076312978048
0.998597721940699
0.9985845093306595
0.9985762816299634
0.9985721677144089
0.9985598259540273
0.9985433700644272
0.9985352428563952
0.9985311791883886
0.9985189881708663
0.9985027332784722
0.9984931686325219
0.9984883862220943
0.9984740389730915
0.9984549090231662
0.9984449512995325
0.9984399723417454
0.9984250354491951
0.9984051192871616
0.9984033154239454
0.9983991002679364
0.9983864547855151
0.9983695939223336
0.998358533373069
0.998353002980934
0.9983364117813069
0.9983142898050117
0.9983012142342012
0.9982946762862381
0.9982750624116984
0.9982489100488876
0.9982474587769605
0.998231130192149
0.9982093583797906
0.9981738114888404
0.9981560368437339
0.998102712713221
0.9980316099000969
0.9980108758374817
0.9979982864778687
0.9979919916471531
0.9979731071259961
0.997947927270048
0.997935246842688
0.9979289064741487
0.9979098853391445
0.9978845233254455
0.997871767225921
0.9978653890200045
0.9978462543733263
0.997820740999051
0.9978152167257826
0.9978091533819423
0.9977909633237447
0.9977667094540347
0.9977547626718802
0.9977487891432719
0.997730868530979
0.9977069739390072
0.9976626103881556
0.9976404267452724
0.9975738755235958
0.9974851343100986
0.9974723965015958
0.9974619122617375
0.9974304594694106
0.9973885210290807
0.9973693458711635
0.9973597579384624
0.99733099407921
0.9972926411092702
0.9972751449822207
0.9972663966237721
0.9972401514972031
0.9972051570281039
0.9971865221442311
0.9971772043674199
0.9971492509783341
0.9971119787054489
0.9970939286199929
0.9970849032658914
0.9970578271482508
0.9970217246382354
0.9970029102433129
0.9969935027076479
0.9969652800414405
0.9969276487056663
0.9969058943598383
0.9968950167337902
0.9968623837774081
0.9968188716842822
0.9967973015724463
0.9967865160725345
0.9967541594957426
0.9967110159423741
0.9966867891068153
0.9966746751332118
0.9966383331185718
0.9965898752503877
0.996563819787575
0.996550791408399
0.9965117061588351
0.9964595903863281
0.9964326611158711
0.9964191957999403
0.9963787997340042
0.9963249360642782
0.9962994282839448
0.9962866737855891
0.99624841018583
0.9961973900064538
0.9961527685763942
0.996130455972931
0.9960635178593003
0.9959742607369158
0.9959303002812901
0.9959083182076355
0.9958423716883156
0.9957544369407018
0.9957117230243909
0.9956449729880494
0.9956132880388693
0.9955974446123825
0.9955499141680626
0.9954865371203087
0.995450334229886
0.9954322315527216
0.9953779233127082
0.9953055082210704
0.9952711057906691
0.9952539034573761
0.995202296275599
0.9951334829272397
0.9950997106786759
0.9950828234527845
0.9950321615901665
0.9949646088777805
0.9949264311064819
0.9949073408469565
0.9948500698412632
0.9947737038947707
0.9947299388360622
0.9947080544852998
0.9946424011344384
0.9945548572706588
0.9945103631277248
0.9944881141651135
0.9944213669779377
0.9943323644654168
0.9942891474791101
0.9942675372058044
0.9942027060904577
0.9941162587514869
0.9940655184520312
0.9940401458780129
0.9939640277526862
0.9938625287836657
0.9938151743184099
0.9937914949512078
0.9937204564889451
0.9936257315196252
0.9935647232302498
0.9935342155834473
0.9934426920468735
0.9933206490872484
0.9932369747606572
0.9931951310407042
0.9930695988394287
0.9929022003650164
0.9928174779589399
0.992775109938389
0.992648004772271
0.9924785085146002
0.9924519247824243
0.9924157678688833
0.9923072963399795
0.9921626511210538
0.9921448983910119
0.9921125105754367
0.992015346471406
0.9918857812291102
0.9918190958625697
0.9917857490264478
0.9916857078273655
0.9915523055732924
0.9914858086018561
0.9914525559527789
0.9913527973303692
0.9912197718832114
0.991145726319709
0.9911086983613995
0.9909976136514429
0.9908494833573861
0.9907789233104742
0.9907436385601095
0.9906377835541494
0.9904966277748992
0.9904201114793174
0.9903818477874062
0.9902670557981463
0.9901139814086697
0.9899943408608928
0.9899345071611548
0.9897550039027694
0.9895156208007352
0.9894051211539336
0.989349859729069
0.9891840735798041
0.988962986816331
0.9888264226337555
0.9887581230218012
0.9885532212723714
0.9882799605516306
0.9881549451562969
0.9879455628361622
0.9878285298336863
0.9877700004843376
0.9875944102891543
0.9873602468997744
0.9872376254381319
0.9871763006055859
0.986992323742982
0.9867469741862164
0.9866162717350558
0.9865509046129072
0.9863548005760643
0.9860932745447564
0.9859338820679596
0.9858541620068505
0.9856149977777878
0.9852960323408319
0.9851403420779608
0.9850624743319993
0.9848288672767324
0.984517314898822
0.9843675801765966
0.9842926918355253
0.984068023222543
0.9837683952021905
0.9836298661031286
0.9835060935921632
0.9831347664039852
0.9826394707723268
0.9824107946682038
0.9822964077730493
0.9819532386662239
0.9814955165126711
0.9812747678423265
0.9811643485328153
0.9808330828106179
0.9803912419594019
0.9803693705102772
0.9801039810864794
0.9797500307090786
0.9795317557324348
0.9794225742914527
0.9790950221990323
0.978658136628816
0.9784482027875191
0.9783431950223848
0.9780281643490452
0.9776079860743141
0.9774138599523993
0.9773167622669651
0.977025462836961
0.9766369464166188
0.9764156418132163
0.9763049446556128
0.9759728449206331
0.9755298928388082
0.9752536667001246
0.9751154837938014
0.9747009222876398
0.974147934321337
0.9738826151528951
0.973749890543847
0.9733517047696296
0.972820570004254
0.9725368710081159
0.9723949475663334
0.9719691631400157
0.9714012008001938
0.9710831373412003
0.9709240137064501
0.9704466249111815
0.9698097931792741
0.9694961411067137
0.969339226030088
0.9688684632306647
0.9682404750954439
0.9679343090844313
0.9677811413797485
0.967321621413878
0.9667086381465977
0.9663674745195245
0.9661967877872398
0.9656847063020467
0.9650015710704428
0.9646503931919435
0.964474693216081
0.9639475706415981
0.9632443594373933
0.9628621794891105
0.9626709584501538
0.9620972682406377
0.9613318960069245
0.96095329045442
0.9607638589189997
0.960195536892153
0.959437335210804
0.9588553482495431
0.958564054732695
0.9576901087218636
0.9565238073318033
0.9559789864192171
0.9557063133795636
0.9548882362368099
0.9537965529422234
0.9531080154936785
0.9527633284804038
0.9517291728519776
0.9503488448071653
0.9496592388363068
0.9493140186170418
0.9482782598817124
0.9468957991984992
0.946767271347224
0.9459046169930779
0.9447534081942532
0.9441646077351447
0.9438699079930131
0.9429857337304045
0.9418057841199636
0.9411888273583112
0.940880022087579
0.9399535224961432
0.9387170393006854
0.93846859549798
0.9381871794291631
0.9373428597938025
0.9362161481821735
0.9356521686885519
0.9353699093368832
0.9345230577814203
0.9333929655536408
0.9328238646872559
0.932539040858524
0.9316844924347577
0.9305441247409315
0.9297632773945306
0.9293723438635212
0.9281993961602996
0.9266336414941932
0.9258949868592417
0.9255252060938903
0.9244157282749755
0.9229347954658691
0.9219797250329057
0.9215014381472729
0.9200663445795382
0.9181501709970773
0.917245114045171
0.9167919169008673
0.915432108287581
0.9136165966817255
0.9125945227001097
0.912082640305645
0.9105467061737247
0.9084957009400967
0.9075510854618696
0.9070780626994936
0.9056587398733186
0.9037636725788806
0.902840123365501
0.902377671018711
0.9009900607641688
0.8991374018022122
0.8979592342853817
0.8973690613176892
0.8955981169846632
0.8932327682502542
0.8919292890698979
0.8912762287843947
0.8893165032055148
0.8866985256947575
0.8865426655068238
0.8856331891057351
0.8829036713260016
0.8792545625554421
0.8791150463695661
0.8764509149193511
0.8752313394802752
0.8746204220518097
0.872787127161953
0.8703383471013517
0.8691897405067507
0.8686144450284211
0.866888055179015
0.8645822962463571
0.8633149446849758
0.8626800689966558
0.8607748028740596
0.8582296676707539
0.856295016947858
0.8553249168954016
0.8524130588460194
0.8485192437656924
0.848340101922864
0.8452783049433806
0.8411832246458257
0.8394018304005988
0.8355918893382464
0.8330519159408893
0.8294120582582375
0.8272440289100881
0.8242775726920636
0.8222865152885629
0.8212879970394291
0.8182903350557095
0.8142804837044254
0.8122799412424305
0.8091892363546154
0.8077156319018766
0.8069771302243387
0.8047603542884759
0.8017972487489675
0.8003191013971794
0.7995782811439527
0.7973544804769757
0.7943817345939337
0.7926638436618095
0.7918024795633136
0.7892164883373561
0.7857577148584846
0.7841965081675552
0.7834138226836294
0.7810641191975789
0.777921942258601
0.7762980193703657
0.7754837323456933
0.7730390073758929
0.7697689623386272
0.7681593482174955
0.7673521592305357
0.7649286797697433
0.7616867111709552
0.7600473466684181
0.7592250885491661
0.7567562466740078
0.7534529095885998
0.751829378225691
0.7510149698429899
0.7485696366867811
0.7452973738605804
0.7436692185416817
0.7428523637825397
0.7403996016286024
0.7371168552449785
0.7354247207410691
0.7345755206513016
0.7320254635353544
0.7286114148325382
0.7269502604720692
0.7261165233937131
0.7236128693937686
0.7202606605930896
0.718590278990899
0.7177517626584479
0.7152336731611388
0.711861530717289
0.7101458460531842
0.7092843615244746
0.7066971580300108
0.7032315126401234
0.7015042701670025
0.7006368254770832
0.6980316404134954
0.6945413047550224
0.6928052057192066
0.6919331777740545
0.6893141569353856
0.6858047671757564
0.684029426527783
0.683137498334162
0.680458591425886
0.676868182520516
0.6750982600162356
0.6742089910465531
0.6715380396478899
0.667958097088204
0.6661703369089031
0.6652720237934205
0.6625738438986335
0.6589570805694454
0.6571576653717941
0.6562534646703103
0.6535375564606641
0.6498969120563869
0.6480650771649236
0.6471445485472551
0.6443795223320455
0.6406728491996613
0.6388334332084371
0.637909169579654
0.6351329042793371
0.631411440128184
0.6295555767227459
0.6286231619004495
0.6258223834300916
0.6220684383779808
0.6201942894321357
0.6192528602888868
0.616424978882307
0.6126352853413738
0.6107539592342879
0.6098091900598435
0.6069712756884705
0.6031690530859286
0.6012721166322686
0.6003198272664869
0.5974593111578651
0.5936278712868412
0.5917231024680035
0.5907672880438936
0.5878961861853808
0.5840519367388801
0.5821405975657225
0.5811819676407991
0.5783024123181761
0.574448446196811
0.5725315028749318
0.5715706165941205
0.568684285186033
0.5648230756895
0.5629054839127151
0.5619449011061746
0.5590594849771218
0.5552015571078759
0.5532841459985017
0.5523243475397911
0.5494412831386943
0.5455887439890895
0.5436753381565453
0.5427183007474773
0.5398435201729
0.5360044749607789
0.5340984603746801
0.5331459307797307
0.5302846719748144
0.5264662581476495
0.524571677144334
0.5236257186216988
0.5207841688832175
0.5169947508318672
0.5151146760982297
0.5141768561046247
0.5113597095146335
0.5076056173950059
0.5057436729171301
0.5048158222101491
0.5020285628113142
0.4983171405529238
0.4964768927195555
0.49556080126822827
0.4928087889409333
0.4891471746792686
0.4873319149224245
0.4864292248994748
0.48371737387023234
0.48011207680085877
0.4783250345903357
0.4774373473463982
0.47477044826213766
0.47122778160035567
0.4694719911420366
0.46860080275605553
0.4659833291301768
0.4625091592986256
0.4607874047671193
0.45993408127394014
0.45737011513930986
0.4539697712338425
0.4522846312150344
0.4514504330652426
0.44894373860496406
0.44562211808144087
0.4439759307314685
0.4431619983867496
0.44071597847123245
0.4374774982897125
0.4358723809168311
0.4350797472922835
0.4326974805950427
0.42954613439544753
0.4279840167056651
0.4272136260932324
0.4248979235322959
0.4218373630783608
0.4203200078235359
0.41957272833845066
0.4173261698415678
0.4143597591703278
0.412888804171049
0.41216545019655293
0.40999045141330787
0.40712135857159154
0.4056983566057451
0.40499970968604837
0.4028985839107683
0.4001298646000393
0.39875632391017557
0.3980831534658106
0.3960581729332464
0.393392851732155
0.39207081532212923
0.39142415669229075
0.3894783904207172
0.3869205458196366
0.38565330406962106
0.3850347930745329
0.38317311838812096
0.38072917396302935
0.3795155049683645
0.37892463420108824
0.3771454498494127
0.37481347626706785
0.3736527486458045
0.3730893273629611
0.3713919674417662
0.3691713220774494
0.36806785771414047
0.36753405511193904
0.36592497426646137
0.3638241951095097
0.36278151378291373
0.3622791147798334
0.36076360097978
0.3587897033499475
0.35780799364382804
0.3573372486984943
0.35591592051106713
0.35407000635598185
0.35315259573879293
0.3527152406535681
0.351393197037435
0.34968210682025225
0.3488314136845127
0.34842879018825795
0.34720990630458226
0.3456389741434471
0.3448579244385017
0.34449164487528516
0.3433805816040017
0.34195619666103777
0.3412482821599152
0.34092025887435384
0.3399225466169239
0.33865225838311175
0.3380211042827485
0.3377333752294234
0.3368548630840463
0.33574673358703067
0.3351967636744367
0.33495180284490395
0.33419959179698167
0.33326337016151436
0.3327996279026321
0.33260030046875977
0.3319825718235195
0.33122954365393004
0.33085817964679093
0.33070798788105976
0.33023472084640015
0.3296786347139106
0.3294070140525698
0.3293102287629179
0.328993519623137
0.3286511274948395
0.3284885577587496
0.3284506521705248
0.32830592420045174
0.32819865198048653
0.32815737667216116
0.3281857177268981
0.3282335830772504
0.3283902499675012
0.32848772874507426
0.3285931607059475
0.3288636920100644
0.32932674428763553
0.32959181551207256
0.3297931311607933
0.3303378254819581
0.33118103468593074
0.33168028072609823
0.3320245488071713
0.3329700995704118
0.3343793877110811
0.33528451821255834
0.3358958796646688
0.33757232473187554
0.3400279162880914
0.34067762430600196
0.34268923774447213
0.3428418065572232
0.34334592457268415
0.3447793784041824
0.3467742131548153
0.3476900621527646
0.34820635319203536
0.34968328848216546
0.3517174090393874
0.3526752042764245
0.3532070544275562
0.35473380335128596
0.35682240373042173
0.3578075267790387
0.35834830355882447
0.35990477573905233
0.3620232410918822
0.3630185501873592
0.3635598075043875
0.36512120963400224
0.36723782887907824
0.36822267399478675
0.3687537846568063
0.37028937785384897
0.372364134820838
0.37330939142039243
0.37381491062179845
0.3752804298143526
0.37725498088023907
0.37750071025534643
0.3779588963236703
0.37929188955929544
0.38108391583252
0.382081960652124
0.38261461285525267
0.38415805867377906
0.3862317535137288
0.3873559480650279
0.38795874561571586
0.3896990018406894
0.3920346841025497
0.39327956713483253
0.3939498839500097
0.3958781070077092
0.39846273725568404
0.39983460096246026
0.4005768340022466
0.402703483980282
0.40555032143824893
0.40700587077451544
0.40779545246904414
0.41005153461519256
0.4130681802578148
0.4145027474462421
0.4152789654522925
0.4174978148408804
0.4204626685875178
0.42234564625559756
0.423392318142825
0.4263403188884983
0.4302750496383835
0.43311772376496027
0.4347870092341293
0.43934766747235643
0.44540625979600407
0.44681463671541444
0.45121867548868383
0.4532171717755924
0.4543302050957468
0.4574466681749207
0.46159374569740924
0.4636212430331718
0.464754134495132
0.4679189638105334
0.47212329134086556
0.474263514948053
0.4754679521893624
0.47881434767920594
0.48324880874131293
0.48555152180944655
0.48686061902013894
0.49046916602587826
0.4952346496313399
0.49776948380232083
0.49923302025943533
0.5032207961802612
0.508460822307293
0.5113652194663966
0.5130870375986373
0.5176916329794309
0.5236914347826724
0.5271164339763442
0.5292314543127655
0.5347292033156366
0.5417884789425328
0.5452716042109276
0.5474465058054832
0.5530103790389059
0.5600861600267263
0.5631564948450585
0.5650444079148192
0.569878471673054
0.5760319440113327
0.578932190813577
0.5807576183303701
0.5853761867830931
0.5912242261843665
0.5940612545677656
0.5959004339694621
0.6004647341885568
0.6061932526939097
0.6090137215075152
0.610918805576028
0.6155213620186751
0.6212235722746665
0.624070579363349
0.6261131236084946
0.6308659984407768
0.6366370982482449
0.639577219614103
0.6419029292573245
0.6470214742322302
0.653016038426612
0.6562078363405854
0.6593235088077672
0.665536357247494
0.6721647524797467
0.6752415734976441
0.6784361668557843
0.6844130090911162
0.6904380820331419
0.6931644210810822
0.6961628491914087
0.7015140027803775
0.7067424160339736
0.7090968198439976
0.711942029856604
0.7168012293620739
0.721405051450315
0.7234674980526223
0.7261991770615024
0.7306803535668784
0.7347982683933267
0.7366323723740882
0.7392810264397655
0.7434708538448694
0.7472069908237767
0.7488603105273272
0.7514483258350138
0.7554105236637293
0.7588411313951916
0.760348377965416
0.7628916761291358
0.7666720671398584
0.7698521243889984
0.7712382305671629
0.7737479186504732
0.7773790256110156
0.7803478162507705
0.7816305223601296
0.7841142537516508
0.7876189850108735
0.7904044292412172
0.7915962984334038
0.7940592878929071
0.7974536961446209
0.8000755724151131
0.8011854852969175
0.8036312336971315
0.8069265154435289
0.8093988082248392
0.8104330440265182
0.8128638496772204
0.8160677778631652
0.8184003747479206
0.8193633867049612
0.8217807068340717
0.8248986559276428
0.8270985723297465
0.8279935434817562
0.8303982514695095
0.8334339327893244
0.8355061963990509
0.8363354387896281
0.8387280084591104
0.8416839992106669
0.8436322891087878
0.8443975308974897
0.8467781691741497
0.849656293555379
0.8514834014799376
0.8521859932365833
0.8545547357556159
0.857356339020751
0.8590645009195691
0.8597055632079427
0.8620623429828406
0.8647884874046861
0.8663796199114856
0.8669601479789594
0.8693048442361606
0.8719564476943583
0.8734323147068243
0.8739532517559764
0.8762857239663553
0.8788636561541388
0.8802259840215633
0.8806870506363614
0.8830092811993154
0.8855163412041437
0.886766380875443
0.8871722788033063
0.8894798641456606
0.8919130982665261
0.8930536857822793
0.8934016836588007
0.8956965808935679
0.8980589062068327
0.8990915913630132
0.8993840057551776
0.9016661963294295
0.9039587806144225
0.904885670061063
0.9051236707313176
0.9073931517167375
0.9096172469584399
0.9104405879314503
0.9106253951188157
0.9128822056355826
0.9150391701285997
0.9157613399528263
0.9158942365262899
0.918138457281627
0.9202297505455497
0.9208532471447695
0.9209355732319304
0.9231673246019875
0.925194499040085
0.9257219281784488
0.9257550741729264
0.9279745135087892
0.9299392041799505
0.9303732646315862
0.9303586633737556
0.932565981835048
0.9344698951386359
0.934813362767037
0.9347524813271475
0.936947900462419
0.9387928023384986
0.9390485138246196
0.9389428452537537
0.9411266134185816
0.9429143174921293
0.9430851541913612
0.9429362094812761
0.945108598229703
0.9468409541526893
0.9469298265984111
0.9467391267941272
0.9489004274896947
0.9505793099224766
0.9505891429590121
0.9503582120350066
0.9525087324095532
0.9541360304677842
0.954069749567417
0.9538001076206969
0.9559401685670884
0.9575177761157563
0.9573782946699483
0.9570714515651162
0.9592013844205558
0.9607311912673352
0.9605213990661745
0.9601788493474979
0.9622989926163742
0.9637828762033832
0.9635056291354315
0.9631288464105087
0.9652395439378695
0.9666793623537441
0.966337473355542
0.9659279064125472
0.9680295045171642
0.9694270899802405
0.9690233207975054
0.9685823895235512
0.9706752354092392
0.97203238873229
0.9715694431423963
0.9710985355698926
0.9731829751847563
0.9745014608051594
0.9739819792028507
0.9734824484924111
0.9755588247301403
0.9768403667563462
0.9762669202385714
0.9757400820834681
0.9778087347023388
0.9790550137906562
0.9784301009036327
0.9778772335158233
0.9799384954609374
0.9811511451675253
0.9804771887671891
0.9798995289914864
0.9819537278470399
0.9831343332160315
0.9824136783457887
0.9818124226165332
0.9838598777836277
0.985009972889477
0.9842448849353413
0.9836211860527906
0.9856622105181762
0.9867832787367842
0.9859759415220987
0.9853309136289705
0.987365808906459
0.9884592790882564
0.9876117968433595
0.9869465061827671
0.9889755683940863
0.9900428189694018
0.9891572117032787
0.9884726890997383
0.990496201035729
0.9915385556931984
0.9906167645835771
0.9899139923903106
0.9919322316163013
0.9929509636999695
0.9919948457615886
0.9912747684890817
0.9932880031635712
0.9942843310600525
0.9932956714019742
0.9925591953626164
0.9945676752142524
0.9955427637801194
0.994523270237818
0.993771257634462
0.9957752260595225
0.9967301925214229
0.995681491677247
0.9949147670299112
0.9969144604091591
0.997850374217853
0.9967740135428097
0.9959933644451645
0.9979890127962573
0.9989068939847008
0.9978043522257865
0.9970105291182768
0.9990023498596622
0.99990317209686
0.9987758638596393
0.9997739254769119
0.9998787088565205
0.9999421213870487
0.9999999996891504