20000.
19997.098478896
19995.647876092
19991.296699233
19985.496603496
19984.774934645
19984.108749496
19983.964961173
19983.328198506
19983.027379827
19982.876972175
19982.425756033
19981.824150419
19981.482179951
19981.311196898
19980.798256546
19980.114356627
19979.772745247
19979.601941734
19979.089539982
19978.406358156
19978.046177611
19977.866089761
19977.325835976
19976.605520394
19976.232595941
19976.046136311
19975.486767892
19974.740967773
19973.609914362
19973.044411632
19971.347999588
19969.086341217
19968.733654319
19967.926447694
19967.522856588
19966.312132273
19964.697947542
19964.317845802
19963.860177308
19963.631346979
19962.944871762
19962.029608283
19961.495388224
19961.228283536
19960.426990955
19959.35865099
19958.836530087
19958.575474738
19957.792329217
19956.748183094
19956.213610635
19955.946329756
19955.144508636
19954.07546403
19953.443162127
19953.127018665
19952.178618381
19950.914154917
19950.262344811
19949.936447719
19948.958788433
19947.655317377
19946.968454773
19946.625032315
19945.594800467
19944.221240912
19943.439405638
19943.048499465
19941.875826976
19940.312371075
19939.458036597
19939.030883053
19937.749477389
19936.041064773
19935.211650782
19934.796956695
19933.552926256
19931.894339932
19931.118635242
19930.730794189
19929.567316369
19928.016118414
19927.050229852
19926.567303092
19925.118593101
19923.18714381
19922.233318954
19921.756423614
19920.32580616
19918.418476221
19917.296265923
19916.735184443
19915.052034919
19912.808057039
19911.640108137
19911.056159332
19909.304415754
19906.968997615
19906.75748426
19906.263254663
19904.780639568
19902.803991409
19901.507447715
19900.859207493
19898.91461361
19896.322117597
19894.789953861
19894.023916183
19891.725980231
19888.662478822
19888.492491775
19886.580048507
19884.030410463
19879.868360769
19877.787662473
19871.546874443
19863.228872325
19860.804043495
19859.331888791
19858.595852305
19856.387906629
19853.444361217
19851.962191368
19851.221147883
19848.998183506
19846.034618519
19844.544246183
19843.799101931
19841.563837159
19838.583876088
19837.938701204
19837.230612176
19835.106496842
19832.274697143
19830.879995392
19830.182681246
19828.090886027
19825.302169247
19820.125645203
19817.537889869
19809.776651254
19799.433062144
19797.948840326
19796.727345052
19793.063311577
19788.178988973
19785.94621591
19784.829923771
19781.481425385
19777.017642859
19774.981693338
19773.9637971
19770.910422896
19766.839991102
19764.672824124
19763.589329656
19760.339202781
19756.006532117
19753.90869942
19752.859866531
19749.713702135
19745.51959618
19743.334277514
19742.241708798
19738.964365566
19734.595421326
19732.07025801
19730.807797427
19727.020900479
19721.972835622
19719.470904282
19718.220057544
19714.46799356
19709.466352657
19706.658345378
19705.254491659
19701.043530725
19695.43031647
19692.412859167
19690.904303768
19686.379331144
19680.347652399
19677.231766546
19675.674008504
19671.001474496
19664.773155805
19661.82442809
19660.350229937
19655.928298856
19650.033938395
19644.880402586
19642.304141361
19634.577385022
19624.279772163
19619.210239866
19616.675964653
19609.075103385
19598.945203772
19594.026833686
19586.343627816
19582.697728185
19580.875032741
19575.407964522
19568.120915327
19563.959679028
19561.879392574
19555.639860641
19547.32358129
19543.37412001
19541.399688474
19535.477590917
19527.584253309
19523.711642367
19521.77562476
19515.968724032
19508.228877329
19503.856162862
19501.670173029
19495.113673779
19486.375104441
19481.369005066
19478.866437493
19471.360663853
19461.357465433
19456.275517459
19453.735040949
19446.115601937
19435.960992979
19431.032330734
19428.568468136
19421.178755062
19411.330177288
19405.552118084
19402.66373327
19394.0011585
19382.457075797
19377.073773393
19374.382682703
19366.311653261
19355.555511663
19348.631424153
19345.170309057
19334.790678621
19320.959835398
19311.483515115
19306.747097702
19292.544815073
19273.624690257
19264.056797769
19259.274632466
19244.935258922
19225.832702284
19222.838396504
19218.767239981
19206.558943607
19190.293279282
19188.297847289
19184.658571098
19173.74488392
19159.202959567
19151.723211055
19147.984431626
19136.772472611
19121.833407088
19114.391561847
19110.671725104
19099.516558349
19084.653132383
19076.385275038
19072.252689331
19059.86030359
19043.349648788
19035.490564836
19031.562238927
19019.78212521
19004.086650232
18995.584575496
18991.334964293
18978.591834698
18961.614296869
18952.909194029
18948.558141062
18935.510975164
18918.128729299
18906.863891405
18901.233987665
18884.354333796
18861.871577441
18848.325038394
18841.555417209
18821.261139553
18794.236104193
18790.748758492
18784.401858133
18765.374017755
18740.033545512
18726.49677431
18719.732055479
18699.452558497
18672.447402103
18667.236262209
18660.286561484
18639.452980483
18611.711052954
18598.890460928
18592.483476595
18573.275764057
18547.696347023
18534.957360401
18528.591148029
18509.505628494
18484.088849095
18470.264667898
18463.356454414
18442.647313905
18415.071257377
18398.308975707
18389.933556804
18364.830170732
18331.412289782
18307.692987785
18295.844847428
18260.346414648
18213.122292466
18204.628107497
18167.999827974
18150.172825067
18123.076254549
18106.562129283
18098.310709898
18073.579007858
18040.655972541
18019.180189576
18008.45188607
17976.305286598
17933.532405095
17909.39992239
17897.345860689
17861.232334023
17813.194298438
17786.886488028
17773.74715541
17734.38736769
17682.043207667
17652.152934975
17637.22675065
17592.523884285
17533.096267421
17531.455401345
17519.65392992
17484.297161674
17437.265779217
17412.904125372
17400.736063918
17364.282875531
17315.797393977
17281.320897462
17264.108398041
17212.57369776
17144.09999043
17138.459346844
17116.331720931
17050.120114094
16962.236230788
16919.172211257
16897.681216636
16833.371886472
16748.006680891
16731.76595221
16674.789953284
16648.499467359
16635.369771697
16596.042781732
16543.751384335
16517.489222064
16504.373777663
16465.089897975
16412.856808922
16378.802594943
16361.801992376
16310.905990004
16243.290850846
16209.359098115
16192.419810659
16141.708089342
16074.339434779
16039.555759404
16022.192156595
15970.214051063
15901.172126336
15856.099730101
15833.611462664
15766.337849735
15677.08412415
15620.19850678
15591.8331482
15507.045761579
15394.712707571
15321.150494304
15284.501306452
15175.078913428
15030.399992541
14978.387292259
14876.985760042
14854.783258403
14822.143928775
14724.655610841
14595.667893601
14557.26051621
14464.982980786
14415.144711033
14390.290004419
14315.982720917
14217.502878542
14153.858837432
14122.14373179
14027.424174631
13902.118950908
13897.125275257
13826.637483748
13733.209602708
13675.262158927
13646.380190697
13560.099765195
13445.907192046
13376.02565702
13341.221201649
13237.350266451
13100.112602494
13036.858986778
13005.34680094
12911.266532208
12786.884004431
12709.046319626
12670.305338221
12554.789525589
12402.40504935
12302.725402564
12253.186405701
12105.763075422
11911.954067678
11873.528403924
11744.541801892
11574.736737854
11491.912758403
11450.723276547
11328.038514019
11166.501128131
11140.258860569
11102.915168505
10991.633508117
10844.991024915
10756.054260275
10711.859754302
10580.36278059
10407.541098817
10322.372320973
10280.049649389
10154.119958835
9988.6100909468
9910.8773835995
9872.238169535
9757.2220347611
9605.9489303559
9513.2784053851
9467.2789346949
9330.6107576815
9151.4505925445
9040.8533361648
8882.0183923047
8813.3088186361
8691.271994766
8634.7806774283
8606.6728590269
8522.8971946707
8412.4634325323
8354.8645506331
8326.2131658559
8240.8471952674
8128.3858270196
8064.9894032185
8033.476850667
7939.6760542144
7816.309830616
7754.8956448257
7724.3697407887
7633.5111050364
7514.026566216
7456.7275242226
7428.2420625236
7343.4369246891
7231.8675697856
7178.9739988111
7152.6724616935
7074.3446074725
6971.2401403989
6921.3937232049
6896.6043286765
6822.7675863133
6725.5468295996
6675.5031549039
6650.6211268563
6576.5301311002
6479.0245220239
6431.2021431549
6407.4234835433
6336.6137229308
6243.4164945135
6193.5732548741
6168.8010504448
6095.0773400124
5998.1478087877
5953.3180093819
5931.0289106921
5864.66106886
5777.324419101
5731.3247644286
5708.4624634518
5640.4212975993
5550.9596435213
5507.7184584608
5486.2243448129
5422.2439892436
5338.0960105389
5296.5216787237
5275.8560908092
5214.3418619626
5133.4371404827
5094.1601105343
5074.634432101
5016.5052994188
4940.0342581028
4902.6243192931
4884.0257198515
4828.6521886048
4755.7961776471
4719.4718100283
4701.4137986135
4647.653280366
4576.9276565264
4542.2208010271
4524.9661904014
4473.5946383333
4406.0053218129
4372.4248914629
4355.7307724514
4306.0298788457
4240.6430778086
4208.6943979873
4192.8104326439
4145.5173193146
4083.2886041822
4052.9202807923
4037.820919237
3992.8595199293
3933.6888139767
3904.1079710018
3889.4010698395
3845.6119427444
3787.9923785342
3760.1495671587
3746.3049994082
3705.0763956452
3650.8098614218
3623.4361633409
3609.8263775305
3569.3029685309
3515.9785155007
3490.0691194872
3477.1861064934
3438.8217009536
3388.3267940083
3363.6445375763
3351.3709147143
3314.8181066403
3266.7004421293
3243.0219432281
3231.2471329806
3196.1785965258
3150.0118766795
3127.3564411389
3116.0898991665
3082.5332220406
3038.3524421201
3016.5533707291
3005.7125546959
2973.4233054125
2930.9099096969
2910.0621261718
2899.6939091873
2868.8103783605
2828.1434015113
2808.1584387934
2798.2189778364
2768.6111827779
2729.6208745425
2710.5532098122
2701.0693837196
2672.8165378975
2635.6052449333
2617.3442832355
2608.2613024885
2581.2010486538
2545.5569244751
2528.0433966567
2519.3318691962
2493.3769919353
2459.1859624434
2442.4185356449
2434.0777423694
2409.2258765219
2376.4843118693
2360.4084546027
2352.4113512215
2328.5822413036
2297.1851554623
2281.8065368348
2274.1558774806
2251.3574679784
2221.3147234047
2206.5714101215
2199.2364890056
2177.3776960162
2148.5702281916
2134.408180776
2127.3622003949
2106.363512017
2078.687334164
2065.1016413977
2058.3421279146
2038.1960508996
2011.6410082264
1998.6007267762
1992.1123195687
1972.773212292
1947.279464404
1934.7746861908
1928.5524419942
1910.0055177033
1885.5534491681
1873.5329803614
1867.5515127091
1849.7214460618
1826.2125453761
1814.6592906008
1808.910100467
1791.7715875167
1769.1725620424
1758.0644707633
1752.5366062565
1736.0570823704
1714.3251840947
1703.6414210811
1698.3245333343
1682.4732246166
1661.5680509288
1651.2806802876
1646.1609041067
1630.8966224373
1610.7641956463
1600.8534202391
1595.9209229558
1581.2144317661
1561.8163731075
1552.2634240602
1547.508883279
1533.3324615254
1514.6323776939
1505.4180467519
1500.8319232185
1487.1572105048
1469.1178816043
1460.2231407351
1455.7959852733
1442.5948913122
1425.1794573105
1416.5868959824
1412.310061622
1399.556876804
1382.7315921191
1374.4247688751
1370.2900895828
1357.9605328401
1341.6935237164
1333.6566810006
1329.6563303881
1317.7271304432
1301.9878484283
1294.2071578919
1290.3342662939
1278.7849907986
1263.5466006433
1256.0133776502
1252.2636249575
1241.0814018203
1226.3269447691
1219.0040053582
1215.3589499271
1204.4890503861
1190.146929842
1183.0446385398
1179.5094022656
1168.9669528599
1155.0567866935
1148.1532492986
1144.7169686782
1134.4697104727
1120.9492517578
1114.237428834
1110.8966026495
1100.9341054851
1087.7896172593
1081.2530905043
1077.9995709131
1068.2976344421
1055.4974106569
1049.1291082428
1045.9593799108
1036.5075398361
1024.037816842
1017.8236494169
1014.7307208431
1005.5082135522
993.34179302645
987.2720366156
984.25108071548
975.24356338423
963.36164091689
957.4260007517
954.47190897272
945.66420991287
934.04691166043
928.23600715702
925.3441253568
916.72242544026
905.35165625735
899.65571685246
896.82119937452
888.37111865725
877.2280671308
871.63752428661
868.85562750573
860.56309611421
849.62937323986
844.13493213041
841.40105020326
833.25241520727
822.51019597462
817.10243566395
814.41190286148
806.39334414151
795.82460907255
790.49357416609
787.84146324297
779.93839864813
769.52416373706
764.25869055544
761.63948010313
753.83558436247
743.55463162639
738.34147677345
735.74862149361
728.0245606778
717.85180496673
712.67339076758
710.09820881308
702.4283601027
692.33060791509
687.16085742374
684.59047633126
676.9368780254
666.86501806359
661.65879473511
659.07094466239
651.36796552845
641.23719148902
635.89871506307
633.24616645915
625.35472467534
614.9855678915
609.21764237126
606.35399765149
597.84357497771
586.68186217286
580.0862428976
576.81629141805
567.11661889973
554.43697240341
550.13088990761
540.78180135429
538.9513820931
533.06965452389
525.32708003054
524.24080049061
522.53311284944
517.44335398744
510.73404573952
509.44441600369
507.9429459033
503.46503511669
497.55583525263
494.86980370568
493.53223039025
489.54116337576
484.2699011633
481.87298189272
480.67897472451
477.11467548815
472.40335601407
470.2671521554
469.20267534232
466.02368028442
461.8184999961
459.9258579534
458.98244753809
456.16381143206
452.43253766418
451.80316313327
450.97244729386
448.48945313201
445.20004760745
444.94144880176
444.22821807476
442.09537842465
439.26751326709
437.85778485495
437.15461808018
435.05188600786
432.26396835147
430.76159714707
430.01237073326
427.77250134641
424.80414749715
423.24181482337
422.46280446467
420.13436593707
417.04973233889
415.42817724437
414.6197654945
412.20395700679
409.00476093623
407.29606949994
406.44440247312
403.90007178301
400.53238996208
398.67217210589
397.74530544371
394.97761471298
391.31729576863
389.19971481666
388.14522531309
384.99886808587
380.84336386782
378.35290220638
377.11378519058
373.4207300777
368.55285381209
365.88648279711
364.56053983974
360.61147223135
355.41251243223
352.4716938194
351.0104220729
346.66285539762
340.94974899514
337.58797830701
335.91954351171
330.96355121447
324.4691147606
320.49908032382
318.53231600178
312.70414261868
305.09878836832
300.31349905231
297.94907361331
290.966905971
281.91120591202
275.58539130045
272.47591396197
263.3564119923
251.67008948477
245.90152698724
243.06701982901
234.75803679932
224.11953598958
218.91926927099
216.36456060114
208.87792256673
199.29715145692
193.87577779615
191.2206471135
183.47144259315
173.62545665767
168.36782946645
165.79902364858
158.32537907746
148.88192068368
144.38550317427
142.18847753932
135.79595865037
127.71741003608
123.86860854729
121.98792290681
116.51546434361
109.5988215519
106.29755168471
104.68439555663
99.990333088276
94.05735711682
91.222821529518
89.837749721188
85.807442632508
80.713544462202
78.278661576256
77.088905014504
73.627038880918
69.251834182251
67.159961669729
66.13784175275
63.16387375676
59.40555765848
57.608427665651
56.730354044097
54.175622564991
50.947373837225
49.403652353357
48.649421877053
46.455117716828
43.682559368095
42.356757552855
41.709023503532
39.824650084234
37.443913483664
36.305519072972
35.749367183056
34.131508570719
32.087680195701
31.11044094873
30.63303938293
29.24434225575
27.490178017508
26.651499099238
26.241803968722
25.050120631968
23.544962543582
22.825394280663
22.473899261343
21.451558781378
20.160413076992
19.543212965056
19.241735180071
18.364919970936
17.25766835197
16.72842530893
16.469921625916
15.718132532825
14.768855255466
14.315166641555
14.093575760177
13.449172212202
12.635566108596
12.246759759331
12.056866303366
11.504670531411
10.807548083083
10.47444288505
10.311760338414
9.8387164655153
9.2415743184138
8.9562738679464
8.8169436866669
8.4118239268997
7.9004710347628
7.6561857421407
7.5368903756138
7.1900417435965
6.7522787950458
6.543172478009
6.4410603654865
6.1441862652769
5.7695292695917
5.590586851923
5.5032077395115
5.2491796139831
4.9286215461295
4.7757950912111
4.7011682137633
4.484211734913
4.2104308583316
4.0794712040348
4.0155268793156
3.8296451505905
3.5951184233185
3.4831458409796
3.4284742154175
3.2695544518205
3.0690608079781
2.9733494415007
2.9266189579843
2.7907881469693
2.6194359894975
2.5376448590297
2.4977120483288
2.3816445606536
2.2352343092165
2.1653559239461
2.1312402555277
2.0320845148329
1.9070155899421
1.8473290343852
1.818189987655
1.7335017336221
1.6266881675625
1.5757186765918
1.5508359848155
1.4785207759902
1.3873185188854
1.343802679775
1.3225593248966
1.2608230511305
1.1829674114446
1.145823219969
1.1276908003221
1.0749971037479
1.0085489289858
0.97685003273012
0.96137617753341
0.91640983215182
0.85970922692395
0.83266277765696
0.81946032559635
0.78109575214071
0.73272229135569
0.70964990883484
0.6983876073948
0.66566181473776
0.62440035467114
0.6047217701996
0.5951162846894
0.56720562320796
0.53201693267194
0.51523594161478
0.50704499259007
0.48324519150069
0.45324073481673
0.43893313551409
0.43194960691592
0.41165863653067
0.38607892759519
0.3738821713107
0.36792905468896
0.35063242152975
0.32882845276883
0.31843276377351
0.3133588208588
0.29861695295282
0.2800342658664
0.27117502619976
0.26685106938949
0.25428849935202
0.23845352676285
0.23090474793272
0.22722045181996
0.21651654486374
0.20302490510275
0.19659363563141
0.19345480570731
0.18433581748166
0.17284228831712
0.16736382106705
0.16469005315034
0.15692232422253
0.14713225271558
0.14246601950024
0.14018869491186
0.13357282185492
0.12523476776706
0.12126082803663
0.11932139891855
0.11368724910611
0.10658669342557
0.10320272863409
0.10155125027138
0.096753695046194
0.090707655664716
0.087826394215416
0.086420267705319
0.082335527420804
0.077187947713604
0.074734968470898
0.073537868208556
0.070060394411884
0.065678209290903
0.063590060358388
0.062571015529464
0.059610821102741
0.055880588855846
0.054103178871847
0.053235788037983
0.050716164343507
0.047541187004812
0.046028411888461
0.045290172532553
0.043145740719953
0.040443606010996
0.039156176763068
0.038527912999691
0.036702960653611
0.034403443896797
0.033307884153774
0.032773257344752
0.031220316204604
0.029263586557049
0.028331375468188
0.027876465809926
0.026555095853922
0.024890183030667
0.02409702286788
0.023709971888679
0.022585722502294
0.021169206977977
0.020494405124624
0.020165113938951
0.019208646813927
0.01800355330395
0.017429486270972
0.017149353988351
0.016335683142797
0.015310522727178
0.014822183129758
0.01458388571325
0.013891734873271
0.013019694703409
0.012604308843006
0.012401612387742
0.01181287221547
0.011071130732233
0.01084809753369
0.010738271542922
0.010415419934823
0.0099999997764826