20000.
19997.098478896
19995.647876092
19991.296699233
19985.496603496
19984.774934645
19984.108749496
19983.964961173
19983.328198506
19983.027379827
19982.876972175
19982.425756033
19981.824150419
19981.482179951
19981.311196898
19980.798256546
19980.114356627
19979.772745247
19979.601941734
19979.089539982
19978.406358156
19978.046177611
19977.866089761
19977.325835976
19976.605520394
19976.232595941
19976.046136311
19975.486767892
19974.740967773
19973.609914362
19973.044411632
19971.347999588
19969.086341217
19968.733654319
19967.926447694
19967.522856588
19966.312132273
19964.697947542
19964.317845802
19963.860177308
19963.631346979
19962.944871762
19962.029608283
19961.495388224
19961.228283536
19960.426990955
19959.35865099
19958.836530087
19958.575474738
19957.792329217
19956.748183094
19956.213610635
19955.946329756
19955.144508636
19954.07546403
19953.443162127
19953.127018665
19952.178618381
19950.914154917
19950.262344811
19949.936447719
19948.958788433
19947.655317377
19946.968454773
19946.625032315
19945.594800467
19944.221240912
19943.439405638
19943.048499465
19941.875826976
19940.312371075
19939.458036597
19939.030883053
19937.749477389
19936.041064773
19935.211650782
19934.796956695
19933.552926256
19931.894339932
19931.118635242
19930.730794189
19929.567316369
19928.016118414
19927.050229852
19926.567303092
19925.118593101
19923.18714381
19922.233318954
19921.756423614
19920.32580616
19918.418476221
19917.296265923
19916.735184443
19915.052034919
19912.808057039
19911.640108137
19911.056159332
19909.304415754
19906.968997615
19906.75748426
19906.263254663
19904.780639568
19902.803991409
19901.507447715
19900.859207493
19898.91461361
19896.322117597
19894.789953861
19894.023916183
19891.725980231
19888.662478822
19888.492491775
19886.580048507
19884.030410463
19879.868360769
19877.787662473
19871.546874443
19863.228872325
19860.804043495
19859.331888791
19858.595852305
19856.387906629
19853.444361217
19851.962191368
19851.221147883
19848.998183506
19846.034618519
19844.544246183
19843.799101931
19841.563837159
19838.583876088
19837.938701204
19837.230612176
19835.106496842
19832.274697143
19830.879995392
19830.182681246
19828.090886027
19825.302169247
19820.125645203
19817.537889869
19809.776651254
19799.433062144
19797.948840326
19796.727345052
19793.063311577
19788.178988973
19785.94621591
19784.829923771
19781.481425385
19777.017642859
19774.981693338
19773.9637971
19770.910422896
19766.839991102
19764.672824124
19763.589329656
19760.339202781
19756.006532117
19753.90869942
19752.859866531
19749.713702135
19745.51959618
19743.334277514
19742.241708798
19738.964365566
19734.595421326
19732.07025801
19730.807797427
19727.020900479
19721.972835622
19719.470904282
19718.220057544
19714.46799356
19709.466352657
19706.658345378
19705.254491659
19701.043530725
19695.43031647
19692.412859167
19690.904303768
19686.379331144
19680.347652399
19677.231766546
19675.674008504
19671.001474496
19664.773155805
19661.82442809
19660.350229937
19655.928298856
19650.033938395
19644.880402586
19642.304141361
19634.577385022
19624.279772163
19619.210239866
19616.675964653
19609.075103385
19598.945203772
19594.026833686
19586.343627816
19582.697728185
19580.875032741
19575.407964522
19568.120915327
19563.959679028
19561.879392574
19555.639860641
19547.32358129
19543.37412001
19541.399688474
19535.477590917
19527.584253309
19523.711642367
19521.77562476
19515.968724032
19508.228877329
19503.856162862
19501.670173029
19495.113673779
19486.375104441
19481.369005066
19478.866437493
19471.360663853
19461.357465433
19456.275517459
19453.735040949
19446.115601937
19435.960992979
19431.032330734
19428.568468136
19421.178755062
19411.330177288
19405.552118084
19402.66373327
19394.0011585
19382.457075797
19377.073773393
19374.382682703
19366.311653261
19355.555511663
19348.631424153
19345.170309057
19334.790678621
19320.959835398
19311.483515115
19306.747097702
19292.544815073
19273.624690257
19264.056797769
19259.274632466
19244.935258922
19225.832702284
19222.838396504
19218.767239981
19206.558943607
19190.293279282
19188.297847289
19184.658571098
19173.74488392
19159.202959567
19151.723211055
19147.984431626
19136.772472611
19121.833407088
19114.391561847
19110.671725104
19099.516558349
19084.653132383
19076.385275038
19072.252689331
19059.86030359
19043.349648788
19035.490564836
19031.562238927
19019.78212521
19004.086650232
18995.584574164
18991.334962296
18978.591830706
18961.614290221
18948.356474261
18941.731042355
18921.868644166
18895.417844253
18883.221912108
18877.12689782
18858.853657199
18834.516851541
18819.501390249
18811.998148688
18789.50636938
18759.559158717
18745.876852883
18722.986780639
18710.205948601
18703.818804185
18684.670451274
18659.16980738
18645.831546662
18639.165991737
18619.183621455
18592.573783438
18578.415401514
18571.34025368
18550.130973539
18521.889609918
18504.700509476
18496.111941622
18470.370149157
18436.103483165
18419.40316848
18411.058684356
18386.047908025
18352.753053538
18336.775022865
18328.791224159
18304.860679963
18273.001886116
18258.291499932
18245.164496288
18205.84008701
18153.539359452
18129.448523757
18117.415096411
18081.362718105
18033.404458623
18010.325808357
17998.79756051
17964.257074559
17918.306185415
17916.035022694
17888.504031823
17851.861845697
17829.306479413
17818.039484479
17784.28120353
17739.369637333
17717.833262616
17707.07488123
17674.838918157
17631.948909169
17612.17240269
17602.292468485
17572.685909097
17533.287948628
17510.889948026
17499.701678848
17466.179745975
17421.58370656
17393.837020907
17379.980253104
17338.476150394
17283.291487873
17256.883338035
17243.694397447
17204.188026404
17151.653630101
17123.665596127
17109.688709316
17067.826464029
17012.169425828
16981.088691907
16965.569624125
16919.097468782
16857.332557929
16827.004124952
16811.860375206
16766.510852423
16706.235060626
16676.935745474
16662.305361818
16618.491177873
16560.251436619
16527.93512086
16511.800618217
16463.49155381
16399.299263865
16366.407968887
16349.98706664
16300.823149703
16235.501154698
16200.12151578
16182.460617131
16129.59336024
16059.37226089
16024.761267354
16007.483751827
15955.762896725
15887.061622435
15834.547484546
15808.355543438
15730.039382162
15626.221045406
15577.984864139
15553.922637611
15481.958735502
15386.524543697
15326.666211291
15296.824424845
15207.647238335
15089.552518392
15030.933810783
15001.709904178
14914.378658666
14798.727329104
14788.027586858
14716.444855101
14621.539935801
14573.262069704
14549.182944822
14477.184023797
14381.739408195
14332.112406739
14307.363159023
14233.371552228
14135.310982144
14115.693001819
14093.528249912
14027.242600266
13939.346447928
13895.579530168
13873.74762911
13808.457519531
13721.881753025
13678.511440617
13656.877714597
13592.181616807
13506.396659976
13448.001126489
13418.898104341
13331.966391027
13216.932862498
13163.048782851
13136.18917704
13055.938763569
12949.700328984
12881.692392802
12847.822473622
12746.746111511
12613.213517918
12550.684788365
12519.536759937
12426.555727511
12303.654344313
12235.058058358
12200.903462629
12099.010679149
11964.476089845
11903.075966347
11872.494165103
11781.219389961
11660.610321771
11602.330854361
11573.300439454
11486.644297836
11372.111261866
11299.93406317
11264.01743027
11156.951048736
11015.777276678
10938.82989696
10900.557999268
10786.543855327
10636.377896097
10627.456253918
10575.961141364
10422.968091776
10222.414610084
10214.832185529
10071.349640823
10006.420322018
9974.1128024059
9877.8147659454
9750.8621016742
9691.9452132391
9662.6203974594
9575.177248109
9459.8161091195
9397.0705784525
9365.8540518655
9272.8252969191
9150.2227632779
9058.2343225737
9012.5874717249
8877.0224547403
8699.4357877838
8691.362371
8554.7644531547
8375.9676001671
8299.5456750065
8138.8307233084
8033.7022214575
7885.8187228023
7799.2469051018
7682.6010704068
7605.415773247
7567.1144090846
7453.3637703439
7304.3516981504
7231.3221740382
7120.1982245539
7067.906796978
7041.905270514
6964.4732175977
6862.5533233248
6812.3539042999
6787.392064122
6713.0539992346
6615.2015446742
6559.4063796749
6531.6855182173
6449.2238703199
6340.8921784641
6292.691271134
6268.7283917168
6197.385879322
6103.5239371922
6056.377926853
6032.9416616121
5963.1756124738
5871.4076096822
5826.5584104998
5804.2624422975
5737.8851441875
5650.5613888614
5607.215882485
5585.6679764808
5521.5198272131
5437.1334890126
5395.7521456992
5375.179728343
5313.9319037091
5233.3523784976
5193.0632979392
5173.0352182383
5113.4132452239
5034.9848560431
4997.0139397438
4978.1359984744
4921.9290082994
4847.9723082324
4810.5299143339
4791.9172982035
4736.5104280463
4663.6298855604
4628.3351708948
4610.7881063953
4558.5450569094
4489.8073073523
4455.7449049502
4438.8107321415
4388.3933912954
4322.0599474065
4289.6907272849
4273.5971384174
4225.6777378687
4162.6199904683
4131.4831011951
4116.0021049537
4069.9063010258
4009.2472657424
3979.0053193323
3963.969996533
3919.2040530093
3860.3015584049
3831.6485312394
3817.4018692748
3774.9789261448
3719.1474636527
3691.5438461134
3677.8189596862
3636.9497129169
3583.1629767144
3556.8766735812
3543.8059239275
3504.8811645121
3453.6457473518
3428.3119049143
3415.714755808
3378.2003559545
3328.8212917244
3304.5973283009
3292.5515306125
3256.6769530973
3209.4514824299
3186.1515672974
3174.5651179358
3140.0579641679
3094.6311957017
3072.3837188521
3061.3200285453
3028.3674287874
2984.981739832
2963.6695279214
2953.0705512164
2921.5005117427
2879.931508345
2859.5444497141
2849.4051037253
2819.2022697795
2779.4292378792
2759.942625188
2750.2506109759
2721.3783031746
2683.3528396741
2664.6549752874
2655.3549574963
2627.6492029116
2591.1573574768
2573.2629021294
2564.3620692371
2537.8438724174
2502.9123629044
2485.7742110015
2477.2491909387
2451.8491517958
2418.3870947684
2401.9618636966
2393.7911289357
2369.4453139315
2337.3689603979
2321.6299671731
2313.8002574415
2290.4692079187
2259.7266896647
2244.6415935728
2237.136850527
2214.7728355275
2185.3015351668
2170.8372300915
2163.6410184247
2142.1951988206
2113.9310737122
2100.0579106431
2093.1555082259
2072.5841235317
2045.4697623658
2032.1569922409
2025.5331339143
2005.7908222703
1979.7667424007
1966.9866063855
1960.6275089836
1941.6733025437
1916.6857603552
1904.4110729496
1898.3032385505
1880.0970195674
1856.0933919522
1844.2979660395
1838.4283923515
1820.9315158701
1797.8611109866
1786.5199387329
1780.8762086274
1764.0517674443
1741.8661696169
1730.9552123662
1725.5253897786
1709.3379059228
1687.9905729819
1677.4868852646
1672.259576583
1656.6751830453
1636.1216830107
1626.0033188996
1620.9676265617
1605.9539297383
1586.1517612175
1576.3978000765
1571.5433353131
1557.0694527183
1537.9780939898
1528.5686162496
1523.8854870821
1509.9220117727
1491.5028743405
1482.4189050992
1477.8976884021
1464.4166062034
1446.6329268171
1437.85641248
1433.488142417
1420.4627976851
1403.2795937334
1394.7933485012
1390.5694900254
1377.974507165
1361.3584743656
1353.1461254433
1349.0585471675
1336.869750294
1320.7891579949
1312.8391769216
1308.8821485751
1297.0824817031
1281.5149000629
1273.7901181286
1269.945205898
1258.4799645358
1243.3538310104
1235.8731491935
1232.1497028897
1221.0465375711
1206.3978005336
1199.1250190434
1195.5050861002
1184.7107233279
1170.4696988016
1163.4028733482
1159.8854764908
1149.3969642714
1135.5596702821
1128.6788093826
1125.2540298276
1115.0419170212
1101.5697894456
1094.8703453117
1091.5359175847
1081.5934412808
1068.4775405838
1061.9390443122
1058.6848157763
1048.9818424662
1036.1827387619
1029.7982245029
1026.6207343123
1017.1469690561
1004.6511379341
998.40337957304
995.29408546197
986.02418207838
973.79847553677
967.67485690405
964.6275029055
955.54290003257
943.56304555778
937.54931844948
934.55684298854
925.63660360437
913.87525572916
907.95720531308
905.0125669207
896.23582775626
884.66576995048
878.82615109836
875.9208124968
867.26229930655
855.85060932911
850.07026379208
847.1947473253
838.6264285752
827.33665406996
821.59106775447
818.73325471495
810.219321335
799.00497394802
793.26228588079
790.40643813286
781.9004359321
770.70132234723
764.91427711526
762.03706990663
753.47022130871
742.19738386433
736.28486828514
733.34629647185
724.60076287104
713.1020738139
706.88560338937
703.7977196112
694.61476599099
682.55693957203
675.34198184307
671.76315289899
661.14005649952
647.23678832098
640.3333179907
636.90924418075
626.74649006775
613.44795392868
606.6887109439
596.56579396972
594.72444361205
592.47472576816
585.77650518447
576.96319411972
572.89832899614
570.87664821437
564.854310982
556.92323923905
553.214892731
551.36998933368
545.87211256115
538.62679337129
535.23396880564
533.54557914061
528.51229928373
521.8750437533
518.78274051671
517.24346672614
512.65299437724
506.59567573758
503.81470035456
502.42994265818
498.29846437588
492.84262592999
491.96268421082
490.75479374536
487.14888744438
482.38219364092
479.88519977139
478.64155395546
474.92992111445
470.02581104581
467.32034307647
465.97345435731
461.95603531339
456.65330431143
453.79490242336
452.37241790643
448.13166257732
442.53909908141
439.53677454312
438.04325908968
433.59309320284
427.72978655696
424.69817047617
423.1904295504
418.69924726228
412.78506036454
409.8726498047
408.42415920939
404.10932914719
398.42704859682
394.76483601932
392.94637220305
387.54108680956
380.44952481069
375.7612702279
373.43885236209
366.55736795284
357.57890719129
353.2658973417
346.55055572041
343.42160350902
341.86773734652
337.24819628544
331.1857639887
328.1502729659
326.64297653464
322.16250129355
316.28398939075
313.19300585293
311.65886033757
307.1013661299
301.12821015601
297.85196189974
296.22722897299
291.40601320466
285.09956489074
281.41417855372
279.58938883328
274.18570904562
267.14291244969
263.01613102893
260.97670827617
254.95283269209
247.13673214501
243.5631009708
241.79571040905
236.57011673161
229.77791007565
226.51801039178
224.90544494772
220.1363009633
213.93438461145
210.75524184715
209.18343067955
204.53798369223
198.50413468353
195.32078763428
193.74830933831
189.10642557296
183.08978145822
179.8337293373
178.22748245345
173.4943110899
167.37836785238
163.94875322597
162.26038902734
157.2989041841
150.91877727129
147.08511164324
145.2049535874
139.70745673627
132.69985902659
128.59404228731
126.58902102951
120.75958755916
113.40243941723
109.89248531411
108.17845989801
103.19512742446
96.905938277304
93.915075659053
92.454440150939
88.20742728029
82.846659360359
80.295483077923
79.049508120519
75.426393560608
70.852564394095
68.673853026105
67.609750735507
64.515355705295
60.608673715383
58.745984782168
57.836218781242
55.19058573398
51.850365368916
50.256526976295
49.478075440131
47.21432398482
44.35627646836
42.991810101299
42.325398407073
40.387505285646
37.940961098084
36.772619705091
36.202010590269
34.542761512811
32.448120118772
31.447704357099
30.959123094855
29.538453978043
27.745118041453
26.888581322073
26.470280555209
25.254019522447
23.718823201236
22.9855944615
22.627524338629
21.586435943776
20.272445892394
19.644898153997
19.3384471069
18.447479820217
17.32304802201
16.78606548722
16.523848880429
15.761520806058
14.799509751551
14.340126218734
14.115809729527
13.463694924038
12.64082892439
12.247921500878
12.056071471555
11.498364561108
10.794679611867
10.458707364215
10.294663094569
9.8178076646356
9.216181757871
8.9289618852826
8.7887262549208
8.3810965553025
7.8668473299423
7.62136312541
7.5015087483485
7.1531365922621
6.7136761007405
6.503912040934
6.4015006777205
6.103840922909
5.7283791727246
5.5491792462551
5.4616925731559
5.2074216570197
4.8867119448228
4.7337915853432
4.6591353779132
4.4421571631043
4.1684894753379
4.0377810559715
3.9739719195095
3.7885312918464
3.5546675890906
3.4430812083248
3.3886085429668
3.230307073637
3.0306818901482
2.9354417162538
2.8889499323186
2.7538461686044
2.5834847043527
2.5022132239403
2.4625413096635
2.3472597656886
2.2019020578539
2.1325646707275
2.0987191052931
2.0003713912758
1.8763725136115
1.8172285494125
1.7883593718444
1.7044745750981
1.5987166825511
1.5482773322102
1.5236575895475
1.452122490197
1.3619392971643
1.3189315056096
1.297939614082
1.2369473773985
1.1600593502537
1.1233948337256
1.1054994439994
1.0535055990158
0.98796435750386
0.95671302521105
0.94146003966919
0.89714471940396
0.84128535112133
0.81465251116832
0.80165395017639
0.76388951142062
0.71628968407324
0.69359650169534
0.68252095885137
0.65034422473096
0.60978913914739
0.59045588679203
0.58102034814905
0.55360881867338
0.51906117489177
0.50259288044643
0.49455571529922
0.47120718590852
0.44178145431488
0.42775560796354
0.4209105652876
0.40102567058971
0.37596605780885
0.36402208502666
0.35819315265162
0.3412604195024
0.31992200349822
0.30975225339193
0.30478925736384
0.29037231071515
0.2722048944457
0.26354692667348
0.25932176490698
0.24704837836002
0.23158267281518
0.22421266051886
0.22061608150747
0.21016881283926
0.19700462100293
0.19073170667636
0.18767055363478
0.17877873383012
0.16757484352254
0.16223631388079
0.15963116885608
0.15206405409491
0.14252959871922
0.13798676019106
0.13576993032573
0.12933084879421
0.12121792371799
0.11735257764998
0.11546637430616
0.1099877244757
0.10308507802062
0.099796508980845
0.0981917774222
0.093530754775219
0.087658398490631
0.084860801608811
0.083495665065698
0.07953061206689
0.074535217458202
0.072155503859588
0.070994292180612
0.067621584723391
0.063372556618347
0.061348477997204
0.060360812147534
0.057492199108392
0.053878320868067
0.052156868002296
0.051316878321437
0.048877209946942
0.045803779272785
0.044339818191441
0.043625478645219
0.04155077195028
0.038937161508991
0.0376922678306
0.037084827038583
0.035320612576345
0.033098185745576
0.032039650645629
0.03152314669415
0.03002305882079
0.028133392510271
0.027233379049419
0.026794227657846
0.025518807783967
0.023912183437314
0.023146998510485
0.022773637747718
0.021689302343464
0.020323405617918
0.019672891067416
0.019355484092932
0.018433660751298
0.017272491877291
0.016719495497263
0.016449672424692
0.015666050087158
0.014678979228683
0.01420890544967
0.013979544085788
0.013313436159418
0.012474400951445
0.01207483659071
0.011879879709104
0.011313692934203
0.010600528444362
0.010477604729749
0.010416678439227
0.010236017032147
0.0099999997764826