   6.70516398455203248400699632318578664      
   6.70516398449395857527369122359641221      
   6.70516398455286758443334912065031191      
   6.70516398445650495633215995721951971      
   6.70516398628426828351399014168298131      
   6.70516398627058790185945904458127723      
   6.70516398566849497330616085451046099      
   6.70516398679379085339789587275024661      
   6.70516371941491246479079095452762862      
   6.70516238094697880719991193824022659      
   6.70516518449459487499115077688098009      
   6.70515695066313912706637553053299483      
   6.70516365585647302328757532110644498      
   6.70516501891720478783057749545593879      
   6.70516505238256094618801707813576130      
   6.70516007262429691918428027784768192      
   6.70516588959358522043149962202038862      
   6.70515662700306677812381661442924948      
   6.70515795351183711147476425326845431      
   6.70516239828961695824186618922004451      
   6.70516564319590062150862941109428545      
   6.70516150879473028080578613735468794      
   6.70516053864168841496272326961587558      
   6.70516469877278600672299244833981489      
   6.70516404475573698303881292769193696      
   6.70515864897306937548194354674176514      
   6.70514267207933959827957350659329796      
   6.70514178202327991183308576608449735      
   6.70513436969764448739132795674539255      
   6.70513563163642376033403507115870973      
   6.70513688798988019805475285192390378      
   6.70511324641051864759973133809713131      
   6.70512968436557049459348030419492899      
   6.70512002525436395505838174361304240      
   6.70509426251692623128077654171883074      
   6.70510459595521604282972029606361101      
   6.70507481877825078793216174307450440      
   6.70504735468804264889613762988669864      
   6.70505564248532079876567998687330350      
   6.70501364421115804726726282994707538      
   6.70496626369347985742024044718356304      
   6.70497525341008584457999893052099854      
   6.70492359230452026716551047191306107      
   6.70492633732221217157653298810786391      
   6.70495062796355672251411871544273852      
   6.70491156081543683671116383110032944      
   6.70487158325993799151656612377494701      
   6.70475686119734652959756648388876549      
   6.70469926532126323836635896867103684      
   6.70439995962191401734240425197707635      
   6.70459604126393563174725273951042153      
   6.70435369543965172323324452211609251      
   6.70452175226058851851680979013953144      
   6.70444211991084164295126226417051005      
   6.70440026966855856227987424962684145      
   6.70416277942882720048795850417198618      
   6.70419108749436560602056625152285883      
   6.70418576761865943361234422533565243      
   6.70405555746815845763560940774332555      
   6.70411001098722920288441829910637541      
   6.70388205849616016727486595260075216      
   6.70374536071288897442282524352684377      
   6.70383583656186654609247403503298459      
   6.70393328291290546834550425234185738      
   6.70361334165526248541498330749031720      
   6.70382895231504598185224369769871343      
   6.70347971967667836315576307080772165      
   6.70366453823229790004327535328547619      
   6.70344963814648833191408948885090382      
   6.70357345479513032554361869355939988      
   6.70341708555660726138046700312606403      
   6.70325368196703336375408247846158469      
   6.70334305726495728621666257086753449      
   6.70329966438981453658374387543038876      
   6.70318854115558927629828390681337921      
   6.70316991792238394900425203887389176      
   6.70327227414307308575417016202898530      
   6.70317827330802274272260391760525646      
   6.70327100785883570771612761205039185      
   6.70335567528667647352924754020072711      
   6.70333890018942763188541046828104255      
   6.70323735998088597786748521739271116      
   6.70322420190009088272345628058855294      
   6.70333675865654190893916889697035582      
   6.70339887097325058082602177914467061      
   6.70331343436688885942571210107274485      
   6.70354626840863063314592372179716472      
   6.70354387189963185350207811113744605      
   6.70368777702492557715328431726702278      
   6.70375073044169463313532711803690299      
   6.70368269007901396797677986268667297      
   6.70379375291740464086373040142245134      
   6.70402576748424183731341435374954704      
   6.70394860504332321924614841511674762      
   6.70403804946873635909569237341591412      
   6.70427843538655814322883235906935691      
   6.70431734826790488770719565745413062      
   6.70457256488197517191100322791895389      
   6.70465746648697258811288833116396658      
   6.70452493793307904897410399143610400      
   6.70478880572668144988294396361737535      
   6.70502974225729134990128694376898302      
   6.70509811560618365546960664003474390      
   6.70522453590862464381489219333234070      
   6.70529604072288117342146542040630474      
   6.70547805135418813756843718840558170      
   6.70552611909175709140588392371989885      
   6.70548312529218970049121778520739267      
   6.70558020712974215093210191552062040      
   6.70572734759062912461101903410896172      
   6.70554271381855559227812067952593653      
   6.70569760901414413593085387208728077      
   6.70557333431742655956203377372684926      
   6.70552390972781405189164580565898885      
   6.70542577650606960551624544613595222      
   6.70518412025671981549661511362263392      
   6.70497344939469727953230445781377484      
   6.70468852946036017525444731549277822      
   6.70418193025697135742118405010888439      
   6.70385268488467584946698370936016666      
   6.70328111072120820329506319334368280      
   6.70255547877226330497368605993039278      
   6.70193802952270576594396397608121192      
   6.70107251742977222166092824396136820      
   6.70002654015225454659846273612382305      
   6.69896134014543574345966330793480899      
   6.69764044820114741889594907494069361      
   6.69624864120947527718045049551156900      
   6.69462606970335253442979950011330245      
   6.69281494257082028266981737529239402      
   6.69078176251639362580966915669483167      
   6.68857435427645091447106236454261755      
   6.68609731401021527614558797527139144      
   6.68335894402952542012324600762774889      
   6.68039599226637895272413559046908014      
   6.67711325308931219758482972527827842      
   6.67354142813284842790382323718739966      
   6.66971401462376764856398166187578053      
   6.66555004008415153931709374877864887      
   6.66105248690842776825945912606516445      
   6.65621991259160883340909064629801568      
   6.65109012673824738465660203157719813      
   6.64563661756430607132317576851039124      
   6.63984559201247472490126281248989714      
   6.63374862496291981977677734659928383      
   6.62732625219604756613192938263907631      
   6.62058405882030599392961414437989701      
   6.61352526560482023529076304464537720      
   6.60616250368783864729308115273331691      
   6.59846093340336736830587014287633829      
   6.59039276698762438959189940769540845      
   6.58203232614916694176131137565679396      
   6.57334743335834049791004936997885996      
   6.56424857580059095226110667850065103      
   6.55485772609983609878595962248004562      
   6.54504867718036032659407600525123264      
   6.53490754384365956842018900794399834      
   6.52434481484883490312896572956673805      
   6.51340467254822846336273411547642668      
   6.50205551037477800845525239091091580      
   6.49029190282170262356554370025522953      
   6.47809681746212549173393565955353351      
   6.46547620983335235782350141936872919      
   6.45241564259796753918230422299272136      
   6.43888482957943714362362360390692116      
   6.42490559180251240892575352740404040      
   6.41046502354106566277073573858293521      
   6.39551064949776152429703277138640040      
   6.38006929713413035861417441703721972      
   6.36412285000937160430214442099273482      
   6.34765461813482983925212298074683547      
   6.33068067895488440155286184408435920      
   6.31316317369532954334326252942025913      
   6.29507229819975560650816504283763292      
   6.27646316418209686042922083261268450      
   6.25727134936586374652397254202808042      
   6.23749494802853040043618781161059468      
   6.21712369097512865813288998413269292      
   6.19615353929820805556437463778513337      
   6.17458745856243591940076198733457882      
   6.15238768146569425505011103404246962      
   6.12956085678922581750159748263425752      
   6.10609504347209556757556519087822570      
   6.08197018767386762955590358155470553      
   6.05717879498126016623216553416880123      
   6.03172997230291650977830318499692969      
   6.00557201029424561840277726538712159      
   5.97871409688411970856965310646331583      
   5.95114841422700805499836560258220110      
   5.92286453225306274170083434299087901      
   5.89385044907667769048964974897400572      
   5.86410168612230711954388600823187978      
   5.83359708090444993978973807520073451      
   5.80231659842390346294618872991733581      
   5.77025701212435771454798527412474327      
   5.73738772488240117293844095647806198      
   5.70373979563050883823211600222966531      
   5.66927396860822485227440492634124206      
   5.63397892354223185753702795093602399      
   5.59783509537685830417817164335263526      
