   6.70516398455203248400699632318578664      
   6.70516398449395857527369122359641221      
   6.70516398455286758443334912065031191      
   6.70516398445650495633215995721970691      
   6.70516398628426828351399014168322860      
   6.70516398627058790185945904462568686      
   6.70516398566849497330616085975625119      
   6.70516398679379085339789601890024086      
   6.70516371941491246479079330581912998      
   6.70516238094697880719992611767428706      
   6.70516518449459487499117493268147633      
   6.70515695066313912706611651774478543      
   6.70516365585647302328500348024136312      
   6.70516501891720478781699127906599568      
   6.70516505238256094613537782944834754      
   6.70516007262429691918154095487680588      
   6.70516588959358522031437476987773126      
   6.70515662700306677632887955554206940      
   6.70515795351183709495859259944617220      
   6.70516239828961684578785342453645271      
   6.70516564319590000743027863011308141      
   6.70516150879472746687768098860074806      
   6.70516053864167725713157731255085126      
   6.70516469877274685670170288384160631      
   6.70516404475561335998464962273740462      
   6.70515864897271323545559550821905025      
   6.70514267207839314746894040711521486      
   6.70514178202093653060489971731530843      
   6.70513436969219892338880948111389891      
   6.70513563162446395056245169017542231      
   6.70513688796491741761464785375482275      
   6.70511324636078312539678505858324679      
   6.70512968427044711895297829716689348      
   6.70512002507928046363324338298739695      
   6.70509426220195136513490236684838931      
   6.70510459541313660491587686807618936      
   6.70507481787252249699747528660500448      
   6.70504735321423956105190377646530367      
   6.70505564014370353831971205769913890      
   6.70501364057698313008352913271544094      
   6.70496625817031953261484574873561291      
   6.70497524517056562904174804591950850      
   6.70492358024356911629581076587654576      
   6.70492631994846412568502448350806627      
   6.70495060332319853016117333508134183      
   6.70491152640108697326260458997226509      
   6.70487153584943625281480946124458547      
   6.70475679678221791320058412713312740      
   6.70469917875311159939919116893446742      
   6.70439984495301283401491188473446502      
   6.70459589007733503201507476261841903      
   6.70435349910311496968867213767624665      
   6.70452149851074195599764694013875433      
   6.70444179582297093806756989418551928      
   6.70439985888461742977000405109930349      
   6.70416226390689375239067159579845158      
   6.70419044384444914364939648893449374      
   6.70418496997963284691125527256833579      
   6.70405457622159176876749312275773976      
   6.70410881040492500890671103788663071      
   6.70388060131410287258681633947783525      
   6.70374360150453025512048059585227883      
   6.70383372016326636381866380031376125      
   6.70393074913611523241044382154232835      
   6.70361033498877722756329782891290705      
   6.70382538380861832771221049735286583      
   6.70347552422657969346293989356036113      
   6.70365960631620088085529834657419191      
   6.70344388031234411134776588662110956      
   6.70356674304534167389180967564666266      
   6.70340930672198943652017121276724588      
   6.70324469910274443169613363363283263      
   6.70333270189289244290698079706802668      
   6.70328777422237895542845509827536636      
   6.70317493977030772920457109196270507      
   6.70315439438672676182981529303875497      
   6.70325459376705642191060201992185406      
   6.70315821676081125642377901778739777      
   6.70324828975188317131602734346247639      
   6.70333000832980322911076802387692203      
   6.70330998813075226717158638162941662      
   6.70320488192348549576940040210817535      
   6.70318778405290457770733112723175177      
   6.70329597298287586858008242255790286      
   6.70335330192621762448121812636928069      
   6.70326266743431926740613756513702596      
   6.70348970631321131787432965234558557      
   6.70348105194219564519907461220537612      
   6.70361806959459662785742305593538700      
   6.70367354006978548835320125970648352      
   6.70359741212825927192240354144128200      
   6.70369959744356832237437623790231001      
   6.70392187328658757496344595269341200      
   6.70383430978074498053497360953140649      
   6.70391237702336523689053620403816844      
   6.70414033136686677808936629594940640      
   6.70416590155701622688384822208276001      
   6.70440650936803370442582856750586389      
   6.70447574173086959654019859192281295      
   6.70432645620980729385688340105802067      
   6.70457184456545499580518321973020095      
   6.70479284094327914943662841496076069      
   6.70483986374065564919133449709599019      
   6.70494316706659053014814023103525652      
   6.70498978529392936621468290428437454      
   6.70514481415502542749590304933296177      
   6.70516400470225930350180379013631487      
   6.70508998235740540692447006598921873      
   6.70515341072635257010004519989756187      
   6.70526420775135427702740234537651139      
   6.70504107632678568171925177542153933      
   6.70515375062540590957101618546170538      
   6.70498462798973748468815172803932521      
   6.70488668522310671145487326772252865      
   6.70473637769576599341315951860127279      
   6.70443895014491234160137851927629112      
   6.70416810050536061222761589887120259      
   6.70381854584463478784775720721210971      
   6.70324307378981990989437360500238060      
   6.70283885749960878263705093784429416      
   6.70218747393148950069552018856996399      
   6.70137650504762167244399166520530625      
   6.70066630110774210445381405944414951      
   6.69970195836411484181189879664469438      
   6.69855040819114513673356923705861028      
   6.69737141096855448417966322136153527      
   6.69592935228241832642602088171473950      
   6.69440701844416523304834686358035739      
   6.69264538931365471522722882364512595      
   6.69068585435706867632981679386248173      
   6.68849467399001082930950650932543894      
   6.68611897373071692652478485260025675      
   6.68346412526455008552733310539908803      
   6.68053829441841944816446724370616264      
   6.67737809156561008925910212460258525      
   6.67389083259251555087568560382513399      
   6.67010755737971219295152631359308052      
   6.66606347843110587831028718538155551      
   6.66168108880406700960184770474260366      
   6.65696579745309688537382218157668246      
   6.65191892803722226921849049714646862      
   6.64657966210518659512515398036239669      
   6.64092388125639232776025532740408335      
   6.63493902972192459647322255374403610      
   6.62865658599647639735296643636170217      
   6.62205724310035880144960042267783565      
   6.61514574223581959091381487365877808      
   6.60792443848393231075581512363378942      
   6.60040474578527288881066548891861989      
   6.59255115558862876853573645431357220      
   6.58433523136571786123615998456005818      
   6.57582972303469385001701181008865040      
   6.56700203096847763886745888016245387      
   6.55776257833482419966129409310911691      
   6.54823217090618066363611033501168051      
   6.53828489943240071329952416865613394      
   6.52800600620613760385472205449665300      
   6.51730622865181563770327272527092931      
   6.50622929468443144330857327135054614      
   6.49474356708019852348964007002739901      
   6.48284346799521573546354491930468393      
   6.47051187459043088976484792273330593      
   6.45775464352217806426909716899349404      
   6.44455726675054837918192965070632929      
   6.43088947768618040625327819880892713      
   6.41677293096202894505744638515125415      
   6.40219469999654494046786350558261600      
   6.38710238469616230127264628672422289      
   6.37152262510422688034256099826867604      
   6.35543733693682972151043392412188992      
   6.33882980789210832204441825337225545      
   6.32171601738866375434479607649693964      
   6.30405812778489206882303212190508636      
   6.28582634418289689604606032044505273      
   6.26707564671545381725437250385647943      
   6.24774167967338588230748063056081045      
   6.22782247606100766111845181883113449      
   6.20730776444904852441219324411492769      
   6.18619346817567543447688479597915850      
   6.16448251457433932242062452855451205      
   6.14213715732622734099627749605005478      
   6.11916400708796035641505893791386898      
   6.09555110568638497083351656562025724      
   6.07127837927244544523436349427664703      
   6.04633833243319447645349130669350940      
   6.02074004018813340006758212944383350      
   5.99443181534757407511791085732101752      
   5.96742279987710456848836772808446062      
   5.93970517488325866006979209575455705      
   5.91126849760178023903233532869763950      
   5.88210076203667313494784088846544487      
   5.85219746947768457276269714411337126      
   5.82153745609300611650442349942611236      
   5.79010068100516612389670689999615108      
   5.75788391200114870129168908970491489      
   5.72485653020042671306731255447929757      
   5.69104960219503071262223351280943918      
   5.65642385727325274069588590995625456      
   5.62096797205340073559819900581704295      
   5.58466237692852445092960470909349050      
