0.9991274601415221
0.9991028273091981
0.9990905103157269
0.999053559234342
0.999004289174705
0.9990011622873715
0.9989915109602614
0.9989905696737242
0.9989845040040104
0.9989808517093159
0.9989790255487803
0.998973547063256
0.9989662423761108
0.9989628469040087
0.9989611491565611
0.9989560559106836
0.9989492648817354
0.9989453872615867
0.9989434484367213
0.998937631957941
0.998929876606971
0.9989263516884505
0.9989245892165908
0.9989193017973008
0.9989122518676989
0.9989110332603726
0.9989093972984864
0.9989044894095263
0.9988979455254643
0.9988944975089171
0.9988927734887888
0.9988876014248632
0.99888070530382
0.9988768927644276
0.9988749864803287
0.9988692676239023
0.9988616424379383
0.9988574381773674
0.9988553360296328
0.9988490295815554
0.9988406209307782
0.9988397143604602
0.998834908036125
0.9988284995730943
0.9988252061168552
0.998823559377939
0.9988186191578465
0.9988120321654925
0.9988076592543509
0.9988054727802018
0.998798913352602
0.9987901673910363
0.9987850478560742
0.998782488063043
0.9987748086773061
0.9987645694162025
0.9987592830142256
0.9987566397859174
0.9987487100939867
0.9987381370864148
0.9987329663595742
0.9987303809701938
0.9987226247952676
0.9987122831476096
0.998706230973112
0.9987032048505712
0.998694126474139
0.9986820218602602
0.9986756061602918
0.9986723982705725
0.9986627745919787
0.9986499428923915
0.998642909210768
0.9986393923215587
0.9986288416429262
0.998614773917434
0.9986137760086892
0.9986045551908673
0.9985922606517065
0.9985856796194895
0.9985823890617003
0.9985725173782364
0.9985593550002337
0.9985523442473274
0.998548838823282
0.9985383225400134
0.9985243006770126
0.9985172374236132
0.9985137057485132
0.9985031107120276
0.9984889838421926
0.9984813852614043
0.998477585915063
0.9984661878633133
0.9984509902820063
0.9984462804094664
0.9984416087786038
0.9984275938679706
0.9984089070479656
0.9983989619480632
0.9983939893026961
0.998379071346465
0.9983591804290586
0.9983501596451007
0.9983456491741903
0.9983321177444702
0.99831407558437
0.9983040474555613
0.9982990332942115
0.9982839907895587
0.9982639338037482
0.9982547177844383
0.998250109693002
0.9982362854013529
0.9982178527465403
0.9982089870226679
0.9982045540843001
0.9981912552528436
0.9981735232328559
0.9981625341587869
0.9981570395058466
0.998140555523226
0.9981185765008803
0.9981073508433614
0.9981017378929291
0.9980848990173159
0.9980624467849779
0.9980614124956372
0.998056077074641
0.9980400707886558
0.9980187287162174
0.9980083557705417
0.9980031691931779
0.9979876094392249
0.9979668627656126
0.9979557380373723
0.9979501755546013
0.9979334880819412
0.9979112377299898
0.9978985409167404
0.997892192355108
0.9978731466391347
0.9978477518449737
0.9978338988677149
0.9978269721947403
0.9978061921401018
0.9977784847967048
0.9977644214768193
0.997757389627028
0.9977362940402879
0.9977081659657075
0.9977055575175671
0.9976898377999381
0.997668877830123
0.9976541006614638
0.9976467118672754
0.9976245454441554
0.9975949895188211
0.9975754684501682
0.9975657075489514
0.9975364247777168
0.9974973798805771
0.9974926000547177
0.9974688236606336
0.9974371210153553
0.9974226832234065
0.997415464128627
0.997393806805023
0.9973649297196787
0.997350053365918
0.997342614977377
0.9973202997706228
0.997290545461877
0.9972728410089583
0.9972639884813886
0.9972374308426338
0.9972020196656362
0.9971845541623738
0.9971758211174335
0.997149621926939
0.9971146887139025
0.9970945904190182
0.9970845408867514
0.9970543922170435
0.9970141927208105
0.9969955956456902
0.9969862967791278
0.9969584001162727
0.9969212034765783
0.9969029409436723
0.9968938093585366
0.9968664145414631
0.9968298870736506
0.9968083224783155
0.9967975397393228
0.9967651914398497
0.9967220589040519
0.9966999794030709
0.9966889391871313
0.9966558184522448
0.9966116559344851
0.9965856293852721
0.9965726154660847
0.9965335735898684
0.9964815156212792
0.9964567162888681
0.996444316039594
0.9964071151813594
0.9963575121074288
0.9963145671220336
0.9962930928819863
0.996228669855677
0.9961427666465503
0.9961420163310785
0.9960882435757302
0.9960552900077716
0.9960388121927859
0.9959893785631383
0.9959234636142292
0.9958917117397043
0.9958758348411237
0.9958282039747403
0.9957646929257982
0.9957572585249421
0.9957430746866796
0.9957005230300787
0.9956437849503433
0.9956153764619061
0.9956011714516901
0.9955585562812833
0.9955017334998878
0.995459540512741
0.995438442329515
0.9953751474818371
0.9952907486719328
0.9952498531592333
0.9952294038001916
0.9951680554473813
0.9950862523506468
0.9950325081288937
0.9950056332850883
0.9949250082764068
0.9948174990922694
0.9947467207966437
0.9947113269039989
0.9946051443924535
0.9944635517987526
0.9944028539958231
0.9943052849224792
0.9942524872551145
0.9942260857552612
0.994146880791614
0.9940412653276638
0.9939689124331182
0.9939327310326282
0.9938241859804807
0.9936794424937636
0.9935965976764776
0.9934840353427825
0.993429186659408
0.9934017595004394
0.9933194775111599
0.99320975878787
0.9931487760994868
0.9931182812902339
0.9930267962429961
0.9929048044183841
0.9928409539713067
0.9928090249069187
0.9927132370282101
0.9925855069795949
0.9925251501233607
0.9924949682707825
0.9924044221027509
0.9922836823311126
0.9922196158569728
0.9921875787452301
0.9920914667228802
0.991963304382014
0.9918965783130241
0.991863211090813
0.9917631086646708
0.9916296247718649
0.9915457188441708
0.9915037592856426
0.9913778794500885
0.9912100172984144
0.9911330525134827
0.9910945645247786
0.9909790995848387
0.9908251274410784
0.9907490995619213
0.9907110801325396
0.9905970208905281
0.9904449234747209
0.9903470068674908
0.9902980395081734
0.9901511358148007
0.9899552338765468
0.9898578100110546
0.9898090891619068
0.9896629250088163
0.9894680096807478
0.9894595752996355
0.9894173525940414
0.9892906832930735
0.9891217681226958
0.9890353401071329
0.9889921190119598
0.9888624544600322
0.9886895448064672
0.9885887994999196
0.9885384173516591
0.9883872691892984
0.9881857063435118
0.9880805827833133
0.9880280107115448
0.987870292604537
0.9876599669595391
0.9875592392973105
0.9875088660106104
0.9873577444039722
0.9871562169784929
0.9870302264334005
0.9869672163721773
0.9867781834398959
0.9865260898574357
0.9863795801549042
0.9863063054558162
0.9860864776999786
0.9857933059465406
0.9857722922629046
0.9857054815550145
0.9855050463669305
0.9852377431781922
0.985068610010612
0.9849840168108146
0.9847302323410855
0.9843917620027225
0.984353920335018
0.9842724295993525
0.9840279528413415
0.9837019000171726
0.9835072679634909
0.9834099167293192
0.9831178564598614
0.9827283236880993
0.9825310930578717
0.9824324418418006
0.9821364813973216
0.9817417452827165
0.9815186708159862
0.981407087693446
0.981072329512856
0.9806258281260027
0.9804142481197873
0.9803084165508862
0.9799909139578918
0.9795674358717941
0.9793719397196644
0.9792741562406492
0.9789807989998272
0.9785895350682513
0.9783827364596782
0.9782792974588237
0.9779689727607705
0.977555072002654
0.9773670752841072
0.9772730443828204
0.9769909452054963
0.9766147017166693
0.9763860949931147
0.9762717435101552
0.975928679484765
0.9754710964154195
0.9751128593855815
0.9749336231556004
0.9743958908277219
0.9736785112886607
0.9732903523021421
0.9730961349793067
0.9725134551739888
0.9717360756278801
0.9713471349931004
0.9711525267135896
0.9705686730905834
0.9697897281683413
0.9696867270432912
0.9691939874663184
0.968536665489304
0.9682176112378093
0.9680579922563498
0.9675791154913904
0.9669402955820995
0.9665878925835276
0.9664115789935451
0.9658826137648697
0.9651769405862201
0.9647659316389262
0.9645602755189359
0.9639432736815153
0.9631200768208034
0.9626977810585023
0.9624864725900872
0.9618525111493806
0.9610066729178397
0.9605985834301892
0.9603943890833959
0.9597817718745142
0.9589644322908285
0.9585172596275774
0.9582934955293912
0.9576221611396364
0.9567264294145625
0.9562932008782666
0.9560764203987955
0.9554260388117318
0.9545582820133791
0.9540896367560742
0.9538551199977537
0.9531515218561123
0.9522127134445335
0.9516441952041054
0.9513596524835252
0.9505059527635061
0.9493666921046923
0.9486978146145889
0.9483629860265835
0.9473583989799971
0.946017575964361
0.9453415445925484
0.9443271967468052
0.9437788503158983
0.9435044173781759
0.9426810476224581
0.941582301864467
0.9409475049342587
0.9406297605746963
0.9396764316133507
0.9384040891742175
0.9376252316498533
0.937235283211773
0.9360652884372862
0.9345034433658607
0.9336204820731163
0.9331783402368373
0.9318517186442355
0.9300805107930089
0.9291679928756938
0.9287110323950358
0.927339934021866
0.9255092770024855
0.9244752971684929
0.9239574188731209
0.9224034960080879
0.9203283545783948
0.9200873443958666
0.9195569380580977
0.917965406221973
0.9158399674734625
0.9148104667087851
0.9142948477345563
0.9127476819842192
0.9106815936763702
0.9096412542970534
0.9091202069349342
0.907556735456087
0.9054688580885939
0.9041543262476429
0.9034956820520943
0.9015192059771866
0.8988786940054124
0.8988747381297413
0.8969467389386655
0.8943711339494065
0.8926350529212894
0.8917646541794706
0.8891524271787304
0.885660356268993
0.8855204110050993
0.8829239159201048
0.8817011604484055
0.881088629050914
0.8792504742824698
0.8767951083936432
0.8754338591028935
0.8747518219205505
0.8727049834181836
0.8699702768824752
0.8685544044600096
0.8678449516976265
0.8657157663038882
0.8628707737488623
0.8608951836489341
0.8599044630950462
0.8569306072525937
0.8529534469230777
0.8505960937015014
0.8465799505880033
0.8460716627992172
0.8431631399368625
0.8416936535511008
0.8409572947009712
0.8387471373582776
0.8357934508368106
0.8344371031395693
0.8337575454162964
0.8317179037152018
0.828992493484619
0.8275351065796627
0.8268048099131894
0.8246127483357009
0.8216830646130402
0.8197695155234425
0.818809949175093
0.8159291230156748
0.8120756725749225
0.8119253615768697
0.8095378782001862
0.8063459198596082
0.8047251802284583
0.8039127261704447
0.8014736834012705
0.7982123186724981
0.797585951359205
0.7967534201218632
0.7942539827923483
0.7909113250461726
0.7893176934286923
0.7885187486661703
0.7861201317871633
0.7829123626183613
0.7812819593366558
0.7804644575225113
0.7780099989255916
0.7747269260035179
0.7731524688234607
0.772363009878126
0.769992730744761
0.7668222166383712
0.7651784797472895
0.7643540878061473
0.7618787508766034
0.7585667737572206
0.7569501312192518
0.756139258773741
0.7537044669812628
0.75044645630201
0.7488217408101762
0.7480066951007645
0.7455592797009991
0.7422838254403746
0.740664460535914
0.7398519895078208
0.7374122348481781
0.7341465764441656
0.7324605796444067
0.7316144302404499
0.7290733607523154
0.725670985268128
0.7239948865820305
0.7231535848088405
0.7206270116163962
0.7172435905881235
0.715508115565833
0.7146367543575668
0.712019731985124
0.7085140750980343
0.7067973035682087
0.7059352339915628
0.7033460803939295
0.6998774203202743
0.6981523926900208
0.697286041013508
0.6946839509811854
0.6911974203057601
0.6894489920792707
0.6885707289681083
0.6859327665832735
0.6823975310054976
0.6806208739989051
0.6797282759045479
0.6770471575127117
0.6734534636292064
0.6716625695816233
0.6707627210484711
0.6680597594862627
0.6644364174531807
0.6626278342433543
0.6617190257554525
0.6589890879333263
0.6553293010822723
0.6535030955207073
0.6525853995466181
0.6498287119624315
0.6461329297278312
0.6442899286213878
0.6433638091776489
0.6405817761440127
0.6368520588833887
0.6349903905262382
0.6340549562669037
0.6312449050565772
0.6274778388536619
0.6256005695816461
0.6246574289386654
0.6218242052168895
0.6180265294386957
0.6161343664912413
0.615183942504014
0.6123288253177558
0.6085024851418314
0.6065964879615586
0.6056393855165715
0.6027641993646118
0.598911884518776
0.5969941648666998
0.5960315221719031
0.5931396938111464
0.5892662545301532
0.5873388187253002
0.5863717212934805
0.5834665166737949
0.5795765820331228
0.5776414239001282
0.5766709497863772
0.5737556098531448
0.5698537655060307
0.5679136237333828
0.5669412226333723
0.5640201033742046
0.5601124168574331
0.5581704169622309
0.5571977272966326
0.5542757494124068
0.5503690213978746
0.5484278254329513
0.5474562458065478
0.5445376057642523
0.5406376365308944
0.5387006417579253
0.5377319308631107
0.5348219052996729
0.530935909308167
0.5290064743632499
0.5280423612122156
0.5251461347775528
0.5212811649696776
0.5193627162776892
0.5184049526081057
0.5155277758193508
0.5116909330952077
0.5097869535515728
0.5088373074900133
0.5059844779727518
0.5021828849117116
0.5002968284876012
0.4993570417366489
0.49653377581315655
0.4927744057982528
0.49090964550095584
0.4899814078065219
0.48719276408982537
0.48348234197291506
0.4816421196868226
0.48072704489119483
0.4779778526541664
0.4743227638722944
0.4725101625804669
0.47160977642417456
0.4689045992800753
0.4653108478730366
0.4635287514607219
0.46264447388960817
0.4599875568672539
0.4564607033558227
0.4547117878412698
0.45384493145293936
0.4512401964940912
0.4477853614690463
0.4460720870635334
0.44522385643132073
0.44267490034549833
0.43929677228785036
0.43762139594092814
0.43679289732815674
0.43430302077760596
0.43100590518157694
0.42937050611710326
0.428562763635785
0.4261350192492659
0.422922912445213
0.42132942996501677
0.4205434075648853
0.4181806653213915
0.41505734972020525
0.41350763013725944
0.41274425764540074
0.4104492821798193
0.4074184351978929
0.40591428575629124
0.40517448772726633
0.4029500238519445
0.4000153351619596
0.39855858071386496
0.3978433059174429
0.3956921658523132
0.3928574542328922
0.3914499934620236
0.39076024344044985
0.38868539105764666
0.38595471483981453
0.38460026240888734
0.3839379253812666
0.381944990794581
0.3793258993801268
0.378021547755576
0.3773853663365283
0.3754704739779002
0.37295826682534794
0.37171219039043424
0.3711062183905512
0.3692815099352883
0.3668922203406917
0.3657033368001778
0.3651272407180929
0.36339159212930516
0.36112418346334896
0.3599970390715108
0.3594531801202264
0.35781358687077325
0.35567750620318705
0.3546160168778119
0.35410647180180654
0.3525690490139993
0.35057262401635486
0.34957950451070186
0.349105826731603
0.34767506989284197
0.3458246328741143
0.34490406337178525
0.3444685296445611
0.3431510845280673
0.34145576566373087
0.3406121227044854
0.3402171571974875
0.3390200616563033
0.3374895852870106
0.3367282502701668
0.33637680374219264
0.3353086278845526
0.33395475395470026
0.33328163808867106
0.33297700159598803
0.33204725480034303
0.3308830950189504
0.33030502940450696
0.3300510547770354
0.32927081732862823
0.3283117050338133
0.3278370050322952
0.32763840995788046
0.32702121124017514
0.32628587831741757
0.32592461218954827
0.3257872210870097
0.3253496660236435
0.3248612476996003
0.32462631606040276
0.3245577328458316
0.32432137577472625
0.32411007233349065
0.32401894607517673
0.32402971978093875
0.3240242583683264
0.32413198884835537
0.3242104566776314
0.3243167590318756
0.32458728863456726
0.32507849678059686
0.32537185714101485
0.32560377329438506
0.3262331044521958
0.3272283367565812
0.32786195342332425
0.32831283559481267
0.3295522243230521
0.3314299532832723
0.33242341051727725
0.33306604079502794
0.3348560608888367
0.33746410220161904
0.3391508332277504
0.34155046231355707
0.342663083960374
0.343302240355692
0.3451270247245867
0.3476664738355743
0.3488930086489848
0.34958508318932535
0.35156707971648943
0.3543002942585328
0.3556296120143463
0.35637044827509173
0.3584958923874021
0.36140750734738053
0.3628244366745362
0.3636068492866467
0.36585408646372797
0.3689164683999268
0.37040095982638765
0.3712145913778738
0.37355341076088344
0.37672680618548887
0.3782487805243838
0.3790773105109974
0.38146111635838964
0.38468353098716096
0.3861854307137058
0.38699669364779715
0.3893349455245299
0.3924853793788008
0.39415075700844077
0.3950538913535469
0.3976480974880583
0.401136225475965
0.40316772577374665
0.4042836625773114
0.4074616164510878
0.41172507857904517
0.41421701047104303
0.41560715954009336
0.41952195938883224
0.4247550968750218
0.42812805387223263
0.4300754952634464
0.43544052027429864
0.442565247612314
0.44610028728447687
0.44814077537343927
0.4537265218563501
0.46111097309782234
0.4622810626303261
0.4641093533208105
0.46913643822829787
0.4757750211250844
0.4790202010222136
0.4808827522226577
0.4859754257852671
0.4926738402050998
0.496081435803752
0.49806219211305497
0.5034225458456804
0.5104312266274655
0.5141077618820326
0.51628897445122
0.5220983268461181
0.5296271802575576
0.5337282860222109
0.5362476714880349
0.542788930804986
0.5511428116586096
0.5553451864977412
0.5579849076967444
0.5646912351089782
0.5731416681367368
0.5779531301829132
0.5812464380060414
0.5891865647652242
0.598828972737118
0.6033814068302013
0.606553919410315
0.6139749538434802
0.6228219717571957
0.6268652875354703
0.6297846294686918
0.6364225564293567
0.644229593219873
0.6479210190175225
0.6508156167352114
0.6571105344016956
0.6643122690321409
0.6677393923716274
0.6707375544513217
0.6768835210502747
0.683612829264934
0.6867847979598956
0.6899929114726241
0.6961076198227556
0.7023709409455161
0.705223157411295
0.708433194974551
0.7141670676403451
0.719697329367305
0.7221870782573826
0.7252025783274083
0.7303216704987829
0.7350726177024839
0.7372012913898986
0.740064609475946
0.7447026966615704
0.7488468408739897
0.7506929182543222
0.7534392878626085
0.7577031528741048
0.7613742878145459
0.7629983480795317
0.7656540193717984
0.7696236580008347
0.772921869124708
0.7743689308932425
0.7769534706773941
0.7806884106610066
0.7836878778151272
0.7849910756594116
0.7875194809604513
0.7910642880999192
0.793819706081455
0.795003331995545
0.7974876129640441
0.8008760836237919
0.803427553765422
0.8045094486000482
0.8069594754412506
0.810217398480832
0.8125940286921567
0.8135873644844768
0.8160110619760282
0.8191578312174395
0.8213804293070861
0.8222949306859051
0.8246982299493203
0.8277479076034192
0.82983110398452
0.8306738538918126
0.8330608048856056
0.8360231407638253
0.8379771074398085
0.8387531482470311
0.8411262804389021
0.8440077967667361
0.8458396001522381
0.8465524612410366
0.8489132350845118
0.8517182250724721
0.8534328333955779
0.8540849930035004
0.8564341857609555
0.859165492613854
0.8607664929387828
0.8613597423197155
0.8636977181003159
0.8663572795375386
0.8678473763121929
0.8683830802948715
0.870709962493945
0.8732991722783818
0.8746805308315333
0.8751598043751564
0.877475582809145
0.8799955272191513
0.8812700092261841
0.8816938345541859
0.8839984320148988
0.886450044197983
0.8876193679357527
0.8879886716022161
0.8902819852850754
0.8926661455625458
0.8937319935722583
0.8940474410298616
0.896329774211769
0.8986477240957988
0.8996116807373224
0.8998750136196958
0.902145411318395
0.9043973413043986
0.905261478315315
0.9054729030082168
0.9077317049043028
0.909918987847845
0.9106850914172826
0.9108458960769064
0.9130930869690919
0.9152168442586803
0.9158869310744372
0.9159982220161834
0.9182338185652245
0.9202952612196568
0.9208714659518394
0.9209344033413083
0.9231584596802813
0.9251588911978146
0.9256434602400502
0.925659257810856
0.9278718647542943
0.9298126758379514
0.9302079582313172
0.9301778780445
0.9323791612060699
0.9342618218648163
0.9345702573721533
0.9344956033248114
0.9366857205884788
0.9385117706520856
0.9387358761514183
0.9386179868003579
0.9407971254001727
0.9425681641874512
0.9427105191736112
0.9425507603195968
0.9447191337041724
0.9464368093139918
0.9465000412592586
0.946299798512103
0.9484576430796737
0.950123641691581
0.950110411633857
0.949871083118976
0.9520186550619053
0.9536346906312634
0.9535476792116904
0.9532706688049843
0.9554082409448594
0.956976045268624
0.9568179397752314
0.9565046505956825
0.958632509372961
0.9601538228068185
0.9599273050601688
0.9595791334557855
0.9616975761834856
0.9631741391726019
0.9628818743137609
0.9625002047273571
0.964609536779272
0.9660430819205864
0.9656877085015746
0.9652739081112912
0.9673744409955346
0.9687666862781275
0.9683508071710676
0.9679062222775174
0.9699982708117368
0.9713509130553555
0.9708770877316929
0.97040303959906
0.9724869201954277
0.9738016295993129
0.9732723672871919
0.9727701488217674
0.974846177854688
0.9761245933792192
0.9755423471707116
0.9750132206487643
0.9770817124017747
0.9783254372818838
0.9776925995125952
0.9771377931517506
0.9791990593802905
0.9804096585820822
0.9797285554377188
0.9791492636390919
0.9812036112803033
0.9823826076293154
0.9816554975843588
0.9810528771540726
0.9831006084198043
0.9842494805561866
0.9834785519035798
0.9828537223141873
0.9848951322834153
0.9860153133291812
0.9852026804853661
0.984556723244619
0.986592100454914
0.9876849765203792
0.9868326802717686
0.9861666390001982
0.9881962630490813
0.9892631709063187
0.9883731792053821
0.9876880557428664
0.9897121998095718
0.9907544291808916
0.9898286326792
0.9891253918894135
0.9911443205016636
0.9921631117969891
0.9912033267995479
0.9904828919408787
0.992496863589772
0.9934934093957452
0.9925013784946979
0.9917646358122272
0.9937738982048603
0.9947493443581209
0.9937267319267079
0.9929745411180642
0.9949793256035602
0.9959347601639567
0.9948831789138388
0.9941163411990103
0.996116875715134
0.9970533489347863
0.9959743205887179
0.9951936127700866
0.9971901207258163
0.9981086378867274
0.9970036148450903
0.996209775337822
0.9982024726192422
0.9991039953643804
0.9979743582086248
0.9971681021442506
0.9991571892779321
1.000042626814426
0.9988897092796388
0.9986528709632374
1.0000740517256164
1.0006619585618381
0.9999999997137302