0.9992422157516272
0.9992176133678434
0.999205311601578
0.9991684062138018
0.999119197106777
0.9991130732133804
0.9991074198863552
0.9991061996537238
0.9991007957611885
0.9990982427950443
0.9990969663054171
0.9990931368343524
0.9990880308541656
0.9990851283889169
0.9990836771479512
0.9990793234224697
0.9990735184302942
0.9990706187271001
0.999069168866982
0.9990648192840762
0.9990590198153495
0.9990559621884553
0.9990544333656067
0.9990498468942463
0.9990437315716562
0.9990405654295264
0.9990389823484835
0.9990342331023905
0.9990279007449877
0.9990182968395113
0.9990134947990434
0.9989990886603848
0.9989798801939247
0.9989768845649925
0.9989700281600837
0.99896659991225
0.9989563151590438
0.9989426020109798
0.9989393727093524
0.998935484321083
0.9989335401120659
0.9989277074809996
0.9989199305948708
0.9989153912092129
0.9989131214964144
0.9989063123529728
0.9988972334326052
0.9988927961738637
0.9988905775249233
0.9988839215731758
0.9988750469121379
0.9988705031460618
0.998868231242923
0.9988614155284635
0.9988523278472207
0.9988469525556645
0.9988442648818942
0.9988362018539357
0.9988254510623448
0.9988199089140595
0.9988171378099013
0.9988088244904673
0.9987977399718745
0.9987918986766742
0.998788977996053
0.9987802159465715
0.9987685331109173
0.9987618828018494
0.9987585576047582
0.9987485820041647
0.9987352810689877
0.9987280124241714
0.998724378050918
0.9987134749203429
0.9986989372514027
0.9986918788908138
0.9986883496622407
0.9986777619662519
0.9986636448865149
0.9986570420203406
0.9986537405450701
0.9986438361100772
0.9986306300636575
0.9986224064506717
0.9986182945791039
0.9986059589512196
0.9985895112395285
0.9985813880708857
0.9985773264227021
0.9985651414651736
0.9985488946539872
0.998539334763767
0.9985345547313826
0.9985202146172362
0.9985010941821375
0.9984911414119835
0.9984861649311292
0.9984712354701658
0.9984513292187412
0.9984495262532678
0.9984453131950556
0.9984326740065893
0.9984158215366573
0.9984047664940493
0.998399238855481
0.9983826559175271
0.9983605449590518
0.9983474759016578
0.9983409412107364
0.9983213371086824
0.9982951977790072
0.9982937472304247
0.9982774267848127
0.9982556658269065
0.998220136663241
0.9982023708842421
0.9981490733621265
0.9980780060502206
0.9980572823445985
0.9980446992746197
0.9980384075890312
0.9980195325045197
0.9979943652336976
0.9979816911453324
0.9979753539466045
0.9979563423223193
0.9979309929925547
0.9979182432737665
0.9979118682585366
0.9978927431852178
0.9978672425784348
0.9978617210700947
0.997855660761088
0.997837479808566
0.9978132380824803
0.9978012972830198
0.9977953267460378
0.997777415109765
0.9977535324884655
0.9977091911705633
0.9976870186480111
0.9976205008030904
0.9975318041284755
0.9975190727162934
0.9975085937415131
0.9974771567479443
0.9974352393807969
0.9974160738609271
0.9974064907479722
0.9973777413509087
0.9973394076707262
0.9973219203458635
0.9973131763891103
0.9972869444700858
0.9972519676167433
0.9972333421159443
0.997224029031353
0.997196089721718
0.997158836227903
0.9971407952392166
0.9971317744341412
0.9971047119662001
0.997068627661858
0.997049822757206
0.9970404199673738
0.9970122115415145
0.9969745991994755
0.9969528558370225
0.9969419837035951
0.9969093672288887
0.9968658771201685
0.9968443179101262
0.9968335378620301
0.9968011976444364
0.9967580759120297
0.9967338613339328
0.9967217534902202
0.9966854298699908
0.9966369965386699
0.9966109542740671
0.9965979324953385
0.9965588670526037
0.9965067777019202
0.9964798620895129
0.9964664036040434
0.9964260280353584
0.9963721917089013
0.9963466968823904
0.9963339488622363
0.996295704702352
0.9962447104550236
0.9962001117156419
0.9961778104614694
0.9961109064118627
0.9960216947456222
0.9959777566926765
0.9959557858242039
0.9958898729361367
0.9958019830666088
0.9957592909633457
0.9956925750327903
0.995660906280883
0.9956450709550343
0.9955975648208082
0.9955342202054761
0.9954980358506132
0.995479942443846
0.9954256620257187
0.9953532840547215
0.9953188992686688
0.9953017057599169
0.9952501250614352
0.9951813470465543
0.9951475921478471
0.9951307135991668
0.9950800777775166
0.9950125598080597
0.9949744016822396
0.9949553212483768
0.9948980797316177
0.9948217531313976
0.9947780106354127
0.9947561375698589
0.994690518090351
0.994603019424834
0.9945585482690015
0.9945363108039246
0.9944695981256367
0.994380641662721
0.9943374470514332
0.994315847969402
0.9942510504432716
0.9941646479256083
0.9941139339519953
0.9940885745460997
0.9940124959464008
0.9939110497275093
0.993863719891072
0.9938400528428173
0.9937690513559534
0.9936743757301888
0.9936133992455409
0.9935829075086527
0.9934914317326918
0.9933694525254743
0.9932858219531918
0.9932440001246361
0.9931185336558018
0.9929512229597404
0.9928665450349923
0.9928241992697543
0.9926971609295044
0.9925277539119919
0.9925011841906957
0.9924650463363359
0.9923566320287545
0.9922120632064453
0.9921943198611012
0.9921619491681538
0.9920648364672219
0.9919353398440545
0.9918686898290646
0.9918353606778736
0.9917353725710197
0.9916020411933922
0.9915355795866625
0.9915023446290665
0.9914026391184301
0.9912696845735284
0.9911956785166939
0.9911586703230673
0.9910476449535827
0.9908995938878071
0.9908290716211678
0.9907938057712756
0.9906880075090179
0.990546927486086
0.990470452312048
0.9904322091931006
0.9903174789814733
0.9901644870510239
0.9900859828675688
0.9900467249857623
0.9899289504099158
0.9897718985944256
0.9896700337094527
0.9896190916285093
0.9894662638938563
0.989262460843444
0.9891395345232717
0.9890780571156127
0.9888936227026942
0.9886476625568594
0.9886158995534218
0.9885580584025069
0.9883845329384912
0.9881531241933829
0.9880293644831784
0.9879674704467758
0.9877817861199257
0.9875341587599575
0.9874863339294955
0.9874225139932042
0.987231051842023
0.9869757175941067
0.9868575758991016
0.9867984918350505
0.9866212375778671
0.9863848549277396
0.9862669977821167
0.9862080562249557
0.9860312294473922
0.9857954172689748
0.9856670084497785
0.9856027887616577
0.9854101271922753
0.985153193777127
0.9849968079556843
0.9849185923379133
0.9846839418766293
0.984370997712751
0.9841484977535652
0.9840372015949465
0.9837033057601507
0.9832579566899021
0.9831777111668024
0.9828311819118092
0.9826622354427726
0.9824050734988208
0.9822481373017102
0.982169646425694
0.9819341699743026
0.9816201247381825
0.9814149326754409
0.981312297725922
0.9810043863426371
0.9805937074391444
0.9803615243699896
0.9802453832865246
0.9798969516222563
0.9794322088355281
0.9791771073225336
0.9790494967314181
0.9786666546814277
0.9781559970231778
0.9778636452430722
0.9777173909859456
0.9772786145600444
0.9766933165568609
0.9766481645383881
0.9765171242353526
0.976123992318624
0.9755996049373289
0.9755562495237132
0.9752379533826171
0.9748134193937147
0.9745910593427133
0.9744798341321402
0.974146150563523
0.9737010857229169
0.9734594713622007
0.9733386107717246
0.972976019445819
0.9724923839721494
0.9722062364857119
0.9720630882349612
0.9716336298911002
0.9710607671601644
0.970735717880004
0.9705730977534792
0.9700852198051606
0.9694343906870827
0.969102768189468
0.9689368575872621
0.968439107054476
0.9677751024267789
0.9674642348415601
0.9673087142040778
0.9668421356515339
0.9662197359075421
0.9658844728494776
0.9657167409847748
0.9652135258851265
0.9645422284620542
0.9641875250375463
0.9640100608692539
0.9634776463250865
0.962767374347735
0.962406496953334
0.9622259415792168
0.9616842526834594
0.9609616004200257
0.9605779045926764
0.9603859248412265
0.9598099589036166
0.9590415562264597
0.9585262375330976
0.9582683432889516
0.9574946122386633
0.9564621613923041
0.9557905547935444
0.9554543537950442
0.9544456676904942
0.9530993789047244
0.9523902980033525
0.9520353160888225
0.950970275204764
0.9495486940041183
0.949438181889014
0.9491167993836404
0.9481525709068889
0.9468656921550129
0.9460973462900839
0.9457126646625573
0.9445585015551677
0.9430178384916023
0.9421237214322122
0.9416759767613849
0.9403325792803483
0.9385389766878951
0.9376828172095034
0.9372541118589782
0.9359678395142687
0.9342506165118194
0.9334060030935962
0.9329830942479084
0.9317142110720205
0.9300202353663759
0.9293632622385699
0.9281081784926702
0.9275349675459824
0.9272480881319086
0.9263873733727538
0.9252387813675886
0.9244930201610083
0.9241196801407778
0.9229995281651878
0.9215043491985149
0.9206093502313816
0.9201611941021481
0.9188165303694624
0.9170212843645112
0.9167219831333795
0.9162814553973597
0.914959677526611
0.9131950319838055
0.9122720675267881
0.9118098979395348
0.9104231673814729
0.9085716988268137
0.9073413166989805
0.9067249191840205
0.9048753201770554
0.90240475025601
0.9004371827783151
0.8994503488137473
0.8964887693148217
0.892528600707329
0.8921953959242759
0.8891926710014709
0.8877585014546598
0.8854349794593712
0.8838553409954115
0.8830636178842287
0.8806876481616551
0.8775124083064066
0.8774025816686345
0.8766156658220507
0.8742540872419727
0.8710981110806018
0.86965309171382
0.8689290086261272
0.8667560106781697
0.8638525671324112
0.8631347465617384
0.8623369866440996
0.8599427551066877
0.856742977867259
0.8566256766592423
0.854566815465239
0.8518161245834374
0.8502289073789916
0.8494334391124307
0.8470459916744425
0.8438551910204929
0.8435422515058572
0.8428762342697144
0.8408774132867741
0.8382069897937845
0.8367566094172545
0.8360298632236756
0.8338486640582686
0.8309339538382737
0.8293691698850405
0.8285849534478049
0.8262311268538436
0.8230850358461956
0.8226099636231814
0.8219248621841081
0.8198686156704715
0.817121012553721
0.8155333093755569
0.8147375389672815
0.8123488952494802
0.8091558053244657
0.807686326818216
0.8069499023287436
0.8047394270414976
0.8017848829868772
0.8001806796569779
0.799376530743475
0.7969625804366856
0.7937350510395513
0.7921787649626859
0.7913986314969691
0.7890567442577605
0.7859255268494597
0.7844139622682965
0.7836562410901372
0.7813816089221711
0.7783402557503512
0.7767612432947986
0.7759695489668436
0.7735927907849999
0.7704141131492119
0.7688376075970443
0.7680470824011872
0.7656737632300592
0.7624992956225061
0.7608467027868517
0.7600178042172966
0.7575291102801175
0.7541993168182102
0.7526296260305113
0.7518423186020011
0.7494785218448315
0.7463159428394359
0.7446402413057649
0.743799467361159
0.7412749279949267
0.737895946475337
0.7362845097129337
0.7354759534242155
0.7330481623035461
0.7297986514553088
0.7280827857656245
0.7272215018095909
0.7246351638719859
0.7211719809649829
0.7195300175651743
0.7187058232200838
0.7162308968812665
0.7129169997642008
0.7112302479297589
0.7103833574861492
0.7078401476074192
0.7044339061417026
0.7027175392513251
0.7018555854488928
0.6992670330435815
0.6957992896009099
0.6940801476707252
0.6932166756134299
0.6906235043208144
0.6871491141489169
0.6854194821221692
0.6845506202716589
0.6819411976149695
0.6784445727732524
0.6766966654144622
0.6758185061821093
0.6731810900513532
0.6696465015452414
0.6678830916724398
0.6669970617372324
0.6643359480782692
0.6607692876749283
0.6589674625179502
0.6580620278301974
0.6553425414285556
0.6516972109719051
0.6498881001410393
0.6489790200984511
0.6462485550328989
0.6425885773041612
0.6407488001611805
0.6398243233972455
0.6370475498802398
0.6333254951510794
0.6314837436918089
0.630558414023422
0.6277790734843732
0.6240540867346538
0.6221966884962506
0.6212636691654159
0.6184612084110376
0.6147058085899701
0.6128357274511742
0.611896582240612
0.6090757081377108
0.6052964638948326
0.6034120670684742
0.6024660466780926
0.5996245086609642
0.5958186296855257
0.5939290314296949
0.5929808041356744
0.59013264093219
0.5863192504206455
0.5844212117529661
0.5834692206135147
0.5806097485959896
0.5767827762936386
0.5748820916514589
0.5739293249074994
0.5710675257019405
0.5672392572466218
0.5653365379357426
0.5643833723118882
0.5615203718594627
0.5576925198659045
0.5557900237855115
0.5548376593037742
0.5519770565372791
0.5481546350290937
0.5462573988691299
0.545308420216543
0.5424579750713102
0.5386515371345098
0.5367617317015382
0.5358172777661135
0.532980400060791
0.5291946387393516
0.5273159024799717
0.5263778366388445
0.52356011233547
0.5198025950546847
0.5179384233623862
0.5170085259908246
0.5142152893155177
0.5104932065240626
0.5086476382571151
0.5077279478419447
0.5049653074078975
0.5012868382793594
0.4994628672479852
0.4985548906486796
0.49582735484380336
0.4921985095754983
0.4903996530518875
0.48950514620576346
0.48681797130699395
0.4832457186278577
0.48147524930895996
0.48059583635442793
0.47795388147852413
0.4744446295174261
0.47270555407826986
0.4718427187830609
0.46925042033533504
0.46580999013152424
0.4641051483006446
0.4632602851582429
0.46072181069543067
0.45735564730343764
0.45568761491141113
0.4548619838047979
0.4523810956875703
0.4490940960236797
0.44746521908589315
0.4466599647812422
0.4442400786724076
0.4410366770980167
0.4394490909477198
0.43866525511300253
0.43630947582294377
0.43319369897444976
0.431649325329338
0.4308878476053086
0.4285989717907649
0.42557444884468115
0.424075045432902
0.423336789823262
0.42111738472844085
0.4181874559377012
0.4167346349482715
0.41602040050702227
0.41387283529132224
0.41104059647693864
0.40963586902837446
0.40894641267659604
0.40687292616298926
0.404141319038474
0.4027861294175957
0.4021221832604335
0.40012493505667845
0.3974968141181478
0.3961910087451954
0.39555254883693153
0.39363141115375144
0.3911066867499526
0.38985761138335917
0.3892482028750715
0.3874138753870304
0.38500646883855105
0.38380981002834286
0.38322745413775716
0.3814738348522977
0.3791759494621188
0.37803369500435124
0.37747942113341404
0.37580953531962685
0.3736252086899944
0.37254020430562057
0.37201544834954986
0.3704335431026727
0.3683683749236704
0.3673394838740889
0.36684383073681814
0.3653485316356876
0.3634009650499745
0.36243293337972365
0.3619687294233996
0.360567014166467
0.35874615703879137
0.35784036686275006
0.35740840018549463
0.3561025066808303
0.3544114408574115
0.3535697657827292
0.35317107947389687
0.3519639922122679
0.35040679124835095
0.3496310606142219
0.34926671712368285
0.3481614409065895
0.34674227418575143
0.3460351598376783
0.34570664795726186
0.34470744225138333
0.3434321254360648
0.34279634254235963
0.3425052363755725
0.341616555651141
0.3404912630016889
0.3399301328792281
0.33967836632624876
0.33890567619635414
0.3379379919237428
0.33745538582988943
0.33724527289717937
0.33659506749184387
0.3357940869706941
0.33539481626232526
0.3352292938953173
0.33470976900776656
0.33408704977676706
0.3337772610006931
0.33366020979651506
0.33328210093515426
0.3328529518166994
0.33264106829135703
0.33257804989232703
0.33235657526996154
0.3321430140762591
0.3320419128916474
0.33204204752267485
0.3320017696315201
0.3320401246711311
0.33207464037057793
0.33215786443022166
0.33235113012379086
0.33272167573422734
0.3329820763725974
0.33323790377531265
0.33389093156974053
0.33495705423306016
0.33530286681113103
0.33628736685322674
0.3365096209071849
0.33722341878423123
0.3382483577213906
0.33872119049307886
0.3390018296710311
0.3397942496802309
0.34090858623704867
0.3414328541229138
0.34173460028739766
0.3425931539068595
0.3437857539140616
0.34434651885554146
0.34466247805515954
0.3455663530226264
0.3468112650288254
0.34739002757893295
0.3477107173157662
0.34863229807563023
0.3498934202406715
0.3504622266692062
0.35077256741052676
0.3516686372561568
0.3528882845048824
0.35350246707328226
0.35383667935331103
0.35480175250873663
0.3561122451921006
0.35683916041662495
0.3572371137563145
0.3583817965003081
0.359934979398601
0.36077156554086964
0.36123112319523065
0.3625486999566722
0.36433377377461384
0.3652867748703039
0.3658120465582451
0.36731286976715727
0.36934248638142125
0.3702790516584544
0.37078994698020806
0.37225381196749413
0.3742273771588038
0.37536716993381025
0.37599774337567066
0.3777902691275116
0.38020449964502034
0.38158701628173636
0.38236273955846056
0.38454774099603845
0.3874862907357602
0.3892549779670939
0.3902728891061897
0.39309839046507
0.39689373249857574
0.3988940151705883
0.40005718373063126
0.40326293148309633
0.40757005486501385
0.4095529371964629
0.4106969917878111
0.4138599529185165
0.4181144066381878
0.4205224759317527
0.42195625126418035
0.42586804482693114
0.43112804731574084
0.43376349794463026
0.43533552494079547
0.4396063643380208
0.44533162851437896
0.4479198917940446
0.4494369872681501
0.4535772384122899
0.4591063142475274
0.462097253777269
0.4638896966249491
0.468721086045035
0.4751267746372078
0.478976187977074
0.48138846225693216
0.4877108069854413
0.495959230022488
0.5001356866423777
0.5027571408156196
0.5095292871886253
0.5182321314274917
0.5230044168332132
0.5261367625087361
0.5339693459848256
0.5437593404349522
0.5483039167710109
0.5512531764291289
0.5585256992181841
0.5675028960735129
0.5718766749270681
0.5748366536497064
0.5819313592291083
0.5905166601788049
0.595090478305621
0.5985430997304338
0.6063269581026957
0.6152901012486813
0.6198640660686706
0.6237714383385152
0.6319482251423483
0.6407401949535234
0.6420604118592863
0.6453597012761428
0.6520832294752034
0.6593120406554023
0.6625937762284011
0.6656366360272051
0.6715687633474788
0.6778004462453364
0.680678719991152
0.6838112883454271
0.6895455124005847
0.6952327057454616
0.6978101387300601
0.7007690071222731
0.70594642819383
0.7109276480889403
0.7131747489595124
0.7159960611912342
0.720733853869504
0.7251603711215199
0.7271465554804071
0.7298638300336019
0.7342600706254834
0.7382516066008695
0.7400314161015886
0.7426713584823738
0.746801414977786
0.750447841851948
0.7520621871538966
0.7546453594614384
0.7585657023729758
0.7619330468522818
0.7634120877555066
0.7659536068924715
0.7697053217508945
0.7728411236231105
0.774206667795534
0.776717121466351
0.7803292711057809
0.7832672122709009
0.7845347335208854
0.7870212502506737
0.790513970594348
0.7932776721418959
0.7944580007230785
0.7969252478780089
0.8003123240444527
0.8029182752960781
0.8040189463429291
0.8064699120481124
0.8097607295682986
0.8122204415906346
0.8132467063807512
0.8156832530272473
0.818884191520985
0.8212057375715224
0.8221612882032722
0.8245845281616729
0.8276999318979795
0.829889036791774
0.8307765143021105
0.8331870632386041
0.8362199135089184
0.8382807219764137
0.8391020707088958
0.8415002197203043
0.8444526020807995
0.8463882211344261
0.8471449362154285
0.8495307700799059
0.8524042005290031
0.8542170825282891
0.854910382964316
0.8572838620797523
0.860079515261237
0.8617717278665529
0.862402677419045
0.86476369471577
0.8674825631123735
0.8690559781920557
0.8696255691893889
0.8719739893566458
0.8746169931539243
0.8760734171844851
0.8765835494645163
0.8789175868904401
0.881484139288062
0.8828257583530122
0.8832746536300069
0.8855974210904811
0.8880914829774743
0.8893195577058824
0.8897111202728458
0.892020880098769
0.8944419765964389
0.8955588406994544
0.8958931944009815
0.8981898754186783
0.9005391515083128
0.9015469688544485
0.9018252782210777
0.9041088718975239
0.9063875999125582
0.9072886653949754
0.9075121747200376
0.9097827158777465
0.9119922769966513
0.912789018297902
0.9129590365001174
0.9152166025764037
0.9173584820367798
0.9180534511942111
0.9181713464448057
0.9204160557653394
0.9224918349754142
0.923087696074781
0.9231548889550123
0.9253868981315226
0.9273982446172858
0.9278977590570031
0.9279157147616242
0.930135215547067
0.9320838716123654
0.9324898820775339
0.9324601020982547
0.9346673179251979
0.9365550886876187
0.9368705025824978
0.9367945162732395
0.9389896986452415
0.940818439945414
0.9410462128471195
0.9409255691502684
0.9431089939894491
0.9448806004364473
0.9450237201289352
0.9448599795954972
0.9470319435812579
0.9487483370823796
0.9488098082411597
0.9486045354290994
0.9507653526456212
0.9524284716062993
0.9524113015738223
0.9521660580786135
0.9543160566537887
0.9559278458941737
0.9558350313533192
0.955551369397618
0.9576908885330118
0.9592532899928572
0.9590878051981813
0.958767261919534
0.9608966487147191
0.962411592919116
0.962176378826807
0.9618204706864295
0.9639400780317844
0.9654094767712351
0.9651074314159863
0.96471765028109
0.9668278337885129
0.9682535730969498
0.967887543203711
0.9674653513521274
0.9695664683124492
0.970950403104808
0.9705231767308765
0.9700700045439032
0.972162410959935
0.9735063594730803
0.9730206600265713
0.9725379026698107
0.9746219517087349
0.9759276911201761
0.9753861722895671
0.974875186834209
0.9769512279290303
0.9782204913529893
0.9776257322322971
0.9770878367482744
0.9791562137843266
0.9803906862920791
0.9797451897881635
0.979181660493515
0.9812427107227769
0.9824440281531982
0.9817502154998112
0.9811622869009428
0.9832163411553696
0.9843860877118383
0.9836462988012497
0.9830351620785378
0.9850825429993745
0.9862222501954773
0.9854387416794271
0.9848055468301384
0.9868465663005362
0.9879577105450477
0.9871326567001396
0.9864785079836015
0.9885134698564435
0.9895974732058166
0.988732966685345
0.9880589235688799
0.9900881222318488
0.9911463539011102
0.9902443990688101
0.9895514832820281
0.9915752013707989
0.9926089751019432
0.9916714953578106
0.9909606774973642
0.9929791954264157
0.9939897727225387
0.9930186119707572
0.9922908271891435
0.994304406881044
0.995292996071198
0.9942899120746599
0.9935460558145739
0.9955549523734364
0.9965227086182161
0.9954893872528274
0.9947303196124652
0.9967347681589875
0.9976827867305058
0.996620849136897
0.9958473619627148
0.9978476085770734
0.9987769553355195
0.9976879150552721
0.9969008069526154
0.9988970664218524
0.9998087335009831
0.9986940800388197
0.999595114067753
0.9998286952394057
0.9999426592794707
0.9999999996703408