0.9991791363702892
0.9991545172484682
0.9991422071115702
0.9991052766053037
0.9990560339916795
0.9990499059273662
0.9990442487497225
0.9990430276859327
0.9990376201124342
0.9990350654072193
0.9990337880480393
0.9990299559682454
0.9990248465095889
0.9990219420669438
0.9990204898372572
0.9990161331455222
0.9990103241981293
0.9990074225191425
0.9990059716711055
0.9990016191243517
0.9989958157036157
0.9989927559930285
0.9989912261283085
0.998986636531232
0.9989805170407847
0.9989773487406909
0.9989757645806391
0.9989710120974107
0.998964675423574
0.9989550649710883
0.998950259656869
0.9989358436959511
0.998916622130814
0.9989136244588775
0.9989067633776938
0.9989033327915969
0.9988930410230886
0.9988793185200997
0.9988760870153044
0.9988721959741143
0.998870250438596
0.9988644138278622
0.9988566316351282
0.9988520891518008
0.9988498178901127
0.9988430040997769
0.99883391898303
0.9988294786956456
0.998827258532331
0.998820598037246
0.998811717317927
0.9988071704498436
0.9988048969956458
0.998798076627784
0.9987889827414828
0.9987836037794164
0.9987809142703138
0.998772845736043
0.998762087601971
0.9987565416682485
0.9987537686712892
0.9987454496731174
0.9987343575820965
0.998728512296056
0.9987255896199232
0.9987168215835349
0.9987051307644743
0.9986984759105336
0.9986951484408875
0.9986851660221461
0.9986718559949854
0.9986645823811038
0.998660945523176
0.9986500349380009
0.9986354873282556
0.9986284241406636
0.9986248924984557
0.9986142975610172
0.9986001708247514
0.9985935634415399
0.998590259707634
0.9985803484962581
0.9985671334135566
0.998558904172929
0.9985547894873592
0.9985424454167287
0.9985259864463278
0.9985178577165682
0.9985137932876491
0.9985015999871921
0.9984853420504269
0.9984757756128873
0.9984709923065979
0.9984566423697359
0.9984375088353636
0.9984275492456441
0.9984225693547412
0.998407629662547
0.9983877097669668
0.998385905565551
0.9983816896192554
0.9983690417657616
0.9983521777406568
0.9983411151169124
0.9983355836874477
0.998318989375465
0.9982968632485129
0.9982837852239539
0.998277246048991
0.9982576284929398
0.9982314712202585
0.9982300196758311
0.9982136880248036
0.9981919121233328
0.9981563585541231
0.998138580568958
0.9980852464144752
0.9980141302272606
0.9979933922629388
0.997980800533882
0.9979745045183279
0.9979556164421793
0.9979304318451382
0.9979177490297398
0.997911407467063
0.9978923827491625
0.9978670159571477
0.9978542574538599
0.9978478780459421
0.9978287397927698
0.9978032216087009
0.9977976962938234
0.997791631806695
0.9977734383181905
0.9977491798737118
0.9977372308377461
0.9977312561821271
0.9977133321883713
0.997689433086786
0.9976450611602984
0.9976228733281445
0.9975563095327183
0.9974675515404583
0.997454811322323
0.997444325098996
0.9974128663549346
0.9973709199758818
0.9973517411871036
0.9973421514387003
0.9973133821312292
0.9972750218944217
0.9972575224513988
0.9972487724347368
0.9972225223326017
0.9971875212272681
0.9971688828085897
0.9971595632641186
0.9971316045710014
0.9970943252236375
0.9970762717112337
0.9970672446434163
0.9970401633836418
0.9970040540151598
0.9969852360450496
0.9969758267215277
0.9969475986906773
0.9969099601995576
0.9968882017160581
0.9968773220208226
0.9968446828554423
0.9968011624803231
0.9967795882615499
0.9967688007078236
0.9967364379681743
0.9966932861943866
0.9966690547411824
0.996656938458319
0.9966205895141151
0.996572122402376
0.9965460619675193
0.9965330311018153
0.9964939383906015
0.9964418126644371
0.9964148782487054
0.9964014103595963
0.9963610065719153
0.996307132601406
0.9962816199410965
0.9962688630022665
0.9962305920791
0.9961795621305792
0.9961349321524677
0.9961126152734904
0.9960456643272326
0.9959563900805742
0.9959124211853945
0.9958904348905158
0.9958244757016074
0.9957365240474924
0.9956938019137572
0.9956270390290647
0.9955953479780394
0.995579501499876
0.9955319618974452
0.9954685726317344
0.9954323627585876
0.9954142565890752
0.9953599378679902
0.9952875087922513
0.9952530997148651
0.9952358940571882
0.9951842768986165
0.9951154502394205
0.995081671454815
0.9950647809600428
0.9950141092872666
0.9949465434865193
0.9949083583143739
0.9948892643533243
0.9948319822385573
0.9947556014695359
0.9947118279109983
0.9946899393088722
0.9946242731979966
0.9945367123071323
0.9944922095045006
0.9944699562105404
0.9944031960231826
0.9943141761628657
0.9942709507474481
0.9942493362581688
0.9941844924891038
0.9940980282650669
0.9940472780481506
0.9940219005134431
0.9939457674980405
0.9938442486570195
0.9937968849136095
0.9937732009056209
0.9937021485140091
0.9936074049560188
0.9935463846851894
0.9935158710448162
0.9934243295159024
0.9933022625395254
0.9932185717298517
0.9931767197629926
0.9930511627990591
0.9928837312568842
0.9927989920938551
0.9927566156893102
0.9926294853486368
0.9924599554725372
0.992433366462203
0.9923972023687152
0.9922887092834811
0.9921440352845435
0.9921262790191139
0.9920938847531307
0.9919967012846119
0.9918671101922396
0.9918004115081278
0.9917670580097717
0.9916669968098868
0.9915335678553799
0.9914670575614236
0.9914337982476487
0.9913340196170843
0.9912009674597849
0.99112690701342
0.9910898716094045
0.9909787645448449
0.9908306044041028
0.9907600301247013
0.9907247382541984
0.9906188618718976
0.990477677553929
0.9904011457836628
0.9903628743498174
0.99024805912483
0.990094953683993
0.9900163911886218
0.989977104133111
0.9898592419635593
0.9897020731880889
0.9896001323446844
0.9895491522545343
0.9893962103695738
0.989192254834152
0.9890692363914171
0.9890077128786237
0.988823139970793
0.9885769947485463
0.9885452078080481
0.9884873230614329
0.988313666650724
0.9880820829396925
0.9879582294920717
0.9878962885420781
0.9877104632907935
0.9874626476054215
0.9874147863460567
0.9873509177842477
0.9871593095603419
0.986903780093601
0.9867855479054529
0.9867264185535487
0.986549028263792
0.9863124638447416
0.9861945159134194
0.9861355289221108
0.9859585656730719
0.9857225711404616
0.98559406284425
0.9855297933683427
0.9853369822339111
0.9850798489306415
0.9849233411965047
0.9848450645488912
0.9846102306971458
0.9842970413141063
0.9840743665481295
0.9839629828363519
0.9836288237279615
0.9831831222000667
0.9830404077896057
0.9827312927192658
0.982558484012302
0.9824720517351473
0.9822127499686784
0.981866920169089
0.9816922590105286
0.9816048999676464
0.9813428178054605
0.9809932791701935
0.9808158117605559
0.9807270488724417
0.9804607549315794
0.9801055972711007
0.9798791481923569
0.9797658761279352
0.9794260513948463
0.978972790018531
0.9787292269515948
0.9786073902564488
0.9782418700123203
0.9777543249277659
0.977709592654782
0.9774055879061201
0.9770001207051008
0.976791382515899
0.9766869736288346
0.976373739478322
0.9759559575346324
0.9757029063233068
0.9755763218654379
0.975196557389528
0.9746900051909175
0.974441127129983
0.9743166315183142
0.973943133787772
0.973444943953969
0.9732188375147689
0.9731057376510509
0.9727664289587336
0.9723138582150375
0.9720376016254733
0.971899403816315
0.9714847967273567
0.9709317501011021
0.9706339218065406
0.970484927110964
0.9700379270415255
0.9694416514147615
0.9690764292343977
0.9688936972969118
0.968345477402866
0.9676141037959324
0.9672131311796435
0.9670124998361292
0.9664105762850269
0.9656075127654432
0.965234785789171
0.9650482969801873
0.9644888045835958
0.9637423860091039
0.9634035924668513
0.9632340931216499
0.9627255732610925
0.9620471915425595
0.961658654095433
0.9614642500900062
0.9608810089504013
0.9601028900134293
0.9596523059085252
0.9594268337301358
0.9587503772768304
0.9578478109553851
0.9574128450069229
0.9571951943843171
0.9565422047113984
0.955670970945435
0.9551929381194438
0.9549537201232782
0.9542360197360942
0.9532783854502475
0.9527233246849561
0.9524455237151239
0.9516120575042368
0.9504998243112607
0.9499179965614971
0.9496267862098772
0.9487530837252534
0.9475871126540659
0.9469430417442145
0.9466206457044589
0.9456533683370794
0.9443623974004705
0.9437715725767096
0.9434758569780622
0.9425886331343571
0.9414046052769912
0.9410447024055405
0.9407008903133011
0.9396693481744021
0.9382925276708896
0.9381560239097587
0.9378008135938456
0.9367350666254987
0.9353125471775886
0.9346494499653024
0.9343175281771942
0.9333216582477901
0.9319925056817223
0.9313789693146897
0.931071883783355
0.9301505353122335
0.9289209396095811
0.928208297946912
0.9278515529227271
0.9267811911300852
0.9253525186494844
0.924448629478562
0.9239960077368684
0.9226379345640634
0.9208247171551538
0.9197297352376759
0.919181257229493
0.9175355070704522
0.9153375772128699
0.9152543972840961
0.9138417308610024
0.9119555438647267
0.910689899991536
0.9100557875017418
0.9081529968444111
0.9056111750835723
0.9043408289916617
0.9037043682164192
0.9017945069361196
0.8992432293848008
0.8988631423926003
0.8982942682599528
0.8965872449193932
0.8943073947942556
0.8932494787508883
0.8927196452228979
0.8911297812873045
0.8890066527522437
0.8876568450471535
0.8869805340231007
0.8849509859602169
0.8822395234127678
0.8802862289503544
0.8793066685379713
0.8763666388143097
0.8724351898190983
0.8719541003462401
0.8694082620493243
0.867881558081682
0.8671164556908718
0.8648202370881699
0.861751635733175
0.8617069497853024
0.8607445684943885
0.8578559215907446
0.853993256072758
0.8524888091039154
0.8493282014405733
0.8479034485739586
0.8471895569048485
0.8450469612670791
0.8421839526528307
0.840811665784579
0.8401241194025824
0.8380605820681518
0.8353033596202318
0.833985234938475
0.8333248736682289
0.831342920463627
0.8286948495059864
0.8272092442418171
0.8264647847574081
0.8242302498239304
0.8212437808897138
0.8195206936572044
0.818656893341728
0.8160638539245955
0.8125966588973736
0.812350838850739
0.8116300115009828
0.8094663326120463
0.8065744571314879
0.8050723931543672
0.8043195833142629
0.8020597863035278
0.7990388983570942
0.7975284859684457
0.7967714359313944
0.7944988366913996
0.7914605363311108
0.7898872420710019
0.7890985375299145
0.7867307771482425
0.7835645775820881
0.7819899750677498
0.7812005404089936
0.7788305099569724
0.7756609133196025
0.7740309622469486
0.7732136158822057
0.7707596428051197
0.7674770095598067
0.7658038898004452
0.7649647256549758
0.7624451047760197
0.759073870222216
0.7574333809976219
0.7566105169204848
0.754139792880679
0.7508337143077937
0.7492002883790212
0.7483808624378575
0.7459203895706975
0.7426275743274867
0.7409984607507896
0.7401810836430622
0.7377266910327276
0.7344415347009682
0.7327648602495349
0.7319234050536586
0.7293965640648229
0.7260134987332557
0.7243471870399751
0.7235108140701941
0.7209991757021698
0.7176360146902024
0.7159720921259748
0.7151367936927332
0.712628317619803
0.7092689014471855
0.7075770826611345
0.7067275974530892
0.7041764084361535
0.7007590379616319
0.6990373636470231
0.6981727006950094
0.695575819805766
0.6920964890447728
0.6903509845074051
0.6894741885899394
0.6868407728739893
0.6833118405113395
0.6815499740868364
0.6806648296374875
0.6780062637591054
0.674443129311018
0.6726601637481572
0.6717643039815308
0.66907347746132
0.6654666537120498
0.6636539082134574
0.662742979889365
0.6600068078005574
0.6563387733751953
0.6545273482160043
0.6536170941820603
0.6508829293082677
0.6472176548079434
0.6453864005178027
0.6444661907522914
0.641702072731595
0.6379966456448937
0.6361548412709854
0.6352294122940659
0.6324495939075527
0.6287234105671952
0.6268680073068474
0.6259358793899548
0.6231359174185077
0.6193831900793925
0.6175053198373865
0.616562082920888
0.6137287197143866
0.6099318101605113
0.6080427811384526
0.6070942117492096
0.6042448251172384
0.6004273750742009
0.5985235405981547
0.5975678747263244
0.5946971618997655
0.5908522712307237
0.5889392641235898
0.5879794164285501
0.5850961438886607
0.5812358482436731
0.5793173093597574
0.5783551871841749
0.5754650892031659
0.5715973236898121
0.5696747065884991
0.5687111125620294
0.5658165982785247
0.5619448115346625
0.560020018274188
0.5590559770679497
0.5561601206429184
0.5522886381658227
0.5503663416998953
0.5494042615628523
0.5465142953021684
0.5426529882292674
0.5407352498222611
0.5397762204347175
0.5368954083983013
0.5330487968072493
0.5311391189958778
0.530184942960724
0.527318690601337
0.5234941276734644
0.5215964194768883
0.520649090983069
0.5178033775149274
0.5140089412401788
0.5121267329816194
0.5111880449807241
0.5083682422940109
0.5046111576356301
0.5027479195540778
0.5018196232807239
0.4990309759972781
0.4953182582695104
0.4934775418239677
0.4925614171865431
0.4898092547341166
0.48614799322091234
0.4843331406006893
0.48343085258572716
0.48072015768216586
0.4771169452984584
0.4753311851848041
0.47444433274738446
0.4717798887826111
0.4682410232610132
0.46648736985892364
0.4656174377563826
0.463003684180043
0.4595349829448831
0.45781624815861593
0.45696461523423365
0.4544056726338513
0.45101251375752616
0.4493312647177228
0.4484991855629447
0.44599880050135415
0.4426860581836175
0.4410446379571653
0.44023325584962103
0.43779483962079807
0.43456694370764104
0.43296748626900305
0.4321778431867947
0.42980450159601497
0.42666548443509505
0.42510993415729076
0.42434298277997007
0.42203755171838736
0.4189911014355427
0.41748124621182575
0.41673786819162834
0.41450296792564545
0.41155250465799464
0.4100900120898553
0.4093710373125989
0.4072091296297942
0.40435788365720277
0.4029443386042527
0.40225056458775205
0.40016401027051096
0.39741509880208103
0.3960520421398632
0.39538425353664847
0.39337537009575685
0.3907318728858178
0.38942059707274124
0.38877946855434403
0.38685023595141327
0.38431481437822834
0.3830587580567138
0.38244599652050004
0.3806015048014834
0.37818085408893015
0.3769799128409683
0.3763955406011466
0.3746357873640498
0.37233003099986584
0.3711843155630816
0.37062848236995233
0.3689538337893995
0.3667636241303251
0.3656774526000236
0.36515230478633104
0.3635691545663191
0.3615028945743265
0.36047656026490277
0.35998236086799035
0.35849139126879453
0.3565501856689358
0.35558650973290795
0.35512472364745223
0.35373023987171204
0.35191984858307485
0.35102079599930863
0.3505925088728052
0.3492976462765837
0.34762237379587857
0.3467909871408505
0.34639780036952583
0.3452072398661218
0.3436733725687012
0.3429120944081475
0.34255536647516294
0.34147301861358137
0.3400859287089159
0.33939788317799807
0.3390793198014742
0.3381101150954407
0.3368765164324627
0.3362650953658492
0.3359865729708209
0.3351359125612681
0.3340631923261601
0.33353243897038687
0.3332961811628773
0.33257046812166713
0.33166734788398017
0.3312217633980707
0.3310302759759431
0.3304366947867111
0.3297129935827035
0.3293578469524725
0.32921407046220447
0.3287610342266408
0.3282282376629089
0.3279696795597049
0.32787706971983954
0.32757443176919787
0.32724599630517703
0.3270913073051862
0.327053990520045
0.3269134682328459
0.3268054099852372
0.3267634073907039
0.32678642541160996
0.32682227298720057
0.3269540860161991
0.3270357355083003
0.32712544790655607
0.32735554260405725
0.3277517362425162
0.3279713885661453
0.3281362794382662
0.3285843081818629
0.3292774974290415
0.32965569569209047
0.3299082501041681
0.3306087800076271
0.33164692406175056
0.3322186628307675
0.332581023724884
0.3335947311448832
0.3350630528811648
0.3359168299194812
0.33644865766324433
0.337936708418338
0.34006583335821616
0.3413593170084749
0.3421655343037397
0.3444084125618203
0.34758928713241066
0.3484431649443826
0.35098167823867293
0.3510918790855958
0.3517048866176943
0.353457467425999
0.35586483218665393
0.35631463236533245
0.35691119738203264
0.3586248086343705
0.36096289185530755
0.36203283232043
0.36261648422446785
0.3642988433002254
0.3665824576612331
0.36764008879384924
0.36821170492312777
0.36986349962473786
0.3720971350359918
0.37313085023127585
0.3736852401252995
0.3752907742917426
0.3774553530418307
0.3784528392647582
0.37898420562556345
0.3805262816949659
0.38260029963668735
0.38354756359084335
0.3840490411110095
0.3855075391928341
0.3874653320032933
0.3883430536459385
0.38880480014591934
0.390151136066743
0.39195552791685634
0.3920514086791352
0.3924556147595453
0.3936382128295326
0.3952213063055954
0.39605559390847905
0.39649263769372733
0.39776893992025164
0.39947660440944766
0.4003915436257872
0.40087249563023963
0.402273472020318
0.40414697465548133
0.4051255683796737
0.405641261065602
0.4071403352049808
0.4091438737563713
0.41017859522957034
0.4107251394553656
0.41231086353660795
0.4144291107138164
0.4155188069263395
0.4160958723451488
0.41776688359861125
0.4199981307774471
0.4211485693689778
0.4217597438629738
0.4235256280891262
0.4258828144922582
0.42705723759439496
0.42768197162673616
0.42948505193859915
0.4318913864218907
0.433078041461113
0.4337098826624881
0.435532078114858
0.4379634854381592
0.43920353385797056
0.4398660304857861
0.4417725528435
0.4443156862972629
0.44568292499226575
0.44641872305403385
0.4485264028183913
0.45133598537555464
0.4530176357748773
0.45393867875819127
0.45654821109161264
0.4600204819905854
0.462152099928293
0.4633482125133948
0.466683435006571
0.47110388501888384
0.473441457338482
0.4747650581471142
0.4784222084924328
0.4832500572018481
0.48578425114485524
0.48723697430102003
0.4912091274481726
0.49642654829767585
0.49932642221635015
0.5010328162750082
0.5056117399194178
0.5115744214463025
0.5150741182184856
0.5172317426859678
0.5228388156321695
0.5300213580005637
0.5347748764131797
0.5380543562436609
0.5460120980403502
0.5557428943303936
0.5605809868074111
0.5640180651824955
0.5720350918638183
0.5815598136814703
0.5861187032497076
0.5895396621559097
0.5971984715143994
0.6060447334740394
0.6103432883025778
0.6139170711342005
0.6214752933009593
0.6298159930467888
0.6336829196857013
0.6371271467518164
0.6440545015584713
0.6514290205600439
0.65478544260543
0.6579940881195137
0.6641637810203314
0.6705515516492503
0.6734486943271972
0.6764702804551869
0.6820293576963322
0.6876227147684633
0.690150491943312
0.6930275979543354
0.6981027760024795
0.7030632169276511
0.7052961522310399
0.7080630180715926
0.7127563957431811
0.7172128198893717
0.7192099603637685
0.7218933299606242
0.7262847882890768
0.7303374019131288
0.732144344132597
0.7347646321991478
0.7389152827580061
0.7426404224757875
0.7442917098633927
0.7468642029404066
0.7508199777879868
0.7542748766289805
0.7557962947130986
0.75833224405057
0.7621271656201632
0.7653541806989906
0.7667647484024058
0.7692722970875415
0.7729312457962614
0.775961381837426
0.777274986305797
0.7797599225057135
0.7833008780579246
0.7861566130573716
0.7873833073836124
0.7898496594797534
0.7932854656114506
0.7959829606950595
0.7971299716685251
0.7995804697015289
0.8029201976415447
0.8054709957381034
0.8065434945311012
0.8089799232232466
0.8122299109358985
0.8146422260895873
0.8156439109274315
0.8180673770214615
0.82123201310243
0.8235116993336025
0.8244452319092113
0.8268563649363946
0.8299386747415641
0.8320899478267622
0.832957277421693
0.8353563793417137
0.8383584596861106
0.8403844304154563
0.8411870325981415
0.8435741884692056
0.8464975272964482
0.8484005919693685
0.8491396427477131
0.8515148018399827
0.8543605110028802
0.8561426344300134
0.8568191359053432
0.8591821704290904
0.8619511530865704
0.8636140710341478
0.8642289407987597
0.8665796876298598
0.8692727565410207
0.8708181180826401
0.8713722516767887
0.873710541035675
0.8763284999786831
0.8777579652765054
0.8782494752525833
0.8805801214227197
0.8831283488176291
0.8844425423444235
0.8848809787371118
0.8871938346337122
0.8896640560471667
0.8908669213616419
0.8912445876614772
0.89354440459528
0.8959421580939694
0.8970347695108476
0.8973556669113358
0.8996424594027226
0.9019689602841279
0.9029534520252996
0.9032187911799248
0.9054925574925172
0.9077490819286057
0.9086277467698501
0.9088387723991393
0.9110995549133788
0.9132874915863219
0.9140627601796996
0.9142207827947264
0.9164686673615824
0.9185895109806445
0.9192639400731543
0.9193703298587128
0.9216054434231591
0.9236607850431324
0.9242370430334398
0.9242932220813999
0.9265157296751425
0.9285072454587978
0.9289880962896052
0.9289955302536056
0.9312056314866058
0.9331350705388604
0.9335233568252654
0.9334835461742607
0.9356814716548244
0.9375506436682103
0.937849269603504
0.9377637411118633
0.9399497486555614
0.941760511507625
0.9419724261998439
0.9418427245088948
0.9440170954721656
0.9457713432811411
0.9458995246903639
0.9457272044087904
0.9478902400484648
0.9495898917150938
0.9496373315484367
0.9494239497547906
0.9515759678056898
0.9532229563569661
0.9531926459523821
0.9529397553575635
0.9550810867851495
0.9566773493911372
0.9565722669437122
0.9562814094877844
0.9584123954935233
0.9599598645027752
0.9597829631987737
0.9594556645340496
0.9615766537810625
0.9630772485001219
0.9628314460876158
0.9624692105300783
0.9645805565392113
0.9660361758432973
0.9657243455852415
0.9653286516577271
0.9674307104098869
0.9688432261869492
0.9684681887809248
0.9680404854431505
0.9701336131241485
0.971504864760494
0.9710693809014387
0.9706110837310488
0.9726956360306653
0.9740274260008857
0.9735341904404973
0.9730466802681594
0.9751230092539367
0.9764170978783718
0.9758687359534166
0.9753533550214843
0.9774218081964273
0.9786799109520871
0.9780789729620039
0.9775370239768588
0.9795979434028693
0.9808217279535895
0.9801706871070809
0.9796034314586428
0.9816571524871907
0.9828482369977186
0.9821494851243628
0.9815581430681365
0.9836049936416752
0.9847649439891824
0.984020792981
0.9834065401890612
0.9854468405582573
0.986577170234673
0.9857898486075848
0.9851538200063783
0.9871878795749861
0.9882900479636609
0.9874617002915819
0.9868049855270578
0.9888331071760094
0.989908520071582
0.9890412094589824
0.9883648563142885
0.9903873309386495
0.9914373399460699
0.9905330449010518
0.9898380619235599
0.9918551684221376
0.992881068529393
0.991941690255716
0.9912290314605229
0.9932410476194309
0.9942440862575456
0.9932714390076506
0.992542036720234
0.9945492154159437
0.995530579195149
0.994526407636249
0.9937811277057003
0.995783729567729
0.9967445651864419
0.9957105166984549
0.9949502063754383
0.9969484766742347
0.9978898725586158
0.9968275384016773
0.9960530066370927
0.9980471650662452
0.9989701578378037
0.9978810505992489
0.9970930553969193
0.9990833298034577
0.9999889031504534
0.9988744825133202
0.9999193146990687
0.9999431060792773
0.9999684070784823
0.9999999996956925