0.23517304352893723
0.23518420305157225
0.23518978380655106
0.2352065264800338
0.23522885386542552
0.235231668893997
0.23523422555717619
0.23523478921281152
0.23523723163197238
0.23523840404983662
0.23523898316184294
0.23524072397351595
0.23524304044653857
0.23524435765745333
0.2352450162407719
0.23524699199729726
0.23524963491386827
0.23525094371670588
0.23525160317987182
0.23525358551679657
0.23525620705687977
0.23525760667396536
0.23525830277616602
0.23526037862411167
0.23526318041309524
0.23526459951753342
0.2352653187442479
0.2352674764321478
0.23527035341034475
0.2352747168107498
0.2352768986621171
0.2352834703787614
0.23529211596483238
0.2352935255824002
0.23529666350822737
0.23529822292878022
0.2353028453522476
0.23530919960062813
0.23531060453793606
0.23531234672424867
0.23531323029784249
0.23531588103009013
0.235319404025378
0.23532147204845136
0.23532250258849505
0.23532559422404628
0.23532974315983576
0.2353317455887358
0.23533275501939413
0.235335783326119
0.23533979516334227
0.23534187238229767
0.23534290534037158
0.2353459980629818
0.23535013008050604
0.23535257341596735
0.2353537951956403
0.23535744596771993
0.2353623636403809
0.2353648589355299
0.23536611999697252
0.23536990320407059
0.23537494766848063
0.23537759351192997
0.23537892011275963
0.23538289994035055
0.23538822370484921
0.23539123699423337
0.23539274220821926
0.23539727592153328
0.23540329698172266
0.23540662002847693
0.23540827276014414
0.23541321128341883
0.23541986359014122
0.235423046990176
0.23542465207951482
0.23542946738405407
0.23543584675648216
0.23543887534535482
0.23544037700689863
0.23544488202383124
0.23545088898031438
0.2354546259813116
0.2354564987713158
0.23546212833190866
0.23546954961612773
0.23547327704215687
0.2354751336010141
0.2354806703163084
0.23548809722395941
0.2354924249501222
0.23549459990933114
0.23550112485347166
0.23550979737721836
0.23551434358656903
0.23551660320786877
0.2355234225609625
0.23553234740874876
0.2355332684612639
0.23553518167407742
0.23554093276711002
0.23554858605497336
0.23555362917396866
0.23555614532222793
0.23556366394490116
0.23557379163259784
0.2355796936346744
0.23558266208538442
0.23559165592534867
0.23560330742432872
0.23560414950166747
0.23561158088697187
0.23562149012984657
0.23563766976864342
0.2356457616604394
0.2356701342322495
0.2357021037371614
0.23571175585522128
0.23571757392916476
0.23572044096168457
0.23572900821467946
0.23574058480156884
0.23574626796532183
0.23574916269254814
0.23575782989440122
0.23576933619623044
0.23577519290860993
0.23577809901253427
0.23578678306328596
0.23579855442612335
0.23580095282802896
0.23580371933566183
0.235812035297255
0.23582296394495594
0.23582850632716731
0.2358312263109341
0.2358393863652893
0.23585026732012862
0.23587047042762369
0.2358805976070859
0.23591068205840598
0.2359520887277667
0.23595722187692336
0.23596198818080033
0.23597640011700455
0.23599522917991397
0.23600419828822555
0.236008563814884
0.23602163491294492
0.23603931786761695
0.23604715016558148
0.23605115311932406
0.23606306828113177
0.23607923097994812
0.23608755818146987
0.23609182281334895
0.23610451698722762
0.2361218442406644
0.23612984652472263
0.23613395929115255
0.236146370400711
0.23616272300047736
0.23617142099470148
0.23617571435103465
0.23618864507346882
0.23620571618759864
0.23621573603003307
0.23622069571410007
0.23623566246189945
0.2362552574716282
0.23626532880951626
0.2362702372728761
0.236285078399393
0.23630465752297627
0.23631580574146416
0.23632135170830956
0.23633795764675383
0.23636007598602501
0.23637203117383077
0.23637797043579953
0.23639599746645096
0.23641939429363576
0.23643202778619127
0.23643820461335918
0.23645666375165392
0.23648122150161352
0.23649298502862912
0.23649880407329682
0.23651639767286925
0.2365395366607514
0.2365601278382137
0.2365703027808907
0.23660118552357143
0.2366414044998333
0.236661994714541
0.23667205976958686
0.2367020225539363
0.2367431616559251
0.23676198761450984
0.23679326385140348
0.23680729546187632
0.23681454066734095
0.23683648715600164
0.23686512520310524
0.23688208304139802
0.23689038157253361
0.23691532608648672
0.23694852936236596
0.23696430233955496
0.23697221890367448
0.23699574181169572
0.2370278940633112
0.2370429837843548
0.2370507164948068
0.2370740047424045
0.23710503968555255
0.2371225763170497
0.2371313435004312
0.23715774689606145
0.23719261645526848
0.23721290263704575
0.2372229254297753
0.23725322600283158
0.2372932148757497
0.23731378754028984
0.23732405247463167
0.23735473152655648
0.23739555332023143
0.23741557813461472
0.2374255099382963
0.2374554771107063
0.23749485849051977
0.23751852779597904
0.2375302356655785
0.23756502818511518
0.23761272044863524
0.2376338260619917
0.23764477101436468
0.23767742137450656
0.23772147593324724
0.23774942594444498
0.23776346161226738
0.23780573092917576
0.23786189966340954
0.23790066515979832
0.23791995932930798
0.2379779561124678
0.23805494742724986
0.2380943273247142
0.23811392939114673
0.23817274078348225
0.2382507254563701
0.2382634109297581
0.23828014148718157
0.23833071224707733
0.23839648656861603
0.2384054214782604
0.23842042152072465
0.2384654246907502
0.2385254554821173
0.23855634780284501
0.2385718215942929
0.23861841852024415
0.23867961558664175
0.23871096618968718
0.23872642958370335
0.23877290866230144
0.23883425333985525
0.23886902208158373
0.23888625900638058
0.23893806895343228
0.23900624995727576
0.23903969743877984
0.23905617472449692
0.23910524808197758
0.2391717669391838
0.23920674587947935
0.2392245969335551
0.23927805641574623
0.2393495042510601
0.2393860981063628
0.23940444411472878
0.23945918588207743
0.23953281660087802
0.23958016622873934
0.23960392814574538
0.2396753512901917
0.23977019494296045
0.23982789406563298
0.2398566506320077
0.23994261954392368
0.2400590799664909
0.24007287351321976
0.2401000263864092
0.24018134858064236
0.2402897444787275
0.2403480332201748
0.24037710821005243
0.24046465613405543
0.24057974897320045
0.2406031309612469
0.24063322027905218
0.24072269985832145
0.24084485721559848
0.240898951099523
0.24092681037297092
0.24101084111389123
0.2411208366444138
0.24117749464307162
0.24120544639910746
0.24128828545487205
0.24140173563735626
0.2414610281478649
0.24149147219359784
0.2415823393210482
0.2417049021140177
0.24177824763567607
0.2418152598147552
0.24192650772373267
0.24207473957453735
0.24218040455605333
0.2422333764624452
0.24239096511159983
0.2426066763103524
0.24264116171414757
0.2428094129915599
0.2428881064420047
0.24301058088571273
0.24308578628324606
0.24312317095591793
0.24323610390187814
0.24338544710848403
0.24348433983371254
0.24353344928517628
0.24368105706908064
0.24387834766603916
0.24398988758053877
0.2440455858118072
0.24421383262734128
0.24443647924973871
0.24456013483991837
0.24462165603631422
0.24480611888197118
0.24505300812360317
0.24519416092732965
0.24526476915653284
0.24547734854929512
0.24576192155546223
0.24576895813984645
0.24582562716158274
0.24599499727874058
0.24622381315508832
0.24634031903575024
0.24639948103125753
0.24657631222045123
0.24681370177283757
0.2469821761307532
0.24706671390453241
0.2473220070864148
0.24765734162751313
0.24768819978083997
0.24779843143190697
0.2481303066416354
0.2485728624846449
0.24879174995858744
0.24890116592727357
0.2492310567275887
0.24966822157805146
0.24975335140243993
0.250053613540413
0.250187681678045
0.25025649027944724
0.2504619195596592
0.25074030444669876
0.2508769454450626
0.25094654926776533
0.2511551218264891
0.2514347895781075
0.251616804046427
0.25170844144293286
0.2519824836853794
0.2523521623845427
0.25253520883782254
0.2526281917322286
0.2529066658354864
0.2532788627548844
0.25347242485886845
0.253569346965338
0.2538600343487598
0.25424935082857286
0.2545040239745441
0.25463215795254457
0.25501703040332313
0.25553056864761775
0.2558615326469721
0.2560272010282268
0.2565258713560433
0.2571913564974073
0.2576328792446088
0.2578547917909631
0.25852200470037273
0.25940957864944963
0.2597371988289781
0.26038015068923476
0.2605170627408056
0.2607253493790142
0.26134812486348047
0.26219296367886935
0.2624393998491798
0.26305083486264863
0.263381585690539
0.2635483449146096
0.264048975277011
0.2647194086083242
0.2651561913814714
0.2653759574341709
0.2660373356740897
0.26691684106709584
0.2669565874441311
0.26746144289109997
0.2681352756691351
0.2685588559162141
0.26877127594628125
0.2694091028518588
0.2702641805999393
0.27079284174742807
0.2710590336225848
0.27185930634848454
0.2729290649198536
0.2734327417638335
0.27368462074598304
0.2744421498527426
0.27545558916019397
0.27609975423090394
0.27642410425849523
0.27739891111363574
0.2787071417163161
0.2795784045029395
0.2800186959308014
0.28134023076577175
0.28312422680085875
0.283805820531454
0.2851723344915216
0.28588767381663704
0.28624852483098406
0.2873324513313299
0.288791333734649
0.2895119603915003
0.2898757635437526
0.2909689838181672
0.29243881964655183
0.29330613938581834
0.29374408674303726
0.2950607197570729
0.29683445001158537
0.29765670081998574
0.29807205859515307
0.2993206142782167
0.3009987756416095
0.3021855470557241
0.3027862552001299
0.30459298981136906
0.3070340760539529
0.3074210340244274
0.30914789183106034
0.3100673516950079
0.3105319489980044
0.31192866538604463
0.3138071470993363
0.3151500645113351
0.31583082928967193
0.31787744964410625
0.32064932969392407
0.3210432761154012
0.3229036277100145
0.3240374229320414
0.3246110402252092
0.3263358708795634
0.3286621482068495
0.32983394431346774
0.33042676600550325
0.33220952344457727
0.3346133638562982
0.33595524981938546
0.3366347683059601
0.3386779805266521
0.34144180996441464
0.34173317043372015
0.34345457267419766
0.3457739374301107
0.34726552855366005
0.348021802270917
0.35029658733296504
0.35337510743182726
0.3539854484248773
0.3561368441092271
0.3590457525057422
0.3595506228820333
0.360205930754857
0.36217641887117413
0.3648369204515807
0.3661913387435668
0.3668772551954055
0.3689401817363292
0.371725918333848
0.373176158605062
0.37391104154418076
0.3761212812835124
0.3791085033796239
0.3806151746716384
0.38137893695185343
0.383676518557608
0.3867823822951889
0.3883836378180613
0.38919575245322346
0.3916391389923571
0.3949449220361532
0.3965947698001217
0.39743188359268655
0.39995059178933334
0.40336003008041216
0.4050527392326999
0.40591210090899094
0.40849787647716646
0.4119992324064645
0.4137678609469568
0.41466638533734834
0.41736983622239654
0.4210339343093217
0.42284669001900343
0.4237681459508185
0.42654120221178476
0.4302994210962983
0.432255737089163
0.43325098105687687
0.43624679569909386
0.44031133521005134
0.44237014592953205
0.4434182030456862
0.44657326148110477
0.4508570510391224
0.45299601776554926
0.45408538330508763
0.4573651401013282
0.4618194466796731
0.46408442390142507
0.4652386185762371
0.46871380846553906
0.47343713221145756
0.4757876047359925
0.476985695509223
0.4805932811096927
0.48549694107076485
0.48798896501763805
0.4892596981648248
0.4930865131687975
0.49829056672905936
0.5009203047041132
0.5022615518900089
0.5063012916845983
0.511796181301853
0.5145837592614125
0.5160057711641542
0.5202891483150646
0.5261180535214637
0.5290189227109757
0.5304985814154471
0.5349561227039344
0.5410205941160474
0.544119613625644
0.5457005622490803
0.5504640636203137
0.5569474688743125
0.5602141739767811
0.5618805732810547
0.5669021919665643
0.5737374104485561
0.577189754270881
0.5789507699017831
0.5842581261676474
0.5914836275899102
0.5951008826822269
0.5969457624106841
0.6025062775565464
0.6100761108695884
0.613888894125216
0.6158333168880232
0.6216945869407926
0.6296743897908924
0.6336876901132902
0.6357341053900434
0.6419034575214821
0.6503031155740082
0.6545202471739427
0.6566702441458365
0.6631526407056249
0.6719780742722682
0.6764325029974154
0.6787031989589422
0.6855504018721095
0.6948731893116524
0.6995680597902119
0.7019609197416453
0.7091774279578718
0.7190030433431284
0.7239520189991813
0.7264738890254236
0.7340804060754437
0.7444370420479774
0.749644177519877
0.7522969676682194
0.7602992256377205
0.771194091975486
0.7766714647026544
0.7794611896732512
0.7878774401119202
0.7993348069894828
0.8051082651531672
0.8080479768596877
0.816917768696194
0.8289917943412348
0.8350641486491079
0.8381550187689331
0.8474818970924147
0.8601764439910006
0.8665599773751848
0.869808036926082
0.8796102984847998
0.892949567639333
0.8996641984810855
0.9030793645066326
0.9133870744663924
0.9274117099193232
0.9344675054972196
0.9380546264056221
0.9488824630852757
0.9636116394086391
0.9710214082817079
0.9747867086800881
0.9861535862635371
1.0016121524981956
1.0093957616430302
1.0133490428247116
1.0252847335939852
1.041512658800603
1.0496814156056171
1.0538280849954473
1.0663489641434065
1.0833676319445602
1.0919339873579226
1.0962800213509765
1.1094042646714612
1.1272373531551207
1.1362181050697007
1.140771653248593
1.15452402745648
1.1732043429121242
1.1826128017731603
1.1873802063844432
1.2017799885982121
1.2213326501765804
1.2311818959449838
1.236169343662038
1.2512353582602254
1.2716847170961143
1.2819890193929657
1.2872032473608743
1.3029560089824443
1.3243286312457594
1.3351009110169612
1.3405479122052655
1.3570056851867192
1.3793248724914569
1.3905776377594696
1.3962631263859873
1.4134433488155007
1.4367310826546065
1.4484761892685565
1.4544054693161008
1.4723243561520725
1.4966007419757583
1.5088486421047569
1.515026219047593
1.5336975876297128
1.5589792231895616
1.57173604233698
1.5781641340917725
1.5975948764226795
1.623888640916933
1.6371991860195585
1.6438995185278593
1.6641559829013124
1.6915500947208093
1.7053501601116134
1.712289133354745
1.7332692202133566
1.76162067143917
1.77594521237881
1.7831393739098218
1.8048937940459968
1.8342690971022415
1.8491359074373712
1.8565929794908174
1.8791456483792752
1.909574223411793
1.9249678980042664
1.9326787782296604
1.9560024303731904
1.9874436199021746
2.0033382751516173
2.011288579867807
2.0353399343463288
2.067731384405755
2.084132215275119
2.092323065100803
2.117106218082097
2.1504501182170968
2.1673472184931595
2.175772095162787
2.201267976650398
2.2355348905586454
2.2529021240620866
2.2615463672139064
2.2877111910432184
2.3228382181948533
2.3406559580870385
2.3495080779010284
2.376307865513989
2.4122454702124427
2.4304883140396734
2.439533889472541
2.466925860902469
2.503612619634784
2.5222516093316862
2.531474368527233
2.5594102456432952
2.5967772966760205
2.615775731805501
2.6251554922160607
2.6535752077487023
2.6915377644476117
2.7108574728961874
2.7203731765593586
2.7492141569094963
2.787683891287761
2.8072831262525453
2.816911756024585
2.84610562395959
2.8849860695872396
2.9048183605654874
2.914534305608184
2.944004956910252
2.983188734960313
3.003204842205893
3.0129807251096414
3.0426468942126736
3.0820188292699258
3.10216958768502
3.111977436285275
3.1417563529016306
3.1811978435867325
3.201437137614476
3.2112494884637885
3.241060386402065
3.28045327702075
3.3007483951835206
3.310542612335583
3.3403202375868775
3.3795632515812812
3.3999178285638276
3.4096856436566165
3.439410140335659
3.4784552322488445
3.4989770011878187
3.5087528050234034
3.5385383159704134
3.5774989805313653
3.5986670240531424
3.608638738441425
3.6390810881893523
3.678656804779226
3.7040355560190514
3.7156455420219783
3.75128960223843
3.7969718762177576
3.7980953026248283
3.8247916336772216
3.859007999353112
3.85997045441207
3.8798493962945066
3.905379936866562
3.908296295834111
3.913523305131391
3.92945600850153
3.9499060791652427
3.9537358879473383
3.9579987725349404
3.9709793498132475
3.9876227990373447
3.9951019336850937
3.9985811781871927
4.009167826835936
4.022712391755184
4.028788348052494
4.031610238567779
4.040190136817297
4.051141674528814
4.056026497660322
4.058291193224179
4.06517114393057
4.073930046022806
4.077789708492869
4.079575948579737
4.084997068545218
4.09187901721489
4.092919761173199
4.094322756104741
4.09857589296629
4.1039652817970325
4.104080522765795
4.105144078074662
4.1083636528759255
4.112444703937401
4.114608179635972
4.115589171020822
4.1185607873159915
4.122261413763041
4.124154176231829
4.124983703990469
4.127496764988043
4.130532142116577
4.13200935347206
4.132615991053679
4.13445173922763
4.13652710860966
4.137462861162614
4.137780628680408
4.138737252906859
4.139570591122184
4.139819931155531
4.139769254085963
4.139604946494136
4.138850685061603
4.138216635895735
4.137695236083331
4.13610345165413
4.13334024955641
4.131560660643729
4.13042509942882
4.126978227334819
4.12160327775036
4.1181096422537875
4.1160323846170375
4.109745245717157
4.100324333192579
4.094305489241487
4.0908840331876855
4.080550721952863
4.065461993465049
4.056536957864344
4.05166873004855
4.036973250258156
4.016026783183765
4.003615822787252
3.9970504977619217
3.977199955049446
3.9494389232479903
3.9324477052067652
3.9237037006522573
3.8971719950541055
3.8606526961707464
3.8374823918014673
3.8259145372433987
3.790590788960356
3.7427342818357388
3.710615489630264
3.6952209330121004
3.6476377949489063
3.5843996671169616
3.546162956113522
3.528718491022006
3.473856965551918
3.4025858845174457
3.3636419978805767
3.3466663820133356
3.2923086817255283
3.2229455564236633
3.181159643155988
3.1640408420782022
3.1074911953294513
3.0368821308451994
2.995906582354363
2.9802105311201856
2.9264016744426624
2.860454655280542
2.8205283343981273
2.806480090304719
2.7556622653212335
2.69473919546321
2.6595055348854983
2.648003156348702
2.604391580054033
2.552597475505504
2.522431028847569
2.51315223001551
2.4764234739429556
2.432930823983571
2.406818045911429
2.399217361223902
2.3677628758066653
2.330588959800328
2.3076077259331815
2.3012719954843517
2.2738531319137247
2.241497335082022
2.2209432197216215
2.21556524664261
2.191253657474075
2.16260228402434
2.1439465799966833
2.1393001762513806
2.117407445151503
2.0916409247740213
2.0744915741655623
2.070411748711916
2.0504322515893496
2.0269521054346633
2.011020999714251
2.0073882036177872
1.9889529802289532
1.9673240112931374
1.9524002652545234
1.9491280238713435
1.9319681132445334
1.9118733362828493
1.8978021165280217
1.894827588836348
1.8787457565257606
1.8599523138776457
1.8466187096093944
1.84389572085937
1.8287454351981878
1.8110796805254221
1.7983968834132116
1.7958909365496696
1.7815612462365031
1.7648910448194632
1.7527919564914962
1.7504767373155568
1.736881658947691
1.72110405592478
1.709535454380846
1.7073904130080968
1.6944615917701662
1.6794943053638642
1.6684128341527895
1.6664215185126623
1.6541031820164411
1.6398787496558802
1.6292481676087147
1.6273970738945827
1.6156425608640108
1.6021043007988975
1.5918935906277039
1.5901713670473003
1.5789407288144395
1.5660399395283218
1.5562219990469441
1.5546188911958163
1.5438772237570104
1.531571228963565
1.522121958395471
1.5206294205042572
1.5103456959750443
1.4985964699517351
1.4894941300250704
1.48810455062084
1.4782507920301875
1.4670239854468448
1.4582487420041765
1.4569552488232238
1.4475059424679235
1.4367701860954532
1.4283037843762372
1.427100104337786
1.4180317776734828
1.4077581799757664
1.3995837102791409
1.3984640677412414
1.3897549837422023
1.379916764633762
1.3720208285355047
1.3709796705199566
1.3626120218838826
1.3531860242575855
1.3455505143881838
1.344583180811169
1.3365337504484842
1.3274934300078756
1.3201054125363823
1.3192070745241407
1.3114603916261764
1.3027855676764353
1.29563275373447
1.2947990392190953
1.2873384429141195
1.279008553862938
1.2720787197501628
1.2713055283774755
1.2641153278164492
1.256111021639198
1.2493926507161344
1.2486761307501846
1.2417415598636263
1.234044626484994
1.2275268698575932
1.2268634005985075
1.2201705566935306
1.2127638530442595
1.2064364876759672
1.2058226643967256
1.199358454145833
1.1922258378914752
1.186079229391454
1.1855118500859572
1.1792639412706067
1.1723902120163658
1.1664152802258925
1.1658913337543522
1.1598481112999501
1.1532189563927815
1.1474071442474214
1.1469237994769372
1.1410743252332574
1.1346762698504052
1.1290195143931097
1.1285741101951576
1.1229080851640634
1.1167284462766227
1.1112191509469354
1.1108091868688885
1.1053169158851543
1.0993437585930852
1.0939747673715141
1.0935978948165603
1.088270253224127
1.0824923494876348
1.0772569228440796
1.0769109367410614
1.0717393393308576
1.066146128721789
1.0610379206152838
1.060720751529981
1.0556971219749365
1.0502786751192732
1.0452917099852432
1.0450014166961408
1.0401181592327906
1.0348651417929153
1.0299937950230358
1.0297285572321633
1.0249785299381284
1.0198821708406698
1.0151211474146098
1.0148792590268694
1.0102557479483811
1.0053078049104418
1.0006521224474614
1.0004319849705756
0.9959286798065471
0.9911214104079754
0.9865663791886715
0.9863664957826451
0.9819774652075693
0.9773035990338238
0.9728448046441637
0.9726637740844748
0.9683834450334491
0.9638361561435473
0.9594694445646608
0.9593059554294235
0.9551290930420605
0.9507019684461251
0.9464234333169194
0.946276258944061
0.9421979448255134
0.9378849643384783
0.9336909291488555
0.9335589225699401
0.9295745346472643
0.9253700563309722
0.9212570526151433
0.9211391419955255
0.9172443393977724
0.913143054450584
0.9091078300098437
0.9090030130502134
0.905193718537091
0.9011906575954867
0.8972301365300897
0.8971374782803172
0.8934098570673067
0.8895003488090968
0.8856116443026374
0.885530269701824
0.8818807301932419
0.878060383883778
0.8742407816645614
0.8741698750274185
0.8705950310019038
0.8668597326667873
0.8631066675773896
0.8630454684686025
0.8595421484691271
0.8558880310991404
0.8521990972533102
0.852146892982663
0.8487121113397635
0.8451355357205395
0.841508463020163
0.8414645938750983
0.8380955398052276
0.8345931253988517
0.8310257518512757
0.8309895963678233
0.8276836243582569
0.8242521926992111
0.8207424780411879
0.8207134617208359
0.8174681026791636
0.8141046167756852
0.8106506709181479
0.8106282600951586
0.8074411765973962
0.8041428075981116
0.800742846722883
0.8007265395453886
0.7975955084010917
0.7943597353897451
0.7919068701871737
0.7917104811263088
0.789471196854127
0.7868585306262375