0.23518736511733998
0.2351985294730498
0.23520411264522598
0.23522086257272257
0.2352431996359617
0.23524601587155758
0.23524857364652552
0.23524913754286433
0.23525158102476287
0.23525275394585426
0.23525333330904782
0.2352550748745202
0.2352573923523877
0.23525871013455632
0.23525936900350897
0.23526134561696996
0.23526398967672316
0.2352652990499394
0.23526595879861184
0.2352679419923306
0.2352705646735667
0.2352719648933982
0.2352726612967549
0.23527473804744525
0.23527754104224968
0.23527896076910396
0.23527968030762691
0.23528183893099253
0.23528471715657379
0.23528908244901237
0.23529126524649735
0.2352978398034585
0.23530648917034488
0.23530789938137214
0.23531103866019878
0.23531259875671512
0.23531722320484794
0.23532358016489036
0.23532498573524785
0.2353267286869345
0.2353276126439932
0.23533026452669625
0.23533378905537305
0.23533585797427212
0.23533688896203692
0.23533998194083425
0.23534413266944565
0.2353461359731023
0.23534714584166097
0.23535017546216602
0.23535418904969438
0.23535626716628988
0.23535730057285875
0.2353603946406597
0.23536452845247613
0.23536697284930239
0.2353681951596934
0.23537184752315093
0.2353767673209753
0.2353792637093475
0.2353805253182532
0.23538431016786418
0.2353893568225882
0.2353920038196467
0.23539333099754017
0.23539731255645988
0.2354026386307748
0.23540565323409585
0.2354071591050065
0.23541169479037802
0.23541771847892443
0.23542104296420635
0.23542269641465152
0.23542763709326509
0.23543429227840687
0.23543747707332646
0.23543908286097798
0.23544390026065617
0.23545028242455016
0.23545331232197494
0.23545481463706372
0.23545932161480707
0.23546533118612642
0.23546906981542684
0.2354709434199133
0.23547657542490932
0.23548399996375882
0.23548772900125273
0.23548958636546918
0.23549512549508161
0.23550255562517738
0.23550688524519303
0.23550906115210085
0.23551558893970753
0.23552426525391076
0.23552881343863996
0.2355310740468995
0.23553789636375688
0.2355468251538489
0.23554774657041175
0.23554966061923072
0.23555541422126747
0.23556307085421957
0.23556811616934695
0.23557063341546175
0.235578155330356
0.23558828741514978
0.23559419201161766
0.23559716176076803
0.23560615950218441
0.23561781618374394
0.23561865856076916
0.23562609319246156
0.23563600676500504
0.23565219347556118
0.2356602889046302
0.23568467209930016
0.23571665574730727
0.2357263120123338
0.23573213260215956
0.23573500089018573
0.2357435719082449
0.2357551535261949
0.2357608392151099
0.23576373520836333
0.23577240620789408
0.23578391757171088
0.2357897768349955
0.2357926842131599
0.2358013720851659
0.23581314855645674
0.23581554805538887
0.23581831577546192
0.23582663537598525
0.2358375688671091
0.23584311364547497
0.23584583482429133
0.23585399846437635
0.23586488420158425
0.23588509619223325
0.23589522781684508
0.2359253255931136
0.23596675012797952
0.23597188579286027
0.23597665420126196
0.23599107245984297
0.23600990993267457
0.23601888291009696
0.2360232503642782
0.23603632724480836
0.23605401792877817
0.2360618537394142
0.23606585845520892
0.23607777889857454
0.23609394865955352
0.2361022796056127
0.23610654611641138
0.23611924592223696
0.2361365807132884
0.2361445866246625
0.2361487012120474
0.23616111779033985
0.23617747767262484
0.2361861794743887
0.23619047473137522
0.23620341116037466
0.23622048987599534
0.23623051412392596
0.2362354760080803
0.23625044936355583
0.23627005316543268
0.23628012888604574
0.23628503953327523
0.23629988722054887
0.23631947508312898
0.23633062822068537
0.23633617664589932
0.23635278995983955
0.2363749181372566
0.23638687862141894
0.23639282052985208
0.23641085551582064
0.23643426291638495
0.2364469019094034
0.23645308147874572
0.23647154884204333
0.23649611756217265
0.2365078862953242
0.2365137079397756
0.2365313093499689
0.23655445873811373
0.2365750590394651
0.23658523853851826
0.23661613498111495
0.236656372182477
0.23667697143047095
0.2366870409895987
0.2367170172794335
0.23675817448267245
0.23677700916770406
0.23680829916888507
0.23682233726539784
0.23682958572948537
0.23685154201156838
0.23688019308658664
0.23689715840969197
0.23690546067311605
0.2369304163924806
0.23696363461801861
0.23697941470218928
0.23698733482294632
0.2370108683913236
0.23704303491856263
0.23705813160635153
0.2370658678133614
0.23708916656113896
0.23712021551458454
0.2371377600692717
0.23714653121569498
0.23717294651305673
0.2372078319339578
0.2372281272324642
0.23723815457784106
0.23726846883175853
0.23730847593805474
0.2373290578935491
0.23733932747406777
0.2373700204653736
0.23741086085887741
0.2374308947255531
0.23744083105214503
0.2374708118122272
0.2375102112901302
0.23753389126349173
0.23754560446156006
0.23758041295592158
0.23762812662894353
0.23764924216620228
0.23766019210832343
0.23769285743521731
0.2377369320056146
0.23776489489083272
0.23777893700355218
0.23782122568150926
0.23787742025495137
0.2379162035071896
0.2379355065562929
0.23799353001553664
0.2380705569460117
0.23810995492535275
0.23812956603464117
0.23818840458663765
0.23826642551589788
0.23827911671310642
0.2382958550232249
0.23834644908872565
0.23841225442768846
0.23842119320543778
0.23843620022009426
0.23848122432500998
0.2385412830736354
0.23857218980134823
0.23858767080293908
0.23863428939027778
0.23869551532151476
0.23872688038760534
0.23874235100383867
0.23878885177428155
0.23885022537734407
0.23888501028286283
0.23890225528568457
0.2389540894974408
0.23902230284990134
0.2390557658270805
0.23907225084954886
0.2391213474150298
0.23918789734062948
0.23922289307856653
0.23924075256202743
0.23929423735593736
0.23936571899985087
0.2394214904857064
0.2394493677494463
0.23953285753343712
0.2396454363342243
0.23969639976702206
0.23972224480713558
0.23979978894973794
0.23990325949800478
0.2399671405526758
0.23999911276212024
0.24009573460967157
0.24022120392884108
0.2402818492509741
0.2403803422575353
0.24043496768099742
0.24046253351648286
0.2405446524934286
0.2406559494110656
0.24071277555640458
0.24074162010722008
0.24082816496952247
0.24094332405366042
0.24100533483577968
0.24103613256192927
0.24112870162225267
0.24125166780840698
0.24132717753582897
0.24136490113545997
0.24147749743789465
0.24162983371559732
0.2417024227103426
0.24173934968967745
0.24184938028392305
0.24199887028776715
0.24206870102712014
0.2421041979906009
0.24221125753449893
0.24235304508252545
0.2424192043004333
0.24247813436714113
0.24265436657709646
0.24289180963106827
0.24299974876568142
0.24305457107125977
0.24321796897859627
0.24343821515849456
0.2435431440958063
0.2435960902376016
0.24375390443694364
0.24396941641448822
0.24397744727179366
0.24410412537725998
0.2442762363434251
0.24437971913602202
0.2444322852931935
0.2445902799433915
0.24479953289484235
0.24490214762025778
0.2449529124672433
0.24510449833431103
0.24531024617754987
0.24540216288926892
0.24544921720626678
0.24559075056067972
0.24577806913678985
0.2458864817935308
0.2459402630690061
0.24610151672244748
0.2463172814379669
0.24645156725816025
0.2465189934540182
0.24672149141419644
0.24699147567073693
0.24712126654238767
0.24718635167728048
0.2473812073810698
0.24764240859455988
0.24778143506675587
0.24785123628383282
0.24806070432892302
0.24834089403552592
0.24849759896343862
0.2485762124577211
0.2488126707968746
0.24912680193982484
0.24928347673252602
0.24936148219899737
0.24959435804181843
0.24990972329353467
0.25006003711673297
0.2501364833017694
0.2503655617474555
0.2506731675582119
0.2508430837645352
0.2509287755422824
0.25118557471821823
0.25153009037364915
0.2517057683550339
0.2517944508440481
0.25206060019529786
0.2524151468614722
0.2526092230215759
0.2527060490262632
0.25299746414832414
0.25338643896982804
0.25357910671869976
0.25367571011258483
0.25396584149065476
0.2543534447975239
0.25465152976224076
0.25480138873930136
0.25525004863131867
0.2558535913810198
0.25613340914860677
0.25627483825143327
0.25669910655181993
0.2572667511310967
0.2576258702691236
0.2578062946031812
0.2583476434900098
0.25907416847780934
0.2594373558756846
0.25962002919105814
0.26016982899336266
0.26089969165367954
0.2609721713308974
0.26143147518614684
0.26205053483086393
0.2623644083090362
0.26252305296112727
0.26299875249379767
0.26363818177380666
0.2639709445845583
0.2641388946110768
0.2646416719353597
0.2653205277754294
0.2654528661148216
0.2656073846908889
0.2660689315946359
0.26669310063911816
0.2670007908868276
0.267157084379926
0.2676242485838817
0.268256067121712
0.2685694147946582
0.2687284811469572
0.26920524580309485
0.26984558376824874
0.2702832356029203
0.2705038652605659
0.27116569248676065
0.272056133809009
0.27247421281545303
0.27268530182457773
0.273320066221035
0.27416972478839524
0.27472001924556866
0.27499682753529947
0.2758301879498452
0.27694310053591603
0.2774754179937346
0.27774199332162214
0.2785420569908376
0.27961732413052787
0.28022362757084757
0.28052960118366527
0.28144748045641615
0.28268415125022367
0.2832525853375553
0.28353995734201737
0.28440218910077847
0.2855632341202943
0.28612801457833226
0.2864133751472557
0.28727061837453644
0.28842000478645824
0.28915547565788297
0.28952602064933486
0.2906391030385701
0.2921366507198854
0.2929655173167439
0.2933843093213603
0.2946409491324334
0.29633979324774934
0.29643483459666864
0.29702959024199876
0.29881976616644507
0.30123402319145237
0.30132951438092365
0.3031161202170607
0.3039367593253403
0.30435137502377474
0.3055972122948809
0.3072759415429374
0.3080648827531247
0.3084636886251465
0.3096617799310203
0.31127422999786836
0.3121636543331753
0.31261312855876905
0.31396399095650435
0.31578118710448844
0.31717226421018696
0.3178778591844165
0.32000144505681183
0.3228708221538397
0.3230066982469193
0.3252947972928306
0.3283980714568711
0.32975993544063725
0.33270690703619443
0.3346929296396822
0.33756990030681594
0.3393049708726622
0.3416964709914266
0.3433154959672825
0.34413726406390394
0.3466103612713671
0.34995997539628515
0.351651229880437
0.3542885357037541
0.35555368613234006
0.35619415670734017
0.35811985168576854
0.360719936019943
0.3620245480057813
0.36268519661184345
0.3646720730671679
0.3673533485435598
0.368864401595239
0.369630309727874
0.37193401662879905
0.37505111489722603
0.37563513769556883
0.37634740899748864
0.3784900044661094
0.3813835783399107
0.3829565998895952
0.38375421490297673
0.38615397111178595
0.38940044847069494
0.39098420032849396
0.3917874536362925
0.39420388127582195
0.3974737707280631
0.39909036834056727
0.3999106691595657
0.4023786993462016
0.4057188237646383
0.40741394514550433
0.408274582296774
0.41086435874903493
0.414370922944081
0.41619151461864207
0.4171166381969775
0.419901063777004
0.4236752796958408
0.4255675562551819
0.42652969765242094
0.4294257542965124
0.4333535834443102
0.43532541773047995
0.4363286174034867
0.43934873196206053
0.4434461019291686
0.44557083316347884
0.4466528045305184
0.44991028019861096
0.4543357454704502
0.4565059060645257
0.45761134053153973
0.4609394457926256
0.4654609102543866
0.4677410267610063
0.46890301921768807
0.47240177994747923
0.4771571881058076
0.47955375964298785
0.4807754859226338
0.48445468205186537
0.48945674648316667
0.4919902092972188
0.4932820990439633
0.49717296217342005
0.5024651569953517
0.505121319100922
0.5064759473192036
0.5105562468228825
0.5161065849662523
0.5189239096990085
0.5203609759147552
0.5246901599651721
0.5305811348398363
0.5335436537240662
0.5350547897475236
0.5396076046098247
0.5458034632761102
0.5489335596587699
0.5505302183711936
0.5553413186654778
0.5618897952235691
0.5651888928560016
0.5668716649902195
0.5719429625342974
0.5788459007541625
0.5823439688383183
0.5841282016994657
0.5895060254499408
0.5968279475066577
0.60050227180077
0.6023761590146028
0.6080248219993254
0.6157153702522001
0.6195939868016689
0.6215718783828683
0.6275348493355931
0.6356540559402133
0.6397429474192216
0.6418278209363105
0.6481140994405876
0.6566740121745474
0.6609817996732548
0.6631779751381168
0.669800698316942
0.678818804299186
0.6833706564234314
0.6856909592872451
0.692688931956726
0.7022188582916613
0.7070093708912768
0.7094508628540431
0.7168151977262536
0.7268437316291313
0.7318942313333007
0.7344677184576357
0.7422311571240937
0.7528031201799164
0.7581235804711811
0.7608339943924279
0.7690114810027844
0.780146785851697
0.7857507915851873
0.788604899002726
0.7972169429732243
0.8089431574850873
0.8148455136313729
0.817850679768833
0.8269196039250264
0.8392667577138179
0.8454809782063885
0.848643878528663
0.8581899234080924
0.8711850503567499
0.8777256487880062
0.8810534434057093
0.8910983213169361
0.9047704255677375
0.9116524805738978
0.9151525942494745
0.9257188268461959
0.9400979663035597
0.9473364057256287
0.951016159796329
0.962125961787665
0.9772416929756408
0.9848519175753853
0.9887188507196571
1.0003951034112537
1.0162778439228919
1.0242753130935098
1.028336968432342
1.0406025763284605
1.057282702389197
1.0656833684728346
1.0699475146946391
1.0828260756635428
1.1003348573144283
1.1091547392090475
1.1136291499195183
1.1271442867471573
1.1455129476551849
1.1547683209616144
1.1594608671628284
1.173636509578535
1.1928966046539033
1.2026039246294657
1.2075225285998352
1.2223827741044364
1.242565977130474
1.2527417980395292
1.2578943833340248
1.2734633467606382
1.294601216526733
1.3052620761693292
1.3106564976898503
1.3269581003417543
1.3490817596250027
1.3602439844625847
1.3658879164698854
1.3829455483000828
1.406085183310608
1.417764665585982
1.4236654739673822
1.4415016086190386
1.4656859022325268
1.4778978012843411
1.4840623764089038
1.5026980672391235
1.5279534681353906
1.5407118440078293
1.5471463986933958
1.5666006698003136
1.5929505179919052
1.6062969326935128
1.6130214945337258
1.6333555035170109
1.660880653840893
1.6747387128812006
1.6817133376558293
1.7028055535261204
1.731335554493064
1.7457585792120858
1.7530089801341788
1.7749380076807704
1.80457709283918
1.81964700361089
1.8272129618826363
1.8501004085519923
1.8810105764957017
1.8966207988079675
1.9044468203865816
1.9281238962358311
1.9600691905174634
1.9762807885033307
1.9843955323462261
2.0089501765288333
2.042045266297635
2.0588210231716633
2.0672035338558308
2.0925724948412228
2.1267248600691597
2.1440526980966284
2.1526942837483074
2.1788518777304913
2.2140195934326785
2.231881656941276
2.2407703527802187
2.2676811102840975
2.303808007896999
2.3221705902201273
2.331286096735419
2.358889342837457
2.3958840597530795
2.4147052176599675
2.424022620336873
2.452243874684591
2.4899952082427506
2.5092247180396656
2.5187143533413106
2.5474649852183364
2.5858411714083136
2.605417420451133
2.6150431955822357
2.6442153747147414
2.683056954096064
2.7029043438028846
2.7126222669794027
2.742084578040578
2.781198091185194
2.8012311895225825
2.810991027719535
2.840593707703247
2.8797578436990103
2.899879735946189
2.909623622578466
2.9391945629951826
2.9781533828740345
2.9982629253283077
3.0079276615790764
3.037279919435206
3.0757498506943857
3.0957574481449903
3.1052794124371075
3.134227218815321
3.171911431311489
3.1917901586012003
3.2011223961820607
3.229536057046523
3.2661779633340973
3.2861837679853236
3.295371689982174
3.323419391012772
3.359045786417776
3.382163843128084
3.3921762688739565
3.4229821601547616
3.460564160056224
3.4626060942190233
3.483300217277301
3.5083393666976703
3.5112149722626746
3.524985517574361
3.5415067418123627
3.5485172285731554
3.5514169087502654
3.5603525772700326
3.570747523134135
3.575262325422865
3.5769976775235133
3.582389379983051
3.588248661685503
3.5906999504377533
3.5914776218181603
3.593955553284492
3.5960994736550833
3.5968347003164505
3.5968246876965226
3.596904761118779
3.5960170995448126
3.595367602697439
3.594734646931825
3.5929153300922154
3.589663458108432
3.5879936851476213
3.5869226491233546
3.5837617924239176
3.5789020804323264
3.576371244485004
3.5748995088540534
3.570522461119127
3.564110968414131
3.5603260672038104
3.5581956938315233
3.5518404237374406
3.5426889430181756
3.5374920589865835
3.5346422362546295
3.5261179783910057
3.5140179296445235
3.5072241959990267
3.50357351251416
3.4926282317570263
3.4772644330631772
3.4690453644500843
3.464710495329984
3.451684459949922
3.433591466970107
3.424119623278941
3.4191997638645755
3.404385505911397
3.3839826443433005
3.3705619513763754
3.363634688137456
3.342719046205627
3.3139218396261687
3.2948117593396065
3.2850479931060463
3.2554397412754326
3.2147550364800437
3.2147798045961906
3.190056633252906
3.1565187931817547
3.1402313940805344
3.1321321175570835
3.107513166817193
3.074364134319697
3.05695385082728
3.048397393500127
3.0223237049031355
2.9874301719019463
2.967982802542893
2.9585582961266863
2.9297251130673594
2.891394013760879
2.868524629428461
2.8576666182432553
2.8242159815099406
2.780142088187706
2.7529745400386303
2.7404681989191446
2.7014880318781724
2.6508050873491396
2.646172188734058
2.6359181116805175
2.6039526597475406
2.5625063833110886
2.5411069105291126
2.531464915749892
2.5012038603374602
2.4622126702356657
2.440843319027767
2.431438771949171
2.4015973437967
2.363452775407078
2.3418665644597723
2.332661502548679
2.302981458949289
2.265411597981108
2.243440944567544
2.2344698912413836
2.2048433547768482
2.167805269274417
2.144873955527279
2.1361150548991175
2.1060050955401897
2.0690614295140337
2.0461945658891407
2.0381669786550574
2.00904633520977
1.974017279664993
1.9500234619913857
1.9427044295305078
1.913349584296076
1.8793382296893064
1.8586358346107852
1.8529025933153713
1.828559091740274
1.8003886489877003
1.782664723529166
1.7780729930256272
1.7574419707463007
1.7335640675232433
1.718040922436103
1.7142668866038318
1.696349449549167
1.6756099983275052
1.6617242083254964
1.6585438523691474
1.6426391817659414
1.6242335990335812
1.611586744978287
1.6088454843438316
1.594462043120899
1.5778280221128538
1.5661383868928171
1.5637294739167926
1.5505221531602524
1.5352657283774032
1.5243346117779877
1.5221840813615097
1.5099108187225372
1.4957556049519523
1.4854433174886985
1.4834995286329518
1.471990404738224
1.4587417220714265
1.448949804146345
1.447176241316892
1.4363110123124014
1.4238301951080987
1.4144883090849885
1.412858694320314
1.4025507445936167
1.3907370643789927
1.381793728234456
1.3802887370267818
1.370474043712526
1.3592523825122604
1.3506687118020906
1.349273775789056
1.3399035527490024
1.329216193224318
1.3209617933476299
1.3196656286829935
1.3107014891367197
1.30050268976407
1.2925529829723468
1.2913466004052696
1.2827573731663569
1.2730097696639808
1.2653442478054877
1.2642202824939472
1.255979899050832
1.2466520947794428
1.2392531646835638
1.2382054191136729
1.2302914958465192
1.221356430927506
1.2142086413587205
1.2132317713125607
1.2056246472454177
1.1970584833010036
1.190148000496436
1.1892372978446761
1.1819193745437957
1.1737007249201694
1.1670149723875956
1.1661662139317686
1.1591214982949596
1.151230892294313
1.144758300779423
1.1439676424230856
1.1371814272874512
1.1296009343828584
1.123330766817201
1.122594668957023
1.1160533082877588
1.1087662725123122
1.1026911432377922
1.1020060199027062
1.0956994648734415
1.0886921884507919
1.0827984409596336
1.0821617700783028
1.0760727926685625
1.0693269463736645
1.0636065763113256
1.0630152019626171
1.0571351977193013
1.0506388879681745
1.0450844020551555
1.0445355995641172
1.0388539395138894
1.0325941500643325
1.0271976154754232
1.0266888160100938
1.021195417017568
1.015159814213223
1.0099137092516308
1.0094424847277572
1.004127802110412
0.9983047102935991
0.9932019094867875
0.9927659632664404
0.9876209583803841
0.9819993208150206
0.9770330728890375
0.9766302321686999
0.9716463443206409
0.9662156897144464
0.9613795980172632
0.9610078073167857
0.9561769292321353
0.9509273422368495
0.9462153471340748
0.9458726625644298
0.9411871182502524
0.936109212613206
0.9315155752841137
0.9312001593357273
0.9266526835284511
0.921737577396411
0.9172568646240976
0.916966981314248
0.9125507004927974
0.9077899929734776
0.9034170628486743
0.9031510731669777
0.8988594870045455
0.8942452365441315
0.8899752241060737
0.8897315816140094
0.8855585458574842
0.8810832476359958
0.8769115526384826
0.8766887992721892
0.8726285084911708
0.8682850756530905
0.8642073483078111
0.864004110258056
0.8600510817996286
0.8558328240307271
0.8518449538420976
0.8516599376222762
0.8478089960428502
0.8437096004422466
0.839807704348148
0.8396396927717025
0.8358859544318477
0.8318994675824426
0.8280798772002946
0.8279277259789753
0.8242665836492136
0.8203873933898228
0.8166466447413859
0.8165092783418317
0.8129363886461818
0.8091592049357157
0.8054940285671361
0.8053704371577909
0.8018817042533861
0.7982015466372872
0.7946088532603734
0.7944980890436434
0.7910896537004125
0.7875018287484097
0.783978706206599
0.783879879878809
0.7805481073408842
0.7770481957017961
0.7735918953722235
0.7735041735629544
0.7702456369625735
0.7668294837898385
0.7634374068563804
0.7633600086303025
0.7601714819026941
0.7568351705635462
0.7535048697889288
0.7534370637973403
0.750315508494436
0.7470553572101081
0.7437845213754768
0.7437256231216052
0.7406681786454687
0.7374807231351694
0.7342671725409116
0.7342165411027729
0.7312205127940021
0.7281024975392044
0.7249441688512556
0.7249012049151481
0.7219640572374407
0.7189124069062044
0.7158073621205321
0.7157715065290342
0.7128908461004791
0.7099026967954154
0.7068490837336074
0.7068198141019806
0.7039933877916242
0.7010660289318035
0.6980621168779871
0.6980389414806124
0.6952646512251205
0.6923954814907648
0.6894396750145548
0.689422139389001
0.6866979731367916
0.6838846372029698
0.6809753378698219
0.6809630205083147
0.6782870812778022
0.6755273374105019
0.6726630853953194
0.6726555815561928
0.6700261215598433
0.6673178393806924
0.6644972360357445
0.6644941815217262
0.6619095234378715
0.659250657339265
0.6564724433075801
0.6564734795790081
0.6539320949226615
0.651320629273106
0.6495287447597179
0.6493496788908381
0.6477397089577912
0.6458096400917895