0.23518882708709696
0.2351999919361745
0.23520557535510175
0.2352223260230993
0.23524466407426803
0.23524748043307878
0.23525003832153984
0.23525060224245006
0.23525304583283443
0.23525421880529604
0.23525479819413123
0.23525653983655254
0.23525885741699612
0.23526017525747933
0.23526083415558988
0.23526281085652828
0.23526545503297916
0.23526676446442052
0.23526742424223793
0.2352694075234195
0.23527203032114624
0.23527343060250697
0.2352741270366061
0.23527620387945006
0.23527900699734658
0.2352804267877381
0.23528114635809091
0.2352833050769504
0.23528618342986654
0.23529054891544673
0.23529273180951282
0.23529930665641793
0.2353079564092558
0.2353093666808642
0.23531250609780716
0.23531406626332688
0.23531869091814064
0.23532504815499372
0.2353264537899738
0.23532819681979106
0.2353290808159945
0.23533173281613778
0.23533525750134535
0.23533732651169162
0.23533835754516047
0.23534145066107848
0.2353456015727038
0.235347604965657
0.23534861487891715
0.2353516446335349
0.23535565839973707
0.23535773660796516
0.23535877006031705
0.23536186426543715
0.2353659982604176
0.2353684427655897
0.2353696651301572
0.23537331765606503
0.2353782376708294
0.23538073417079947
0.23538199583559097
0.23538578085287223
0.2353908277311869
0.23539347484600764
0.2353948020828086
0.23539878381846507
0.23540411012856957
0.23540712486601922
0.23540863080398988
0.23541316669067197
0.23541919064752512
0.23542251527965424
0.23542416880347336
0.2354291097021072
0.23543576518108247
0.23543895011839408
0.2354405559773303
0.23544537359088358
0.23545175603973476
0.2354547860707385
0.23545628845254213
0.23546079563044806
0.23546680546869395
0.235470544264214
0.23547241795184404
0.2354780502063685
0.23548547507745576
0.23548920427945041
0.23549106172587916
0.23549660110194895
0.23550403156099683
0.23550836137433978
0.23551053737799033
0.23551706545586237
0.23552574215700117
0.23553029054337998
0.23553255125238998
0.2355393738717929
0.23554830306432153
0.23554922451804697
0.23555113865220667
0.2355568925103664
0.23556454948479033
0.23556959502410213
0.2355721123822878
0.23557963463325704
0.23558976716691324
0.23559567202822054
0.2355986419099178
0.23560764004960033
0.2356192972602055
0.23562013966782322
0.23562757463091188
0.23563748864543466
0.23565367607788684
0.23566177186804604
0.23568615614711386
0.2357181412388699
0.2357277979272252
0.23573361877387602
0.2357364871900662
0.23574505859246905
0.23575664072399735
0.23576232667068486
0.23576522279317627
0.23577389418037964
0.235785406060932
0.23579126558461697
0.2357941730928577
0.23580286135494324
0.23581463834771285
0.23581703795863113
0.23581980580247197
0.2358281257744629
0.23583905976001074
0.23584460478297983
0.2358473260837887
0.2358554900899105
0.23586637631530982
0.2358865892127649
0.23589672129114447
0.2359268204276442
0.23596824678624836
0.23597338270793813
0.23597815133117286
0.23599257023515183
0.23601140856648112
0.23602038193886843
0.23602474958981415
0.23603782706062762
0.23605551853361612
0.236063354702831
0.23606735959849864
0.23607928058101388
0.23609545106290927
0.23610378239121657
0.23610804909381827
0.23612074947456158
0.23613808503506434
0.2361460913167204
0.23615020608999124
0.2361626232265405
0.23617898385223607
0.23618768604267945
0.2361919814936877
0.236204918505222
0.23622199799681456
0.23623202269446503
0.23623698480320765
0.23625195883320485
0.23627156353259776
0.23628163970060614
0.23628655057076842
0.2363013989277742
0.23632098768244453
0.236332141322147
0.236337689998315
0.23635430406515706
0.23637643324686725
0.2363883942716898
0.2363943364502781
0.23641237224833772
0.2364357807282488
0.23644842028276294
0.23645460013203068
0.23647306833494922
0.2364976381749303
0.23650940743953222
0.23651522934937355
0.236532831556887
0.23655598200670663
0.2365765832394386
0.2365867632036137
0.23661766104471887
0.23665790010652715
0.2366785002766529
0.23668857029556417
0.2367185479640598
0.2367597070151021
0.2367785425909428
0.2368098339972034
0.2368238727558211
0.23683112155255392
0.23685307883436457
0.23688173123929226
0.2368986973264588
0.23690699997088058
0.23693195683411086
0.23696517658573302
0.23698095739539518
0.2369888778792193
0.23701241253582206
0.23704458052033878
0.23705967791930374
0.23706741448324756
0.23709071430289966
0.2371217646865379
0.2371393100500365
0.23714808160101322
0.237174498113322
0.23720938515340914
0.23722968138256537
0.23723970919268333
0.23727002484316415
0.2373100338107517
0.23733061671468092
0.23734088676948845
0.2373715811837477
0.23741242347595057
0.2374324582666982
0.23744239505499576
0.2374723772021285
0.23751177852751212
0.2375354595898696
0.23754717333187628
0.23758198345697248
0.23762969931550929
0.23765081586581516
0.23766176631729752
0.23769443317202046
0.2377385097852384
0.23776647398465642
0.2377805167552808
0.23782280740964346
0.23787900462079165
0.2379177896855743
0.23793709364112023
0.23799511982349958
0.23807215038967935
0.23811155021484606
0.2381311622472432
0.23819000357173956
0.23826802820210605
0.238280719983611
0.2382974590851365
0.23834805552970922
0.23841386403497838
0.2384228032075897
0.23843781093397842
0.23848283717595972
0.23854289877850515
0.2385738069769052
0.23858928871451848
0.23863590951308492
0.23869713839088907
0.2387285049333895
0.23874397628687788
0.2387904792716576
0.23885185582748056
0.2388866423830239
0.23890388821046274
0.23895572489919734
0.2390239415538544
0.239057406112856
0.2390738919251038
0.23912299085969305
0.23918954395680206
0.23922454140322882
0.23924240174435848
0.23929588910920568
0.23936737420047963
0.23940398719611747
0.23942234278584598
0.23947711330525298
0.2395507824786126
0.2395981570592367
0.2396219314718913
0.2396933921646255
0.23978828597183208
0.23984601544656084
0.23987478720061836
0.23996080172758966
0.2400773232844524
0.2400911246462935
0.24011829191036
0.24019965733349513
0.24030811102335276
0.24036643076698877
0.24039552127184743
0.24048311584246343
0.24059827093094255
0.24062166505402177
0.2406517704876907
0.24074129843596898
0.2408635206983114
0.24091764449704278
0.24094551880858517
0.24102959477010447
0.24113965060156237
0.24119633887536085
0.24122430575733472
0.2413071901826104
0.24142070125955659
0.24148002681131758
0.24151048746163276
0.2416014044513811
0.2417240340378574
0.24179742022256556
0.2418344527918256
0.2419457620155791
0.2420940759097815
0.24219979944586117
0.24225280070574642
0.24241047756960085
0.2426263074507113
0.24266081395516167
0.24282915816514158
0.24290789679906358
0.24303044042169997
0.24310568818628775
0.24314309405776596
0.24325609079680077
0.2434055192699741
0.24350446800067765
0.24355360548428306
0.24370129761718198
0.2438987012568881
0.24401030534389856
0.24406603572959368
0.24423437940285678
0.2444571557248053
0.24458088295738764
0.24464244003991575
0.2448270109000299
0.24507404509605504
0.24521528129481182
0.24528593134545432
0.2454986367545827
0.24578337902376846
0.24579042023562034
0.24584712310902834
0.2460165950388629
0.24624554766324466
0.24636212465593574
0.246421322373349
0.2465982610136303
0.2468357947831346
0.24700437243461484
0.24708896205919575
0.2473444116572705
0.2476799559647994
0.24771083181101505
0.2478211320557344
0.24815321437716215
0.24859604924992942
0.2488150753328771
0.24892446806416726
0.24925453844074671
0.24969267924574073
0.24996810182958767
0.250105660578105
0.2505191927875101
0.2510706201073244
0.25134039493690197
0.2514750742704907
0.25188196172183513
0.2524181575748875
0.2524275154755721
0.25277883303070237
0.2529415151776051
0.25302454927240897
0.25327426319143576
0.2536076561396615
0.25383259997417146
0.2539452930616422
0.2542842318881219
0.2547351644181444
0.25499282405472523
0.25512168633664545
0.2555090034894781
0.25602329640270566
0.25618371291523223
0.2563333084910954
0.25678385832463324
0.2573851136707002
0.25769911828583214
0.2578565860358306
0.25832871016183606
0.25896293902881334
0.25928785325973447
0.2594518672917041
0.2599451660466048
0.2606013891451085
0.2609227902545245
0.261083290623018
0.261564255514285
0.2622112659272312
0.26254186948497316
0.2627084678148493
0.26321008090461295
0.2638793039385467
0.26425612345632216
0.2644448378471557
0.26501143909337915
0.26577335741075914
0.26611925339267434
0.26629387327293663
0.2668186946917423
0.2675196694370615
0.26796114978380775
0.26818246868849743
0.26884740161099296
0.26973857217186514
0.2703206532463795
0.2706137784256282
0.2714933477486398
0.2726789216184642
0.27278707845381023
0.2735670309168063
0.27461379709893924
0.27526252388276373
0.27558953793682267
0.27657284817969974
0.27789050237563506
0.27851525639127844
0.27882906830871995
0.2797708881170329
0.2810383687444873
0.2816708471629659
0.28199006025410267
0.2829493704780431
0.2842365478547108
0.2851243461785657
0.2855728406053582
0.2869197281809865
0.28873807784512223
0.28995082961467633
0.29161644022841976
0.2919818327514192
0.29240053479090666
0.29365762769232684
0.29535307646077646
0.2958505475738203
0.2963408946083167
0.29781460134779725
0.299804119398466
0.2998466120737896
0.3004077020917016
0.30209254967503185
0.3043760794372948
0.30454111608279155
0.3061050671678581
0.3069289842034334
0.307345240761983
0.3085977206343304
0.31027755362722875
0.3111670410685341
0.31161479578095397
0.3129597706369558
0.31477183929818076
0.31573330329525034
0.3162195305219457
0.3176806051440377
0.3196497227601599
0.32069650050562254
0.3212260054728196
0.32281756552237895
0.3249633865317711
0.3260975927678546
0.3266713817761911
0.3283966121819426
0.33072431675773406
0.3318528997664596
0.3324238747590966
0.3341399675197071
0.336455699994719
0.3376122782852408
0.338197478759372
0.3399568670011598
0.34233106758057186
0.3434982476238898
0.3440889429267437
0.34586505204993306
0.3482594915402535
0.34967489653655465
0.3503919002278142
0.35254884945648945
0.355464323972717
0.35680285599451195
0.35748054881792135
0.3595185402847235
0.36227149877089815
0.36362114043450955
0.364304661110141
0.36635996732201076
0.36913713359088995
0.3704871953557474
0.37117108018504996
0.3732283230598432
0.37600420584296435
0.37767739933122485
0.3785262789622952
0.3810807031451999
0.3845401032457154
0.3850280681807963
0.385814881045239
0.38818206773629976
0.3913835609209539
0.393006285441962
0.3938294655430632
0.39630641902111213
0.39965797628582
0.40137139925394716
0.40224118542895576
0.40485886513873126
0.4084033350495052
0.4101949151694259
0.41110490705946784
0.41384369956964395
0.41755555260072275
0.4193743333097594
0.42029865777820596
0.4230804400423011
0.42685125596069967
0.4287653465214603
0.4297387772421942
0.43266899178029516
0.43664327691625204
0.43867450825349447
0.43970826789896444
0.4428203692992844
0.44704537915349535
0.4491549076091114
0.4502290861321013
0.4534628631601387
0.45785565024483416
0.4600228674089474
0.4611267676014027
0.4644505264369023
0.4689644147839411
0.4713215679854872
0.4725231153951354
0.47614157052859113
0.4810614375265404
0.48352103616064457
0.48477508896491794
0.4885519555932028
0.49368831457038065
0.4962644370158758
0.49757814571336023
0.5015349344051213
0.5069169937406809
0.5096382004855713
0.5110261581385392
0.5152072154553663
0.520895515021575
0.5237820887353956
0.5252545859480959
0.5296908669027597
0.5357285720816197
0.53875850160454
0.5403040919772979
0.5449611309314999
0.5512993391944687
0.5545072835411596
0.5561437302765387
0.5610750786748675
0.5677885265889865
0.5711420008785442
0.5728524241002744
0.5780072469065699
0.5850237675110581
0.5885971973593238
0.5904198738823608
0.5959139892922932
0.6033947220674808
0.6071504765181068
0.6090658748532345
0.6148400584358445
0.6227023490234499
0.626650418012306
0.6286636088343928
0.6347333534675884
0.6429977485199221
0.6471787294686628
0.6493105239889951
0.655738754960589
0.6644927560676122
0.6688871432898948
0.6711273627035289
0.6778832651880862
0.6870832148556347
0.6917162850282942
0.6940778111853991
0.7012004903663588
0.7108999661848824
0.7157914450638715
0.7182842666766771
0.7258039014263105
0.7360444912077612
0.741188583001633
0.7438095309787907
0.7517165445199118
0.762483911193403
0.7679057156409823
0.770667504623037
0.7790004618502537
0.7903473178842799
0.7960615957272239
0.7989715785080386
0.807752741348909
0.8197091796664598
0.8257238448930826
0.828785840843222
0.8380267790001364
0.8506077751141593
0.8569416345419774
0.860165027201667
0.869894196897906
0.8831382194448474
0.8898034485977344
0.8931941865668814
0.9034296335057534
0.9173605374637934
0.9243728330603127
0.9279386477618299
0.9387038219181048
0.9533529434766717
0.9607266310476749
0.9644745264351934
0.9757906808770235
0.9911862180078137
0.998936451223783
1.002873828867639
1.0147634342516079
1.03093520638801
1.039077304003017
1.0432116259058926
1.0556973401211702
1.07267536613033
1.081224695722749
1.0855634214613028
1.0986679059998556
1.1164821356821206
1.125454093591934
1.1300046675382254
1.1437505474653005
1.1624307963234806
1.1718410491532654
1.1766110189666033
1.1910212429973699
1.2105976841647004
1.2204616535231136
1.2254584008345595
1.2405554245244383
1.2610574341542162
1.2713904638144713
1.2766212810430662
1.2924273024793413
1.3138837626894875
1.3247010149437692
1.3301730422766602
1.34670981206764
1.3691488262854792
1.380464940361031
1.3861849817248066
1.403473246228499
1.4269213445634057
1.4387502376459793
1.4447246488228793
1.4627838137464462
1.4872654663828815
1.4996200447714287
1.505854576394467
1.5247022340730352
1.5502391809087124
1.5631310009088273
1.5696306171484364
1.5892820003844588
1.6158925388541892
1.6293389297580998
1.6361114290571022
1.6565904514232772
1.6843043709796395
1.698335464199706
1.705394927464187
1.726744706777786
1.7556179311520705
1.7701831898674447
1.7775028096778838
1.7996419057767092
1.8295592246265004
1.8446835756306372
1.8522745986635196
1.8752376305059424
1.9062428524256736
1.921918392519872
1.929775362379971
1.9535461122280695
1.9856130887325658
2.0018399020609903
2.009961220303124
2.034535331865028
2.067653824644214
2.084433483769738
2.0928180889385724
2.1181929665893158
2.1523546708787786
2.169649524168343
2.178276580518465
2.2043894129571138
2.23950376685601
2.2573089410154026
2.266173719917611
2.2930110005805173
2.3290540068474663
2.3473323482086936
2.356413835456145
2.383912511366619
2.4207924432842773
2.4395030138782765
2.4487780442930647
2.476868678627851
2.514484687640071
2.5335866935612765
2.5430318148965045
2.5716443171832535
2.6098939412108653
2.6293279370916496
2.6389101397539463
2.667945473678184
2.7066864800141945
2.7263845323058673
2.736066177008368
2.765411453441859
2.8044820918394566
2.8243627245945424
2.8340990310681615
2.8636198771816606
2.902828565787974
2.9227969075196176
2.9325359517389415
2.9620765601932546
3.0012018518647574
3.0211483248715916
3.03083030975726
3.0602112820712764
3.0989988375167483
3.1187992926829713
3.1283564494990106
3.157374598325027
3.1955366199819366
3.2150531272150613
3.224409793176123
3.252838541063938
3.290053654442764
3.3091391801866115
3.318213356252923
3.3458078029288663
3.381726167161974
3.4002364213421266
3.408943736069635
3.435453455139383
3.469709515758749
3.4875371550724164
3.4958022077401063
3.5210078025217357
3.553256186260561
3.570461419386083
3.5782604982239783
3.602111418654305
3.6321604193583625
3.6500283064350154
3.65772710045178
3.6814352840763678
3.7102892912600924
3.72280537360194
3.7280530129908644
3.7442589938233173
3.7634543478475906
3.772418254722258
3.784330511010839
3.7859522753222166
3.7880610517246263
3.794572249102371
3.8020684220504757
3.8051560486790112
3.8063329403758894
3.8099916527851847
3.813938422959482
3.8155285691372267
3.8160306503266503
3.81762771367745
3.81899817501517
3.819445159137474
3.819435032918979
3.8194675170167773
3.818891730905927
3.818472970918035
3.818079024533311
3.816938595622872
3.814916463622427
3.8138648836958415
3.8131955464308236
3.811212610988283
3.8081675803456876
3.8066929104250242
3.8058471593555696
3.803322880168195
3.799644762192653
3.7993354762760307
3.798441538770369
3.795765113096376
3.791965152434764
3.7899982933501906
3.788941466510513
3.7857717686731434
3.781321768347301
3.7788281800821135
3.777499621735498
3.7735092498778413
3.7679318859495723
3.7649012550989265
3.763300311186928
3.7584851022199985
3.751785011317428
3.7481888955047613
3.7463027672275744
3.740622318250601
3.7327473692907054
3.728531996382232
3.7263334269003674
3.71970380348791
3.7105384927513105
3.7056023530469497
3.703038730644146
3.6952993742205953
3.68462121653006
3.678919688360866
3.6759707982852086
3.667060537332606
3.6547932926671094
3.6481843177879933
3.6447794749703433
3.634484991681327
3.62034367840567
3.612221832538941
3.608050207910207
3.595426032160632
3.578111821712463
3.567329620208983
3.5618143309819925
3.545098331852185
3.5222127971704187
3.509012505421513
3.502335630980225
3.4820731083950656
3.454502851286576
3.4392442195415467
3.4316344461090202
3.4084965672248426
3.3772751129509295
3.3594465695636195
3.350698478926313
3.3240065184961485
3.2883021294820107
3.267050468171148
3.25683730684819
3.225489914368409
3.183970123535556
3.158291550227368
3.14630212101072
3.109130987493491
3.060507850234071
3.027706401045912
3.0131225414644813
2.966971293332994
2.9077718864869384
2.866241860903806
2.8492612732774774
2.793255679754325
2.723728896218892
2.6858038142375666
2.6712347488071893
2.621622829684413
2.5609720012859714
2.528062528829814
2.5160597307061856
2.4738651216636263
2.4226976893184666
2.39177823306698
2.3813642494592724
2.3426082221368043
2.296481879243184
2.268842170099409
2.26028893708453
2.226572621781903
2.1868997307091123
2.163140833160672
2.156273851824916
2.1278367761064616
2.094459647812596
2.0738091349622856
2.068195550604272
2.04374446553835
2.0150967136688873
1.9968126397216388
1.9921308731753853
1.9706896021677085
1.9456046696508686
1.9291333152862098
1.9251487066749384
1.906000436194104
1.8836286082939553
1.8685634734825147
1.8651065303033945
1.8477304487877275
1.8274585625501236
1.8135046828055965
1.8104541481825642
1.794475454042611
1.775864401751884
1.7628094710323503
1.7600790777687718
1.7452294412537208
1.7279655306943524
1.7156569637513117
1.713185283720913
1.6992722399984599
1.6831302783477815
1.6714576397797367
1.6692005726810737
1.6560846863762981
1.6409009670604933
1.629783073590016
1.6277084835055076
1.6152869544835307
1.6009401607469573
1.5903159682319172
1.5883999587192896
1.5765952114805608
1.5629932528463653
1.552815592716321
1.5510399629602085
1.5397918606095107
1.5268629256880668
1.5170942662825997
1.515444785395452
1.5047053641144592
1.492391865877379
1.4830014585775633
1.4814666941744896
1.4711966042021716
1.4594510732075576
1.450413026366571
1.4489835455306337
1.4391496342415604
1.4279319164166775
1.4192238867232903
1.417891707378574
1.4084653659772395
1.397740696297552
1.3893429920058393
1.3881012036169695
1.3790572270361103
1.3687948951951827
1.360689856042193
1.3595323556304013
1.350848150009541
1.341020569256008
1.3331921339798314
1.3321134411943887
1.3237684687032596
1.3143505212645328
1.3067839235895793
1.305779050242511
1.297754437269388
1.2887230107496865
1.2814045643433802
1.2804689215645768
1.2727471802860602
1.2640808366465166
1.256987261277823
1.2561176283674675
1.2486716383805903
1.240342625169617
1.2334799564540493
1.2326703554193856
1.2255069894223614
1.2175125925554335
1.2108660711916563
1.2101136965105908
1.2032076816768447
1.195522255560749
1.1890777365561018
1.1883790988904277
1.1817167452282047
1.174323546134497
1.1680709592526342
1.167422761304158
1.1609912759711505
1.153874594070849
1.1478044662924933
1.1472035987852292
1.1409909016763011
1.1341359012465673
1.128239278634545
1.12768280758065
1.1216774843623682
1.1150701479749954
1.1093385644675853
1.1088237204012026
1.103014983406565
1.0966420647935426
1.0910675151111435
1.0905916837936354
1.084969337690334
1.0788183197903665
1.0733932351960245
1.0729539493783031
1.0675083600140323
1.0615674173780294
1.0562846429550128
1.0558795749019962
1.050601640703575
1.0448596042249902
1.0397123782402544
1.039339332796099
1.0342204580619123
1.028666782626607
1.023648716347691
1.0233056244559402
1.0183376939954012
1.0129624272458344
1.0080674863663948
1.0077523988861385
1.0029277541363997
0.9977215068999088
0.9929439936416079
0.9926550754688301
0.9879664912468108
0.9829204099860429
0.9782549453110049
0.9779904697209729
0.9734311324555923
0.9685368713332929
0.9639783792439871
0.963736722372883
0.959300209180021
0.9545499036190643
0.9500935955601533
0.949873231270522
0.9455534890921775
0.9409397320407226
0.9365810906698852
0.9363805854239378
0.9321719114174265
0.9276877302036938
0.9234224935406459
0.9232405016319509
0.9191375247709037
0.9147763535089545
0.9106005052123337
0.9104357638392621
0.906433427595995
0.902189088148896
0.8980988409564667
0.897950165988397
0.8940437093921454
0.8899103903546942
0.8859021738623265
0.8857684552816409
0.8819533973209671
0.8779256362887421
0.8739960826438783
0.87387628047514
0.8701484053073633
0.8662210603191132
0.8623669982294538
0.8622601387298797
0.8586154790052053
0.8547837192658576
0.8510021559018467
0.8509073276090957
0.847342150367053
0.8436014315753113
0.8398895493621081
0.8398058997091468
0.8363166927329623
0.8326627524302478
0.8290178881061583
0.8289446189268633
0.825528081402198
0.8219568940048756
0.8183765505653109
0.8183129167767617
0.8149659376430693
0.8114737504597883
0.8079555514910658
0.8079008564193024
0.8046205151868274
0.8012037674699546
0.7977454922148163
0.7976990851614765
0.7944826294174232
0.7911379909016127
0.7877375426660158
0.7876988141614323
0.7845436581679837
0.781268013227396
0.7779233966843137
0.7778917796232945
0.774795496290245
0.7715858642722286
0.7682952328177266
0.7682701972496201
0.7652304788232892
0.7620841577467049
0.7588456906046698
0.75882674506223
0.7558414291827976
0.752755812540231
0.7495678427025523
0.7495545270733593
0.7466215779373759
0.7435942128634936
0.7404551654844511
0.7404470453982243
0.7375645842301166
0.7345931120265166
0.7315015522845078
0.7314982306149254
0.7286644529321368
0.7257466891795175
0.7250887628640206
0.7250019232366511
0.7247107489479305
0.7243237558174819