0.23520830679587837
0.23521947821867553
0.23522506492536005
0.2352418254598966
0.23526417667427854
0.23526563026195751
0.2352700046859156
0.23527044254572915
0.23527320350159295
0.2352748618092516
0.2352756920202311
0.23527818266337014
0.23528149288805197
0.2352830416434323
0.2352838127475022
0.23528612606872404
0.23528921056722962
0.23529097578681663
0.23529185533672428
0.2352945097903785
0.23529800616367552
0.23529962416121555
0.2353004229557747
0.23530283370301922
0.23530599869706129
0.2353065811702792
0.23530732506642055
0.23530955676323434
0.23531252283047166
0.2353140966407843
0.23531487886250768
0.2353172302162656
0.23532034905007274
0.23532209190744624
0.23532295601018424
0.2353255638493053
0.23532899880884356
0.2353309348631249
0.23533188875657263
0.23533476756258895
0.23533852252674783
0.23533897799603257
0.23534115907201497
0.23534406141312303
0.23534556274771146
0.2353463102462051
0.23534856168461257
0.23535153316986818
0.23535353243002152
0.23535452498374415
0.2353574907980045
0.2353614858243432
0.2353637957000202
0.23536495751404585
0.23536846380284565
0.23537308231988413
0.2353755046135536
0.23537670468822078
0.23538030493311468
0.2353851209154089
0.23538745800648023
0.23538863045286432
0.23539215482153028
0.23539684475471304
0.23539959916461609
0.23540097774411012
0.23540510530750627
0.2354106199369919
0.23541352139596453
0.23541497820641458
0.23541934866831923
0.23542519498472625
0.23542838104715633
0.23542997278521363
0.23543474803664158
0.23544121662353912
0.2354416113035385
0.23544580370595494
0.23545139380771044
0.23545438213515127
0.23545587837564946
0.23546036712961801
0.23546635240071914
0.23546952552847944
0.2354711164668405
0.23547588931825264
0.2354822944324647
0.2354854814777373
0.2354870841007099
0.23549192068702549
0.23549829170155262
0.23550179221576256
0.2355035126365912
0.23550869450660472
0.2355156431143861
0.2355177459036082
0.23551986839377492
0.23552624856853976
0.2355347390758684
0.2355392759485475
0.23554153328293376
0.23554831880880872
0.23555737782619843
0.23556145423215813
0.2355635000245622
0.23556969843783343
0.23557778063724147
0.23558242923526912
0.23558471397122563
0.2355915546994823
0.23560063588972716
0.23560486615085985
0.23560696356701072
0.23561325587796886
0.235621619252275
0.2356256834563023
0.23562770591340065
0.23563371347313616
0.23564190357322828
0.23564681846633645
0.23564931454544358
0.23565681770872116
0.235666834849642
0.2356719167922903
0.23567446766677616
0.23568221128333158
0.23569216112407768
0.23569284216029474
0.23569527743626772
0.23570256895042282
0.23571224875633898
0.23571702285677593
0.23571938765062636
0.23572639817326355
0.23573603273556148
0.23574095520602897
0.23574348679471735
0.23575108165118827
0.23576124129310738
0.23576699333108514
0.2357698896025811
0.23577856142288392
0.23579011080514756
0.23579644601614508
0.2357996027565305
0.23580911043783578
0.2358216208250834
0.23582813031589328
0.23583132461008208
0.23584090764058244
0.23585388749175487
0.2358549210413541
0.23586207539002702
0.23587163409570372
0.23587836460994843
0.23588173377128596
0.23589180165406254
0.23590536258179592
0.23591420186733278
0.23591866361457103
0.23593186539467353
0.23595015630305557
0.23595198371994552
0.23596273731068876
0.23597753442826275
0.23598386639226906
0.23598716367607478
0.23599697811056772
0.2360103720012666
0.2360169704646141
0.23602037364147355
0.2360305433871466
0.23604415792864525
0.23605218419000087
0.23605623531483136
0.236068341401532
0.23608454844274981
0.23609247612892803
0.2360964638582748
0.23610842726842807
0.23612443096654573
0.23613356753323675
0.23613814757054297
0.23615202264508425
0.23617000505095787
0.23617879166330696
0.2361830349823801
0.2361957900988219
0.23621281950599532
0.23622112032567807
0.23622528439078283
0.23623785015365817
0.2362543541775384
0.23626434546100114
0.23626927472435127
0.23628394749005568
0.23630397018392016
0.23631382019773836
0.2363188638875857
0.2363340543247223
0.23635417356006877
0.23636613258482841
0.23637208585123565
0.23638987663350366
0.23641391424919833
0.2364250824349383
0.23643073783943164
0.23644783685143822
0.23647032483562547
0.23649013703090577
0.23649992599567818
0.23652963767206675
0.23656820621152166
0.23656912601823532
0.23659363183211146
0.2366088151451504
0.2366163742205431
0.23663909606620517
0.23666915805123453
0.23668382144961878
0.23669109079955303
0.23671285739664638
0.23674202625584279
0.23674543754294528
0.23675191387458644
0.2367714941073413
0.23679741078781438
0.2368104692329396
0.23681696587566275
0.23683664479165512
0.23686240480646298
0.23688197601680405
0.2368916511289129
0.2369207895560378
0.23695914956707984
0.23697820798147562
0.2369875801517688
0.23701586020000884
0.23705313553883758
0.23707807945059672
0.23709039021468034
0.23712760862521462
0.23717657636259418
0.23720945604954613
0.23722577344758658
0.23727444932531278
0.23734034555404385
0.23736755113576777
0.2374125759827542
0.2374367302359629
0.23744892211238153
0.23748536099139922
0.23753414959132
0.23756736452638855
0.23758399670388872
0.2376341816949667
0.23770014838396583
0.23773911570598893
0.23779073354710006
0.23781635065515316
0.23782901741833376
0.23786687660896116
0.23791801844522323
0.23794586609108295
0.2379599451146829
0.23800226445078287
0.23805843551762348
0.23808807373710994
0.23810281487996263
0.2381469582582127
0.23820665656557644
0.2382340630000106
0.23824810207812505
0.2382898301254369
0.23834634053105325
0.23837554598563063
0.23839039594014028
0.23843511481075233
0.23849419932737234
0.23852537188618508
0.2385408535111119
0.23858730166722675
0.23864907456814524
0.2386881088301698
0.23870762112082183
0.2387658385524057
0.23884485746542578
0.2388797605288868
0.23889764310650846
0.23895149312085628
0.23902286891277308
0.2390583885544247
0.23907609009384997
0.23912919898613705
0.23920004775355913
0.23924562927007328
0.23926848318463978
0.23933692674219179
0.23942814359487954
0.2394738693359408
0.23949654321366481
0.23956506872245695
0.23965585229181274
0.23965963835041304
0.23967937830515706
0.23973892535215638
0.23981681378536496
0.23985803144903392
0.23987824127941343
0.23993887633706257
0.24001953459814707
0.2400668803060992
0.24009047134719305
0.2401615066174662
0.24025514171592072
0.24030509293640714
0.2403298192582913
0.2404036093522682
0.24050229136269197
0.2405496804161369
0.24057338827465016
0.24064439301868112
0.24073930086771256
0.24079847429393525
0.24082817893041064
0.24091683219433568
0.24103642572841422
0.24110472516642764
0.24113930817034124
0.24124325551787518
0.24138059738902168
0.241391525407468
0.24142307989410267
0.24151808797356214
0.24164375101840618
0.24172426496013272
0.24176430750817804
0.24188529128191028
0.2420434907642316
0.24206283409025325
0.24210149118382948
0.24221788263120825
0.24237187941849928
0.24246507278074478
0.24251132731950772
0.24265035772095794
0.24283514975841955
0.24292973360395143
0.24297678581288015
0.2431182117774812
0.24330619979436482
0.24341346839549408
0.24346681227405645
0.24362768850945749
0.24383974624468233
0.24394291205452648
0.24399377082839205
0.2441468876619485
0.24434852342119068
0.244444092199536
0.2444913323027546
0.24463180563028922
0.2448227631887712
0.24492074777040462
0.24497061230604855
0.2451217024678985
0.24531816484511687
0.2454120209685514
0.24545754943960335
0.24559427285405525
0.2457768985312615
0.24588775141916006
0.2459433921505537
0.2461099566458977
0.24633290855493795
0.2465069938580042
0.24659447552975788
0.24685722896758194
0.2472073063545287
0.24739816901016165
0.24749341130533958
0.2477794810396039
0.24816212022747952
0.24835335519527174
0.24844950139652042
0.24873893690966647
0.24912105713746155
0.2491749286684705
0.24942005244984763
0.24974459100079643
0.2499050530274263
0.2499846255328244
0.2502232507740244
0.250543121820422
0.25071875238551644
0.2508068684701906
0.2510724741739562
0.25142473108018953
0.251632907677453
0.2517365892030194
0.2520468901588538
0.25246484590372903
0.25267732093019335
0.2527845430700088
0.25310591211109457
0.25353817703633313
0.25374417473254973
0.2538485167874959
0.2541608288515747
0.2545809392982461
0.2548087281862634
0.2549236931384456
0.2552696868585281
0.25572830540080466
0.2559543527671549
0.2560666618612795
0.25640264868677426
0.25685531851603466
0.2570970364719544
0.2572192712193065
0.25758593409376135
0.25807726203526044
0.25837455762440975
0.25852383458043876
0.25897308430844423
0.2595724207528464
0.2599266903380248
0.2601045390888753
0.2606352428465514
0.2613566793666361
0.2617131124179053
0.2622574312226653
0.2625509691021156
0.26269873066997373
0.26314333093425607
0.2637349052912396
0.2640805100054465
0.26425323363232806
0.26477178814206803
0.2654669505762159
0.2658931017138754
0.266107464944806
0.26675149958312316
0.26761373437551716
0.2681041591963487
0.268350114606321
0.26909071411273405
0.27008011808238364
0.27059472194008716
0.2708529645199702
0.2716289256256989
0.2726697203777942
0.2732596797699349
0.2735571702951749
0.27444900525548865
0.27565170983093623
0.2757894711606331
0.27609834876984896
0.27702744224403
0.27827112320354214
0.2788802468958283
0.27918574273439467
0.28010434949233926
0.2813345677909387
0.2819604469457169
0.2822744019679127
0.28321896821329196
0.28448461623447946
0.2852879122004192
0.2856928128025082
0.286907611451658
0.28855038235639674
0.2885489100069299
0.2897548202990935
0.29137426518424364
0.29247552208173233
0.29303258430101886
0.2947051811289778
0.2969740352543034
0.2970587461169657
0.2987606236339499
0.2995643546917047
0.2999704471050786
0.30119123074403936
0.30283350394998754
0.30374883642756095
0.3042112169153632
0.3056010509674627
0.30747299740353623
0.30844789992335
0.30894055068073834
0.31042251307900137
0.3124164562357583
0.31381307489837545
0.31452123177528307
0.3166531222598308
0.31953400504258717
0.3212641692517075
0.3242464267106129
0.3246247877446956
0.32681319103890644
0.3279256696406659
0.3284884125664433
0.3301796929354501
0.3324632891468697
0.3335188630571996
0.3340529273493376
0.3356582270114937
0.3378226135471097
0.33897256634681516
0.33955440613780413
0.341304117852187
0.34366312718664443
0.34500206274279055
0.3456801285312441
0.34771947759086114
0.3504742926815258
0.3518089656298131
0.35248478381450793
0.3545172189201611
0.3572627312846434
0.35860457366182447
0.35928421007004124
0.3613277321229028
0.3640890747959924
0.36543306959853733
0.3661138399971521
0.36816122655596184
0.37092604267854007
0.3723953401125317
0.3731398800673889
0.37537999206504247
0.3784072727875165
0.3799504189937075
0.38073267097980895
0.38308616754691466
0.3862695474701813
0.38782855293120744
0.3886190852119353
0.3909974132998109
0.3942151717363467
0.39580512127303774
0.396611730482165
0.39903868101325213
0.4023219645528078
0.4040423374468194
0.4049157575002134
0.4075443042170768
0.41110449435286134
0.41289008884744277
0.41379709019086663
0.4165271174424565
0.4202263017452458
0.42211054165878725
0.4230683701338073
0.4259516871930864
0.429862195808561
0.43181056861088274
0.43280159731351303
0.43578494156885567
0.4398330934836173
0.4418659959571793
0.4429006433683816
0.4460155093206795
0.4502445225211478
0.45236421958588957
0.4534436227556222
0.45669353080774694
0.4611074375868779
0.46335854968663054
0.46450554331824107
0.46795949762551264
0.4726536924164542
0.4750275456293057
0.4762375637535789
0.47988178699170253
0.48483693055496774
0.4873248644343091
0.48859335420921823
0.49241405462214366
0.4976102547876242
0.5002462677828605
0.5015906297587561
0.5056404067778807
0.511150458173614
0.5139208410660457
0.5153338639287082
0.5195909726084128
0.525383829465479
0.5283191533486424
0.5298164753709929
0.5343282523725377
0.5404693161848488
0.5435634438518261
0.5451417709808344
0.5498981544511912
0.556373123148789
0.5596334749663858
0.5612965296762005
0.566308894143623
0.5731328610309389
0.576580276076933
0.5783386878007499
0.5836392008559792
0.590856513180364
0.59449629155882
0.5963526832166787
0.601949314024306
0.6095706235036724
0.6134094715632271
0.6153671919962415
0.621270094628941
0.629309004175723
0.6333610072061627
0.6354272127213713
0.6416580500732686
0.6501442727130963
0.654416239947484
0.6565943192013823
0.6631633710062738
0.672110610429291
0.6766166682121805
0.6789137680726834
0.6858426944471555
0.6952804831973577
0.7000323568600076
0.7024543667489788
0.7097610204257162
0.7197134901519593
0.7247255547742303
0.727279706309215
0.734986005247182
0.7454829045089523
0.7507675765805358
0.7534600669746109
0.761584796396582
0.7726514024488838
0.7782234656834714
0.7810616842505756
0.7896272481210734
0.8012937946095898
0.8071677987090784
0.8101589855519788
0.8191873359540568
0.8314833415926931
0.8376742172724561
0.8408257799530116
0.8503393826874296
0.8632949863729741
0.8698184045775097
0.8731381020751717
0.883160494147912
0.8968072412734135
0.9036790904080806
0.9071747648924061
0.9177297412580949
0.9320994514585886
0.9393360943687563
0.9430158034714643
0.9541278203682473
0.9692531504968224
0.9768713728297613
0.9807433628058986
0.9924374562722412
1.0083517908875101
1.016368647233847
1.0204412734310202
1.0327428190387964
1.049479932541591
1.0579128172934984
1.062194578333532
1.0751293958110815
1.0927235910970234
1.1015902153941242
1.1060897372982519
1.1196840427131887
1.1381700722138082
1.1474883768537918
1.1522143619742773
1.1664946130650151
1.1859074425293687
1.1956955265915161
1.200656707429347
1.2156494637329678
1.2360240481237985
1.2463000154219346
1.2515050630670606
1.2672367082904379
1.2886075670094455
1.2993893179041387
1.3048467189971233
1.3213430881442139
1.3437437395054532
1.3550486753347766
1.3607665610607143
1.3780524223856294
1.401514609909824
1.4133592331966272
1.4193451522849325
1.4374435199811153
1.4619961997720008
1.4743955990443118
1.4806562298942176
1.4995874929932083
1.5252555654442101
1.5382227784700269
1.5447635782402356
1.5645444394249632
1.5913472204602852
1.6048924670012734
1.6117172635753207
1.6323594801956183
1.6603089438944518
1.6744421993587582
1.6815544363135109
1.7030687336712051
1.7321746670779283
1.7468709588528026
1.75425615471963
1.7765985999747638
1.8067952853379174
1.822075291391183
1.8297417738940438
1.8529381195228813
1.8842546503658486
1.9001254858007606
1.908074308324775
1.932128258744527
1.964562392741615
1.9809895770924937
1.989200505439112
2.014050983352289
2.047511105875512
2.0644504111321007
2.0728980092855194
2.098468252895825
2.132840768532497
2.1502611587844105
2.1589261350313618
2.18515837512638
2.220354558424235
2.238202474952282
2.2470538317558444
2.2738548637253992
2.309736840888034
2.327939125415843
2.336935632383605
2.3641813625878587
2.4005685043191836
2.4190432376575965
2.428138703865393
2.455690318687705
2.4923809307120464
2.5110207427862923
2.520155819801149
2.547834828102159
2.584572717819025
2.603251923745321
2.6123575168188067
2.6399562659996363
2.6764448123414417
2.695013250293211
2.704007463270514
2.731279920577943
2.76716976788784
2.785452740978612
2.79424069389149
2.82090204302203
2.855790371680153
2.8735836196355358
2.882054841544394
2.9077737112032027
2.941193693521992
2.958263187758349
2.966291043352794
2.990688064317995
3.0221059937668433
3.038183201175943
3.045621758686639
3.068260486007446
3.0970618774086836
3.1118411934475665
3.1185218591526436
3.138899479011759
3.164371663999816
3.1775085577183995
3.183233221232462
3.200762060748255
3.2220548452040014
3.2331681450280976
3.2376892700366575
3.2516441362780326
3.267646952002264
3.2764129983976966
3.279345789611983
3.2886461956405038
3.2973626444244584
3.301362302189468
3.3015289080961554
3.3026308868893306
3.2994143420069713
3.2969162555286866
3.289704899153331
3.2883330184869495
3.285893155874675
3.278757318359428
3.267395409235818
3.261695619847012
3.2583269787294693
3.2483372984663306
3.2336230287459733
3.2262676061665
3.2221970361300385
3.210054057206328
3.1927815194149862
3.18419001019513
3.179602913957807
3.165871600127922
3.1467330805920772
3.1372645496632883
3.1323245027178044
3.117501390591622
3.0971185267610313
3.0870832042733403
3.081931727493395
3.066446324608442
3.045356963127946
3.0350332784923952
3.0297970719258043
3.014034186377625
2.992719495176951
2.982375134048154
2.9771758402252373
2.961505525945863
2.9404287695107523
2.9303613692396846
2.9253352465095768
2.9101729168360624
2.8898596130605982
2.8805158418034935
2.875872092166001
2.861856039263101
2.843131146411329
2.833265862683389
2.828384811659676
2.81363601153126
2.7939680908096336
2.782748239726078
2.7772272572398444
2.7605131156448053
2.738266701067727
2.7258350239951543
2.7197552391033883
2.701308527863155
2.6768130101034804
2.663105208069792
2.6564527125528716
2.636211655480241
2.6094124647266947
2.5941912384305668
2.5868803030904264
2.564550058104028
2.5351016780464373
2.5176812472593895
2.509444326928487
2.484131968857133
2.4509462559105537
2.428136580546062
2.417714941199657
2.3852266498032386
2.3431630593243145
2.323720898401077
2.3149139868606174
2.2873598062019775
2.2517841975848305
2.2383292019961556
2.2130032596600877
2.199602946292382
2.1934854224849945
2.1743951009330056
2.149651373374934
2.1359073761917537
2.129742507334767
2.1103315655689756
2.0852953994527517
2.0713025392262177
2.06516050233455
2.045598333596232
2.020506487384113
2.006256756271255
2.0001729521738016
1.9804936652411123
1.9554199327819655
1.940831851522502
1.934830987241176
1.9149900471740706
1.889926946699751
1.8747903559338346
1.8688862112094775
1.8487092455288368
1.8235294812111507
1.807149736789947
1.8012974426098098
1.780100783640936
1.7542095900330772
1.7355334372059041
1.7298443464645434
1.706755985914533
1.6797419495517394
1.6624436801595845
1.6578043855559936
1.637406870156012
1.6138739983618757
1.598742545700672
1.595013677355948
1.5775669157775551
1.5574793580610866
1.5441103498367443
1.5410397455198934
1.5257849650079809
1.5082470871507487
1.4962126203370938
1.4936229980551934
1.4800141317178035
1.464389330649269
1.4533838850064904
1.4511518259273355
1.4388044910057443
1.424646262005694
1.4144507263192039
1.412490003654547
1.401130259545327
1.3881217027305486
1.378576128890363
1.3768262535583025
1.366256118478689
1.3541695486245158
1.3451558391698213
1.3435741890627193
1.3336494595419608
1.3223200274800113
1.3137510965795853
1.3123074306637352
1.3029231259204215
1.292231161599449
1.2840433365433497
1.282715940959793
1.2737957975631846
1.2636541453474908
1.2558010094735423
1.2545740141376658
1.2460622781341983
1.2364067354597712
1.2288540298908952
1.2277155706909733
1.219570663551179
1.2103528565100745
1.2030745742800972
1.202015547554091
1.1942054939149624
1.1853878335437185
1.178363486805988
1.1773767065074339
1.1698760312633512
1.1614283026772052
1.1546411222256336
1.1537207480180165
1.1465084366316105
1.1384055416929613
1.1318413186308043
1.1309824664190884
1.1240406318956393
1.116261097233054
1.1099074372583335
1.1091059129058418
1.102418917997253
1.0949439005630326
1.08878973817168
1.0880418546253767
1.0815957269040988
1.074408343903548
1.0684436210556256
1.0677460721721796
1.0615281094402018
1.054612982039643
1.0488284323555155
1.0481782054461573
1.0421767064956664
1.0355196461248946
1.02990664805055
1.0293009629530916
1.0235050420770806
1.0170928329284792
1.0116453806935684
1.0110813864177548
1.0054829426539138
0.9993046049527851
0.9940117698344365
0.9934875248347269
0.9880728395015033
0.982113881791975
0.9769691146762942
0.9764820886153063
0.9712441642662984
0.9654949706557295
0.9604921725236162
0.9600401949551458
0.954970435963001
0.9494205329231782
0.9445532272624234
0.9441342442961542
0.939224467742825
0.9338638955144825
0.9291259207513874
0.9287379836524685
0.9239804167612663
0.9187997134751572
0.9141852137263643
0.9138264724846283
0.9092137299171056
0.9042039047141899
0.8997073143350373
0.8993760125281499
0.8949010770981372
0.890053587320052
0.8856696173262962
0.885364087818239
0.8810202936785996
0.8763270248500654
0.872050650808402
0.8717693119764677
0.8675503294878825
0.8630035776021121
0.8588300280785086
0.8585713803935324
0.854471202122851
0.8500636565071731
0.8459884026053245
0.845751025425895
0.8417639528305756
0.8374886803560214
0.8335074253362756
0.8332899738460031
0.8294106044809296
0.8252610342060243
0.8213697036043833
0.821170905821163
0.8173941209495714
0.8133640292542141
0.8095587609897118
0.8093774148534447
0.8056983672711298
0.8017818627939824
0.7980589981002594
0.7978939685960958
0.7943080708582004
0.7904995806007479
0.7868556543967087
0.7867058706541122
0.7832087833216745
0.7795030378610888
0.7759347702782392
0.7757992228253673
0.7723868433226658
0.7687788638913815
0.7652831507853768
0.7651608887671372
0.7618293397920537
0.7583144238677795
0.7548883285999545
0.754778457016717
0.7515240763398845
0.7480977837218002
0.744738529705968
0.7446402068582271
0.7414595357554469
0.7381176781065196
0.7348226386671277
0.7347350733111279
0.7316248478395788
0.7283634723962634
0.7251301659461286
0.7250526150651058
0.7220097539011323
0.7188251362144591
0.7156512146915769
0.7155829806007515
0.7126045790459675
0.7094932008967736
0.7063764500245798
0.7063168788730155
0.7034001928991317
0.7003587503057764
0.697297068719178
0.6972455468797888
0.6943879917053307
0.6914133647813582
0.6884047725469401
0.6883607249021293
0.6855598641724667
0.6826491114951952
0.6796917371434184
0.679654626266757
0.6769081568785889
0.6740585183756537
0.6711505856610183
0.6711199072397291
0.6684256656518526
0.6656345302326516
0.6627743675803092
0.6627496511322216
0.6601055924884957
0.6573704989929032
0.6545565300644861
0.654537334069049
0.651941530904737
0.6492601730227207
0.6464908973718978
0.6464768104297004
0.6439274424796253
0.6412976566581394
0.638571646959125
0.6385622853354189
0.6360576362914013
0.6334773800944423
0.6307932922027939
0.6307882936940663
0.6283267531942082
0.6257940857222147
0.6231506557698749
0.6231496870788792
0.6207297355392233
0.6182427949629705
0.6156388457405298
0.6156415949268688
0.6132617867367947
0.6108188779360086
0.6082532712316936
0.6082594441836285
0.6059184265376942
0.6035179151705344
0.6017139769700948
0.6015696798831272
0.5999417427042769
0.5980346844770391