0.23515394420290214
0.23516509728012971
0.23517067481152484
0.23518740781102634
0.23520972229000298
0.23521253570888206
0.23521509088937545
0.23521565422400773
0.2352180952258975
0.235219266972656
0.23521984574967816
0.23522158555608144
0.23522390068903892
0.23522521713812716
0.23522587534052328
0.23522784995423568
0.23523049134625465
0.235231799388433
0.23523245847084623
0.23523443966514743
0.2352370596833846
0.235238458496646
0.23523915419722377
0.23524122884126547
0.23524402902216152
0.23524544729654337
0.23524616610742863
0.23524832254778777
0.2352511978624684
0.23525555873965007
0.23525773932927124
0.23526430725805786
0.23527294780201866
0.23527435662814666
0.2352774927496087
0.23527905126869386
0.2352836709920596
0.23529002162415702
0.2352914257172279
0.2352931668828345
0.23529404994503808
0.23529669914303394
0.23530022009338833
0.23530228692178515
0.23530331686474626
0.23530640670893915
0.23531055325381456
0.23531255451613572
0.2353135633628084
0.23531658991747095
0.2353205994204805
0.23532267544233956
0.23532370780229872
0.23532679873095733
0.23533092835560668
0.23533337027562756
0.2353345913475327
0.2353382399973446
0.2353431548358793
0.2353456486731017
0.23534690900444533
0.2353506900210819
0.23535573156448078
0.2353583758694723
0.23535970170072743
0.23536367921941165
0.23536899990353038
0.23537201144064313
0.23537351577855153
0.2353780468619222
0.23538406441692436
0.23538738554525238
0.23538903731835456
0.23539397296726106
0.23540062143531196
0.23540380297512306
0.23540540713318928
0.23541021964364306
0.2354165952933613
0.23541962213714382
0.23542112292711756
0.2354256253291054
0.23543162879843282
0.23543536362791842
0.2354372353317259
0.2354428616324531
0.23545027857628442
0.23545400385325807
0.235455859338085
0.23546139283363535
0.23546881544382145
0.2354731406443347
0.23547531433968846
0.23548183549177154
0.23549050296055074
0.2354950465355289
0.235497304840615
0.23550412024122222
0.23551303983153404
0.23551396039855377
0.23551587249646722
0.23552162024348222
0.23552926907032212
0.23553430926054714
0.23553682394470193
0.23554433817685644
0.23555446000056737
0.2355603585427534
0.2355633252618583
0.23557231389883093
0.23558395848630284
0.23558480016397854
0.23559222721988715
0.2356021306886987
0.23561830089657004
0.235626388071045
0.23565074647616774
0.23568269711979273
0.23569234370744188
0.23569815842619488
0.23570102378436647
0.2357095860162569
0.23572115589370438
0.2357268356898915
0.2357297287287392
0.2357383908659945
0.2357498904171374
0.23575574372761973
0.23575864813221264
0.2357673270869246
0.2357790916371087
0.23578148857601552
0.23578425346673346
0.23579256457543515
0.23580348676392845
0.2358090259506189
0.23581174434066274
0.2358198996130748
0.23583077419012904
0.23585096545101522
0.23586108670240874
0.2358911533835256
0.23593253622737903
0.23593766602155622
0.23594242951883085
0.23595683302348872
0.23597565087089334
0.2359846148193436
0.23598897777545003
0.23600204116198759
0.2360197138088381
0.23602754142229013
0.2360315420261533
0.23604345014445452
0.2360596034251434
0.2360679256329355
0.23607218775908
0.23608487442217235
0.23610219162341697
0.23611018907007278
0.23611429940807
0.2361267032245033
0.2361430461122746
0.23615173902874884
0.23615602985036338
0.23616895296249993
0.2361860139392519
0.23619602790649943
0.23620098465652137
0.23621594259229825
0.236235525876784
0.23624559136985288
0.23625049692079553
0.23626532929786184
0.23628489676708497
0.236296038425484
0.23630158111383948
0.23631817721629383
0.2363402824353753
0.23635223055993923
0.23635816629257275
0.23637618271398228
0.23639956544046706
0.23641219159758395
0.2364183647677773
0.2364368129371761
0.2364613560572747
0.23647311264136714
0.23647892821895306
0.2364965114022513
0.23651963652030278
0.23654021553011084
0.2365503843963869
0.23658124886880638
0.2366214435400038
0.23664202170788565
0.23665208075627045
0.23668202552965192
0.23672314049174314
0.23674195481270452
0.236773212693491
0.23678723565415555
0.2367944765139079
0.23681640994202255
0.23684503061504847
0.23686197847156612
0.2368702720253074
0.23689520159567998
0.23692838493463605
0.23694414843392678
0.2369520602549007
0.23697556894622973
0.23700770215981787
0.23702278258998283
0.2370305106374118
0.23705378488192858
0.23708480114088942
0.2371023272059895
0.237111089104243
0.23713747662767795
0.237172325033668
0.23719259905733983
0.2372026157786412
0.2372328981068478
0.2372728626636617
0.2372934229377493
0.2373036816759317
0.2373343421382437
0.2373751391271145
0.23739515186932542
0.2374050776412362
0.23743502669307356
0.2374743839372046
0.23749803901590774
0.23750973977944037
0.23754451099488844
0.2375921747066135
0.23761326708541536
0.23762420538344062
0.23765683578386382
0.23770086365498136
0.2377287964973353
0.2377428235702178
0.2377850670671564
0.2378412013421215
0.23787994315924024
0.23789922548688922
0.23795718669471963
0.23803413051227498
0.23807348629567823
0.23809307630252277
0.23815185147462894
0.23822978779587745
0.23824246563595614
0.23825918585435532
0.23830972553380547
0.23837545849038674
0.23838438824151129
0.2383993789858327
0.23844435423700736
0.2385043477444659
0.23853522085198223
0.2385506850279553
0.23859725306619609
0.23865841163833154
0.2386897429534037
0.238705196715843
0.2387516468661123
0.2388129529684951
0.23884770015412993
0.23886492630604145
0.23891670389358866
0.23898484175719054
0.23901826857360203
0.23903473554155755
0.23908377794875862
0.23915025537303447
0.23918521191948
0.23920305173550221
0.23925647747752324
0.23932788023024426
0.23936445092426117
0.23938278533843735
0.23943749231357184
0.239511076499382
0.2395583959324706
0.23958214272877534
0.23965352043688953
0.23974830339890976
0.23980596579324687
0.23983470398135076
0.23992061769552203
0.2400370041408638
0.2400507882307024
0.24007792368981745
0.24015919357373616
0.24026751953930717
0.2403257707657084
0.2403548269812592
0.2404423184592528
0.24055733597188939
0.24058070327560774
0.24061077309197157
0.24070019414099927
0.2408222729581276
0.24087633064282216
0.2409041717190127
0.2409881477395111
0.24109807030123834
0.2411546916646347
0.24118262511711566
0.24126540927226314
0.24137878576773877
0.24143803829577676
0.24146846224868102
0.2415592690388946
0.24168175100655517
0.24175504732277864
0.241792034828162
0.2419032085415184
0.24205134111346682
0.24215693523943238
0.24220987162582708
0.2423673535283726
0.24258292111229357
0.242617380982664
0.2427855198044824
0.24286415857942545
0.24298654931128016
0.24306170344140085
0.24309906246187757
0.24321191821328408
0.24336115824074905
0.24345998319502127
0.24350905872542572
0.24365656444052325
0.2438537182470149
0.24396518050781335
0.24402083982973877
0.24418896943993001
0.24441145911583992
0.24453502801317165
0.24459650578457212
0.24478083792438243
0.24502755175998828
0.24516860364927853
0.2452391612713057
0.2454515881745192
0.24573595635934342
0.24574298734413386
0.24579961540272918
0.24596886231867438
0.24619751271932536
0.24631393254893225
0.24637305131817075
0.24654975248323835
0.24678696752175852
0.2469553168864725
0.2470397919167719
0.2472948958229645
0.247629976530459
0.24766081327402212
0.24777096192146497
0.24810258651001957
0.24854480470544274
0.2487635244820215
0.24887285623819
0.24920249273639342
0.24963931535327516
0.24972437921831683
0.25002440816857463
0.25015836838390015
0.2502271226697237
0.25043238852995736
0.2507105536090291
0.2508470837646907
0.2509166318617274
0.251125036661729
0.2514044791151524
0.2515863455169141
0.2516779085388862
0.25195172669781535
0.25232110359000026
0.25250399739635404
0.2525969035118019
0.2528751462287779
0.2532470319184942
0.25344043154153933
0.2535372720862097
0.25382771357396244
0.2542166991044788
0.25447115368106715
0.254599177735892
0.2549837181976468
0.255496808660166
0.2558274825699425
0.25599300497037536
0.2564912334552986
0.2571561207134669
0.25759724364364106
0.2578189544644568
0.25848555527995354
0.25937229750567914
0.25969961124576396
0.26034195533414495
0.26047873313263753
0.26068682022272605
0.2613089912758843
0.2621530075694383
0.26239919516394744
0.2630100214365469
0.2633404382914538
0.2635070293141378
0.2640071509844994
0.2646768960816347
0.2651132254590497
0.2653327628259161
0.2659934475244126
0.2668720116840202
0.2669117192068157
0.26741603100068806
0.268089128795324
0.2685122442278175
0.26872443003372465
0.26936154726734873
0.27021566164348904
0.270743719438439
0.2710096065640963
0.27180895364097885
0.27287745120427687
0.27338053067660883
0.27363210844743596
0.2743887233696896
0.2754009189642647
0.2760442840287389
0.2763682293340124
0.2773418044972932
0.2786483494831163
0.2795185710545117
0.27995800548263433
0.2812783904190173
0.2830576196208531
0.28329805159905047
0.28439540664003243
0.2858782372846934
0.28604287714952675
0.28713177296040254
0.28859195960516654
0.28933173861561734
0.2897038873084789
0.290821351635997
0.2923265325480566
0.29303733081497746
0.2933965786255015
0.29447526430649346
0.29592625790157845
0.2967416328183039
0.2971533711377892
0.2983899522354153
0.3000573096417793
0.30081286524041806
0.3011948567692429
0.30234197490814885
0.30388612665694026
0.3047336468610994
0.3051618550950841
0.30644980171271785
0.30817969097095665
0.30928223183729187
0.3098394608154785
0.3115145042822748
0.3137753747507437
0.3140410217331677
0.3145745908307758
0.3161783459715176
0.3183423834975063
0.3193381902898222
0.31984151325070537
0.3213544533728039
0.32339399657776874
0.324408514285574
0.32492153932204076
0.32646319519437367
0.3285424770078795
0.329547612394311
0.3300559683723764
0.3315838221876716
0.33364255761140427
0.33477095489718917
0.3353417268039224
0.3370585738590747
0.339371334926272
0.34077380752595743
0.34148444544705725
0.34362138470635534
0.34651201385385444
0.3470780194611877
0.3490490526471288
0.3517112741678214
0.35298739969858717
0.353633396832686
0.3555756225053509
0.35819888100228775
0.3594483672348152
0.3600809962136715
0.36198331175176435
0.3645490664637939
0.36603190947953507
0.3667834413846909
0.3690437777470236
0.3721004899907325
0.37351935362872607
0.37423829782496915
0.3764006487687953
0.3793210737911897
0.38090504925205027
0.3817082981546908
0.3841246395263077
0.38739459896395667
0.388915431339321
0.389686632183631
0.3920065491530723
0.39514274329510124
0.396790345972706
0.39762641300300244
0.4001418154523456
0.403546460531468
0.40524438304059335
0.4061064537833392
0.40870035935190013
0.4122120061109995
0.41403385694866573
0.4149595968321125
0.4177456306616182
0.421521837634868
0.4233907193807418
0.4243408474710222
0.4272003335626718
0.43107758027167675
0.4330227207933257
0.4340122766691411
0.43699061624781943
0.4410309509671179
0.44308700337294205
0.44413371666939605
0.44728459239850293
0.45156184885833295
0.4537323421006201
0.45483797603453396
0.45816660568933226
0.4626883600717828
0.46494672593544306
0.4660975654641086
0.46956234101972194
0.4742706621870559
0.4766330688186252
0.4778373621521718
0.48146330575600504
0.48639210137553873
0.4888764211486724
0.4901432203467835
0.49395780524012717
0.4991442763531394
0.5017756769720194
0.5031178121391314
0.5071597970072406
0.5126572280114525
0.5154460865073403
0.516868773294951
0.5211538110438628
0.5269840626796136
0.5299007681417235
0.5313886245482906
0.5358703315895834
0.5419679122851848
0.5450537541348234
0.5466279480183728
0.5513704310447975
0.5578239334763337
0.561080021036947
0.5627410112025666
0.5677454907202503
0.5745564735649834
0.5779838347969973
0.579732043416797
0.5849998034389364
0.5921699736316615
0.5957487843100988
0.597573909531638
0.6030739083272795
0.6105589320557032
0.6143491624494309
0.6162820292652311
0.6221075119393877
0.6300368227705857
0.6340289619148548
0.6360645390694801
0.642200303058529
0.6505523220205669
0.6547516081479092
0.6568924891017011
0.6633463404845643
0.67213136166368
0.6765537895002528
0.6788080889373904
0.6856046169926348
0.6948562752867631
0.6995079096940596
0.7018786060155964
0.7090268617744933
0.7187568558981465
0.7236624960150657
0.7261621766510373
0.7337002631104091
0.7439610049731767
0.7491209902119943
0.7517496514054781
0.7596775028541736
0.7704681364936475
0.7758935467024107
0.7786566717560384
0.7869909742245788
0.7983335537059115
0.8040491940450145
0.8069592871771607
0.8157379250987088
0.8276841966304597
0.8336955526341225
0.8367551810958201
0.8459858459497498
0.8585456312820392
0.8648596384868515
0.8680720951297265
0.8777647426675956
0.890950748874598
0.8975822256128507
0.9009548141470437
0.9111316089783131
0.9249735389492362
0.931927855682617
0.9354630169731236
0.946131423243392
0.9606381257420089
0.9679432834668953
0.9716550214613014
0.9828574446846462
0.9980867176406455
1.0057468368538447
1.0096369198583741
1.0213787335604287
1.0373366862801479
1.0453658279948368
1.0494410712204008
1.0617430496583937
1.0784568674074049
1.0868776826160844
1.0911492505474703
1.1040451776716038
1.1215605573198317
1.1303739938709036
1.1348419787224944
1.1483321814600929
1.1666480632760825
1.1758661470049956
1.1805362429379578
1.1946380460012072
1.2137768049838666
1.2234156716156965
1.2282956230062783
1.2430325439862921
1.2630251886564179
1.2730921442610417
1.2781851647613303
1.2935670512607178
1.3144252820932631
1.324938428163914
1.3302531314644328
1.3463061499666908
1.3680644373143538
1.3790254752215185
1.3845621229562362
1.401287184370438
1.423944643439523
1.4353673159110705
1.441132162547048
1.458548354638588
1.4821291432877197
1.494021040750753
1.500017160140451
1.5181339502974758
1.5426487293355031
1.5549667929732438
1.561171459852769
1.579919840238991
1.6052716165832488
1.618078170304048
1.624522135407317
1.6439958805060058
1.6703106998246278
1.6836528599586658
1.6903588484579104
1.7106273769282558
1.737997287831592
1.7518052343946773
1.758736822827456
1.7796895883514652
1.8079602300554263
1.8222381341823997
1.8293962167029347
1.8510363297329882
1.8802090024783482
1.8949467703961107
1.9023250320765823
1.9246337453392957
1.9546797939047544
1.9698771940510054
1.9774741682656538
2.000447590095483
2.031358583820586
2.0469968516891988
2.0548017506617837
2.0784077069240574
2.1101367412273357
2.126205298013696
2.134211349194207
2.1584300148410134
2.1909470079631084
2.2074120245625526
2.215600883123186
2.24037728292006
2.2736047136125968
2.290444463058536
2.2988037585274688
2.324101260766334
2.3579866246603847
2.3751707665881434
2.3836838609306397
2.409452952839608
2.4439265893780115
2.4614218713324574
2.470070686931462
2.4962576177199276
2.5312443844280414
2.5490133758997704
2.5577777773322046
2.5843226572389604
2.6197394836051773
2.637742390236191
2.6466010989213276
2.6734406958292225
2.709200337830699
2.7273950025488727
2.7363255907989847
2.7633933109124875
2.7994043887346
2.817746598567317
2.8267256523698183
2.8539520636237103
2.8901197061042705
2.9085658907493896
2.9175702831384758
2.9448869892365503
2.981118010789277
2.999627423342344
3.008635326088721
3.0359780874450752
3.0721850764156104
3.090723206342837
3.099715644417713
3.127029207227313
3.1631366926587163
3.1816842794798044
3.190649197357889
3.2178998606464226
3.2538606325883843
3.272428946814266
3.2813679990143907
3.308564783798946
3.3443869351234263
3.3630584206666914
3.372004883512791
3.3992553944541406
3.4350738453234393
3.454124967988945
3.4631973323074443
3.490875422205719
3.5271661213831096
3.5476951143210544
3.557367472188973
3.5869618896917164
3.6256238693913034
3.647985312795583
3.6583720673614715
3.6902789650055987
3.7317738286144224
3.7442271404518324
3.7739464264643074
3.774717498951911
3.780809115435095
3.7993879506407358
3.823683169113475
3.8277552507536363
3.832942934313019
3.8487422728641687
3.8694236265092306
3.8786814983036733
3.8831125371818866
3.896589552666906
3.9142446523377226
3.922284060304161
3.926139619944521
3.937852782273087
3.9532019983091367
3.9602299760166586
3.963605376635554
3.973847998821875
3.987267437975024
3.9933916643825293
3.996335491053909
4.005257283090697
4.016936067265257
4.022225625025232
4.02476807246892
4.032462777859244
4.042517439691188
4.047009826123548
4.049166654014011
4.055684613614477
4.064177532641014
4.065523984532587
4.067323061409067
4.072752561761043
4.079806637055869
4.07997046256467
4.081404472137638
4.0857271860421305
4.0913323194387825
4.0943414069789075
4.095759233807464
4.100029965664566
4.105500336330197
4.108371832193036
4.109692282337096
4.113664431238755
4.118647326142144
4.121194482117204
4.122315709026253
4.125683264036859
4.129744220764564
4.131777823666627
4.132588429101197
4.135020570431145
4.137674198213891
4.138905595604401
4.139233850118079
4.140222165416419
4.140718784117731
4.140612898295403
4.140162438143404
4.138826651109294
4.13591242075227
4.133585797784385
4.131888854787117
4.126828899868873
4.118558963434358
4.1132230769054345
4.1100182510565855
4.1004120371237684
4.086006006460546
4.076714090775979
4.071553908470788
4.055992977569949
4.033609933571776
4.018424111717225
4.010449139334872
3.986179689047953
3.9522487211300636
3.9300309853485786
3.9190524275561414
3.885102776001592
3.838999540489169
3.80225389732276
3.785701858527985
3.732447736475684
3.662742025380304
3.632792637012867
3.582500716271162
3.5564005174094944
3.5452292193690216
3.508744961261214
3.4617791002191947
3.4280489647809333
3.414870554730715
3.3692005289345066
3.312000537670639
3.273836899926071
3.260587339433931
3.2110233549032965
3.1507099336095825
3.115726597725048
3.104443054472491
3.0605121098494967
3.0071920755631147
2.975586711001366
2.965819792037284
2.926512549560642
2.878839581861322
2.8499457217046262
2.8413433791319984
2.8056875159238865
2.76252387290839
2.735865616770171
2.7282084497048786
2.6955824722554116
2.6562071382165215
2.631475877150547
2.6246200238424326
2.594611108729243
2.5585246058937083
2.535501167068189
2.529339237131001
2.50163675416962
2.468443536270141
2.4469492231407672
2.441391528504225
2.4157332915137077
2.3850914656172115
2.3649673119490444
2.359935446597235
2.336088700458005
2.3076954180802045
2.288797205157262
2.2842227301456597
2.2619806557377222
2.2355703291657685
2.2177691046765258
2.213593365796982
2.1927754372648747
2.1681195521362358
2.151302481991119
2.1474761231257613
2.1279276532883347
2.1048326979099845
2.088902709669433
2.0853846962432416
2.0669747548396673
2.045278297535772
2.0301526253899014
2.0269089946159307
2.009527272912346
1.9890931710166861
1.974701342808148
1.9717039199655773
1.9552572843162452
1.9359708977363947
1.922252629809424
1.9194778627364073
1.9038871087275169
1.885651026361432
1.872554301254911
1.869982279163111
1.8551793360112343
1.8379098135644651
1.8253892562538814
1.8230029226111504
1.8089285750485495
1.792552692605262
1.780568262817878
1.7783528032392104
1.764954898898672
1.74940835464544
1.737924324296842
1.735866699697693
1.7230987686562518
1.7083241946729502
1.697308362039033
1.695396956464921
1.6832171610099933
1.6691628485963699
1.6585859398679215
1.6568102959774345
1.6451806357987138
1.6317995731041686
1.621634788237379
1.619985408355561
1.6088711191644847
1.5961202628505837
1.5863429312479496
1.5848111267202483
1.5741802239448672
1.5620199446973053
1.5526126183608333
1.5511900849472613
1.5410186417429745
1.5294166671755427
1.5203496269335695
1.5190294947547514
1.5092793672696874
1.4981932584638098
1.4894491275395834
1.4882242844457756
1.478875586212766
1.4682781411859789
1.459840106340828
1.4587041654271604
1.4497331001483378
1.4395947806199594
1.4314456262204756
1.4303926414968566
1.421776927872945
1.4120701048352418
1.4041937094351218
1.4032181348135233
1.394936942365522
1.385635788909005
1.3780170594210899
1.3771137166071783
1.369147555954321
1.3602279118977931
1.3528527095941831
1.3520167603512976
1.3443473863647621
1.33578663860163
1.328641713023095
1.3278686347816757
1.320478960209761
1.3122559359079227
1.3053288654289779
1.3046144295033626
1.2974884473881154
1.2895833178146339
1.2828624552508523
1.2822027071880844
1.275325419820895
1.267719612524479
1.2611940351592588
1.2605852767782895
1.2539426309224246
1.2466187482576556
1.2402782125543168
1.2397169854503318
1.2332958122474023
1.226237557721466
1.2200724555545148
1.2195555258763504
1.2133434846440931
1.206535592907662
1.200536912082145
1.2000612562953787
1.1940467830696182
1.1874749550161383
1.181634242456789
1.1811970341415732
1.1753692927721646
1.1690201356779977
1.1633294619401817
1.1629280593632234
1.1572768963415303
1.1511378659343607
1.1455897934995338
1.1452217281463093
1.1397376295332933
1.133796978450019
1.1283845299160216
1.1280474953960067
1.1227215471147507
1.1169682737910487
1.1116849033856966
1.111376745454718
1.1062005952370078
1.1006243974407288
1.0954639638257437
1.095182670788641
1.0901484925878686
1.08473972394243
1.0796964646770573
1.0794401580539643
1.0745406196232237
1.0692902491947325
1.0643587560111052
1.064125682355875
1.0593539145066875
1.0542534818490832
1.0494286829063855
1.0492172057630864
1.0445667718755745
1.0396083566054386
1.0348854913009629
1.034694083404715
1.0301589529475441
1.0253351395275423
1.020709736250001
1.0205369735762135
1.0161114910127549
1.0114153442139902
1.0068831992934555
1.0067277527480158
1.002406624371
0.9978316330708963
0.9933888120948219
0.9932494424843261
0.9890277040658758
0.9845677733031812
0.9802105791168237
0.9800861310483913
0.9759591296150633
0.9716085595062398
0.967333512780907
0.967222909826886
0.9631862797862901
0.9589397435126666
0.9547435585156201
0.9546457984556349
0.9506954431881285
0.9465479340640094
0.942427543943128
0.9423416896423198
0.938473775000363
0.9344206328857835
0.9303731234425234
0.9302983039894699
0.9265092392021193
0.9225459905468034
0.9185687112681614
0.918504115458041
0.9147905205348298
0.9109130992019764
0.907003459737925
0.9069483268272922
0.9033070603313531
0.899511554383675
0.8956671818263254
0.8956208114081625
0.8920488690139292
0.8883316680010119
0.8845502777721005
0.8845120219546728
0.8810065504509337
0.8773644930703217
0.8736437597319149
0.8736129942653426
0.8701714759193115
0.8666010334259416
0.8656626015658178
0.8655064517659068
0.8649463636166816
0.8642049116823339