0.23517326144913425
0.23518442104531032
0.23519000183706967
0.2352067446209309
0.2352290721535827
0.23523188720052057
0.23523444388061698
0.23523500753991491
0.2352374499752466
0.235238622400768
0.2352392015165965
0.2352409423397394
0.23524325882805194
0.23524457604765903
0.23524523463532387
0.23524721040488852
0.23524985333885445
0.235251162150371
0.23525182161788127
0.23525380396784323
0.23525642552529047
0.23525782515154753
0.23525852125833063
0.2352605971200126
0.2352633989273442
0.23526481804125327
0.23526553727271224
0.2352676949748463
0.23527057197202383
0.23527493540121844
0.23527711726698194
0.23528368902684516
0.23529233467044575
0.23529374429704378
0.23529688224345854
0.23529844167429698
0.23530306412857205
0.23530941841821376
0.23531082336515433
0.2353125655631129
0.23531344914254165
0.23531609989229488
0.23531962291091515
0.23532169094761957
0.23532272149447592
0.2353258131504662
0.23532996211353566
0.23533196455574612
0.23533297399306766
0.2353360023197833
0.23534001418363953
0.2353420914162536
0.23534312438115187
0.23534621712423084
0.2353503491690574
0.23535279252066865
0.23535401430841704
0.23535766510471146
0.23536258280970923
0.23536507812149302
0.2353663391912659
0.2353701224233568
0.23537516692109514
0.23537781278209807
0.2353791393917084
0.23538311924564362
0.2353884430452889
0.23539145635466618
0.23539296157864797
0.23539749532196927
0.2354035164221522
0.2354068394907954
0.23540849223339966
0.23541343078947044
0.23542008313999144
0.23542326656125112
0.23542487166121562
0.2354296869976349
0.23543606641253842
0.23543909502132238
0.2354405966928106
0.23544510173957933
0.23545110873585037
0.23545484576162412
0.23545671856402164
0.23546234816180903
0.23546976949555126
0.23547349694610084
0.23547535351721255
0.2354808902692436
0.235488317225928
0.23549264498090805
0.23549481995453728
0.2355013449419446
0.2355100175233677
0.23551456376277605
0.23551682339909352
0.23552364279728463
0.23553256770505776
0.2355334887631123
0.23553540198864667
0.2355411531198568
0.2355488064586197
0.23555384961103173
0.23555636577599626
0.23556388444876458
0.23557401220336835
0.23557991424492167
0.23558288271538902
0.2355918766147186
0.23560352819255778
0.23560437027445671
0.23561180170915869
0.23562171101791454
0.2356378907643168
0.23564598270993664
0.23567035544338627
0.23570232516350245
0.2357119773446634
0.235717795456889
0.23572066250851287
0.2357292298187977
0.23574080648224077
0.23574648968441717
0.23574938443090762
0.2357580516905469
0.2357695580694003
0.2357754148205949
0.2357783209439083
0.23578700505280498
0.23579877649337364
0.2358011749119719
0.23580394143805347
0.23581225745501733
0.23582318617641682
0.23582872859508858
0.23583144859703942
0.23583960870595586
0.23585048973356473
0.23587069297622762
0.23588082022332815
0.23591090487740332
0.2359523118186092
0.2359574450060456
0.23596221134194542
0.23597662337435224
0.23599545256522877
0.23600442173241354
0.23600878728840152
0.2360218584744497
0.23603954154673237
0.23604737389814634
0.23605137687870065
0.23606329212087357
0.23607945492714924
0.23608778218564863
0.23609204684611773
0.2361047411056932
0.23612206847382394
0.23613007081307616
0.2361341836072141
0.2361465947999859
0.23616294751056452
0.23617164556272494
0.23617593894797886
0.2361888697572453
0.23620594098704092
0.23621596089651026
0.23622092061405417
0.23623588746239738
0.23625548260590928
0.23626555401048574
0.23627046250707573
0.23628530373342244
0.2363048829899801
0.23631603128331757
0.23632157728756997
0.23633818333824136
0.23636030182721174
0.23637225709560789
0.2363781963978458
0.23639622354954698
0.23641962053761842
0.2364322541138702
0.2364384309827635
0.23645689024621153
0.2364814481630955
0.23649321176932867
0.23649903085355523
0.23651662457197567
0.23653976371811042
0.23656035503440362
0.23657053004641132
0.23660141299755266
0.2366416322511315
0.23666222260329148
0.23667228772687235
0.23670225071672393
0.23674339009414505
0.2367622161855132
0.2367934926318471
0.23680752434101274
0.23681476959606126
0.23683671623374064
0.2368653544790796
0.23688231243126284
0.23689061101918976
0.23691555570364664
0.23694875920700295
0.2369645322923332
0.23697244891057131
0.2369959719808027
0.2370281244496389
0.2370432142766899
0.23705094704034632
0.2370742354477168
0.23710527060404837
0.23712280735610639
0.2371315745997903
0.2371579781765197
0.2371928479770816
0.23721313429758087
0.23722315715958434
0.23725345794081137
0.2372934470911723
0.2373140198970855
0.23732428490212454
0.2373549641661538
0.2373957862428475
0.23741581119497235
0.2374257430674754
0.23745571044663824
0.2374950921018359
0.23751876156962012
0.2375304695202986
0.23756526228291147
0.23761295487220285
0.2376340606365635
0.2376450056648614
0.23767765625274054
0.23772171111598256
0.237749661323074
0.23776369708896325
0.23780596670047324
0.23786213582788174
0.2379009015944471
0.23792019589907049
0.23797819308813892
0.23805518494485672
0.23809456511745855
0.238114167321489
0.23817297912709148
0.23825096435166362
0.23826364991214646
0.2382803805875365
0.23833095170205507
0.23839672649556118
0.23840566146406345
0.23842066161261793
0.238465665101193
0.23852569631796344
0.23855658885791078
0.23857206275906964
0.23861866001462498
0.23867985752023588
0.23871120834335388
0.23872667184726482
0.23877315125593046
0.23883449637362056
0.23886926536130063
0.2388865024090143
0.23893831272528274
0.23900649422134923
0.23903994193863873
0.23905641934207977
0.23910549305269815
0.23917201238264732
0.23920699157845296
0.23922484276075306
0.23927830262791408
0.23934975097761305
0.23938634509718226
0.239404691237836
0.23945943340215814
0.23953306465189264
0.23958041462427138
0.23960417671380208
0.2396756003766696
0.2397704447219099
0.23982814426364674
0.23985690103971455
0.23994287058142774
0.24005933184806305
0.24007312550269347
0.2401002785745746
0.24018160136565997
0.24028999806166382
0.24034828723115162
0.2403773624352413
0.24046491100328404
0.2405800047018922
0.24060338685748447
0.24063347639779797
0.2407229566448878
0.24084511489829516
0.24089920919524696
0.24092706867632255
0.24101110004159398
0.24112109640467866
0.2411777548213389
0.24120570678621525
0.24128854646838693
0.2414019974916279
0.24146129045832995
0.24149173473331886
0.24158260254920721
0.24170516626438027
0.24177851234746475
0.24181552480806673
0.24192677356360412
0.2420750065471644
0.2421806723371306
0.2422336446487999
0.2423912345159159
0.24260694735329033
0.2426414330484176
0.24280968560893004
0.24288837968321342
0.24301085508206005
0.24308606106454614
0.24312344602990532
0.24323637985664284
0.243385724240506
0.24348461773899005
0.24353372757748745
0.24368133652598029
0.24387862868369578
0.24399016948421146
0.2440458681594292
0.244214116312257
0.2444367647253884
0.24456042130471925
0.2446219429965872
0.24480640733357661
0.24505329857656286
0.24519445253170652
0.24526506133832926
0.24547764247097253
0.24576221781411775
0.24576925446239245
0.24582592395151143
0.2459952954743751
0.24622411323877355
0.24634062010126395
0.246399782589976
0.2465766152627237
0.24681400680628487
0.24698248259035252
0.24706702108002462
0.24732231642151176
0.24765765385881017
0.24768851225641894
0.24779874485454378
0.2481306229238189
0.2485731826193324
0.24879207200667441
0.2489014889362117
0.24923138263807246
0.2496685513933646
0.24975368197033845
0.2500539467689453
0.2501880161379533
0.25025682535908744
0.2504622565038947
0.2507406438989073
0.25087728616196836
0.2509468906204919
0.25115546509331527
0.2514351354155494
0.25161715157328424
0.2517087898183914
0.25198283461759424
0.25235251676032605
0.2525355649552825
0.25262854872572377
0.2529070254690614
0.25327922593953933
0.2534727898974044
0.25356971293448083
0.25386040312353225
0.2542497233794227
0.254504399019235
0.254632534251441
0.2550174104901602
0.2555309538435719
0.25586192115280104
0.2560275911996731
0.25652626656884514
0.2571917585319588
0.25763328584100753
0.2578552006890173
0.2585224205823187
0.25941000402122344
0.2597376276971761
0.2603805864920107
0.26051750007538726
0.2607257889904074
0.26134857137133644
0.2621934195715654
0.2624398585780851
0.26305130053718817
0.26338205517565577
0.26354881631887683
0.26404945248537137
0.26471989366932447
0.2651566816156431
0.26537645027761075
0.266037836430724
0.26691735256304977
0.2669570993834056
0.26746196103336767
0.2681358021974436
0.26855938774798127
0.268771810450508
0.26940964545332685
0.2702647341933241
0.270793402224967
0.27105959757726583
0.27185988086467006
0.27292965382393564
0.2734333374838286
0.2736852199027503
0.2744427594402061
0.2754562129380687
0.27610038703890155
0.27642474163305086
0.277399562531242
0.27870781192899147
0.2795791880078725
0.28001920878015524
0.2813413865051736
0.28312308998301666
0.28348292626300015
0.2847057889283923
0.28634723424340597
0.28716613212652214
0.2875784579617996
0.28881702595017017
0.2904862952100832
0.2907589801320145
0.29115375694805584
0.2923406370983831
0.2939350274170817
0.29492157165290334
0.29541993204934597
0.2969182724220819
0.29893701161555614
0.29995349159055684
0.3004671931105896
0.3020122154934962
0.3040946690328715
0.3050933688212749
0.30559793157010295
0.30711556554264485
0.30915903957926416
0.31043935961044455
0.3110880445059274
0.3130382323429776
0.31567694508847693
0.3173531707198138
0.3198266949707531
0.3209226013610882
0.3229104433293505
0.32384382039529824
0.3243160661967655
0.32573473738852976
0.32764661376064924
0.32865883902214743
0.32917087225005687
0.3307096733662503
0.3327831073614637
0.3339730562581421
0.33457533831929065
0.33638617789696945
0.33882965960390343
0.34007102944181516
0.3406993078184812
0.3425883623420125
0.34513886264862403
0.3463865982888928
0.34701817361443377
0.34891703429882864
0.3514811764048507
0.3527198415932564
0.3533469290307683
0.3552321396630351
0.3577775409970767
0.3590301985320608
0.35966449101365894
0.36157169251307153
0.3641456179399744
0.3654954646846784
0.3661791607341071
0.3682349314996473
0.37101205915466257
0.37240028878044024
0.37310367697937985
0.37521937719327497
0.37807608091021244
0.37963612431928473
0.38042703728272304
0.3828062825896387
0.38602545753283024
0.3875460928963939
0.38831708730808606
0.3906366677707121
0.39377192323709714
0.39545941574175614
0.3963157546521999
0.39889281054923015
0.4023815081014302
0.40410676408654755
0.4049826033096211
0.407618327144685
0.4111876725609982
0.41299183816779134
0.41390842150287255
0.4166669943931829
0.4204056074727619
0.42226275678852154
0.4232067559636648
0.42604796848937415
0.4299003234159379
0.43182854567417284
0.43280929934426865
0.4357613003724634
0.4397656356444855
0.44180916412616816
0.4428493858353634
0.44598077891907345
0.4502319225911238
0.4523682821937825
0.4534563284055057
0.4567321148158614
0.4611809521903562
0.46344547191280877
0.46459946205454833
0.4680740563125439
0.47279644001339105
0.4751610246680736
0.47636641695447624
0.4799960196835504
0.4849306342023712
0.4873982564717435
0.48865642972401596
0.4924453048728856
0.4975969481540869
0.5002171758561949
0.5015535294469273
0.5055784745553829
0.5110531723633833
0.5138308054821473
0.5152477015382645
0.5195158178406696
0.525323152274405
0.5282512867417954
0.5297450279325284
0.5342451147005591
0.5403694079945702
0.5434324496347729
0.5449948785621321
0.5497023333583145
0.5561081905471773
0.5593714720854883
0.5610361985683281
0.5660525634199027
0.5728817526276259
0.5762740916261953
0.5780042795007276
0.5832182614830755
0.5903144210125026
0.5939318324090068
0.5957769070391177
0.6013381069073503
0.6089093380633023
0.6127094197567944
0.6146473604723149
0.6204890191272072
0.6284422876128644
0.6324293592095703
0.6344623286421368
0.6405911694319243
0.6489345573759666
0.6531648109503678
0.6553216584429876
0.6618248205661019
0.6706798153446429
0.6751183780390305
0.6773809929752581
0.6842037721374218
0.6934932584524378
0.6981701559702739
0.7005538564629085
0.707742648642255
0.7175304121823336
0.7224655602021027
0.7249804379347917
0.7325657708363185
0.7428938079258975
0.7480806461480929
0.7507231220270658
0.7586941858316174
0.769546421644309
0.7750096206822672
0.7777921807795233
0.786186765083535
0.7976149857688049
0.8033628168344269
0.8062894936357522
0.8151198485428398
0.8271399556259778
0.8331932422560484
0.836274473315844
0.8455722044920495
0.8582272305314591
0.864590771697997
0.8678287384094405
0.8776004867451278
0.8908983468496378
0.8975959608167118
0.9010025761331927
0.9112844869551159
0.9252742443730622
0.9323158116263984
0.9358958198869142
0.9467021940270421
0.9614027370369245
0.9687891809354314
0.9725427315953501
0.9838741006385331
0.9992844990573904
1.0070490981188078
1.01099285720572
1.022899776730323
1.0390890414869414
1.0472353043600577
1.0513706989691618
1.0638574882595893
1.080830176868973
1.0893749103777504
1.0937101377744753
1.1068017146579625
1.1245909056014636
1.1335480205810269
1.1380897601832127
1.1518064328344213
1.1704387077103617
1.1798240713336183
1.1845799679374
1.1989449528969858
1.2184509583496868
1.2282749857897375
1.2332498773322682
1.2482779078953061
1.268676313652927
1.2789544324553057
1.284155649725683
1.299869042115688
1.3211889103378422
1.3319347990095782
1.3373687219003758
1.3537869208552051
1.37605318925452
1.38727929581567
1.392951611332325
1.4100919698965428
1.4333265215232405
1.445044262229883
1.450960058218641
1.468838130516873
1.493060173566658
1.5052801879531823
1.511444071220604
1.5300739807031758
1.5553005518894991
1.5680318409950593
1.5744475059239234
1.5938406119504003
1.6200847754312222
1.633300755782269
1.6399537554418002
1.6600662894923817
1.6872652256431624
1.701049541101469
1.7079811801122917
1.7289391551603663
1.7572627820109081
1.7715587106539998
1.7787391448697019
1.8004519517162296
1.829772928656139
1.844608376463615
1.8520504291319961
1.8745575184413958
1.9049266018291329
1.9202856352016022
1.9279799605900667
1.95125331507027
1.982628871259139
1.9984941558893423
2.0064306689390876
2.0304401033835573
2.062777651085243
2.079149370788838
2.087326699553227
2.1120687032096783
2.145360088895717
2.162218258242506
2.1706248948248272
2.1960651613543174
2.2302603684853772
2.2475919207622432
2.256219740343973
2.2823344095527416
2.317397668610103
2.335178820622561
2.34401432684965
2.3707632814865165
2.406636871593741
2.4248438540358794
2.433873496061134
2.4612165938084374
2.4978428519285507
2.516442848441522
2.5256485641181077
2.5535320319644157
2.59083500258651
2.6097941864519396
2.619157344806028
2.6475258215408206
2.685427478914959
2.7047079081353322
2.714207769250366
2.7429996052179755
2.7814134551987073
2.8009715904515695
2.8105845579220636
2.839729529731392
2.878557474565603
2.898348480763179
2.908050131527766
2.937475660503224
2.976616151233335
2.9965909538174857
3.0063545374503833
3.035981112291677
3.0753228070234244
3.0954308895761597
3.105228543810311
3.1349734743066824
3.1743998934990487
3.194591845517122
3.204395604268819
3.2341761795063486
3.2735693480579755
3.2938026156351565
3.303586771124951
3.33332764836312
3.3725769543408584
3.3928287417060097
3.402575215001256
3.432225223811225
3.471247848395222
3.4915487714351836
3.501261228036396
3.53083753594242
3.5696325902299466
3.5901707627543322
3.5999181213181375
3.6296425204633826
3.668458168878716
3.6900863018655685
3.7002128525977005
3.7311711565605656
3.7713119961605868
3.7951646583936327
3.806063146531128
3.8395294368914623
3.8823753129776075
3.8969904802245305
3.9272339659424906
3.9327335623255038
3.951040641033345
3.974582496782918
3.9779151918819564
3.982780712918588
3.9976019228656763
4.0166464775207595
4.020335837625401
4.02432185982802
4.036450586666843
4.052018039993978
4.0589954993334265
4.062249450433264
4.072141586350046
4.084810252573989
4.090482380030573
4.093122906992015
4.101142592303596
4.1113857388881
4.115946150718175
4.118064072945665
4.124489837847675
4.132669451696669
4.13627152681936
4.137938969709746
4.1429920680909715
4.149396431268047
4.150510083952953
4.151816663490641
4.155771331525069
4.160762429588475
4.161222412738589
4.162215141025803
4.165215959317591
4.168989143944433
4.170777324355665
4.171584952809099
4.174024543158676
4.177039646763269
4.1785886768843135
4.179255683564453
4.1812683045122325
4.183648572056381
4.184789481079696
4.1852322270105935
4.1865631529061265
4.187963108738207
4.188543845978281
4.188680854415303
4.18908328007672
4.1891559755233825
4.188983206959708
4.188706920795804
4.1878575527817565
4.1861401149583735
4.184904271019864
4.184040728944776
4.181418620975214
4.177161622137995
4.174307893491124
4.172550694988199
4.16723785795051
4.159131718942316
4.153749796694447
4.150623138377474
4.14119073495443
4.127256987473926
4.119002304461798
4.11445178485118
4.100726030954853
4.081037699357157
4.06928225079837
4.063019527869729
4.044091766715685
4.017503554390263
4.001170889914391
3.9927220297661705
3.9670901255029096
3.931684382493203
3.909156856957822
3.8978611015972806
3.863367812030673
3.8164868813428887
3.7860940386734825
3.7714437554560725
3.7261963314530258
3.6658496995717815
3.6216183666919157
3.6016633709102757
3.5384169675502446
3.456437334902019
3.4134616058083638
3.3950757834917145
3.335559351668059
3.2600310683070743
3.2204705707426666
3.2042767747139607
3.1507715664245817
3.0837085145096568
3.041891419595833
3.0260476978724746
2.9711832059412235
2.904115404589956
2.8633530721214706
2.8492713266172465
2.7976536397149125
2.735964926522512
2.700916636697269
2.6896006092715554
2.6463902652026
2.5949934722999726
2.56492486246926
2.555732058378096
2.519111638926134
2.47567519327833
2.4494911021144485
2.441905794838861
2.410346925590676
2.3729891820201123
2.3498235493427386
2.343457391299807
2.3157971711546597
2.283106347930698
2.262297591044872
2.2568609305315195
2.232225031481325
2.203149722383828
2.184199464407491
2.1794782294680646
2.1572157138511385
2.1309789158610117
2.113515861696679
2.1093531906624565
2.0889836274839886
2.065015045975224
2.0487647693329194
2.04504638919698
2.026217133416394
2.00409954692235
1.9888597964323687
1.9855025338970902
1.9679547518674436
1.947382156527617
1.9330032766114735
1.9299462723507648
1.9134887042391528
1.8942345985386146
1.880604580470169
1.877802785685376
1.8622921806042885
1.844186306115626
1.831219793890874
1.8286392949718546
1.813966281698286
1.7968780296929976
1.7845084776506472
1.7821232052433686
1.7682023286899458
1.7520291223514626
1.7402033148972695
1.7379927551816015
1.7247555498688592
1.70941478935322
1.698089052130631
1.6960366622452971
1.6834268652558766
1.6688503577436213
1.657987945562356
1.6560800558063609
1.6440502976840776
1.6301803976636036
1.6197496890919871
1.6179747395552346
1.6064842476951875
1.5932711693720023
1.5832444116478126
1.5815924186032426
1.5706054135889573
1.5580053476124116
1.548357777567635
1.5468199581844193
1.5363045258515688
1.5242783101350637
1.514987533291553
1.5135560398710515
1.5034833316067016
1.4919955056804588
1.4830410538734549
1.4817087841278223
1.4720524449908612
1.4610705712018939
1.4524335848261272
1.4511940450745002
1.441929801194105
1.431423972567524
1.423101330652095
1.421947446218523
1.413067755920245
1.4030214494336832
1.3949726411479628
1.3939008844147716
1.385354776713433
1.3757193772212193
1.3679349561071457
1.366939200534465
1.3587224871224042
1.3494856205684889
1.3419559486208903
1.341031343052962
1.3331258109800406
1.324264912694615
1.316976602032215
1.3161186153563171
1.3085069975815815
1.300000755527718
1.2929411649773725
1.29214554742374
1.2848116135701486
1.2766399966552235
1.2697972295091149
1.269059990878096
1.2619884748419132
1.2541326436949487
1.2474954986975528
1.246812890145236
1.2399894258517041
1.2324316545230294
1.2259895821033149
1.2253580803873783
1.2187691454203589
1.21149275205386
1.2052358151676736
1.2046521087487463
1.198284973607749
1.1912742582745606
1.1851930965829576
1.184654073099288
1.1784967550369299
1.171736942951094
1.1658227397427994
1.165325474569098
1.1593666949760655
1.1528438838495103
1.1470883354624963
1.146630081104515
1.1408592259608055
1.1345603369478354
1.1289556240465668
1.1285338002563992
1.1229408827457985
1.1168536147703643
1.1113923748730894
1.1110045593446811
1.1055801849146625
1.099692970862431
1.0943682729434596
1.0940121925135642
1.0887475256003185
1.0830494910494661
1.0778548113272077
1.0775283336947727
1.0724150661924652
1.0668959913700755
1.0618251899139706
1.061526315605721
1.0565566374787498
1.0512069190112596
1.0462542180827248
1.045981073143413
1.0411476432644204
1.035958259151391
1.0311182227562137
1.0308690512963525
1.026164971142054
1.0211274493061386
1.0163949618740427
1.0161681196119658
1.0115869071042134
1.0066932912216213
1.0020635406398801
1.0018574879661861
0.9973930538132332
0.9926358728593756
0.9881043322421695
0.987917628774074
0.98356425250408
0.978936495307065
0.9744989050755982
0.9743302029814107
0.9700825118835464
0.9655775960440498
0.9612299490817502
0.9610779882495806
0.9569309362830103
0.9525426842922646
0.9482812112005703
0.9481448132355569
0.9440936615525075
0.9398162748962847
0.9356374294696084
0.9355154936416417
0.9315557909765998
0.9273838319487303
0.9232842766436574
0.9231757739722468
0.9193033416602524
0.9152317071206472
0.911208298376489
0.9111122680793345
0.907323179813992
0.9033470759514158
0.8993968584413571
0.899312404504005
0.8956029679230085
0.8917179217464365
0.8878380970461686
0.8877643814824175
0.8841311405480181
0.880332907584137
0.8765208678423394
0.8764571100988016
0.8728968123420087
0.8691814148478237
0.8654347117816268
0.8653801812351374
0.8618897703511096
0.8582535268891691
0.8545698046707338
0.8545238251911199
0.8511004118431271
0.8475398429930854
0.8439168976995282
0.8438788338101068
0.8405197130326161
0.8370315952108326
0.8334673180715517
0.8334365816381104
0.8301392153722353
0.826720429493965
0.8232128929914042
0.8231889272444057
0.8199509503929284
0.8165985332581489
0.8131459675184115
0.813128267798164
0.8099474057880447
0.8066588013183573
0.804533667000428
0.8042927023120257
0.8023772028568031
0.8000520001809285