0.9992347294978412
0.9992101251274684
0.999197822367717
0.9991609139986996
0.999111700914873
0.9991055765264424
0.9990999227423981
0.9990987024111193
0.999093298081701
0.9990907449091513
0.9990894683163195
0.9990856385356321
0.9990805321425957
0.9990776294426558
0.9990761780843412
0.9990718240068039
0.9990660185451951
0.9990631186074997
0.9990616686301284
0.999057318695452
0.9990515187576726
0.9990484608834705
0.9990469319369657
0.9990423450946228
0.9990362292773617
0.9990330628791094
0.9990314796700018
0.9990267300397025
0.9990203971699946
0.9990107924874723
0.9990059900584521
0.998991582754018
0.9989723727329132
0.9989693768615026
0.9989625199015802
0.9989590913762247
0.9989488057903922
0.9989350915320189
0.9989318619689039
0.9989279732657669
0.998926028899311
0.9989201957959092
0.9989124182799546
0.9989078785266433
0.9989056086300114
0.9988987989350431
0.9988897192792447
0.9988852816610424
0.9988830628323652
0.9988764063413816
0.9988675309613037
0.9988629868270594
0.9988607147398295
0.9988538984730709
0.9988448100553673
0.9988394343281687
0.998836746436568
0.998828682755081
0.9988179310920317
0.9988123884944635
0.998809617165654
0.9988013031722268
0.9987902177548839
0.9987843759860222
0.9987814550685593
0.9987726923085087
0.9987610085253266
0.9987543576768405
0.9987510322100259
0.9987410558002059
0.9987277537859268
0.9987204845513462
0.9987168498831938
0.9987059458678533
0.9986914070190668
0.9986843480855744
0.9986808185705337
0.9986702300150777
0.9986561117892344
0.9986495083869457
0.9986462066436039
0.998636301404341
0.9986230942854305
0.9986148700045153
0.9986107577989617
0.9985984211690314
0.9985819721210755
0.9985738482923993
0.9985697863141779
0.9985576003664505
0.9985413522348
0.9985317915674968
0.9985270111465419
0.9985126698665646
0.9984935478767495
0.9984835942972001
0.9984786174116166
0.9984636867363368
0.9984437788655252
0.9984419757533612
0.9984377623523704
0.9984251221354759
0.9984082682940925
0.9983972123517002
0.9983916842632008
0.998375099975295
0.9983529872165149
0.9983399170948327
0.9983333818717127
0.9983137761728408
0.9982876347135593
0.9982861840467829
0.9982698622712308
0.9982480995397139
0.998212567479421
0.9981948002517055
0.998141498381794
0.9980704252690101
0.9980496998710615
0.9980371157733601
0.9980308235738596
0.998011946947406
0.9979867776201814
0.9979741024960281
0.9979677647793549
0.9979487516010237
0.9979234001987116
0.9979106494373146
0.9979042739007284
0.9978851472631282
0.9978596445701441
0.9978541226100163
0.9978480618051192
0.997829879364735
0.9978056356543878
0.9977936938773582
0.9977877228515463
0.9977698097485967
0.9977459251712958
0.9977015802205416
0.9976794058809333
0.9976128825822679
0.9975241786300226
0.997511446172685
0.9975009663375937
0.9974695267625158
0.9974276059520205
0.9974084388572986
0.9973988549567995
0.9973701031966212
0.9973317663645016
0.9973142776013658
0.9973055329253777
0.9972792988482465
0.9972443191164976
0.9972256920825084
0.9972163782312108
0.997188436621
0.9971511800586932
0.9971331375835989
0.9971241160352144
0.9970970513369185
0.9970609640577772
0.9970421576024191
0.9970327540371198
0.9970045432843939
0.9969669278387865
0.9969451826816546
0.9969343096507354
0.9969016904829298
0.9968581967819665
0.9968366357905755
0.9968258548516548
0.9967935119609745
0.996750386663031
0.9967261700820695
0.9967140612367349
0.9966777346108658
0.9966292972702306
0.9966032528490449
0.9965902299918056
0.9965511613126421
0.9964990676446417
0.9964721498005137
0.9964586901989492
0.99641831128102
0.9963644704866816
0.9963389735435204
0.9963262244648301
0.9962879771284763
0.9962369786438592
0.9961923761968275
0.996170073088184
0.9961031634725256
0.9960139443787632
0.9959700026652255
0.9959480299658291
0.9958821115824235
0.995794214379827
0.9957515187123168
0.9956847972088835
0.9956531258103448
0.9956372891608536
0.9955897790543632
0.9955264291395794
0.9954902417560095
0.9954721468344612
0.9954178618702423
0.9953454778337385
0.9953110901646018
0.9952938952139211
0.9952423101880729
0.995173526399706
0.9951397686660346
0.9951228886994992
0.995072248622758
0.99500472497631
0.9949665636404207
0.9949474816010454
0.994890235265797
0.9948139022363991
0.9947701560536664
0.9947482811441101
0.9946826561300249
0.9945951500791136
0.9945506751671894
0.9945284358234157
0.994461717506376
0.9943727535189549
0.994329555251589
0.9943079543409034
0.9942431513262945
0.9941567414848279
0.9941060232095712
0.9940806616520037
0.994004576593815
0.9939031217555487
0.9938557878947603
0.9938321188335885
0.9937611113049406
0.9936664276164334
0.9936054459348892
0.9935749515983189
0.9934834680182671
0.993361478393896
0.9932778406721517
0.9932360152665374
0.993110538057009
0.9929432130179451
0.992858527824937
0.9928161784231752
0.9926891291635602
0.9925197075641793
0.9924931355535009
0.9924569945848648
0.9923485709273003
0.9922039896217572
0.9921862447429499
0.9921538712521589
0.9920567501519413
0.9919272423163804
0.9918605865249328
0.9918272544840167
0.9917272577018692
0.9915939147429982
0.9915274473576587
0.9914942095092665
0.9913944953201398
0.9912615291897732
0.9911875166775284
0.9911505052543418
0.9910394701885913
0.990891406176869
0.9908208777369109
0.9907856087986701
0.9906798012644563
0.9905387088628941
0.9904622269715287
0.9904239804919254
0.9903092401901787
0.9901562347873338
0.9900777236829148
0.9900384623385197
0.9899206773662902
0.989763611668969
0.9896617377685849
0.9896107911763755
0.9894579498933617
0.9892541287446844
0.9891311914905917
0.9890697086107667
0.9888852577600418
0.9886392756476866
0.9886075098031845
0.9885496634779414
0.9883761224719965
0.988144692960355
0.9880209221245456
0.9879590225200128
0.98777332146697
0.9875256717548235
0.9874778426006456
0.9874140168930321
0.9872225374045974
0.9869671799863086
0.9868490275507387
0.9867899381115047
0.9866126677087095
0.9863762634845472
0.986258395563626
0.9861994486139134
0.9860226056386299
0.9857867718166923
0.9856583511906194
0.9855941255932107
0.9854014462720223
0.9851444891322371
0.9849880888410234
0.9849098659796424
0.9846751937518051
0.9843622204829328
0.984139699775456
0.9840283932249083
0.9836944661414475
0.9832490752369827
0.9831688221570337
0.9828222602027726
0.9826532977523427
0.982396111433083
0.9822391603303192
0.9821606619924865
0.9819251631188343
0.9816110879009111
0.9814058761984266
0.9813032314135615
0.9809952904608367
0.9805845719841438
0.9803523664712034
0.9802362141458559
0.9798877486740237
0.9794229606201893
0.9791678341720818
0.9790402110890415
0.9786573314633884
0.9781466234720655
0.9778542427630036
0.9777079740090443
0.9772691539599844
0.9766837974842432
0.9766676220067059
0.9765510722899633
0.9762014143971999
0.9757350356009097
0.9754929098354017
0.9753717933146805
0.9750084341139134
0.9745237740471182
0.9741782407648942
0.9740053653030527
0.9734867196190716
0.9727948209946606
0.9727377618874244
0.9725133276963404
0.9718399922888157
0.9709415886930188
0.9704994774312079
0.970278244129808
0.9696145114618819
0.9687289314428832
0.9681786589015446
0.9679032491906441
0.9670769684278511
0.9659743291740631
0.9654390109655545
0.9651710945906948
0.9643672959606351
0.9632946810742817
0.9632829825314054
0.9625984399969475
0.9622713505965999
0.9621077098800046
0.9616167683557809
0.9609618525755499
0.9605211361681324
0.960300605179324
0.9596389769818799
0.9587562130468015
0.9582567760372147
0.9580068366041672
0.9572569724798276
0.9562563944565171
0.9559494672957808
0.955660697543092
0.9547943261764715
0.953638149043173
0.9530377893537695
0.9527372924752325
0.9518357330195928
0.9506325584610507
0.9500133088585886
0.9497033491557614
0.9487733950397428
0.9475322933812473
0.9469321676140121
0.9466317915406653
0.9457305913552034
0.9445279005927222
0.943909746525602
0.9436003388868607
0.9426720372187735
0.941433152736462
0.9407409307298052
0.9403944101323494
0.9393547470914307
0.9379670921177333
0.9373336670821559
0.9370166132258831
0.936065364154809
0.9347958364600658
0.9340019606715322
0.9336044928573556
0.9324119495918685
0.9308200093163561
0.9297846846945399
0.9292661254746096
0.927710202901789
0.9256324502043267
0.925438869820516
0.9240772908223117
0.922259419802126
0.9211368792068174
0.9205745751213966
0.9188873555780873
0.9166340005651287
0.9155767583469312
0.9150472264290407
0.9134583453629643
0.9113365465467865
0.9102796106117871
0.9097502440649526
0.9081618472071804
0.9060407056267304
0.904587020346835
0.903858499991242
0.9016723563502915
0.8987512929847324
0.896812906278931
0.8941780744495689
0.8935993783504502
0.8929437278696205
0.8909762600101675
0.8883479664555668
0.8875761697606679
0.8868241366284354
0.8845673277565324
0.8815516733658346
0.8814828098481466
0.8806411103254494
0.8781150845118622
0.8747387827432866
0.8744884724618293
0.8721972095912575
0.870992893571781
0.8703896479935282
0.8685793899260598
0.8661614742548717
0.8648947203117081
0.8642601471814747
0.8623558248429634
0.8598120150136762
0.8584678025165947
0.8577943556589034
0.855773303262368
0.8530732236685037
0.8516451990497881
0.8509296791366143
0.8487822755312165
0.8459129788818066
0.8444058815703256
0.8436506534892187
0.8413839792562442
0.8383548731301752
0.8368955287961881
0.8361642752921546
0.8339695347326568
0.8310366726179905
0.8295803524573953
0.8288506090332253
0.8266603512660459
0.8237333750613609
0.8223024347289668
0.8215854202823706
0.8194333339192601
0.8165573484656466
0.8148699388822601
0.8140240618572397
0.8114849060698471
0.8080899996298936
0.8065434515890533
0.8057683009076286
0.8034414960818471
0.8003309950642725
0.7988162028927781
0.7980569670212185
0.7957778964205311
0.7927311210638079
0.7912586306033246
0.7905205973012952
0.7883051485152068
0.7853433887045612
0.7835727291767164
0.7826847393348195
0.7800187241505431
0.7764522105257265
0.7761402674037642
0.7753751012764407
0.7730780204587289
0.7700061752417063
0.7684107446314913
0.7676106992241085
0.7652087587357229
0.7619958348758895
0.7603885729868751
0.7595824719072702
0.7571622602912373
0.7539243621120466
0.7523050294687627
0.7514927426400073
0.7490538677007771
0.7457904290978837
0.7441666045465238
0.7433519359898112
0.7409058290231579
0.7376321742549297
0.7359526675401294
0.7351098328636211
0.7325790013311624
0.7291909587412023
0.7275336834357018
0.7267019052077208
0.7242042310001139
0.7208602162970801
0.7191820653063808
0.7183396357832248
0.715809877881796
0.7124221906789442
0.7107139742467914
0.7098562536530346
0.7072804650470063
0.7038303312401348
0.7020979781231603
0.701227952992806
0.6986151120450808
0.6951146148539671
0.69338020948535
0.6925090294366107
0.6898926607552105
0.6863869800437976
0.6846324540127392
0.6837510227907015
0.6811037850254275
0.677556175511922
0.6757969346028282
0.6749130491272086
0.6722583917364252
0.6687005323848394
0.6669281338486454
0.6660375649599317
0.6633627796907066
0.6597776664704269
0.6579816650712756
0.6570791746787769
0.6543685181664153
0.6507350699345376
0.6489149658885541
0.6480003442936407
0.6452531924798747
0.6415707252610099
0.6397367492900498
0.6388152149610159
0.6360472673094045
0.6323371226013921
0.6304948151936965
0.6295692246495835
0.6267890779959943
0.6230630381997521
0.6212036506743012
0.6202696520323321
0.6174642252354874
0.6137048814277
0.6118301957329978
0.6108887581379633
0.6080609698682972
0.6042724870145648
0.6023893384118394
0.6014439823370926
0.5986044219162451
0.5948012901380353
0.5929109476388034
0.5919623857392057
0.5891131966651315
0.5852985276259925
0.5833990294531021
0.5824463485066268
0.5795847827498528
0.575755112772583
0.5738502581871712
0.5728954446403787
0.5700274713524808
0.5661910458150214
0.5642863775037538
0.5633322864655459
0.5604664841561499
0.5566350174437646
0.554730941229816
0.5537778411025817
0.5509150071023581
0.5470897490371222
0.5451897821256229
0.5442394960758252
0.5413851002954928
0.5375735384625896
0.535682120809165
0.5347369229386102
0.5318977887085591
0.528109179758029
0.5262291768815697
0.5252905426013792
0.5224710891600625
0.5187114360291165
0.5168460614065961
0.5159156296654934
0.5131207658580703
0.5093966891848022
0.5075498551228094
0.5066296011757616
0.5038652453597221
0.5001846702688666
0.4983600512256712
0.4974518193630091
0.49472349464195087
0.4910937781557176
0.4892946215854799
0.4884000328841749
0.48571258996215977
0.4821401592368803
0.48036977929702995
0.4794904778249922
0.47684883578522813
0.47334017692478464
0.47160158278092007
0.470739053198698
0.46814765118091356
0.4647085882235188
0.46300467174179777
0.4621603341585517
0.4596234168542985
0.4562594970597021
0.45459282055234124
0.45376792849368597
0.4512892392106369
0.44800533584623586
0.44637832523091886
0.445574063252271
0.4431571374611409
0.43995784508690866
0.43837267668448454
0.4375901073539105
0.43523811283856295
0.43212754405275505
0.4305861910372133
0.42982628019712005
0.42754209253351827
0.42452398388092977
0.4230282501422096
0.4222918855063702
0.4200781433371384
0.41715593269661155
0.4157074951659777
0.41499550845343014
0.4128546793000041
0.4100315949676961
0.40863203051290026
0.40794521149581947
0.40587963313728964
0.4031587489762872
0.40180957080571683
0.40114868543799254
0.39916061953567256
0.3965449244630435
0.3952504324195561
0.3946175849738891
0.39271332721872915
0.39021103926774375
0.388965516833465
0.3883580310706926
0.3865294425889875
0.3841301201469217
0.3829415624706032
0.38236332004619594
0.38062204861378396
0.3783408430962568
0.37720884009243294
0.3766597137164991
0.37500529755449796
0.3728417123474129
0.3717676440417813
0.37124837067074523
0.36968294635580917
0.36763985320613435
0.3666252396353793
0.3661366323429927
0.3646625540813463
0.3627431169515529
0.3617891127910096
0.3613318306426049
0.3599509685442356
0.3581577612864879
0.3572669199967227
0.35684228380305566
0.3555584994622414
0.3538966399534316
0.3530710180207716
0.3526801333163262
0.3514966161322919
0.349970389648657
0.3492118050239634
0.3488556982528291
0.3477753668828989
0.3463887700638735
0.34569991430311836
0.3453800369831549
0.344407074601159
0.34316573363314173
0.34254917903729193
0.3422669740185254
0.34140549155710836
0.34031502063741076
0.33977380054871253
0.3395309744365029
0.33878583051406375
0.33785287106929973
0.33739049707900026
0.3371890461399641
0.3365659069008701
0.33579823098638195
0.33541885448503
0.3352611617026072
0.33476677027951596
0.3341736528201966
0.33388224844585956
0.3337712077888652
0.333413718697627
0.33300641856052016
0.33280914489631536
0.3327483867854389
0.3325379844760262
0.33233060931191166
0.33223535779576513
0.33222961476997254
0.33217950135274665
0.3321904188613463
0.3322078680275969
0.33226370321247417
0.3323920526803216
0.33264672004421203
0.332792792919914
0.3329203390893843
0.33325494359628005
0.3337926872288621
0.33409598334499374
0.33431443416710327
0.3349072537320682
0.33580276579656926
0.336345349719148
0.33671537379469724
0.337727170608236
0.3392177303364056
0.34000811676611575
0.3405143807792542
0.3419126832932624
0.343919770179358
0.34483425187432754
0.3465490507645089
0.3467633273750888
0.3471945357891414
0.3484215981438061
0.35011823412416615
0.3508965540257285
0.3513321942482683
0.35257879176172013
0.3542879299816276
0.35508336326372303
0.3555222815429495
0.3567829425438879
0.3585012592624945
0.359299919986731
0.35973566506805094
0.3609910390877379
0.3626944571362997
0.36348031819661303
0.36390495611989654
0.36513179815781527
0.3667905140793344
0.36754340464772794
0.36794655831246964
0.36911483365866105
0.3706896937524629
0.37087183726378153
0.3712367558091663
0.3722981847567203
0.37372569381350906
0.3744513280945697
0.3748365649858611
0.3759560055465189
0.3774598775150961
0.3782754720865129
0.3787104450544101
0.37997031721639307
0.38166149593815685
0.38255239681986347
0.3830288810217572
0.3844053313363176
0.38625101364970643
0.38721213777717783
0.3877275461977788
0.3892126560041136
0.39120185932261864
0.39222664224104736
0.39277760397117906
0.3943613687886616
0.39648075162077573
0.39744090902753026
0.3979538376309025
0.3994322253973074
0.4014094009060482
0.40246671152907554
0.40303581594562005
0.4046697390239429
0.4068548668821301
0.40811811781544977
0.4088081909306031
0.4107736378025183
0.413403140847502
0.41504497325809164
0.4159665673328439
0.418554917036954
0.42201991606437106
0.4238364772353634
0.4248651520780229
0.4277387623076719
0.43158818057502524
0.43239281283606834
0.43489678518925157
0.43825205868021555
0.43987681807429285
0.44078077341616473
0.4433274987778732
0.446737142547758
0.44848930137442033
0.44946990481819055
0.4522212654861418
0.4558981388095175
0.45769379367247387
0.45869698274999937
0.461507911807724
0.4652558372948274
0.46738498708336607
0.4685980970213729
0.47195502945135925
0.4764111768053472
0.47876070902874573
0.4801113810769298
0.48381435136945444
0.48870481153174133
0.4912991812604288
0.49281190406012354
0.4969094379546836
0.5022858419499043
0.5051270238749157
0.5068130419398564
0.5113131724019594
0.5171705433044199
0.5202516341491028
0.5221218219983635
0.5270234818919758
0.5333400675749289
0.536650985064043
0.5387219486934659
0.5440264215652306
0.5507749301652376
0.5543264450860225
0.5566463615043461
0.5624075392355703
0.569605514854908
0.5735208430390434
0.5762853803658938
0.5828215413773817
0.5907219133169653
0.595324166312893
0.5991994724663413
0.6075498998039163
0.6168040158781909
0.61703214791217
0.619929335327113
0.6261963039307089
0.63334386180515
0.6369250648538769
0.6403113021344787
0.6470837804439035
0.6542579524747119
0.6575304226435518
0.6606993807647363
0.6667520444267326
0.6729836586508032
0.6758123914800629
0.6788023481542125
0.6842659215064532
0.689734835978417
0.6922076304619537
0.6950611446503339
0.7000629438609257
0.7049297591479917
0.7071212659970414
0.7098720749616805
0.7145129385138802
0.7189033906706374
0.7208713456091836
0.723545155523987
0.7279020582276136
0.7319116445927981
0.7336995154128271
0.7363154741507381
0.7404459303300565
0.7441458757597869
0.7457858820283866
0.7483580269222437
0.7523044161854073
0.7557472100224557
0.7572629938485096
0.7598014773877576
0.7635947055982939
0.7668186889972396
0.7682274687934094
0.7707395324222103
0.7744019353129155
0.7774349088563596
0.778749146263609
0.7812398714075391
0.7847874484260172
0.7876494383427554
0.7888781040665451
0.7913509830741893
0.7947950907513055
0.7975004426928938
0.7986499687751496
0.80110733570046
0.8044559612788129
0.8070149132466282
0.8080899054588928
0.8105332595258725
0.8137919739327747
0.8162118314585642
0.8172155998475303
0.8196458473299822
0.8228185149695332
0.8251045246699467
0.8260394768199544
0.828457111124381
0.8315464159402043
0.833702411273104
0.8345703421930989
0.8369755772320918
0.8399834102996412
0.8420122857922971
0.8428145901262875
0.8452074584320319
0.8481352013934238
0.8500392580552281
0.8507770840561332
0.8531575082869989
0.8560062385735077
0.8577874328186015
0.8584617927897149
0.8608296371097846
0.8636002744903944
0.8652603950068167
0.865872243321176
0.8682273494504924
0.8709207585676193
0.8724615495891789
0.87301474971915
0.8753515995436307
0.8779636905202337
0.879387958310043
0.8798745913849885
0.8822036557914165
0.8847452912980155
0.8860530595289856
0.8864833402357893
0.8887992061520177
0.8912664129240124
0.8924605353541195
0.8928324133608698
0.89513495155628
0.8975288172773691
0.8986114611511183
0.8989260722812749
0.9012152644367206
0.9035370539346578
0.9045105180870366
0.9047691097269739
0.9070449835243385
0.9092960772053295
0.9101628011012858
0.9103666894946837
0.9126293171018349
0.9148112049991897
0.91557375961239
0.9157243237230652
0.9179738198957181
0.9200880932408195
0.9207491679760259
0.9208478423099041
0.9230843616493447
0.9251327023155823
0.9256950896420456
0.9257433560835449
0.927967089764673
0.9299512584758909
0.9304178372647006
0.9304172164787702
0.9326283886469885
0.9345502125943433
0.9349239309318116
0.934875973675708
0.9370748376993338
0.9389361979772369
0.9392200561829498
0.9391263346669052
0.9413131693653713
0.943115988711164
0.9433130226708559
0.9431751223593811
0.9453502283490901
0.9470964593164765
0.9472097248081125
0.947029236650879
0.9491929326960977
0.9508845463964154
0.9509171043566754
0.9506956174493354
0.9528482371435834
0.9544872129234174
0.9544421157020588
0.9541812108080379
0.9563230993368035
0.957911415093262
0.9577916942386415
0.9574929375003631
0.9596244488239992
0.9611640724281504
0.9609727272449363
0.9606376652060467
0.9627591591258511
0.964252040351258
0.9639920283909816
0.9636221826630175
0.9657340226303128
0.9671820864880167
0.9668563143292039
0.9664531781957604
0.9685557286814424
0.9699608690681633
0.9695721850170756
0.9691372189114784
0.9712308442423463
0.9725949188847739
0.9721461065305966
0.9716807357279469
0.973765797628595
0.9750906234355572
0.9745843960609138
0.9740900084763348
0.9761668642436868
0.9774542133869631
0.9768932096161457
0.9763711526741735
0.9784401549500509
0.9796917517862266
0.9790785327399852
0.9785301121036963
0.9805916071200452
0.9818091262434447
0.9811461710356089
0.9805726507681974
0.9826269769251469
0.9838120404526352
0.9831017457633444
0.9825043477243232
0.9845518336576992
0.9857060083887998
0.9849506901379814
0.9843305874599805
0.9863715551580887
0.9874963556641286
0.9866982396085805
0.9860565629313466
0.9880913279551449
0.9891882145150891
0.9883494413567488
0.987687282674026
0.9897161447944484
0.9907865201587766
0.9899091492455891
0.9892275528014159
0.9912508031278752
0.9922960142886039
0.9913820208589407
0.990681983871606
0.9926999070817879
0.9937212481769719
0.9927725230413544
0.992055010950363
0.9940678715444149
0.995066579745534
0.9940849335688343
0.9933508538156965
0.9953589212350976
0.9963361869642255
0.9953233441935566
0.9945735860669188
0.9965771007036609
0.9975340464656053
0.9964916809167786
0.9957270537813337
0.9977262674564679
0.9986639842596128
0.9975936511022185
0.9968149532234912
0.9988101065522063
0.9997296414937031
0.9986328122653976
0.9993442352106112
0.9997991735421906
0.9999980094547372
0.999999999673568