0.9991617853554556
0.9991371616299691
0.9991248491907946
0.9990879117758753
0.999038659946546
0.9990350646974615
0.9990318828488418
0.9990271166569233
0.9990241318706566
0.9990226394687466
0.9990181622601475
0.9990121926226098
0.9990116037279103
0.9990104011382204
0.999006793367075
0.9990019829887807
0.9989996806591475
0.9989985294889372
0.9989950759763202
0.9989904712774995
0.9989883190514931
0.99898724293371
0.9989840145785912
0.9989797100918725
0.9989775287610393
0.9989764380907933
0.9989731660782571
0.9989688033811299
0.9989663043758742
0.9989650548669589
0.9989613063380303
0.99895630828118
0.998953188401961
0.9989516284526955
0.9989469486018695
0.9989407087718808
0.9989363400244649
0.998934155632163
0.9989276024502632
0.9989188648165288
0.9989186598908455
0.9989166682467803
0.9989106933102267
0.998902726680502
0.998898546932868
0.998896457041914
0.998890187364302
0.9988818277415822
0.998877790405678
0.998875771721656
0.9988697156651376
0.9988616408738326
0.9988573134881714
0.9988551497768944
0.9988486586380595
0.998840003730198
0.9988348054450932
0.9988322062764441
0.9988244087638481
0.9988140119977906
0.9988087716185731
0.9988061514019819
0.9987982907454958
0.9987878097864442
0.9987870086848812
0.9987810370125855
0.9987730747352879
0.9987677146156027
0.9987650345279467
0.9987569942581003
0.9987462738103519
0.9987402705898464
0.9987372689444753
0.9987282640000805
0.9987162572970316
0.9987097149311198
0.9987064437066545
0.9986966300237127
0.9986835449814432
0.9986770676193596
0.9986738288975132
0.9986641127226297
0.9986511576930092
0.9986448380017495
0.9986416781169668
0.998632198453436
0.9986195587796645
0.9986131599786132
0.9986099605383483
0.9986003622083425
0.9985875643095714
0.9985854753956972
0.9985827029647915
0.9985743856646863
0.9985632958373152
0.9985570360489905
0.9985539061168406
0.9985445163114136
0.9985319964509479
0.9985244072967239
0.9985206126642123
0.9985092287542696
0.9984940500298681
0.9984867350647229
0.9984830775302762
0.9984721049154595
0.9984574745962603
0.9984499736080846
0.9984462230590893
0.9984349713999428
0.998419969014603
0.9984121085290718
0.9984081782267604
0.9983963873065688
0.9983806658884387
0.9983721859182463
0.9983679458636074
0.9983552256849647
0.9983382652246756
0.9983285673838571
0.9983237183733383
0.9983091713229143
0.9982897749634055
0.9982804860066253
0.9982758414448923
0.9982619077423215
0.9982433292039998
0.9982336751145952
0.9982288479800014
0.9982143665577738
0.998195057701698
0.9981851243261826
0.9981801575420673
0.9981652571695426
0.9981453897029398
0.9981358027068381
0.998131009121388
0.9981166283466795
0.9980974536953129
0.9980871683680124
0.9980820256028257
0.9980665972863442
0.998046025871595
0.9980366901888263
0.9980320222644602
0.9980180184739676
0.9979993464834734
0.9979881850183085
0.9979826041666383
0.9979658615874447
0.9979435377626603
0.9979308043464616
0.9979244374838364
0.9979053368661821
0.9978798688683186
0.9978670067232611
0.9978605754916615
0.9978412817662986
0.9978155562804994
0.9978024875339426
0.9977959529962083
0.9977763493512627
0.9977502106249179
0.997737289414098
0.9977308286487904
0.9977114463211939
0.9976856027002954
0.9976724168427363
0.9976658237489164
0.9976460444351662
0.9976196714728134
0.9976067445269025
0.997600280893363
0.9975808899621006
0.99755503486232
0.9975415375222058
0.9975347886766348
0.9975145421056429
0.9974875461109732
0.9974744653072033
0.9974679247421676
0.9974483030148816
0.9974221401772873
0.997408019322313
0.9974009587038546
0.9973797768119069
0.9973515336627373
0.9973374014026286
0.9973303350801926
0.9973091360762184
0.997280870115707
0.9972663468266112
0.9972590849814018
0.9972372994069097
0.99720825131451
0.9971929583004112
0.9971853115695193
0.9971623713341509
0.9971317836233876
0.9971114946031246
0.9971013497016212
0.9970709149253425
0.9970303339380014
0.9970079395784289
0.9969967419239116
0.9969631488765479
0.9969183565525839
0.9968926299161243
0.9968797659620586
0.9968411739868173
0.9967897159395824
0.9967580152780345
0.9967421639924057
0.9966946099740751
0.9966312014217876
0.9966019355866778
0.9965873018454153
0.996543400478511
0.9964848626240996
0.9964559659951352
0.9964415168865731
0.9963981694237234
0.9963403701370238
0.9963069102113393
0.9962901791709767
0.9962399858612814
0.9961730579407977
0.9961596884307138
0.9961134726047705
0.9960518485075197
0.996022297470248
0.9960075211195847
0.9959631919254297
0.9959040835606114
0.9958713224424908
0.9958549408567057
0.9958057959227953
0.9957402659458151
0.99570659297648
0.9956897554100648
0.995639242522732
0.9955718884119275
0.9955413771687637
0.995526120654557
0.9954803509573229
0.9954193217661856
0.9953888906601809
0.9953736742307734
0.9953280247870584
0.9952671559465119
0.9952315943867638
0.995213812407568
0.9951604662685797
0.9950893340468726
0.9950515450559505
0.9950326491874025
0.9949759613552559
0.9949003730463871
0.9948646029355854
0.9948467166569558
0.9947930576086332
0.994721508201026
0.9946844595000318
0.9946659338577543
0.9946103567055956
0.9945362494919697
0.9944990869916971
0.9944805044259231
0.9944247565037945
0.9943504215997647
0.9943076168735957
0.9942862127820589
0.9942220002208707
0.9941363776142951
0.9940826104988931
0.9940557241801429
0.9939750647644321
0.9938675096978051
0.9938143193368255
0.9937877214627436
0.9937079273850719
0.9936015263659034
0.9935517403239948
0.9935268449649802
0.9934521584864395
0.9933525686860211
0.9932948174505354
0.9932659386816717
0.9931793018334114
0.9930637755449852
0.9930031774276564
0.9929728749157639
0.9928819667954271
0.9927607443771919
0.9926913786332557
0.9926566912258096
0.9925526282408261
0.9924138623198016
0.9923449684881668
0.9923105170669224
0.992207162033793
0.992069340351483
0.9919989843925514
0.9919638017481012
0.9918582530186126
0.9917175057414772
0.991645792169376
0.9916099305327237
0.991502344809795
0.9913588808381002
0.9912905984652488
0.9912564528449025
0.9911540152285365
0.9910174170173575
0.9909381640435759
0.9908985316423636
0.9907796334348496
0.9906210826287001
0.9905380091275946
0.9904964658797037
0.9903718350105944
0.9902056387681234
0.9901137067644485
0.9900677328316773
0.9899298096431923
0.9897458854617268
0.9896540589835555
0.9896081378490392
0.9894703730914514
0.989286660027079
0.989164345072032
0.9891031735233624
0.9889196564663706
0.988674919822415
0.9885192680245761
0.9884414194197854
0.9882078697432394
0.9878963931452871
0.987893207805091
0.9877112763079862
0.9874686545699989
0.9873466776808071
0.9872856752929919
0.9871026656300874
0.986858606195149
0.9867271517834539
0.9866614085440994
0.9864641759405078
0.986201144994969
0.986066780432396
0.9859995813889957
0.9857979813872344
0.9855291237247094
0.9853865585788614
0.9853152567672804
0.9851013479684141
0.9848160720812014
0.984662984982061
0.9845864195407243
0.9843567192884402
0.9840503786389869
0.9838833735682855
0.9837998451124412
0.983549255169068
0.9832150465713705
0.9830370058075889
0.9829479556234518
0.982680799840731
0.9823244921843276
0.9819781077689859
0.9818048042720402
0.9812848740987359
0.9805912550779786
0.9802560183868827
0.9800882956735945
0.9795851083461646
0.9789138392832342
0.9787892191616442
0.9782743809425072
0.9781797679676784
0.9780578673927341
0.977692155287237
0.977204353538724
0.9771253211359869
0.9770039368137183
0.9766397735029241
0.9761540386460416
0.9759004811746164
0.9757736436719054
0.97539311985008
0.9748855535762062
0.9745852041937403
0.9744349468743666
0.9739841587496126
0.973382826002049
0.9731111007711069
0.9729751706484404
0.9725673669079098
0.9720233986438905
0.9717130893395383
0.9715578471771629
0.9710921030358597
0.9704708111104987
0.9704217566404251
0.9702809576408831
0.969858546084072
0.9692950831068599
0.9690250877635616
0.9688900235672533
0.9684848174143378
0.9679443160771384
0.9676165622487473
0.9674525883373399
0.9669606462664084
0.9663043905998459
0.965994132054644
0.9658389162396988
0.9653732504806936
0.9647520647409887
0.9644184609656853
0.9642515592964258
0.9637508326743591
0.9630828532766241
0.9627288897615511
0.9625517960464083
0.9620204906152902
0.9613116947564456
0.9609536106730607
0.9607744537198386
0.9602369572874709
0.9595198994756071
0.9590861145877807
0.9588690547883612
0.958217837231149
0.9573489702565435
0.9568782869038798
0.9566427501822751
0.9559360950746313
0.9549932050645417
0.9545234082384474
0.9542883147256467
0.9535829883044639
0.9526418734795895
0.9520696667084262
0.9517832754108116
0.9509240325343306
0.9497773669986127
0.949152807161169
0.9488401851234591
0.9479022350103387
0.9466504414991118
0.9460025438899049
0.9456782312350684
0.9447052004019977
0.943406543761304
0.9427321871879113
0.9423946167005275
0.9413818022335717
0.9400299934521569
0.9398440945200774
0.9394780204614844
0.9383796740809052
0.9369135872913958
0.9362433432164915
0.9359078383854408
0.9349012168434387
0.9335576937535763
0.9328976712154691
0.9325672917718106
0.9315760462287463
0.9302530714494229
0.9295826147028424
0.9292470096375496
0.9282400814275107
0.9268961553107911
0.9260270463621882
0.9255918630593395
0.924286117768007
0.9225428524007077
0.9217045964277725
0.9212848878208456
0.920025574024959
0.9183443835051689
0.9172969025995504
0.9167722654527458
0.9151980524843628
0.9130958139458739
0.9120174207600535
0.911477281026348
0.9098565291042617
0.9076920495659655
0.9064024359029771
0.905756296237474
0.903817381834438
0.9012271930023936
0.8995237304450792
0.8986697026595256
0.8961067154464588
0.8926807016480925
0.890518079777646
0.8889951991668588
0.8882319608775279
0.8859414580934297
0.882880534545329
0.8809459423072842
0.8799757754602584
0.8770639312010176
0.8731702312441897
0.8726043461033952
0.869443955801597
0.8652168009910352
0.8635839735413504
0.862164869085571
0.861453812796019
0.8593198045572544
0.8564683806112179
0.8548946784358175
0.8541059804872014
0.8517387995713797
0.8485750003284739
0.8470517282696959
0.846288360478489
0.8439971792719705
0.8409351020149743
0.8390666194648944
0.8381297770062386
0.8353175360509455
0.831556859754748
0.8315061023234465
0.8307559044473221
0.8285041491590073
0.8254946499350222
0.8240083763729623
0.8232635661475496
0.821027930776099
0.8180398759955596
0.8166527260106649
0.8159576718554445
0.8138714076462901
0.8110833053339664
0.8095810649376871
0.8088281874091857
0.8065682018914246
0.8035471508498365
0.801887390527504
0.8010553163366657
0.7985573589672665
0.795216979976939
0.7936764064584216
0.7929041665865284
0.790585876524836
0.7874861227622987
0.7859265821680839
0.7851447531024451
0.7827975815923758
0.7796587743169946
0.7781253881576418
0.7773566335543938
0.7750486688693382
0.7719621041187235
0.7703067704107002
0.7694766140855139
0.7669840759752089
0.7636494112833001
0.7620477432393724
0.7612444711063951
0.7588326357106878
0.7556058495096469
0.7540022824204243
0.7531979516716399
0.7507828565901697
0.7475512294277612
0.7459557135034809
0.7451553223227866
0.7427519914131154
0.7395356901316334
0.7378776200139842
0.7370456190738808
0.7345472060032738
0.7312026364908352
0.7295216665984317
0.7286779955979639
0.7261444253286501
0.7227520468872625
0.7210678477578448
0.7202224125835723
0.717683464718031
0.7142833146807038
0.712610187629949
0.7117702021174978
0.709247570098576
0.7058688646380947
0.7041609659703643
0.7033033278949814
0.7007275611470146
0.6972768736440716
0.6955580429448971
0.6946947736937104
0.6921020186405483
0.6886280284533438
0.6868745867843323
0.6859937542102027
0.6833481367480285
0.6798025813912871
0.6780255054972236
0.6771326612776143
0.6744508793783663
0.6708563131392855
0.6690700790281897
0.6681725580804272
0.6654766770399226
0.661862937250451
0.6600533935076573
0.6591440869935253
0.6564127359934737
0.6527511489911436
0.6509238398557785
0.6500055872995045
0.6472473140035194
0.6435495521166765
0.6417025220597665
0.6407743859812468
0.6379863789267018
0.6342488284613533
0.6323893578690736
0.6314550707709268
0.6286485638546123
0.6248865633139771
0.6230108917495554
0.6220686181581215
0.6192380978518339
0.6154444287125761
0.6135567223140687
0.6126086319667237
0.6097606298854739
0.6059443170499194
0.6040427120137154
0.6030879364428033
0.6002198445089063
0.5963776088871484
0.5944671124616455
0.5935082496506338
0.5906278837620967
0.5867704810018439
0.5848499555428489
0.5838865071344832
0.5809923680571897
0.57711801386078
0.5751916968500226
0.5742258697517103
0.5713245921237624
0.5674424299690204
0.5655128228097887
0.5645459454819516
0.5616415190758661
0.5577571146464134
0.5558269299949856
0.5548604312072378
0.5519571446223835
0.5480764403721021
0.5461485603615234
0.545183946719574
0.5422863197939066
0.5384155391657194
0.5364935570393333
0.5355326822008215
0.5326462757558804
0.5287930007619392
0.526880162318421
0.5259246954061491
0.5230545126819643
0.5192255404780215
0.5173254084681789
0.5163771656134991
0.5135286496297504
0.5097313245277822
0.5078474067094751
0.5069081645389857
0.5040866374701131
0.5003281007953457
0.49846383698231383
0.4975353262727487
0.4947459707135009
0.4910331373518632
0.4891918779157606
0.48827577342068557
0.48552360216319346
0.48186312315109847
0.48004806916450543
0.4791459609442299
0.4764357311173005
0.4728338840408411
0.47104805766646185
0.47016143804070515
0.46749761219766023
0.46396025581390504
0.4622064698847756
0.4613367205519625
0.4587234281771744
0.45525595917433076
0.4535368015494814
0.45268518851760775
0.45012621090169225
0.4467335528701505
0.4450513851392608
0.4442190611054805
0.441717838457042
0.4384044609657269
0.43676142805075924
0.43594944034941063
0.43350909545096183
0.43027905504240643
0.4286771110488099
0.42788641757616036
0.4255098032135156
0.4223668151075725
0.42080775795615616
0.42003924718700264
0.41772900565870474
0.4146765300828706
0.41316204419773783
0.41241655875609606
0.4101751918554553
0.4072165323771916
0.4057482380120464
0.40502660096188753
0.4028565479459221
0.3999949582085514
0.39857446217325054
0.39787750341558376
0.39578121911766334
0.3930200076300562
0.3916494464633745
0.3909782647041464
0.3889590082245244
0.3863025623302537
0.38498799224165353
0.38434556966468747
0.38241227908517456
0.3798723530598762
0.3786019893746078
0.3779828109015867
0.3761187596091337
0.3736739815330996
0.3724624983199264
0.3718736956264418
0.37010032557201
0.3677786784408468
0.36662479481806914
0.36606590148866835
0.36438169954631233
0.3621815403397059
0.3610857869339892
0.36055724482827795
0.3589634112404251
0.35688669136405005
0.35585451469790036
0.3553590883629309
0.35386383454304154
0.351921482264186
0.35095479235312693
0.35049362332128425
0.34910021468182767
0.34729690637308885
0.34639902208755297
0.345973951369607
0.3446877329396788
0.34303086384972464
0.34220579300453574
0.34181902779847945
0.3406464076551727
0.3391447972592608
0.3383969726596007
0.3380509815246621
0.33699909664163613
0.3356625964264722
0.33499707312782806
0.3346947017708046
0.3337717462099022
0.3326116980742235
0.33203436754703247
0.3317789764369223
0.33099458281003447
0.3300243698080996
0.3295423655715355
0.3293380723850323
0.3287039939844691
0.32793999551211045
0.32756211383959244
0.32741409750713096
0.3269450294806808
0.32640785313172455
0.3261454658574284
0.32606059639330737
0.32577589440268817
0.3254929134850067
0.3253618050012894
0.32534995114746645
0.3252771777807573
0.3252878176885316
0.3253125763126964
0.32538997528046604
0.3255739194423388
0.32594342754323796
0.32617351654535665
0.3263760552053093
0.32691384608148366
0.3277879939041742
0.32840754958034835
0.32889056495944075
0.330190705346956
0.33220529447680536
0.33278104224002797
0.3345296694630318
0.334615686969086
0.33506567410465277
0.33634003997831946
0.33814667458968445
0.3389955012991481
0.3394856905936114
0.34088430527755403
0.34283675721819135
0.34377497714239247
0.34430578407515733
0.34582649361608775
0.3479291864931388
0.3489417911094235
0.34950641437151775
0.35112851968054515
0.3533559047153336
0.3544233164913514
0.3550117671617501
0.35670608563775336
0.3590200521322742
0.3601138523778711
0.3607108232693002
0.36243347667987175
0.3647756025881781
0.3658436933205289
0.3664203263756209
0.368089401864584
0.3703496059134655
0.37156443751417717
0.37222307135315463
0.37412380229854486
0.37669418925760834
0.3781462764601359
0.3789400921044643
0.38121822445109904
0.38429514567959544
0.38601108157235564
0.3869565887652856
0.3896534339102841
0.3932882020212736
0.3953419694056843
0.39648607465779445
0.39972258197871813
0.40407200899054085
0.40628429805171984
0.40751709011413595
0.4109914589254607
0.4156445095851055
0.4190384735517792
0.4210398986925509
0.42650734744844
0.43378178659675276
0.4344975803609382
0.43906227967599076
0.44513494189676056
0.4480077609272777
0.44964519052845914
0.4541661259597645
0.46016653614211345
0.4632320321667529
0.46499951081784263
0.46984076231865624
0.4762387373893639
0.4796567275825502
0.481664590781393
0.4870888857963407
0.4942059248857992
0.498093409161841
0.5004382796282735
0.5066474859230731
0.5147017180900646
0.5191134883950757
0.5218697251407914
0.5289739705449322
0.5380301745932783
0.5427154765410945
0.5457322194801677
0.5532977515470486
0.5627545272491905
0.5670432374673622
0.5697937150838098
0.5766127602387103
0.5850787446745425
0.5890910707084598
0.5917563645718742
0.5982185165597692
0.606141268750128
0.6099769291892739
0.6126570428437744
0.6189465132256644
0.6265127583711079
0.6302117866316975
0.6329908138699736
0.6392279464673708
0.6465218544560634
0.6500840706417227
0.6530466736774676
0.6593187776329354
0.6663473235631262
0.6697311855649704
0.6729559038653543
0.6793088086199055
0.68599062358256
0.6890784763543677
0.6923759415918335
0.6984485471511315
0.7044484612779892
0.7071618475050884
0.710247378607147
0.7156496887699193
0.7207991415092961
0.7231175083010135
0.7260350885709065
0.7309091434664587
0.7353934453740065
0.7374018764311363
0.7401898382006287
0.7446523449883695
0.7486180732459391
0.7503831900326372
0.7530707681234279
0.7572104155596099
0.7607682739948722
0.7623400229705257
0.7649496822017496
0.7688335239865548
0.7720662498907621
0.7734817400383114
0.7760312018448411
0.7797101609394006
0.7826791181133569
0.7839658328371669
0.7864693469699268
0.7899821720148884
0.7927324108206054
0.7939106862393429
0.7963795462995814
0.799755356328568
0.8023194581757049
0.8034042722785998
0.8058469684271475
0.8091070013724341
0.8115081165164427
0.8125103472437057
0.8149328101211242
0.8180919754559941
0.8203463042422167
0.8212736844191022
0.8236797681355339
0.8267481931349426
0.8288669798379182
0.829724904192029
0.8321169673462009
0.8351014002447612
0.8370924561388033
0.8378846662671329
0.8402640772759534
0.8431689960343255
0.8450378069721989
0.8457669291912949
0.8481344304097845
0.8509628348130349
0.852713342856395
0.8533812777794794
0.8557372251771608
0.8584911749937146
0.8601263229098797
0.8607345143966921
0.8630790310082548
0.8657600061231102
0.867282114898312
0.8678317323336514
0.8701648066843966
0.8727739480393688
0.8741849777855571
0.8746770390134598
0.876998588810466
0.8795368598213664
0.8808385890705214
0.881274042972482
0.8835839564716015
0.8860522507091753
0.8872463982236667
0.8876252796556272
0.889924927295662
0.892325445299951
0.8934133188530222
0.8937392995024006
0.8960255795119312
0.8983566002782868
0.8993408455637444
0.8996122264272459
0.9018864975164055
0.9041503231151623
0.9050324882679551
0.9052511947435551
0.9075134407285056
0.909711202246066
0.9104933205573621
0.9106604783834515
0.9129107027472295
0.9150436129010603
0.9157278449392229
0.9158446287685852
0.9180828739017496
0.9201522428545412
0.9207408680644295
0.9208085098301168
0.9230348566907958
0.9250420876735447
0.9255374960440982
0.9255572800859253
0.9277718465246119
0.9297184283108748
0.9301231087446853
0.9300963653874572
0.9322993036834052
0.9341868011609401
0.9345033277546321
0.9344314260347046
0.9366229199871732
0.9384529636472763
0.9386839808827113
0.9385683209067098
0.9407485825997728
0.9425228574936039
0.9426710650197049
0.9425130702377392
0.9446823366988055
0.9464025713228221
0.9464707088833256
0.9462718184867666
0.9484303483508527
0.9500983037812512
0.9500891366046653
0.949850798241786
0.951998868530118
0.9536163280233803
0.9535326329989825
0.9532562960374936
0.9553941988821175
0.9569629580016757
0.9568075107587246
0.9564946198331706
0.9586226596592186
0.9601445172341564
0.9599200803179636
0.9595720697051722
0.9616905602274242
0.9631673098918384
0.9628766219934153
0.9624949101953172
0.9646041720753059
0.9660375948345069
0.965683361075189
0.9652693462251926
0.9673697047385101
0.9687615622060375
0.9683464457017066
0.9679015017337701
0.9699932842976482
0.9713453126446298
0.9708719269513949
0.9703974000131835
0.9724809342878633
0.973794838908687
0.9732657417606234
0.97276294654864
0.9748385594823025
0.9761160108599891
0.9755336987040871
0.9750039167361455
0.9770719321843352
0.9783145619581554
0.9776814649460961
0.977125942509463
0.9791866802573886
0.9803960778143944
0.9797145570443264
0.979134502611505
0.9811882776004083
0.9823659877149674
0.9816383321502279
0.9810349160423967
0.9830820365410852
0.9842295575334319
0.983457980258574
0.9828323346567769
0.9848731016604187
0.9859918830124061
0.9851785231333011
0.9845317381566315
0.9865664457986931
0.9876578878428581
0.986804807440256
0.9861379344762787
0.9881668670177414
0.9892323207939672
0.9883415009963641
0.9876555502732475
0.9896789871764357
0.9907197532172873
0.9897931019598565
0.9890890426763046
0.9911072524483576
0.9921245807797815
0.9911639276849978
0.9904426928229404
0.992455931918408
0.9934510209831648
0.9924581199026765
0.9917205987385427
0.9937291186125483
0.9947031189071028
0.9936796515103277
0.9929267004404787
0.994930736410572
0.9958847465873304
0.994832321020216
0.9940647457010512
0.9960645351043499
0.9969996127826197
0.9959197549436998
0.995138348751163
0.9971341033709212
0.9980512471287053
0.9969454306481025
0.9961509209295949
0.9981428597499664
0.9990430389278337
0.9979126442463778
0.9971057415623493
0.9990940767748631
0.9999782020783944
0.9988245691606575
0.9998522308425749
0.9999125025076153
0.999954717552293
0.9999999997019972