0.9990351611357883
0.9990105038189673
0.9989981745808885
0.9989611867540146
0.998911867701699
0.9989116188773328
0.9988992884041505
0.9988926425154969
0.9988889480622885
0.9988871008221076
0.9988815590974088
0.9988741700895876
0.9988691635852404
0.9988620720524946
0.9988608354298028
0.9988563001847494
0.9988502531641947
0.9988468360631736
0.998845127501196
0.998840001811515
0.9988331675234023
0.9988287836441374
0.9988265916857505
0.9988200158051065
0.9988112479050053
0.9988069990772385
0.9988048746453683
0.9987985013446579
0.9987900035544304
0.9987856991765095
0.998783546969003
0.9987770903412436
0.9987684814468495
0.99876448509939
0.9987624869095535
0.9987564923353788
0.9987484995207657
0.9987446268958678
0.9987426905684217
0.9987368815816398
0.998729136219908
0.9987250225118973
0.9987229656410659
0.9987167950237077
0.9987085674820834
0.9987035399657654
0.9987010261829292
0.9986934848275948
0.9986834296089605
0.9986784922518552
0.998676023549277
0.9986686174349058
0.9986587425405263
0.9986531994712725
0.9986504279066654
0.9986421132047488
0.998631026840549
0.9986255588071967
0.998622824761274
0.9986146226157566
0.9986036863288427
0.9985983108654046
0.998595623105235
0.9985875598171631
0.9985768086773777
0.9985711344991676
0.9985682973787964
0.9985597860093889
0.998548437416565
0.998542384961914
0.9985393586987161
0.9985302798997874
0.9985181747212798
0.9985123897160235
0.9985094971808017
0.9985008195666378
0.9984892493108376
0.9984816756070427
0.998477888699869
0.9984665279648507
0.998451380138309
0.9984444822392873
0.9984410332432399
0.99843068624369
0.9984168900952838
0.9983941416089764
0.9983827668719061
0.9983486425617505
0.9983031418348793
0.9983026791803846
0.9982862279657331
0.9982642926323843
0.9982527919083928
0.9982470414187847
0.9982297899217071
0.9982067875088692
0.998193570935213
0.9981869624809663
0.9981671370824641
0.9981407026640385
0.9981395427654367
0.9981342420743922
0.9981183399769921
0.9980971368241663
0.9980870202047677
0.9980819617954809
0.9980667865452464
0.9980465525550384
0.9980344265928474
0.9980283634701234
0.9980101740715903
0.997985921072563
0.9979844213064734
0.9979789900816686
0.9979626963816945
0.997940971076017
0.9979300015758078
0.9979245167096158
0.9979080620850378
0.9978861222079315
0.9978755526291316
0.9978702677326852
0.9978544130189794
0.9978332730471915
0.997821438873574
0.9978155216514334
0.9977977699558604
0.9977741005820814
0.9977618184971955
0.9977556773083793
0.9977372537100239
0.9977126884336732
0.9977012304064561
0.9976955012657406
0.9976783138158707
0.9976553967986584
0.9976444836206254
0.9976390269158463
0.9976226567756648
0.99760082954524
0.9975894041886244
0.9975836913841648
0.9975665529425188
0.9975437012776888
0.9975302054725422
0.997523457396302
0.9975032131305981
0.9974762201930875
0.9974630058426455
0.9974563984971874
0.9974365764246174
0.9974101464422258
0.9973946377410428
0.9973868831602684
0.9973636193690701
0.9973326002194585
0.9973134848357426
0.9973039267950509
0.9972752526021527
0.9972370191778431
0.9972177366006352
0.9972080949546225
0.9971791699433588
0.997140602078403
0.9971230139044968
0.997114219520894
0.997087836309321
0.9970526577016889
0.9970331153955306
0.9970233438738035
0.9969940292328235
0.9969549418384976
0.9969366415594294
0.9969274911028236
0.9969000396663965
0.9968634366833893
0.9968406386394164
0.996829239119802
0.9967950404613023
0.9967494405952482
0.9967250311205141
0.9967128258150063
0.9966762097869528
0.9966273865007296
0.9966032581884725
0.9965911934709707
0.996554999207378
0.9965067383346182
0.9964825802605805
0.9964705006671576
0.9964342617754266
0.996385941399457
0.9963634444308592
0.9963521954659389
0.9963184484736026
0.9962734508728383
0.996252368993646
0.9962418276301989
0.9962102034527055
0.9961680364716656
0.996144679135754
0.9961329999485496
0.9960979622820911
0.996051243661604
0.996027989840571
0.9960163624167238
0.9959814800402476
0.9959349684820944
0.9959068632135494
0.9958928098265998
0.9958506495178684
0.9957944332365378
0.9957615204236439
0.9957450629802592
0.9956956904465502
0.995629856950355
0.9955883726575993
0.9955676288787305
0.9955053972212013
0.9954224162132391
0.995377506385664
0.9953550495702019
0.9952876787522625
0.9951978445232487
0.9951541192372555
0.9951322547695255
0.9950666610129187
0.9949791965710924
0.9949394985661244
0.9949196480702692
0.9948600962940125
0.9947806888427579
0.9947305124683117
0.9947054218726986
0.9946301496387875
0.9945297785280085
0.9944729177642988
0.9944444842903081
0.9943591832713643
0.9942454382747645
0.9941941996240566
0.9941685778225894
0.994091711929706
0.9939892157102783
0.9939277482917314
0.9938970110155071
0.9938047984949309
0.9936818363390428
0.9936069524765989
0.9935695052214218
0.9934571624439972
0.9933073541335801
0.9932882587010982
0.9932023612132007
0.9930878207877627
0.9930235821445442
0.9929914589333101
0.9928950885336173
0.9927665814836976
0.9927478074383561
0.9927161003824664
0.9926209784977245
0.9924941363359467
0.9924227275271073
0.9923870182622287
0.9922798895288588
0.9921370349894912
0.9921296092295592
0.9920979780312031
0.9920030836876744
0.9918765451222032
0.991814885129515
0.9917840515424436
0.991691550085042
0.9915682026145411
0.9915011090985808
0.9914675580781298
0.9913669041866011
0.9912326845043219
0.9911662756557422
0.9911330670283999
0.9910334403237907
0.9909005906593191
0.9908099425638895
0.9907646107869978
0.9906286139375358
0.9904472585948505
0.9903533111052124
0.9903063290751031
0.9901653813761078
0.9899774227976536
0.9898649472562702
0.9898086975543957
0.9896399461273792
0.9894149035830687
0.9892901890369756
0.9892278170712578
0.9890406983145412
0.9887911569331216
0.9886767549308236
0.9886195416581001
0.9884478994158631
0.9882190013071409
0.9880987379605198
0.9880385927435829
0.9878581543833631
0.9876175236922176
0.9875446697211216
0.9874730452072702
0.9872581678534469
0.9869715990714351
0.9868285240846827
0.9867569673810153
0.98654229347222
0.9862559960038011
0.9861060611607304
0.9858947544457483
0.985790972718604
0.9857390717305103
0.985583366718003
0.9853757255500717
0.9852641298864312
0.9852083203716677
0.9850408894537391
0.984817608466802
0.9847099752314169
0.9846561477829768
0.9844946632337148
0.9842793133868661
0.9841464171783059
0.9840799525395161
0.9838805552414209
0.9836146356732632
0.9835726758568459
0.9835112520560095
0.9833269777457744
0.983081230549518
0.9829654747815447
0.9829075843973948
0.9827339106451874
0.98250230292833
0.9823899909463458
0.9823338232067604
0.9821653175096603
0.9819406031207567
0.9817904153192298
0.9817153004733468
0.9814899515447576
0.9811894145915073
0.9810281431679361
0.9809474833666206
0.9807054989116109
0.9803827699944503
0.980211345471401
0.9801256059143619
0.9798683814646141
0.9795253219423874
0.9793671483194283
0.9792880383257511
0.9790507033150784
0.9787341775214854
0.9785609348664482
0.9784742859582197
0.9782143332929905
0.9778676341171018
0.9776779759831429
0.9775831136346163
0.9772985194292152
0.9769189459365419
0.9766696827212652
0.9765449937796035
0.9761709144645677
0.9756719444066502
0.9754462505940614
0.9753333567681894
0.9749946647974311
0.9745429143255235
0.9742916687761245
0.9741659882063063
0.9737889335192575
0.9732859934197893
0.9729814704177085
0.9728291238639095
0.972372064995723
0.9717623593735325
0.9716632102652877
0.971285287626774
0.9707811894483568
0.9704930354126248
0.9703488825018589
0.9699164062042815
0.9693395080921975
0.9689782045948713
0.9687974339970717
0.9682550944315553
0.9675315621711214
0.9674871512349964
0.9673114829016859
0.9667844511204704
0.9660813538518764
0.9657546945251426
0.9655912687782144
0.965100968190234
0.9644468973206374
0.9640472142050787
0.9638472285956582
0.9632472365354318
0.9624467428776209
0.9620828437004537
0.9619007748813114
0.9613545384024509
0.9606258085607737
0.9601526431047741
0.9599158608273081
0.9592054629211946
0.9582575633062141
0.9577327554284784
0.957470106654386
0.9566820971109524
0.9556305465596062
0.955323940749834
0.9550157826039698
0.95409121928249
0.9528572750352055
0.9521634322943591
0.9518160845756398
0.9507739255769599
0.949382868205897
0.9485021529703302
0.9480611139582399
0.946737805210069
0.9449709647078051
0.9443315303447967
0.9429201731805845
0.9429156760191271
0.9420518582211714
0.9408990723987813
0.9403185326770506
0.9400279723259721
0.9391562019391054
0.9379927941782219
0.9371821020597236
0.9367761928161671
0.935558287804173
0.9339323699963419
0.9327825714827191
0.9322065472286947
0.9304781074909855
0.9281694114464604
0.9268540688801433
0.9261949397243701
0.9242170499487199
0.9215745009546914
0.9202919033890966
0.9196492351964443
0.9177207271998663
0.9151442959371171
0.914812253069286
0.9129972012305583
0.9125436437982536
0.9120680338783942
0.9106409088261992
0.9087353040225737
0.9077967982509926
0.9073268309883255
0.9059166298872522
0.9040336622380568
0.9026157721901942
0.9019052180071864
0.8997728518478036
0.8969234981455747
0.895019077438637
0.8924302358153083
0.8919964794908352
0.8914359783873417
0.8897539964682805
0.8875075156007062
0.8862424121212886
0.8856086141585976
0.8837065836099626
0.8811656178210026
0.8799773966900526
0.8793821922131885
0.877595989959229
0.8752100360154496
0.8738765343750379
0.8732084214231989
0.8712033077132144
0.8685243141645497
0.8672473522568487
0.8666076281730746
0.8646877100729707
0.8621227414113645
0.8608297472155674
0.8601819837848059
0.858237892642018
0.855640529329251
0.8542979890132711
0.8536253601716095
0.8516065700988081
0.8489091390339726
0.8470920685836734
0.8461810519053575
0.8434462642632596
0.8397892146771821
0.8380568564856198
0.8371883997757332
0.8345813476371255
0.831095405201369
0.8308373575323948
0.8287540719583234
0.8259699802217962
0.8239668926847243
0.8229622874150356
0.8199460002944088
0.8159104988854914
0.8135887831379555
0.8103735234269286
0.8087759165384721
0.8079750938831026
0.8055708941971936
0.8023561278993064
0.8007502902612452
0.7999452850417007
0.7975284324987438
0.7942964006060452
0.7928118677766005
0.7920677660764225
0.7898338175578158
0.7868467899224484
0.7853345966530073
0.7845765460648858
0.7823006157064338
0.7792569907554738
0.7775875436969854
0.7767503617287478
0.7742365531066829
0.770873327547732
0.7692906818813562
0.7684970543624341
0.7661140516488794
0.7629259947201189
0.7613029266814508
0.7604888778525959
0.7580444131620869
0.7547733896965615
0.753121494251166
0.7522928305174298
0.7498043468966198
0.7464737030951982
0.7447959407967051
0.7439541351993152
0.7414260551945957
0.7380416711470431
0.7363567890828088
0.735511268368698
0.7329719312682987
0.7295718671067526
0.7278765968528134
0.72702571104852
0.7244701592452581
0.721047741037506
0.7193423634801186
0.7184862514625464
0.7159149063403617
0.7124707034599114
0.7107327942421203
0.7098601514251324
0.7072390212974652
0.7037272861313041
0.7019784826297294
0.7011002170122713
0.6984621088499021
0.6949270227905258
0.6931604802518199
0.6922731508636526
0.6896077223462892
0.6860354034793469
0.6842604707886808
0.6833688097065208
0.6806903015699842
0.6771000051313131
0.675300192686678
0.6743958999700751
0.6716793549245135
0.668037533946747
0.6662176503974174
0.6653031783285516
0.6625559810347926
0.6588726936414326
0.6570322237403617
0.6561073472761813
0.6533288299588105
0.6496033076702545
0.6477458606352842
0.6468124448836975
0.6440082282359546
0.6402482071977688
0.6383723062279171
0.6374296556434182
0.6345976569970369
0.6308005082993999
0.6289071121450684
0.6279557674917
0.6250976230631399
0.6212657525354998
0.6193563791079104
0.6183971695365322
0.6155153822995789
0.6116523798447755
0.6097277688672246
0.6087611354311694
0.605857039409339
0.6019649302571161
0.6000268916563676
0.5990538186297983
0.5961303803511923
0.5922133950556074
0.5902633909364254
0.5892846887904026
0.5863443497069636
0.5824060109375481
0.5804461135683827
0.5794629001208667
0.5765090238102488
0.5725540888844157
0.5705867772864734
0.5696003728407811
0.5666369292378628
0.5626709568177867
0.5606988286648797
0.5597106088659934
0.5567417314201
0.5527704792670733
0.5507964427007882
0.5498079330185115
0.5468382028509797
0.5428680034579635
0.5408951256815389
0.5399079235176807
0.5369421351213383
0.5329795757182542
0.531011111837751
0.5300268994741665
0.527070099788346
0.5231220705467217
0.5211613964923626
0.5201819063029407
0.5172392902838804
0.513312841563748
0.5113633944200754
0.5103903783689893
0.5074671975381498
0.5035694165971587
0.50163465570215
0.5006698658341502
0.4977713699519325
0.4939093040324786
0.49199265875560944
0.4910378217132132
0.4881691825163126
0.48434974022668337
0.4824545651919064
0.4815113611906842
0.4786776095299746
0.47490748245527914
0.47303702330551567
0.47210707109928896
0.46931305203693807
0.46559866247231463
0.46375603422607675
0.4628408830145961
0.46009123168838895
0.45643870984600393
0.45462688367850723
0.4537280097796977
0.4510271414210448
0.447442322791586
0.44566413004649486
0.4447829425012603
0.4421350690875035
0.43862352773048713
0.43688167836370445
0.43601953182473285
0.4334287003615765
0.4299958105317869
0.4282929243318891
0.4274511381256481
0.4249212871912887
0.42157230786032795
0.4199109576389944
0.41909084030222643
0.41662587274986373
0.4133660513241903
0.4117488140257417
0.41095169106568424
0.408555556134654
0.40539024176450394
0.40381975368893175
0.4030469965285973
0.4007237752685574
0.3976585333579091
0.39613754556563024
0.3953905996980352
0.39314458780385114
0.3901853080043226
0.3887167384716618
0.3879971492353103
0.3858329325467696
0.38298592446892454
0.3815716307288952
0.3808804575302091
0.3788011425468687
0.37607084798224544
0.37471948571886576
0.3740610490786349
0.372079565582163
0.36948312748735623
0.3681887336847611
0.367560425140396
0.36566877124048164
0.36319643709322036
0.36197093773904254
0.3613786630297473
0.35959451543111387
0.3572695617411966
0.3561162035162018
0.3555617616391631
0.3538903769215565
0.3517201288182587
0.3506421105756341
0.350127330915336
0.34857401610536615
0.346565965156937
0.34556904753763185
0.34509699047182807
0.34367073606302234
0.34183709982293936
0.34092653836500875
0.34050009150351346
0.3392093068367204
0.3375616797195606
0.3367439794684937
0.3363666764183515
0.33522165817948135
0.33377412799514244
0.3330570280709516
0.33273304359260575
0.33174594982037076
0.33051505374456314
0.3299067439004904
0.32964060215625896
0.32882451897771975
0.32782822201643563
0.3273384200750023
0.32713552691276365
0.3265060402240408
0.32576576074232155
0.3254062403640621
0.32527318944759787
0.3248492455949904
0.32439103455831647
0.3241762860909498
0.3241212696092704
0.3239263098437406
0.3237824441249866
0.3237307490050421
0.3237642609335848
0.3238281470769663
0.3240398941778205
0.3241754061500733
0.32431150119843755
0.3246740026905981
0.32529643516298623
0.3256528485630256
0.32591155857864407
0.3266289343234209
0.32774033029022936
0.32836944775294347
0.3287824589213134
0.32994288294386914
0.33166672510124373
0.33266508068894923
0.33329415654859784
0.3350673748413507
0.33764411442416276
0.3393272545571989
0.3403934624787835
0.3433745338546004
0.3476666440265032
0.3497439987263608
0.35098972464569345
0.35449428003285793
0.35941599601262614
0.3604443980616286
0.36379192921311554
0.36841490231882884
0.3706151864343603
0.3718571160361219
0.3753906486863626
0.38022259166202876
0.3826025249130835
0.3839345273883401
0.38772239239333456
0.392866186975674
0.39543532292650235
0.39686668079341497
0.4009292598467234
0.40641409984255716
0.4091724084385298
0.4107060522907409
0.4150458791670011
0.42087380911933664
0.42382363524917605
0.4254642315106605
0.4300873288046843
0.4362635462069861
0.4394126585392925
0.441169049830513
0.44609079240470056
0.4526321990286485
0.45600100684922784
0.45789184813634837
0.4631508314663518
0.4701050292220869
0.4737454581227195
0.47581301045125524
0.48150407095522746
0.4889892447592944
0.4930423371956893
0.49539422725387255
0.5017643567529301
0.510078165687564
0.5151846545132996
0.5183162117186612
0.5264931410864278
0.5369536787913959
0.5416877099064432
0.5445561827900229
0.5519907974022424
0.5614474225263196
0.5615729460789556
0.5671814379127919
0.5743890553759412
0.5775300238052563
0.5793772597401091
0.5842577448714233
0.5905341557278211
0.5938547375668705
0.5958955808943126
0.6011544980437586
0.6078380444819057
0.6113129696586398
0.6135396906332871
0.6191068959426325
0.6260748572868551
0.6296709981151246
0.6321110183609941
0.6379783229262981
0.6451646402640576
0.6489269647915878
0.65173052981965
0.6580953607831399
0.6655995924971242
0.6695762524632193
0.6730767038723984
0.6803447824702785
0.688261294604888
0.6920073575180598
0.6957050605069046
0.7028041695537556
0.709975927058813
0.7132044518575141
0.7165891039695582
0.7227207115229586
0.7286602475032921
0.7313214370182662
0.7344570116181129
0.7398230808393479
0.7447983989283864
0.7470160069717069
0.7499625929326207
0.7547398233726426
0.7589729256199599
0.7608480771671493
0.7636523895828518
0.7679782334443471
0.7716402187584364
0.7732505064270989
0.7759475879869372
0.7799258477551829
0.7831455534730964
0.7845491472030566
0.7871646294492614
0.7908721206311071
0.793745036778947
0.7949848675786667
0.7975371152790256
0.8010298451852891
0.8036259796089004
0.8047333900888702
0.8072353478401305
0.8105537379434954
0.8129240625589708
0.8139217515819575
0.816382507071669
0.8195556332185828
0.8217371290272637
0.8226414168769617
0.8250675479000849
0.8281165267357378
0.8301359889432699
0.8309585293668359
0.8333552330592914
0.8362958455313149
0.8381726517538886
0.83892175754425
0.8412936258697502
0.8441381489476723
0.8458862186716886
0.8465679205010713
0.8489191995132342
0.8516774094766383
0.8533066088027318
0.853925445629891
0.8562598386982911
0.8589393720163957
0.860456593940866
0.8610160868203449
0.8633364413179788
0.8659429340378728
0.8673529821017201
0.867855854876411
0.8701640580146657
0.8727014101048866
0.8740077041849678
0.8744560160249166
0.8767531477571889
0.8792239550799372
0.8804290486807057
0.8808243472121265
0.8831109387869993
0.885516946778164
0.8866228775416021
0.8869663688121713
0.8892426300566243
0.8915850915161648
0.8925936111979952
0.8928863052240417
0.8951522775047177
0.8974321917694368
0.8983449174451424
0.8985877312124108
0.9008433782651492
0.903061638657548
0.9038801524033379
0.9040743644101075
0.9063190461887528
0.9084760501621992
0.9092021935595676
0.9093476092055713
0.9115823604817646
0.9136799307947712
0.9143149655783551
0.9144135847078867
0.9166378063059063
0.9186764460950447
0.919222356631924
0.919274808725623
0.921488483984526
0.9234692402279354
0.9239279065038383
0.9239352174776004
0.9261383692749802
0.928062377512404
0.9284357794238451
0.9283990296869553
0.9305917142182525
0.9324601916418619
0.9327504075870213
0.9326707245449523
0.9348530306421958
0.9366672713199449
0.9368764699048948
0.9367550231323962
0.9389270706564969
0.9406884383975941
0.9408188675655147
0.9406568629167152
0.9428188004773997
0.9445287202223449
0.944582694849243
0.9443813679512759
0.9465333702772403
0.9481933187182604
0.9481732074819351
0.9479338170080382
0.95007608209674
0.9516875779663626
0.9515957901194823
0.9513196110617389
0.9534523572170032
0.9550169516260371
0.9548559239544476
0.9545442410839654
0.9566677040423707
0.9581869711495661
0.9579591554730011
0.9576132571630471
0.9597276872881236
0.9612032154164671
0.960911066872481
0.9605322393772897
0.9626378988862391
0.9640712821390329
0.9637172483882757
0.9633067703225158
0.9654039309222942
0.9667967616528443
0.9663832727997743
0.9659424106011194
0.9680313509715062
0.9693852127075933
0.9689146725287515
0.9684446760184142
0.9705256796407672
0.9718421408029433
0.9713169187739891
0.9708190170907812
0.9728923705959369
0.9741729791375382
0.9735954032805405
0.9730708023257433
0.9751367930371737
0.976383071146472
0.9757554224258018
0.9752053010093721
0.9772642160627251
0.9784776563680757
0.9778021630200096
0.9772276710253329
0.9792797958192282
0.9804618575939531
0.9797406911628576
0.97914294747989
0.9811885642762425
0.9823406706640778
0.9815759419067485
0.9809560331935205
0.9829954200332908
0.9841189550599977
0.9833127122768366
0.9826716908179365
0.9847051207986977
0.9858014279292884
0.9849556535307761
0.9842945375132992
0.9863222776444893
0.9873926578735001
0.9865092679073721
0.985829040293366
0.9878513506909247
0.9888970606035421
0.9879779050913664
0.9872795100843988
0.9892966455186153
0.9903189003036216
0.989365754908738
0.9886501072224136
0.9906623131259648
0.9916622796833466
0.9906768602140887
0.9899448307623736
0.991952346588631
0.9929311509205626
0.9919150971285476
0.9911675300539844
0.9931705843968097
0.9941293037128067
0.9930841943588716
0.9923218887182291
0.9943207067566076
0.99526037863982
0.9941877195142229
0.9934114476547293
0.995406244132998
0.9963278599614815
0.9952290938652705
0.9944395942298014
0.9964305728968036
0.9973350797334087
0.9962115912560999
0.9954095615566821
0.9973969215939881
0.9982852262051372
0.9971383328470546
0.9963244559011646
0.9983083737909324
0.9991813410090123
0.9980122945745935
0.9971871900684773
0.999167869407378
1.0000263294556453
0.9988363229712475
0.9989309958726733
1.0000024317152085
1.000415791868571
0.9999999997411393