0.9992717249034748
0.999247130350702
0.9992348325006972
0.9991979388647878
0.9991487454340688
0.9991426234920661
0.9991369719665809
0.9991357521228132
0.9991303499524434
0.999127797799936
0.9991265217171356
0.9991226934665837
0.9991175891138248
0.9991146875737154
0.9991132367953296
0.9991088844576319
0.9991030813159338
0.9991001825371288
0.9990987331392158
0.9990943849429681
0.9990885873232181
0.9990855306711947
0.9990840023357935
0.9990794173268223
0.9990733039541949
0.9990701388216845
0.9990685562454638
0.9990638085138885
0.9990574781759612
0.9990478773335516
0.9990430768247325
0.9990286752814909
0.999009472943344
0.9990064782702465
0.998999624053168
0.9989961968993081
0.9989859154282634
0.9989722066569707
0.998968978386112
0.9989650912390315
0.9989631476506277
0.9989573168814786
0.9989495424780851
0.9989450045416951
0.9989427355535563
0.9989359285841987
0.998926852562854
0.9989224167210861
0.998920198780657
0.998913544954544
0.9989046731279185
0.9989001308131403
0.998897859635676
0.9988910460983461
0.9988819613201868
0.9988765877459066
0.9988739009308105
0.998865840479022
0.9988550931226666
0.9988495527454272
0.99884678252683
0.9988384718642374
0.9988273908884626
0.9988215514604073
0.9988186317134012
0.99880987246494
0.9987981933643836
0.9987915451816695
0.9987882210478103
0.9987782486371397
0.9987649519557175
0.9987576856357169
0.9987540524249374
0.9987431527820545
0.9987286197639965
0.9987215636617585
0.9987180355624234
0.9987074512544031
0.9986933386925481
0.9986867379397047
0.9986834375211544
0.998673536256545
0.9986603344378207
0.9986521134577707
0.9986480029027561
0.9986356712248768
0.9986192287806612
0.9986111082138309
0.9986070478666365
0.9985948668124126
0.9985786252064159
0.9985690683794112
0.9985642898787492
0.9985499543602382
0.9985308400537388
0.9985208904741728
0.9985159155887369
0.9985009909145364
0.9984810910466395
0.9984792886594115
0.998475076952412
0.9984624418179486
0.9984455947541976
0.9984345432584851
0.998429017393518
0.9984124397769955
0.9983903359152149
0.9983772710531817
0.9983707384601556
0.9983511406526641
0.9983250097177706
0.9983235596351026
0.9983072444320359
0.9982854904655991
0.9982499727202688
0.9982322126520256
0.9981789322686678
0.9981078878234845
0.9980871707889152
0.9980745917701591
0.9980683021103816
0.998049433104118
0.9980242739395144
0.9980116039341659
0.9980052687771491
0.9979862632788236
0.9979609221189223
0.9979481765100376
0.9979418035499646
0.9979226846429539
0.9978971922598557
0.9978916725324373
0.9978856141782007
0.9978674390907467
0.997843205186507
0.9978312682405669
0.9978252996305255
0.9978073937758091
0.9977835188649556
0.9977391918675493
0.9977170265077298
0.997650530161161
0.9975618621745566
0.9975491348823192
0.9975386592988368
0.9975072324814334
0.9974653286877697
0.9974461693758799
0.9974365893673802
0.9974078492855835
0.9973695280301624
0.9973520463748934
0.9973433052533244
0.9973170818414366
0.997282116334614
0.9972634968775652
0.9972541868152892
0.9972262565743983
0.9971890151764093
0.9971709800470623
0.99716196217207
0.997134908496066
0.9970988359182202
0.9970800371263674
0.9970706373933842
0.997042438139908
0.9970048380319675
0.996983101744042
0.9969722331484797
0.9969396272898249
0.9968961513415336
0.996874599153473
0.996863822616959
0.99683149293653
0.9967883852592793
0.9967641785763682
0.9967520746809956
0.9967157629088392
0.9966673453820243
0.9966413116185566
0.9966282940912607
0.9965892414063587
0.996537169074312
0.9965102622592313
0.9964968081733503
0.9964564458072108
0.9964026270929102
0.9963771406101258
0.9963643967626665
0.9963261651242611
0.9962751875801072
0.9962306034560925
0.9962083095121488
0.9961414274036353
0.9960522450163092
0.9960083213932333
0.9959863577421706
0.9959204665164522
0.9958326055535157
0.9957899275003383
0.9957232335377935
0.9956915752187752
0.9956757451106609
0.9956282546349073
0.995564930909755
0.9955287584939085
0.9955106710583355
0.995456408560681
0.9953840544996196
0.9953496810785456
0.9953324932538079
0.9952809296135997
0.9952121743575253
0.9951784306341138
0.9951615576745526
0.9951109386262719
0.9950434430352476
0.9950052975633713
0.9949862234583635
0.994929000935866
0.9948526996791697
0.9948089717161748
0.9947871059195943
0.9947215082571383
0.9946340387045114
0.9945895823550238
0.9945673522956853
0.9945006618451048
0.9944117350434549
0.9943685548442666
0.9943469629707102
0.9942821870799216
0.9941958134323711
0.9941451164156522
0.9941197654915542
0.9940437123509452
0.9939423001092625
0.9938949861366464
0.9938713270232262
0.9938003493528201
0.9937057055100501
0.9936447495113532
0.9936142680223048
0.9935228230097507
0.9934008848665301
0.993317282477139
0.9932754747492049
0.9931500506197617
0.9929827964632559
0.9928981471897089
0.9928558157595089
0.9927288204629816
0.9925594709266488
0.992532910230012
0.9924967846520146
0.9923884072017239
0.9922438875878726
0.9922261502873851
0.9921937906234379
0.9920967110321934
0.9919672586078868
0.9919006313634952
0.9918673136035018
0.9917673596943575
0.9916340739696016
0.9915676351419596
0.9915344115797882
0.9914347402794735
0.9913018314041
0.991227850794287
0.9911908553314829
0.9910798681843735
0.9909318681511192
0.9908613702195148
0.9908261165437992
0.9907203548313128
0.9905793236045771
0.9905028749100485
0.9904646450387107
0.9903499546020454
0.9901970157794004
0.9901185388781952
0.9900792946458186
0.9899615610522334
0.9898045639585542
0.9897027346120987
0.989651810314449
0.9894990359870935
0.9892953042795989
0.9891724210606805
0.9891109652241713
0.9889265956087089
0.9886807220544109
0.9886489702503887
0.9885911494965652
0.9884176852985105
0.9881863584146605
0.9880626425613752
0.9880007704744369
0.9878151520819308
0.9875676128338576
0.9875198050474098
0.9874560078615744
0.9872646140535665
0.9870093711429061
0.9868912717870525
0.9868322089118967
0.9866550183004956
0.9864187206949375
0.9863009060254113
0.9862419857256256
0.9860652227992944
0.9858294959394113
0.9857011336628098
0.9856369372690484
0.985444345677134
0.9851875057843232
0.9850311770026203
0.9849529899391152
0.984718425281463
0.9844055958493441
0.9841831776798514
0.9840719224861901
0.9837381498335821
0.9832929656738174
0.9832127499398269
0.9828663495854171
0.9826974661150856
0.9824404002586993
0.982283522819749
0.9822050613582548
0.9819696732955566
0.9816557462479291
0.9814506316052228
0.9813480354267301
0.981040240606479
0.9806297177010093
0.9803976231055539
0.9802815263377469
0.979933227943404
0.9794686636003711
0.9792136603820538
0.9790860990343463
0.97870340510839
0.9781929458642477
0.9779007081227924
0.9777545110125476
0.9773159065504031
0.9767308390490242
0.976714671590085
0.9765981795987956
0.976248695302719
0.9757825489453648
0.97554054426959
0.9754194884055585
0.9750563116332333
0.9745718958696004
0.9742265374685426
0.9740537496775065
0.9735353679506572
0.9728438234673945
0.9727867937129387
0.972562474910206
0.9718894872800933
0.9709915511445686
0.970549671469477
0.9703285543498679
0.9696651717038456
0.9687800631479481
0.9686110828371784
0.9680167651866608
0.967741768815643
0.9676042024276714
0.9671914908608591
0.9666409782188511
0.9663637679824973
0.9662250940641384
0.965809059562688
0.9652541124550859
0.9648912590858422
0.9647097145943597
0.9641650589185683
0.9634384506914075
0.9630725484298682
0.9628894780230194
0.9623402440469756
0.9616075240916734
0.961227877043112
0.9610379250483959
0.960468044293909
0.9597077654883909
0.9592094748497809
0.9589601096437452
0.9582119707849565
0.9572137014911303
0.9565741862073127
0.9562540690371861
0.9552936456653878
0.954011837562966
0.9531668582555461
0.9527437411380314
0.9514742622277891
0.9497794591731895
0.9491655883120856
0.9479617030718137
0.9476970707289369
0.947306660800226
0.9461353151907965
0.9445717009554805
0.9441030427933566
0.9429712034675977
0.9423565817280907
0.9420489476401097
0.9411259700856356
0.9398942056036513
0.9390931564502994
0.9386920857224818
0.9374887434815348
0.9358823737406234
0.9358180186250005
0.9349066768050441
0.9336904633876314
0.9329315321116973
0.9325515832458363
0.9314116137185985
0.9298899472535901
0.9289517065393211
0.9284818516176003
0.9270720940687326
0.925189819982475
0.9243148866906098
0.9238767872998352
0.922562314708266
0.9208074340600999
0.9196996475426255
0.9191447508825595
0.9174797728974229
0.9152562035648223
0.9137853597897271
0.9130481901576136
0.910836154476203
0.9078804378371689
0.9074843665627205
0.9056760442102721
0.9032607373401935
0.901832229214292
0.8998839291850232
0.8988682373047279
0.8983595824479268
0.8968333313756565
0.8947953523368428
0.8936377292156138
0.8930578795261256
0.8913179440785256
0.888994163663095
0.8877804421888573
0.8871724501171636
0.8853480302072565
0.8829112225479493
0.8815367225349144
0.8808480372929238
0.8787813861676173
0.8760203920270966
0.8757668313292727
0.875191259809766
0.8734641080411353
0.8711574314548368
0.8699403801969143
0.8693307474427461
0.8675013371760572
0.8650578421078283
0.863704405875511
0.8630263292282967
0.860991436919641
0.8582729207039074
0.8563417216000744
0.8553733744945349
0.8524669177199474
0.8485806267723641
0.8477565357095012
0.8451469913304702
0.843211320256288
0.8422407362551678
0.8393274148761857
0.8354316911404629
0.8337708895958649
0.8306718243964115
0.8292549797682301
0.8285450598873842
0.826414367585901
0.8235672506795605
0.822124567512902
0.8214016632861757
0.8192319347398731
0.8163324029458502
0.8148909264102305
0.8141686042484796
0.8120005725379904
0.8091031550184355
0.8076620358778153
0.8069398638454197
0.8047722307780936
0.801875165087768
0.8003830436238959
0.7996352159709451
0.7973904778605889
0.794389876597232
0.7927365518800527
0.791907660693319
0.7894193690195447
0.7860919334087757
0.7844913655026753
0.7836889107938452
0.7812799531727938
0.7780585480815111
0.7764967420549218
0.7757136944768782
0.7733629632758179
0.7702192805715983
0.7685886383150725
0.767770887864051
0.7653158267461716
0.7620317401718617
0.760476639698024
0.7596967762828526
0.7573554703586618
0.7542236096355401
0.7526081545624776
0.7517978262485447
0.7493649158744932
0.746109625125386
0.7444498530791839
0.7436170921590818
0.74111669845866
0.7377702473792898
0.736115772953011
0.7352855419066545
0.7327926760909915
0.7294557955437769
0.7277778946320841
0.726935726334324
0.724406912798165
0.7210211623881593
0.7193527812509446
0.7185152693650522
0.7160003829541317
0.712632823019058
0.7109367414395453
0.7100851337629651
0.7075278156032322
0.7041026639842193
0.7023920065190139
0.7015329180029632
0.6989530533840294
0.6954970768991193
0.6937758392824773
0.6929112966112501
0.6903149826299652
0.6868364357183897
0.6850791678265026
0.6841963443754361
0.6815450248755445
0.6779920464730026
0.6762353880186939
0.6753527943915202
0.672702125316923
0.6691497632315719
0.667362827910719
0.6664649066668317
0.66376812078391
0.6601534850822348
0.6583772401085288
0.657484710304468
0.6548041101580738
0.6512112860405985
0.6494002128668565
0.6484901398096136
0.6457567744133335
0.6420930122732248
0.6402715266590252
0.6393562865292639
0.6366073748568706
0.6329230089608174
0.6310803470107333
0.6301545670738092
0.6273739601832043
0.6236474355114636
0.6218096182067603
0.6208864945613539
0.6181138771781126
0.6143988582322729
0.6125293424328953
0.6115905081182957
0.6087706563231813
0.604993008892304
0.6031211824339109
0.6021815319758363
0.5993592345931057
0.5955794926665857
0.593696366746872
0.5927514451131972
0.5899133062939651
0.5861136767614208
0.5842282296879858
0.5832826311492002
0.5804424631703028
0.5766417398430298
0.574752568066962
0.5738056573938148
0.5709615454852003
0.5671573662022383
0.5652642759787659
0.5643160273351162
0.5614678865916893
0.5576603475759208
0.5557669378337832
0.5548192268898572
0.5519726871988236
0.5481695325363408
0.5462810181597091
0.5453365204371489
0.5424996140109576
0.5387117646121031
0.5368357348404322
0.5358982965455038
0.5330825732580562
0.529325591694525
0.5274607807924417
0.5265298107739437
0.5237334757919939
0.5200050579844868
0.5181525417498416
0.5172286169474141
0.514453385222674
0.5107559065654571
0.5089236448787399
0.5080107569522401
0.5052686098124716
0.5016180724911341
0.4998096452560681
0.4989095888777779
0.49620590024925504
0.49260945414413804
0.49082625188554146
0.48993972759260174
0.48727657970951854
0.4837369780608564
0.4819840560560116
0.48111356914452064
0.4784984713249957
0.4750256322184237
0.47330447997730724
0.47245076530504976
0.46988590143879166
0.46648266715268266
0.4647976459310574
0.4639628475345127
0.46145464021645677
0.45812943539288986
0.45648147057001676
0.455666039063992
0.4532158159803596
0.44997033447450624
0.4483634879132926
0.4475694111348441
0.44518312506985924
0.44202514738594945
0.4404606782133275
0.4396885713565809
0.43736804389909784
0.4342999188516176
0.4327803012847635
0.432031376755144
0.4297802258110512
0.4268066706385617
0.42533364330661755
0.42460875911149937
0.4224295340214262
0.419553876855636
0.418129221631253
0.41742926285733994
0.41532459190793924
0.4125502790252264
0.4111757062891818
0.4105015296213017
0.40847395217911475
0.40580432753483203
0.4044814661774504
0.4038338952814453
0.40188584690292745
0.3993241312038759
0.3980553023934277
0.3974354970295633
0.39557042248118857
0.3931211484327916
0.39190748182424884
0.39131603491848865
0.3895356634239237
0.38720114355488383
0.3860418518183975
0.3854784591395789
0.38378179884545766
0.38156086459617056
0.3804617782512839
0.3799292699633543
0.3783247941487075
0.3762284305776026
0.3751883484534311
0.37468623241037347
0.373172362695882
0.3711986416929806
0.370219532981941
0.36974882104933837
0.36832851395726884
0.3664813240639176
0.3655654307859867
0.36512725835984866
0.3638038362293405
0.3620875057410705
0.36123612870967997
0.36083119921948653
0.3596066599068323
0.3580238282398519
0.3572391262472971
0.35686853835006704
0.3557460677629551
0.35430085396526867
0.35358459383691176
0.35324926907909143
0.35223149931783637
0.3509273084572679
0.35028088574501043
0.34998159284569696
0.3490706645595159
0.34791029666622325
0.3473357203088494
0.34707350854668817
0.3462723994644792
0.3452596806693156
0.3447587198033405
0.34453454863446453
0.34384593087643583
0.34298431622936115
0.3425588282099183
0.3423737176741536
0.34180041237636094
0.3410935540198852
0.340745549299592
0.3406006108510857
0.3401456782833305
0.339597536492351
0.33932909463096156
0.33922551064565365
0.33889217005039357
0.33850694229711736
0.33832035541758954
0.3382594513083779
0.3380512898433558
0.33783367773447565
0.3377315096287909
0.3377148045473218
0.3376359047521336
0.3375913077514472
0.33757656025292715
0.33760587513177426
0.3376611052477345
0.3377960270175656
0.33787241606555035
0.3379500560758072
0.33814555769432353
0.33846829121255073
0.33864077254233677
0.33876987965882277
0.3391140061732849
0.33963595696156856
0.3399118653478393
0.34009718577561837
0.34060254101326204
0.34134110002772355
0.3417330571357386
0.34198293320804224
0.3426716361993851
0.3436576205294638
0.34419350542483645
0.3445268969022971
0.34544899381746247
0.346752793153159
0.34754783931840705
0.34804828439404834
0.3494208827279957
0.3513518650807392
0.3515864533185068
0.35209782065695794
0.3535172162822169
0.3554851345526035
0.35662010079239637
0.3583006666257667
0.3584415994785134
0.35884967689784864
0.3600092647453774
0.3615887414033007
0.36185684207762053
0.3622443796555965
0.36335152826676
0.36485287997466054
0.36552893272264364
0.36589783996331565
0.3669563544763343
0.3683865819547242
0.36903651536206256
0.36938791443613933
0.37039964491434385
0.3717629191330737
0.3723809711457918
0.3727124491690286
0.3736698154167949
0.3749570117944666
0.3755371023676755
0.37584595773908974
0.3767406958763102
0.377941578436485
0.378175294419306
0.378459257955995
0.3792843398738742
0.38039030851763966
0.3805478721902028
0.38080372989293093
0.3815495148618698
0.3825481672062458
0.3826323384154003
0.3828578922725711
0.3835175464153947
0.3844001488192294
0.3848767759140313
0.3851267212341242
0.3858559159838535
0.38683139442372627
0.3873476987844613
0.3876192927364005
0.3884099373671152
0.3894673941123358
0.3900205761078215
0.39031242000049654
0.3911603097935111
0.3922941317011264
0.3928918615385369
0.3932084232012486
0.39412587789355885
0.39535265874896736
0.39601644796224894
0.39637014862095465
0.3973915226701495
0.39875742701169575
0.3995277436322719
0.3999423902698766
0.40113283288009144
0.40272535942099946
0.40366001818589253
0.4041710662367511
0.4056254980903724
0.40757212894579964
0.4086695325661984
0.4092784073902912
0.4109970244435805
0.41329808994580247
0.41456472735712074
0.4152775785344018
0.4172734293917298
0.4199452948683108
0.4214723813227455
0.42235055575797004
0.4247793920880146
0.42802631956622034
0.42994446670278963
0.43108170893876674
0.43417117363732033
0.4382842972607057
0.44080164331141275
0.4423632368987242
0.44649211227060315
0.4519350014724696
0.45527861688852106
0.4574827897485544
0.4630951053337475
0.4703426216886804
0.47450357855020414
0.4774114411568123
0.4845143017379802
0.49339996575773704
0.4973491482151169
0.4999885813265605
0.5064124150754205
0.5144090772373728
0.5186731875822501
0.5218204335673851
0.5291385342129752
0.5379191564249304
0.5424960459040294
0.5461914433272745
0.5543108983003922
0.5635569588372034
0.5678550340482891
0.5713578130225699
0.5788014890565621
0.5870925024758452
0.5909255076332844
0.5942327960632809
0.6010207133228795
0.6084221543535095
0.6118336557709271
0.61497256648097
0.6211893464445705
0.6278233824247401
0.6308722811085585
0.6338718611742966
0.6396068485103931
0.6455950784132429
0.6483391632038392
0.6512266905906063
0.656563199167789
0.6620155038302046
0.6645063357522012
0.6673055573643781
0.6723157882098147
0.6773255377169177
0.6796064478171275
0.6823369672821086
0.6870804115000532
0.6917235578146517
0.6938294754023636
0.6965068485998096
0.7010307555984707
0.7053671177816718
0.7073253526170765
0.7099615420237758
0.7143023964390457
0.7183779295033685
0.7202093394186887
0.7228132996176252
0.7269986397816172
0.7308479501764636
0.7325681694791603
0.7351464353191278
0.739196645617089
0.7428453636560938
0.7444659308248643
0.7470231462192716
0.7509530509029948
0.7544198902439689
0.7559492108117198
0.7584885755484699
0.7623087751253151
0.7656072338022344
0.7670513668923334
0.7695749997523427
0.7732929504234783
0.776432670651715
0.7777959527958486
0.7803051790096216
0.7839260425484047
0.7869138730929226
0.788199402697461
0.7906949772613363
0.7942222777705492
0.797063089770194
0.7982730973427707
0.8007553760157926
0.804191500046279
0.8068888048120555
0.8080249321009665
0.8104940007567556
0.8138405733390005
0.8163969843773413
0.8174604922218817
0.8199162635613112
0.8231744274751365
0.8255920017150892
0.8265839228332982
0.8290262077457591
0.8321968281169188
0.8344773144361332
0.8353985641001364
0.8378271233939306
0.8409109350591029
0.8430559522502754
0.8439074070443539
0.8463219878788367
0.8493196990035458
0.8513308604328214
0.8521134130549365
0.8545137732196116
0.857426135428769
0.8593051337761706
0.8600215900050409
0.8624036658449231
0.8652277826801951
0.8669768117336242
0.8676224165214784
0.8699934653129914
0.8727375930732191
0.8743580795659268
0.8749400418772623
0.8772961909990004
0.8799577323184987
0.881452098694313
0.8819694539676631
0.884310588553971
0.8868907603849474
0.8882613945254391
0.8887154136327634
0.8910415196325174
0.89354172758693
0.894791191926564
0.8951832596712072
0.8974943777326878
0.8999161656515325
0.9010471900751422
0.9013787720247802
0.903674994637005
0.9060200339630189
0.9070355002819512
0.9073081339405389
0.9095896022065483
0.9118596795457308
0.912762603392271
0.9129778886154698
0.9152447884324386
0.917441791764836
0.9182353029870226
0.9183948919612142
0.9206474497888388
0.9227733539076809
0.9234606764999375
0.9235662634018621
0.9258047419872896
0.9278615938975303
0.9284460259046965
0.9284993369582735
0.9307240308063375
0.9327139351831402
0.9331988291876709
0.9332016127671
0.9354128439846335
0.9373379493400402
0.937726693796439
0.93768071138668
0.9398788253004811
0.9417413106138711
0.9420373123137349
0.9419443296905272
0.9441296910449322
0.945931753485347
0.9461384212978616
0.9460002007032884
0.9481731897511719
0.9499170331231528
0.9500377630659542
0.9498560559826402
0.9520170649294067
0.9537048891423984
0.9537430508744511
0.9535195911755684
0.9556690212944774
0.9573030131402632
0.957261937731744
0.9569984363731173
0.959136694622654
0.9607190189721062
0.9606019884098875
0.9603001278240659
0.9624276244195735
0.963960416899836
0.9637706545173047
0.9634320845342128
0.9655492303984631
0.9670345906529261
0.966775253444134
0.9664015870521163
0.9685087917530838
0.9699487781060663
0.9696229489844963
0.969215759307361
0.9713134296825162
0.9727100542787829
0.9723207368493793
0.9718815554044885
0.9739700926127118
0.9753253165568182
0.9748754316293853
0.9744057434176846
0.9764855434308148
0.9778012753009738
0.9772936539664442
0.9767949010881427
0.9788663504484902
0.9801444411856003
0.9795818260095408
0.9790553990018998
0.9811188784784377
0.982361121435204
0.981746162677533
0.9811934072585512
0.9832492847018275
0.984457413048831
0.9837926653631126
0.9832148744154602
0.985263513146243
0.9864392011240412
0.9857271247714763
0.9851255497490533
0.9871672948551119
0.9883121529001333
0.987555114905698
0.9869309524036425
0.9889661425034139
0.9900817186005356
0.9892819951105661
0.9886363912762306
0.9906653542923376
0.9917531411284745
0.9909129050264041
0.9902469671954051
0.9922700184074428
0.9933314416488763
0.9924527840522896
0.9917675614999238
0.993785006266201
0.9948214348358362
0.9939063571539976
0.9932028699307868
0.9952149854553662
0.9962277203536198
0.9952781393757145
0.9945573312496367
0.9965644106127627
0.9975547120183679
0.9965724362211884
0.995835232157825
0.9978375521983538
0.9988066152816394
0.9977933864547617
0.9970406651837516
0.9990384741817666
0.9999874490044502
0.9989448919715289
0.9999852807381759
0.9999875864551354
0.999992913133142
0.9999999996569731