0.9992643409384068
0.9992397444260617
0.9992274455960819
0.9991905490194756
0.9991413516660379
0.9991352292357333
0.9991295772594445
0.9991283573183704
0.999122954717059
0.9991204023609537
0.9991191261763519
0.9991152976203884
0.9991101928603943
0.9991072910887852
0.9991058401946469
0.9991014875096808
0.9990956839049334
0.9990927848948163
0.9990913353812446
0.9990869868380101
0.9990811887555864
0.9990781318596187
0.9990766034022425
0.999072018027334
0.9990659041667631
0.9990627387816131
0.9990611560790698
0.9990564079685129
0.9990500771252476
0.9990404755163597
0.9990356746242721
0.9990212719311087
0.9990020680594597
0.9989990731471814
0.9989922183826367
0.9989887909550292
0.9989785086626817
0.9989647987961792
0.9989615702673886
0.9989576828097225
0.9989557390660212
0.9989499078309599
0.9989421328063057
0.9989375945072622
0.9989353253377898
0.9989285178244062
0.998919441077632
0.9989150048812914
0.99891278676357
0.9989061324055544
0.9988972598696673
0.9988927171917273
0.9988904458326757
0.9988836317505574
0.9988745462459526
0.9988691722419544
0.9988664852119902
0.9988584241155605
0.9988476758995981
0.9988421350791856
0.9988393646389924
0.9988310533115717
0.9988199714492694
0.9988141315539939
0.998811211573367
0.9988024516239997
0.998790771588801
0.9987841228740042
0.99878079847409
0.9987708252651973
0.9987575275193477
0.998750260617603
0.998746627115935
0.9987357266003184
0.998721192418459
0.9987141357511086
0.9987106073692014
0.9987000222134017
0.998685908521026
0.9986793072393588
0.9986760065563829
0.9986661044984407
0.9986529016218101
0.9986446799829144
0.9986405690984556
0.9986282364321567
0.9986117926698483
0.9986036714519599
0.9985996107792158
0.9985874287482586
0.9985711858397548
0.9985616282462341
0.9985568493622855
0.9985425126937977
0.9985233968537236
0.9985134464757693
0.9985084711911077
0.9984935453191041
0.9984736438538414
0.9984718413219178
0.9984676292768011
0.9984549931278944
0.9984381447113417
0.9984270923280808
0.9984215660193013
0.9984049870711837
0.9983828814335801
0.9983698155217315
0.998363282403744
0.9983436830211486
0.9983175499856082
0.9983160997863534
0.9982997832714317
0.9982780275555023
0.9982425069529337
0.9982247454556739
0.9981714607836425
0.9981004106164623
0.9980796919125788
0.9980671118800752
0.9980608217133738
0.9980419511861354
0.9980167899930924
0.9980041189660404
0.9979977832981212
0.9979787762668815
0.9979534330626146
0.9979406864252985
0.9979343129509585
0.9979151925009372
0.9978896980600055
0.9978841778869426
0.997878119043559
0.9978599424884743
0.9978357066269543
0.997823768716738
0.9978177996245133
0.9977998923230634
0.9977760154828056
0.9977316849019453
0.9977095177497769
0.9976430160236206
0.9975543408583419
0.9975416125351604
0.9975311361030648
0.9974997067392533
0.9974577995490618
0.9974386386837332
0.9974290578983978
0.9974003154856177
0.9973619911211163
0.9973445080471303
0.9973357662161058
0.9973095406754551
0.9972745723293633
0.997255951359971
0.9972466405414133
0.997218708031227
0.9971814636064678
0.997163427010923
0.9971544084027281
0.9971273525266947
0.9970912770144968
0.9970724766930223
0.9970630761951158
0.9970348746464098
0.9969972714770985
0.9969755334188954
0.9969646639380438
0.9969320554229061
0.9968885759312133
0.9968670219860234
0.9968562445707971
0.9968239122536251
0.9967808010593151
0.9967565924007706
0.9967444875173943
0.9967081727804629
0.996659751298844
0.9966337154081144
0.996620696816971
0.9965816409396421
0.9965295643489759
0.9965026553325161
0.9964892001457143
0.996448834475866
0.9963950113544274
0.9963695227837697
0.9963567778921655
0.996318543120476
0.9962675613966411
0.9962229736153827
0.9962006778421802
0.9961337902432866
0.9960446005294166
0.9960006732955142
0.9959787078384189
0.9959128111920705
0.9958249429957566
0.9957822614267867
0.9957155619671247
0.9956839010374553
0.9956680696236924
0.9956205752296748
0.9955572462771134
0.9955210708737328
0.9955029819439708
0.9954487149620251
0.9953763549179119
0.9953419786529466
0.9953247894058816
0.9952732214971325
0.995204460546056
0.995170714026218
0.9951538396680752
0.9951032164225454
0.9950357152317006
0.9949975665933909
0.9949784909046953
0.994921263629208
0.9948449560307269
0.9948012244310991
0.9947793568155819
0.9947137536937802
0.9946262768561481
0.9945818168016248
0.9945595848891262
0.9944928888764399
0.9944039546525621
0.9943607708469906
0.9943391771696359
0.9942743958649704
0.9941880149931636
0.9941373137332695
0.9941119606867453
0.9940359011754304
0.993934480431526
0.993887162489257
0.9938635013902787
0.9937925177602066
0.9936978659642788
0.9936369048393185
0.9936064207859211
0.9935149680753433
0.9933930196565494
0.993309410214864
0.9932675989584864
0.9931421642343224
0.9929748959297421
0.9928902394867124
0.9928479044694094
0.9927208984019114
0.9925515344818748
0.9925249715269678
0.992488842877016
0.9923804562038034
0.9922359242763564
0.9922181854632441
0.9921858230394734
0.992088735163081
0.9919592716787448
0.9918926387363893
0.9918593181259381
0.9917593556593846
0.9916260585107549
0.9915596139830237
0.9915263875693359
0.9914267077084545
0.9912937874050367
0.991219800427527
0.9911828017790448
0.9910718050674167
0.990923792264115
0.9908532882430688
0.9908180315209657
0.9907122606625001
0.9905712172253179
0.9904947619047269
0.990456528718392
0.9903418283286943
0.9901888762166906
0.9901103924885486
0.9900711448406253
0.9899534009918985
0.9897963902049788
0.9896945519655882
0.9896436232179586
0.9894908355262957
0.989287085966394
0.9891641919620857
0.9891027307277456
0.9889183448977682
0.9886724496753362
0.9886406950688407
0.9885828692109739
0.9884093896820988
0.988178042313784
0.9880543154860083
0.9879924379065683
0.9878068030150479
0.9875592417183803
0.9875114296669396
0.9874476267881653
0.9872562158783664
0.9870009501120086
0.9868828401614538
0.9868237719841128
0.9866465654463613
0.9864102465597426
0.986292421261243
0.9862334956421338
0.9860567167380361
0.9858209685285289
0.9856925946053722
0.9856283923825622
0.9854357832798802
0.985178919984563
0.985022576929553
0.9849443827207865
0.9847097965921071
0.9843969384501406
0.9841744998140395
0.9840632343695286
0.9837294308924711
0.9832842054663816
0.9832039822781212
0.9828575496683029
0.982688650433502
0.982431560532658
0.9822746683903661
0.9821961995683318
0.9819607893876949
0.9816468327651728
0.9814416987492623
0.9813390928689001
0.9810312688804886
0.9806207069388317
0.980388590204143
0.9802724823469973
0.9799241506038194
0.9794595416078689
0.9792045137927443
0.9790769401225914
0.9786942091307477
0.9781837002363424
0.9778914339583549
0.9777452225479225
0.9773065750543108
0.9767214498731943
0.9767052808137298
0.976588777300345
0.9762392583540768
0.9757730656015007
0.9755310367559935
0.9754099687847734
0.9750467555993821
0.9745622910723512
0.9742168977646498
0.9740440924743349
0.9735256580610636
0.9728340428904104
0.9727770072770696
0.9725526654425439
0.9718796083951913
0.970981578953356
0.970539653063131
0.9703185127584127
0.969655060238515
0.9687698577752372
0.9686008594474764
0.9680064782028848
0.9677314522829085
0.9675938710897244
0.96718111498123
0.9666305426572908
0.966353302248285
0.9662146132120121
0.9657985332272805
0.9652435251741572
0.9648806317785524
0.9646990672191172
0.9641543511146405
0.9634276617926417
0.9630617184793561
0.962878627490105
0.9623293315348042
0.9615965284004343
0.9612168380238076
0.9610268643032889
0.960456918117765
0.9596965514804854
0.9591982029278374
0.9589488086566108
0.9582005821575876
0.9572021949734458
0.9565626035729354
0.956242448162441
0.9552819093202715
0.9539999455075069
0.9531548625077024
0.9527316932174309
0.9514620564417029
0.9497670397452225
0.9491530906770997
0.9479490507836668
0.947684384184381
0.9472939236451414
0.9461224250062328
0.9445586039291273
0.9440898831948735
0.9429578916483412
0.9423431865693968
0.9420355106233325
0.9411124067193193
0.9398804719615704
0.9390793103662202
0.9386781830882043
0.9374746695633784
0.9358680739305196
0.9356967218678263
0.9345824975846108
0.9330952323990149
0.932284668379676
0.9318788354051348
0.9306611943858577
0.9290357277189486
0.9281360305159029
0.9276855084037683
0.9263337612858822
0.9245290453869014
0.9235968905630547
0.9231300977031155
0.9217295183912054
0.9198595211807851
0.9194453891777424
0.9181353431994849
0.9163863867958597
0.915305777246631
0.914764527051024
0.913140489285941
0.910971692229074
0.9097418918568314
0.9091257802214786
0.9072770583551522
0.9048076828527737
0.9044014556051133
0.9026210494965883
0.9002430995643574
0.8991688296621085
0.8986307880170158
0.8970163409870763
0.8948604029179626
0.8933761839569272
0.8926323677437124
0.8904002823341989
0.8874177682740364
0.8871173775427729
0.8850681214967467
0.884012489323323
0.8834838245616378
0.8818974796798226
0.8797791427311469
0.8783948898463144
0.8777013182063045
0.8756199780254164
0.8728393090171986
0.8715786092429229
0.8709470630269768
0.8690518766523306
0.8665203602646521
0.8650588464795415
0.8643265031910613
0.8621287023152108
0.8591920745740127
0.8586866712786435
0.8578963323949664
0.8555243755012256
0.8523544641823215
0.850797929061159
0.8500178710409735
0.8476767254358114
0.8445480115416908
0.8429670701165178
0.8421747536344715
0.8397967428668361
0.8366185473538696
0.8349504130748584
0.8341142850825409
0.8316046495968287
0.8282499446381175
0.8282388957414145
0.8275878069004602
0.8256337426584952
0.8230230933057281
0.8215274858212477
0.8207780036755118
0.8185284512153462
0.8155219581973905
0.8140888810520229
0.8133707711873758
0.8112153737012574
0.8083348435034469
0.8067588679352545
0.8059689488241428
0.8035978354731828
0.8004280384163064
0.7989496488381469
0.7982087046503705
0.7959846178881201
0.7930116265604935
0.7914946161663442
0.7907342217830939
0.7884516552495893
0.7854000116006923
0.7838574919887803
0.7830842135316107
0.780762880697671
0.7776589443638778
0.7760972197947349
0.775314210778678
0.7729635785861629
0.7698199865044464
0.7681698372773127
0.7673422694394836
0.7648576928378761
0.7615339399414371
0.7599396111743714
0.7591400084599933
0.7567393766990881
0.7535278327046527
0.7519402894041864
0.7511439937579455
0.7487532271573892
0.745554463839107
0.7439296283675211
0.7431144479721897
0.7406668640067736
0.7373913042872083
0.7356835660216134
0.7348265048229177
0.7322529829273852
0.7288076319570439
0.727160302054576
0.72633352162292
0.7238509336506176
0.7205272702014967
0.7188448897778268
0.7180003181752348
0.7154641904657421
0.712068006243807
0.7103970724807793
0.7095581352194732
0.7070388803425743
0.7036648883854235
0.701964225036932
0.7011101750567179
0.6985454347521431
0.6951097707630528
0.6933797720915791
0.6925108077598081
0.6899011790437439
0.6864046635572502
0.6846701554638441
0.6837988165129913
0.6811820020414561
0.6776754617385894
0.6759257838067115
0.6750467168302366
0.672406628918712
0.6688684910995574
0.6670971259626635
0.6662070689611397
0.6635339063717319
0.6599510754501258
0.6581634055129338
0.6572651115844471
0.6545671584600518
0.6509509285336975
0.6491516515103287
0.6482475374491242
0.6455320677488932
0.6418923983851587
0.6400571021864199
0.6391348943289864
0.6363650090034666
0.6326523623548035
0.6308211713381675
0.6299011851336676
0.6271379775632753
0.6234348725414828
0.6215860741687685
0.62065741560419
0.6178681334052791
0.6141306554057876
0.6122628021389589
0.6113248106062341
0.6085074712079053
0.604733188741078
0.6028550766614055
0.6019122637060388
0.5990804354824388
0.5952878558382981
0.5934028634390337
0.5924570067678412
0.5896160353648137
0.5858125824453914
0.5839208816128614
0.5829721421498743
0.5801225092814142
0.576309058603787
0.5744152722164275
0.573466047824982
0.570614958992686
0.566801404359233
0.5649046038265063
0.5639544981205924
0.5611007541393341
0.5572856906391249
0.5553908283464902
0.554442393449183
0.5515936582947139
0.5477875469318144
0.5458980095952644
0.544953001995503
0.54211454458911
0.5383245978451164
0.5364426762727488
0.535502295209561
0.5326777063611194
0.5289088596654413
0.5270418721672996
0.5261098151958867
0.523310195717955
0.5195773662660885
0.5177233713857586
0.5167987060626712
0.5140212324483637
0.5103207275650713
0.5084868084781526
0.5075730889589402
0.504828427125423
0.501174494927744
0.4993629422580078
0.4984613245792455
0.49575292779622204
0.4921501709196454
0.4903647168288037
0.4894770625553505
0.4868105046623276
0.4832663107379047
0.4815103121644425
0.4806382862448535
0.47801854914036845
0.47453948683123576
0.4728157955530333
0.47196080509797084
0.46939209470826865
0.4659836803420929
0.4642951690403503
0.4634586253673226
0.46094515996959834
0.4576129083781978
0.4559622169263777
0.45514541260620445
0.45269105303823287
0.4494399958268203
0.44782970099232255
0.44703389547377703
0.444642402682016
0.44147743467542905
0.4399096851240544
0.4391359286555046
0.4368104334526299
0.4337356230233234
0.4322124098167382
0.4314616786181996
0.4292050878451798
0.42622421806612093
0.4247474481527567
0.4240206818830287
0.42183579056254855
0.41895250982393833
0.4175239259797406
0.4168219900920602
0.41471136725512664
0.4119290419347915
0.4105502860626533
0.4098740034348873
0.40784008640639613
0.40516192469297035
0.4038345768523953
0.40318474687632416
0.40122989779157897
0.39865902185061947
0.3973831420771608
0.3967598447426786
0.3948842489061491
0.39242097739583526
0.39120068465304786
0.39060594551486505
0.38881565287212155
0.386467893671314
0.38530494467303755
0.3847396549345774
0.38303728918503416
0.3808084962365615
0.3797025541560471
0.37916662239467164
0.3775518272646231
0.3754416329597712
0.3743936053136184
0.37388754481849873
0.3723617759148757
0.37037216496594294
0.36938587539562273
0.3689115613364965
0.3674803908572396
0.3656185776734413
0.3646945990003576
0.36425238922122005
0.36291678196261595
0.3611840962550612
0.36032442347218396
0.35991534263140945
0.358678271512141
0.35707858941973564
0.3562848539155014
0.35590976496017457
0.35477369640425344
0.3533102494366267
0.35258389824552444
0.352243595767615
0.35121076535956813
0.3498865113281172
0.34922953255282696
0.3489250693957124
0.34799847797893796
0.34681734112110646
0.3462317271492671
0.34596417623500847
0.3451468590338592
0.3441128249324872
0.34360043348395974
0.3433708447498627
0.3426657234720735
0.3417826934737048
0.34134578034703944
0.341155419850597
0.3405660306011009
0.3398387227940346
0.33947979250138444
0.33933009444892354
0.3388604223061698
0.3382941983099279
0.3380161292139666
0.33790877492605326
0.3375634706131295
0.3371646404983028
0.336970891889762
0.3369079307630612
0.33669264746653305
0.33646892740479606
0.33636376944057134
0.3363477772637621
0.33626959207047485
0.33623070833469737
0.3362196742069696
0.33625405014723153
0.3363222630060536
0.33648107780845127
0.33657181815289733
0.33666136801696006
0.33688905616095965
0.33726378493793996
0.3374680366452358
0.3376203444902569
0.33802800150271356
0.3386474342514489
0.3389868702655155
0.3392165230299082
0.3398431797809968
0.3407627949181336
0.341298342183844
0.34164930959305095
0.342610698982125
0.34399795504625297
0.3448066046672957
0.34532798972471634
0.3467544189023615
0.34878491322743166
0.34920899838546127
0.350797909053573
0.3508848685671502
0.351273889408554
0.3523771088753414
0.3538943574877263
0.3541629787772747
0.3545409143259901
0.35561935420865315
0.3570919422590859
0.3577673185083954
0.3581394186911274
0.35920572768768605
0.36065385412291606
0.3613173208195541
0.36167863522713073
0.3627177081402158
0.36412290800358454
0.3647630238772759
0.3651081858132932
0.3661040224775082
0.3674462412508339
0.3680496070929145
0.3683720051220612
0.3693052379962028
0.3705596912278176
0.3707122970143871
0.3710028896721908
0.371847208679026
0.3729799142197766
0.37350962427051254
0.3737890822666097
0.3746022437064961
0.3756916275000167
0.3762825825277971
0.3765958146648947
0.37750435452578196
0.3787205269882548
0.37935512997719206
0.37969226597372707
0.3806679459699538
0.38197272710671065
0.3826428044413624
0.38299946793500783
0.3840297313615129
0.3854063743682785
0.3861089534017035
0.3864837601961031
0.387564570152756
0.3890081590964647
0.3896777389327066
0.39003368440823233
0.39106206700324
0.39243602558308793
0.3926237608540967
0.3929424467632664
0.39386665707026586
0.39510224399807353
0.3957580509085692
0.3961071706059117
0.3971171313042988
0.39846907509540314
0.3992475448331914
0.39966748713512096
0.4008755501833736
0.40249613111727917
0.4035070636181738
0.4040654216258278
0.4056557376155839
0.4077957961955472
0.40909212221975155
0.4098255573220366
0.41189193713898964
0.41468030400668143
0.41507350400173004
0.41574657987244257
0.4176541695704597
0.42022721045362205
0.4216629769417748
0.4224726776593345
0.4247501518635328
0.4278175068866648
0.42960575347703517
0.4306326196785216
0.4334861782731828
0.43731497547163906
0.4395351546893454
0.44083525760550635
0.44439477441821784
0.4491389405592745
0.4516319082370635
0.45310042005345275
0.457082208913829
0.4623492874066726
0.46496364088026126
0.4665053543957174
0.4706586644831249
0.4761171898790055
0.47946043121387033
0.48154379732874125
0.48697196870637055
0.49398388362494444
0.49781867957505543
0.500293374357943
0.5065511459993668
0.5144781196243666
0.5189039004525484
0.5219616543193351
0.5293503294012377
0.5384050102142557
0.5435687890498765
0.547602018869976
0.556671972565297
0.5670799035100496
0.5719157189820027
0.5756956437600528
0.5838912001615829
0.5930690774383419
0.5972998661873005
0.6008151433543019
0.6081490825267742
0.6161739458217427
0.619860608621822
0.6231505423100971
0.6297441346428745
0.6367887312011443
0.6400142746305278
0.6431195409417197
0.6490975538809561
0.65533029327046
0.658174915935175
0.661133070498434
0.6666101298990053
0.6721811357776346
0.6747154087454188
0.6775587436117374
0.6826329351770798
0.6876682460590913
0.6899506876161331
0.6927055868909257
0.6974568077105013
0.7020578520867023
0.7041350880622536
0.7068223313082984
0.7113134547325535
0.7155594373014804
0.7174676021040349
0.7201031089494137
0.7243823863958804
0.7283338073011613
0.7301003435959594
0.7326960390635769
0.7367997909547648
0.7405020825598865
0.7421475081712527
0.7447121456275306
0.7486672764632563
0.7521540857856212
0.7536935463510324
0.7562334214685638
0.7600595784901267
0.7633555318539047
0.7648000878395037
0.7673196273116459
0.7710309667646899
0.7741539055427145
0.7755115623557353
0.7780137942953805
0.781620384043396
0.7845831257538465
0.7858596394254926
0.7883465613593054
0.7918554723095511
0.7946671726037691
0.7958666696463582
0.7983395320478228
0.8017556748979909
0.8044228664724622
0.8055483147460127
0.8080078369418484
0.8113345961856203
0.8138619724197619
0.8149155350143121
0.8173620679838796
0.8206017774491993
0.8229927776005066
0.8239760761696708
0.8264097241724696
0.8295640202338103
0.8318212621210009
0.8327355708462746
0.8351562813903235
0.8382263625734733
0.8403519590214733
0.8411983458486336
0.8436059754061788
0.8465927907760266
0.8485885780437817
0.8493680061042971
0.851762367232059
0.8546667507927003
0.8565344507393867
0.8572478499233696
0.8596287439836803
0.8624515081733715
0.8641928408584452
0.8648413626443737
0.8672081966124437
0.8699498089733726
0.8715666228449738
0.8721506760778346
0.8745039848206552
0.8771660559491561
0.8786601910899063
0.8791814836344968
0.8815206826110975
0.8841038216354508
0.8854774084615831
0.8859368125417842
0.8882618224880852
0.8907672099503996
0.8920224938807777
0.8924212311653739
0.8947320278187635
0.8971609791690709
0.8983003668851106
0.8986397422383532
0.9009363511241748
0.9032903089391249
0.9043163628587069
0.9045977565830735
0.9068802517491694
0.9091607787930779
0.9100762055305482
0.9103010666532991
0.9125695682847849
0.9147783375681604
0.9155859729203302
0.9157558110298369
0.91801048230477
0.9201492652378158
0.9208520570034452
0.9209684332847974
0.923209476736892
0.925280130145467
0.9258811199137089
0.925945637801911
0.9281732913105725
0.9301777438970426
0.9306800484649724
0.9306943441484199
0.9329088769574592
0.9348491158590602
0.9352559088131015
0.9352216420991948
0.9374233507198021
0.939301408238949
0.9396159022649908
0.9395347477010338
0.9417239519235096
0.9435418929086994
0.9437673228105042
0.943640961400578
0.9458180005556064
0.9475779104225298
0.9477175175477843
0.9475476290168597
0.9497128582026729
0.9514168317890338
0.9514738493286007
0.9512621050292787
0.953415891881625
0.9550660232944168
0.9550436631933501
0.9547917197845494
0.9569344411253021
0.958532814288546
0.9584342553424096
0.9581437486132337
0.9602757880400707
0.9618244687040363
0.961652845808367
0.9613253865067224
0.9634471309261513
0.9649481587494951
0.9647065537234766
0.964343722001054
0.9664555603514464
0.9679109428315155
0.9676023764561841
0.9672057185684
0.969308039183893
0.9707197461221632
0.9703471706110859
0.9699181966986367
0.9720113847353556
0.9733813425123498
0.9729476368592427
0.9724878165526012
0.9745722531996686
0.9759023415394
0.9754103061033431
0.974921067041033
0.9769971281738851
0.9782891767733515
0.9777415290066547
0.9772242555537104
0.9792923103514164
0.980548095520801
0.9799474688038042
0.9794034994562462
0.9814639092568003
0.9826851529543535
0.9820340916150813
0.9814647202083504
0.9835178376299791
0.9847062049068539
0.9840071650371186
0.9834136375164438
0.9854598072290228
0.986616907062498
0.9858722523894279
0.9852557738103849
0.9872953263835361
0.9884227056679654
0.9876347160824078
0.9869964360174442
0.9890296960071391
0.9901288458519106
0.9892997091926072
0.9886407363462566
0.9906680146095838
0.991740367720939
0.990872180189847
0.990193576540512
0.9922151754490769
0.9932621071889315
0.9923568767923607
0.99165966260995
0.9936758706415798
0.9946986969014515
0.9937583492141331
0.9930434930860316
0.9950545922262308
0.9960545748489366
0.995080947048899
0.9943493738888829
0.996355638017926
0.9973339863411862
0.9963288296146012
0.995581446430618
0.9975831170431295
0.9985409702592501
0.9975059822109748
0.9967436144712408
0.9987409409200053
0.9996794001607322
0.9986161712045838
0.9993832262566346
0.9997802466062539
0.9999650187248096
0.9999999996604185