0.2352063526723831
0.235217523435617
0.2352231098124847
0.23523986935663768
0.2352622192518028
0.2352623667074086
0.2352666793984633
0.23526865528147814
0.23526963631224013
0.23527259704174372
0.23527648413092894
0.2352767121005275
0.23527943597375628
0.23527954385779695
0.2352801336222022
0.23528190998034995
0.2352842467745457
0.23528537072318556
0.23528592304678755
0.23528758002232625
0.23528979649259268
0.23529108730264786
0.23529173491342503
0.23529367001758927
0.2352962766085615
0.23529771203064584
0.23529843684348412
0.23530061128991842
0.23530351061408028
0.2353052410989764
0.2353061033870114
0.23530869542148353
0.235312155790889
0.23531373237411524
0.2353145245874134
0.23531689650928778
0.23532006547845521
0.23532219618657535
0.2353232627650766
0.23532646251722703
0.23533072898880747
0.23533148394857872
0.23533256417206716
0.23533581782085214
0.23534015279792198
0.2353405985712133
0.23534154159243648
0.2353443706692377
0.2353481428773441
0.2353504279587492
0.2353515679832635
0.2353549948967945
0.2353595403981174
0.23536178906547
0.23536290555300626
0.23536625503386152
0.23537070677448266
0.23537334959027165
0.23537466823762007
0.23537862420494343
0.23538391604983436
0.2353865549782467
0.2353878797276165
0.23539185400136128
0.23539715324173066
0.23539990241448958
0.23540127631199975
0.23540537353230986
0.2354108681233426
0.235413689067709
0.23541510577364533
0.23541937282811704
0.23542500475741385
0.23542762949409657
0.23542893253893785
0.23543282613582603
0.235438121354733
0.23543901206912277
0.23544027552267424
0.23544405085111866
0.2354491362057661
0.23545216151424248
0.23545368803368738
0.23545828581048
0.23546435438055976
0.23546825703698057
0.23547019620851214
0.23547606005298097
0.23548372099288514
0.23548745260229945
0.2354892801973914
0.23549477389320544
0.23550201613186847
0.23550569192362492
0.23550751484020338
0.2355130161637862
0.2355201947114643
0.23552362912935854
0.23552530596207413
0.23553034645951618
0.23553701280103675
0.2355408690665625
0.23554278637167794
0.2355485155212122
0.23555628201455223
0.23555977294454958
0.23556155333095274
0.23556692637708587
0.235574027068663
0.23557809159810725
0.235580111484308
0.23558619522006322
0.2355942253624945
0.23559953675121054
0.23560217943422218
0.23561006057046505
0.2356206975574172
0.23562694542586599
0.23563009153143408
0.23563954869734438
0.23565221520834106
0.2356540361413401
0.2356573389303841
0.2356672866195698
0.23568029087482598
0.2356881739515835
0.23569895581929445
0.23570439049820652
0.2357071001998533
0.23571526154063668
0.23572606922513514
0.2357275410187132
0.2357299127625853
0.23573701404832592
0.23574647158796544
0.23575181793641709
0.23575448217137443
0.23576244344742722
0.23577320101302632
0.23577877993178495
0.23578160899354647
0.23579012978426142
0.23580137746189173
0.23580853919220784
0.2358120897763348
0.2358227417046787
0.2358369911081323
0.2358393320155813
0.23584239087740683
0.2358514774675653
0.23586386430036133
0.2358708465781499
0.23587441658676575
0.23588510574532667
0.23589934220528846
0.2359070237014516
0.2359108511636497
0.23592237889451884
0.23593754810116363
0.23594556228093494
0.23594952771147407
0.2359613076561537
0.23597741603219152
0.23598530546052177
0.23598933957634918
0.23600148981774957
0.2360176797260665
0.23602570759899613
0.2360297227535901
0.23604188678447657
0.23605759916149757
0.2360651535326061
0.23606878792632233
0.23607971262097882
0.2360940251451557
0.23610111419280694
0.23610458537962625
0.23611497876829501
0.2361287774221386
0.23613635569388558
0.23614012676489934
0.2361514180952502
0.2361664567707516
0.23617629068535403
0.23618122624375107
0.2361959179091371
0.23621572151203912
0.23622793944420356
0.23623409778982807
0.23625257335277858
0.23627721196878745
0.23628923937806878
0.23629526291936112
0.23631340449214125
0.2363372810128373
0.23634877191374418
0.2363544343658562
0.23637138913120218
0.2363939721958138
0.2364060944571508
0.23641209555256715
0.2364304161579264
0.23645390950276515
0.23646681980360823
0.2364730600035186
0.23649170860371269
0.2365165185235578
0.23652836084355777
0.23653421879480205
0.2365519299124273
0.23657522377917406
0.2365889037843378
0.2365956571560617
0.23661583943342193
0.23664319191847405
0.23665585659267735
0.2366623518348446
0.23668153770598432
0.23670815586786376
0.23672023353355684
0.23672659005188082
0.2367454766873437
0.23677098236012567
0.23678535019807603
0.23679259746563278
0.2368142561478808
0.23684360796372814
0.23685757865726756
0.23686469807032293
0.23688622164580872
0.2369142748528425
0.2369299282713267
0.23693762176744024
0.2369606146168813
0.23699130169532462
0.2370070369470688
0.2370148717850123
0.23703851276371182
0.23706967222161826
0.2370902157045679
0.2371004184977423
0.23713120396242954
0.23717128948277902
0.23717915074156387
0.2371886371640025
0.23721688003795618
0.23725540835418954
0.23727341118968787
0.23728266415757146
0.23731010749883666
0.2373474569199898
0.23736538373144778
0.2373745092513549
0.2374017825996741
0.23743885130659764
0.2374560781766812
0.23746492505239608
0.23749151716686606
0.2375265969662001
0.23754643183970922
0.23755623910654053
0.2375857738334705
0.23762454282371462
0.2376456527199957
0.23765599053644212
0.23768724105985697
0.2377283613008304
0.23775467630916372
0.23776767396426293
0.23780659556837103
0.23785891561928002
0.23788695725262107
0.23790113090563195
0.23794373460801
0.23800012413084298
0.238027732477015
0.23804145456051679
0.23808246870809166
0.23813803864930136
0.23816444240691936
0.23817785626337148
0.23821810036645918
0.23827225668640398
0.2382998350810353
0.23831373338434078
0.23835550894386112
0.2384109597947148
0.23843776419145474
0.23845104425000774
0.23849088683971323
0.2385438710207898
0.23857910339669822
0.23859675345791606
0.23864931621136656
0.23872036707424174
0.23876236464270284
0.23878360605446294
0.23884780778788536
0.2389313454427775
0.2389459153756744
0.23899752828731538
0.2390654804862732
0.23910344563697553
0.2391222798152812
0.23917827002054287
0.23925429282548763
0.23929767498840993
0.23931978320374406
0.23938563131706095
0.23947463405679723
0.23951877116156667
0.23954124120869957
0.23960829125066407
0.2396990132516378
0.23974385410785748
0.23976670250994864
0.23983488310319226
0.23992739831935053
0.239967491778421
0.23998806349969964
0.24005000689775663
0.24013188826543796
0.24018841403783933
0.24021658105431543
0.2403012440095825
0.2404130639341313
0.24047144758378142
0.2405004202429614
0.2405868850369327
0.24070386828960735
0.24076325973965423
0.240793408763822
0.2408841887436631
0.2410038946589308
0.24105976442518945
0.24108713658381295
0.24116984329035687
0.24127851565423922
0.24133447349925802
0.24136195195089427
0.241444542180546
0.24155549301233992
0.24160799457389184
0.2416346400492618
0.24171444704062106
0.24182112489688115
0.241878261854946
0.24190686793267152
0.2419925487463076
0.24210770074315346
0.242169379961496
0.2422006290933013
0.24229326538232893
0.2424193842418187
0.24248920661975015
0.24252475001702864
0.2426308517036859
0.24277395128210796
0.24286361131482495
0.24290879594690884
0.24304414775851396
0.24322611546932724
0.24331911031233275
0.2433658607559638
0.2435075614563982
0.2436933958598626
0.24380241961772928
0.2438562907428029
0.24401713774453046
0.24423528327449642
0.2442607528947
0.24431172244727048
0.2444659304416085
0.2446677580507038
0.24476594377317804
0.2448139587373598
0.24495791713194767
0.24515102622167934
0.24526204743432634
0.24531786497275143
0.24548549483018955
0.24570859410229212
0.24583797209011665
0.2459024242431325
0.24609645517423176
0.24635483606768513
0.24650758000206582
0.24658393980353926
0.24681327805812436
0.2471194872934397
0.2473434583123363
0.2474557297823
0.24779375523878985
0.24824120495336577
0.24842579619356414
0.24856103614777963
0.24862915476035796
0.24883341793218733
0.24910747621663665
0.2492630160879254
0.24934123936845198
0.24957634056646358
0.24989005680669168
0.2500864367417293
0.250184945264295
0.2504812488913987
0.2508738040663834
0.2509517003905848
0.25104482097215003
0.25132530663992053
0.25169679593748157
0.2518890238105385
0.2519844784370865
0.25227096248701425
0.25265482964412034
0.25286276525918455
0.2529675792051557
0.25328041724010364
0.25370286618304366
0.25392092753284734
0.25403100201952017
0.2543618369265893
0.25480465590983675
0.2550411356637942
0.2551601069261038
0.25551506312967504
0.2559972200553564
0.2560912323939415
0.2562148664498525
0.2565854827426507
0.25708348426479166
0.2573411059715148
0.25747090381106386
0.2578607670701492
0.2583831507802366
0.2586556694140004
0.2587928038846538
0.2592047098600527
0.25975448925300304
0.2600629583994133
0.2602172176112575
0.2606800230101978
0.2613023975044984
0.261600287640631
0.26175060276475487
0.26220130527648766
0.2628076051285893
0.2631103473553412
0.26326322276840797
0.26372241508612176
0.26433619075659864
0.26486999748060963
0.26513864291021366
0.26594640605865694
0.2670268391479077
0.26754345936236823
0.26780265730420527
0.26858234697618866
0.2696253767601614
0.2701993074278423
0.2704878565938072
0.27135321597950895
0.27251970592274866
0.27272925432851747
0.2734526887231449
0.27443067500586904
0.274471668385828
0.27501694568600416
0.2757511071016086
0.2761473382233461
0.2763476279753375
0.27694674013298
0.2777569728148818
0.2781345285652342
0.27832642868962293
0.2789017776486483
0.27967396119290017
0.2804634911430804
0.2808623224281242
0.2820606771577796
0.28367762388488216
0.28370248939093884
0.28483295641886675
0.2863548634537877
0.28706885516716946
0.2874292130920011
0.28851216455450573
0.2899692534140335
0.2906814870507223
0.29104098694095487
0.29212261554042407
0.2935719165863229
0.2943199827687888
0.2946961522367611
0.2958260860462623
0.2973466630855333
0.2981544549283045
0.29856240344174045
0.2997876043558059
0.3014396941470262
0.3021963534058555
0.3025790704909958
0.3037278805469212
0.30527674294902174
0.3060290405807057
0.30640944440925366
0.30755239394027317
0.3090877344387811
0.31011542850539575
0.3106346284588109
0.31219548731644053
0.3143002354117944
0.315321525511854
0.3158379665305107
0.31739011082405255
0.31948438719286176
0.32045646295387936
0.32094808452528634
0.3224255986819561
0.3244169277368548
0.32545600198507835
0.32598148070406163
0.32756026915498904
0.3296914670869329
0.33069205377128963
0.33119837917027056
0.33272008216951615
0.33477118694914804
0.3358530805102975
0.3364002724060945
0.33804574601208526
0.34026233316252524
0.34167334708357194
0.34238829444794433
0.34453933240407847
0.34744678255263345
0.34876944947594835
0.34943888992987787
0.35145199967353363
0.3541722942382417
0.35543586399262617
0.356075619704255
0.3579990259855959
0.3605963677042221
0.3619109848338549
0.36257663597589396
0.3645788608559059
0.36728148022816887
0.36871735003006795
0.3694446787251622
0.37163277213951107
0.374589079550631
0.376123733863978
0.37690160465232464
0.3792417924976382
0.382407387691012
0.3839265742137283
0.3846967329864132
0.3870138463288065
0.39014674467103666
0.3917592410284036
0.39257716894704986
0.39503806852652645
0.3983691177404699
0.3999955990869804
0.4008209772032652
0.4033043102110055
0.4066660969902464
0.40835013661169556
0.4092051348673929
0.41177815918385824
0.4152615523136844
0.41710043002573005
0.41803488841481407
0.42084769773070557
0.424661114300325
0.42656597284232667
0.4275345167939235
0.43045008589595013
0.4344045418349914
0.43641986829449814
0.43744537454109794
0.4405328115707066
0.44472407234999023
0.446817585523167
0.44788346598132645
0.4510925313631902
0.4554510574415592
0.45763304407974226
0.4587444651637367
0.46209115497039754
0.46663792968579587
0.4689350756632932
0.4701056454414384
0.473630887384293
0.4784221487064664
0.4808676429504704
0.4821144192874737
0.48586969089019605
0.49097687758767505
0.4935444998579466
0.4948538459752034
0.4987979324279277
0.5041632105573446
0.5068744014177059
0.5082572401987362
0.5124232199553345
0.5180920938779516
0.5209426872348103
0.5223967160902411
0.5267776026827259
0.5327398031938818
0.5357467046927163
0.5372805291857733
0.5419024513928494
0.5481935599597939
0.5513739278861683
0.5529962623015094
0.5578855796913056
0.5645418974010412
0.5678972498871941
0.5696087579285873
0.574767505843011
0.5817914041283704
0.5853292463556244
0.5871336967816169
0.5925732830186548
0.5999801350304181
0.6037147467644333
0.6056194064643786
0.6113618467559113
0.6191818411570689
0.6231216356871978
0.6251307293501265
0.6311888240942123
0.6394392935476416
0.6435937844322708
0.645712102175071
0.6521003801732828
0.6608009607271041
0.6651846248292739
0.6674195022866645
0.6741601918597817
0.6833412541334828
0.6879642591359133
0.6903207913654009
0.6974293337942534
0.7071117044493038
0.7119874535307457
0.7144723855952171
0.7219692224161338
0.7321806238062587
0.7373224275871538
0.7399424313349827
0.7478477879219736
0.7586155512830025
0.7640375008084399
0.7667996236398034
0.7751348647822314
0.7864878219636271
0.7922046208362674
0.795116197987759
0.8039035631308533
0.8158716789953028
0.8218983602138742
0.8249668681319888
0.8342290305445272
0.8468427789918073
0.8531951597876044
0.8564284493859086
0.8661892234214694
0.879480578689274
0.8861749786328631
0.8895811303136322
0.8998650323125378
0.9138668602909287
0.9209200897133969
0.9245074075938102
0.9353396400340703
0.9500856763646753
0.9575151260318251
0.9612921838030836
0.9726987754384367
0.9882238220073688
0.9960474306725656
1.0000230540627773
1.01203080776494
1.028370658071733
1.0366069101144606
1.0407901736539775
1.0534266574858042
1.070618077637833
1.0792860102560662
1.0836862370404117
1.0969797842529876
1.115060500041757
1.1241796817477752
1.128806425911311
1.1427860823917684
1.1617946846807847
1.1713851739553127
1.1762481896614176
1.190943620393139
1.2109194034029414
1.2210016699533344
1.2261108573337205
1.2415521828570975
1.2625348745762932
1.2731296388853297
1.2784949440017803
1.2947124375679333
1.3167417252191336
1.3278697426737955
1.3335010247365513
1.350524710604775
1.3736396187413284
1.385321358462375
1.391228199123456
1.4090872757601818
1.4333252929577562
1.4455805089687401
1.4517719629496388
1.4704940493132963
1.4958900034165057
1.5087371919671289
1.5152214764635772
1.5348316739929793
1.5614163486607255
1.5748720836409758
1.5816562030225068
1.6021759631879893
1.6299744443535633
1.6440554684934956
1.65114622728805
1.67259645536895
1.7016322967517892
1.7163433937824384
1.7237412288525127
1.7461234957149336
1.7763928001501754
1.791720120311091
1.7994157034246578
1.8227018979590712
1.8541592209476123
1.8701638364331192
1.8781851245073473
1.902461033974331
1.9352155375589706
1.951837082901893
1.9601504132414505
1.9853139858658888
2.0192166344311966
2.036456988645381
2.0450593640536807
2.0711023633599455
2.1061309027354
2.123960988874062
2.1328332174089644
2.15969826919914
2.1957616896872167
2.214157716381084
2.2232822600346944
2.250917433544586
2.2879297236089924
2.306838517746818
2.3161821233365623
2.3444879913701935
2.382296036290941
2.4016702864760595
2.411200898969778
2.4400823783049703
2.478534735311762
2.4983156258170376
2.5079931067775463
2.537331372766315
2.5762384529443687
2.596364905231263
2.6061441371136502
2.6358065766924064
2.67495028336984
2.6953860989825795
2.705226918292545
2.7350984890232835
2.7742651672914755
2.795078085267927
2.8049742247599667
2.8350486351379636
2.874124641486935
2.895827970537933
2.9059327160250414
2.936707711282924
2.976095874684175
3.001149094026359
3.0122427034368386
3.046222776372803
3.088140366069366
3.1077944620918037
3.135791322309539
3.136881865092736
3.1421310637972977
3.1581766470515307
3.177703694497112
3.1863626399397096
3.19002941307756
3.2012697581665006
3.21454841099116
3.220462724470153
3.2228142691367045
3.230068112094865
3.2381569191010473
3.2416497167123572
3.2428496412071737
3.2466141232978156
3.2501878530049386
3.251543652945333
3.2517456108683565
3.2524832850112793
3.2521944736154347
3.2517726494605252
3.2511796969596287
3.2494974328467956
3.2462228761285967
3.2441547197960867
3.242692771858689
3.238408689614095
3.2315292036235173
3.227262523549289
3.2246159036820488
3.2167915883010303
3.204949291736323
3.1978652963302987
3.1937450263395943
3.181505652504162
3.163589204378296
3.153148055866211
3.1473259560388587
3.1299726097765825
3.1051604109732027
3.0914079956852336
3.083999654608415
3.0618480721345094
3.0308092887307043
3.0087674234433273
2.9970974769749725
2.9621667276470247
2.9136663117782997
2.887020177794443
2.8734154841095245
2.8324662636819404
2.7768906233772164
2.7514381797663274
2.738842598030957
2.7006952222508467
2.6498591780266025
2.6236462984829716
2.610993263813464
2.5724578027839176
2.521666471120218
2.4943738450667694
2.481491989583252
2.4419956170224353
2.3904852695379795
2.3612022545862774
2.347788904442134
2.306235459391396
2.25278157166373
2.221245119925614
2.2074152506607545
2.1638168691136177
2.10877883005982
2.0806205223870493
2.068682353723945
2.030458933552018
1.98271685363764
1.9604179114255926
1.9511004945163342
1.9210267203703673
1.883432945510125
1.8641047683404837
1.8561950167074641
1.8302906407048563
1.7980126042651152
1.7804265475988323
1.7734653333864616
1.7501613016013913
1.721297127242072
1.7048852398038392
1.6986865390716777
1.6772738822819726
1.650975577801441
1.6354033383506632
1.629887191785377
1.6099684864472155
1.5857824725527003
1.5708367789133013
1.5659798417518123
1.547323455051545
1.5250106936894856
1.5105313218865326
1.5063319068510403
1.4887786363253477
1.468200487280249
1.4542778162068175
1.450751137777447
1.4344185486335483
1.4156804584035165
1.403217529117376
1.4003506475594902
1.3861593389526123
1.3699137654869762
1.3587383315857477
1.3563495172465534
1.3437570089224522
1.3293706323420704
1.3191760324897654
1.3171388340415384
1.3057563665970588
1.2927792606157968
1.2833510294136061
1.2815780827988132
1.2711367829522915
1.2592567617977466
1.2504458016965128
1.2488762130326934
1.239188384235389
1.2281866240119494
1.2198878548370171
1.2184787207409764
1.2094114806361849
1.199132450324341
1.1912701500786989
1.1899908672102641
1.1814481924907625
1.1717792470447164
1.1642968588166662
1.1631253123138587
1.1550356730336344
1.1458930940757734
1.1387461844830777
1.137666201102374
1.1299741421644776
1.1212936705788028
1.114445499040161
1.1134451260676534
1.1061059727240008
1.0978367138273242
1.0912560940053613
1.0903263867386015
1.0833034507077277
1.075404321065988
1.0690650457883748
1.0681991689914574
1.0614624894121383
1.053900227470226
1.0477809378858267
1.0469734984920924
1.0404989855358033
1.0332467282955682
1.0273304181703702
1.0265769985041417
1.020345349219769
1.0133812364725485
1.0076543219043377
1.0069511759499992
1.0009466279451313
0.9942524524090005
0.9887037623122417
0.988047623611405
0.9822568604780882
0.9758169661532545
0.9704369402866089
0.9698248972746351
0.964236264638921
0.9580367740456023
0.9528169318230341
0.9522463435301699
0.9468493487854625
0.9408776659377818
0.9358102849666298
0.9352787225662824
0.9300637289943278
0.9243082283992043
0.9193843996722361
0.9188898338591729
0.9138460994823288
0.9082947466565654
0.9035107484754716
0.9030506120360611
0.8981733651593697
0.8928184149207566
0.8881674392527371
0.8877399491172506
0.8830194569315021
0.8778500437535461
0.8733254699371205
0.872928744499759
0.8683574449447928
0.8633644023537286
0.8589605343677665
0.8585927872622127
0.8541635229267187
0.8493381599612047
0.8450495918507864
0.8447091270790928
0.8404150958942866
0.8357491508172292
0.831570741466207
0.8312559476674742
0.8270906816082623
0.8225762972952753
0.8185031563998489
0.8182125023179798
0.8141698503679619
0.8097995543874121
0.8058270306282967
0.8055590614042069
0.8016331750747943
0.7973998626008759
0.7935235332050788
0.7932768672055187
0.7894621876433716
0.7853591064093218
0.781574767505585
0.7813480934717888
0.7776393397578801
0.7736600760005642
0.7699637337377941
0.7697558081452921
0.7661479661775232
0.7622864315374825
0.7586742933669476
0.7584839379223854
0.754972249769067
0.7512226685051852
0.7476911348884675
0.7475172340756355
0.7440971876819565
0.7404540841450019
0.7369997406045548
0.7368412392582862
0.7335085584096014
0.7299667449897534
0.7265863540250224
0.7264422550124017
0.723192889162008
0.7197474544339093
0.7164379474643763
0.7163073092823087
0.7131374239611309
0.7097837203629037
0.7065421907074048
0.7064241251457879
0.7033300922704111
0.7000637252897157
0.6968874200461953
0.6967810898437742
0.6937594785869469
0.6905762938757869
0.6874626074958774
0.6873672240909732
0.684414791324157
0.6813108647683728
0.678257330927832
0.6781721522717021
0.6752858331246935
0.6722574596399273
0.6692617447504515
0.6691860728499677
0.6663629731034122
0.6634066552969832
0.6604665519377789
0.6603997310471315
0.6576371169870895
0.6547495560709867
0.6518629754532346
0.6518043896564366
0.6490996815001594
0.6462777642742045
0.6434427332619905
0.643391804395851
0.6407425675647661
0.6379833602127087
0.6351980101707134
0.6351541963639761
0.6325581329058244
0.6298588659960316
0.6271214330798981
0.627084226100195
0.6245391680290002
0.621897236182287
0.6192060496988878
0.6191749732516665
0.6166788755780295
0.614091822707406
0.6114453004792701
0.6114199094826167
0.6089708420990142
0.6064363494563776
0.6038330018809588
0.6038128785899503
0.6014090225826532
0.5989249189801384
0.596363325778131
0.5963480797199414
0.5939877213883092
0.591551938922762
0.5890307712372127
0.5890200386141858
0.5867015516600927
0.5843121758794387
0.5818301463340069
0.5818235869066879
0.5795454483462784
0.577200607907555
0.5747565578176168
0.5747538522613996
0.5725146208301779
0.570212620808634
0.5678053983776458
0.5678062482761674
0.565604566352898
0.563343809847057
0.5609723123587179
0.560976447505821
0.5588109936496848
0.5565899983503038
0.5542531769634789
0.5542603295241275
0.5521299481290501
0.549947157538408
0.5479453186870159
0.5478803934951659
0.5460602165049541
0.544068670764243