0.23522797509642276
0.2352391531381308
0.23524474315512195
0.23526151362368422
0.23528387809131698
0.23528529098469314
0.2352909679569623
0.23529183214961785
0.23529342279327845
0.23529422150441595
0.23529661764746454
0.23529980227738312
0.23530140692689722
0.23530220725484757
0.2353046082483725
0.23530780964923043
0.2353095568444127
0.23531042931304627
0.23531303631541417
0.23531654796094822
0.23531818500415755
0.23531901308797437
0.2353214973496946
0.23532480977983733
0.23532674079142757
0.235327704166568
0.23533061158830354
0.23533442876874064
0.2353381905842081
0.23534062015719467
0.23534792348506822
0.23535764250800037
0.23536013192223132
0.2353668197039276
0.23536795364213045
0.2353694912072993
0.23537410393689445
0.2353802347055352
0.23538091057314073
0.23538252798931752
0.23538737063900006
0.2353938615415593
0.23539674043355666
0.23539819015669855
0.2354025480300702
0.23540838463536026
0.2354084968048888
0.235409833696416
0.23541385238532048
0.23541921740758628
0.2354220760956708
0.23542350687630462
0.23542779924782456
0.2354334858461091
0.23543619371984326
0.23543753940559625
0.23544156848150088
0.23544695152379513
0.23544983876591255
0.2354512850805853
0.235455650008327
0.23546143689217497
0.23546453119691071
0.23546607188927074
0.23547067565354796
0.23547687691919786
0.2354805882823459
0.2354824586716148
0.2354880253593745
0.23549560003752792
0.2354992084022977
0.23550104811975645
0.2355065673208242
0.23551390301250388
0.23551753485168866
0.23551933431570635
0.23552470060959835
0.23553198801144148
0.2355357505676837
0.23553765910731927
0.2355433961392035
0.2355510307330575
0.23555592391175564
0.23555835422917284
0.23556567425074962
0.23557539616671141
0.23558016541074586
0.23558254473651458
0.23558964041148256
0.23559924788231779
0.23560390370100875
0.2356062758747175
0.2356133784108953
0.23562283758814168
0.23562767389897663
0.2356300830490223
0.2356373105818702
0.235646947984614
0.23565208004396118
0.23565463714040516
0.23566232372050572
0.23567258575008745
0.235678081466561
0.23568083583528543
0.23568913169475209
0.23569997651980656
0.235701233463145
0.23570758814988677
0.23571605130429288
0.23572084928301856
0.23572322964899947
0.23573039911441146
0.23573998229745813
0.23574462803030125
0.23574696274068535
0.2357539946085616
0.23576324679012875
0.23576859528008823
0.23577124108993486
0.23577916298823715
0.23578971352442188
0.23579559345988177
0.23579852348625838
0.23580731368704425
0.23581903497858442
0.23582494359656014
0.2358278958054823
0.2358367700180073
0.23584857995483635
0.23585469267886727
0.2358577339883807
0.2358669481063049
0.2358788868265196
0.23588480986800409
0.23588766653880386
0.23589625355866287
0.2359077177586206
0.2359136434672895
0.23591663490508075
0.23592553896816587
0.23593757936499196
0.235943310463279
0.23594620246926026
0.23595496407695304
0.23596639091684324
0.2359735691815258
0.23597707213465471
0.2359876225638487
0.2360016805406861
0.23600983634286987
0.23601388616450425
0.23602615567412216
0.23604225711893728
0.23605170830951658
0.23605637713700678
0.23607035651199884
0.23608903499081044
0.23610208761920182
0.23610859339535983
0.23612834151575915
0.23615413366933088
0.23617050833674783
0.23617857258083721
0.23620286085415276
0.23623482774682028
0.23624012344905473
0.23625962973542503
0.23628595585572554
0.2363099464316122
0.23632199039199178
0.23635805377963715
0.23640669513916826
0.2364331415895975
0.23647346622440887
0.23648356770031845
0.23651094123371616
0.23652342945204663
0.2365296560406491
0.23654819179339595
0.23657325424889356
0.23658824965486905
0.23659582482753314
0.2366185511424939
0.23664866966069406
0.23665676613463033
0.23668111676051418
0.23671355348297043
0.23673103681115543
0.2367397424685418
0.23676621485474347
0.2368001971536913
0.23680432336236262
0.23682536344959365
0.2368532339783286
0.2368683165355336
0.23687578960292224
0.23689838278016587
0.23692800860964836
0.23694427034459237
0.23695228027623083
0.23697635706579165
0.2370081143810072
0.23702488713038483
0.23703321229321397
0.23705794972538724
0.23709165793391018
0.23711303054761715
0.23712389622968313
0.23715649490991625
0.2371999739117237
0.2372020405744358
0.2372271692560367
0.237260643103724
0.2372796390991899
0.23728907942994204
0.2373175100965106
0.23735528308929024
0.23738022375789267
0.23739267171967762
0.23743030230753634
0.23747921615478343
0.23748151878249013
0.23749139843500414
0.23752098244777395
0.23756063633484836
0.2375818707929788
0.2375925522954996
0.23762441640095802
0.23766754173685706
0.23768820861233642
0.2376988086378364
0.23773007201860666
0.2377732348744771
0.23779641012346528
0.23780837598524046
0.23784414012630015
0.23789259738329302
0.2379154679657723
0.23792712146058217
0.23796221549472818
0.23800843197547053
0.23803181568516485
0.23804329137204516
0.23807791451773122
0.23812356557159736
0.23815389518062502
0.2381689794976768
0.23821415094346488
0.23827433705789336
0.23830195936626936
0.2383157008194129
0.23835677380662412
0.2384124183410366
0.23843964272224175
0.2384534936457014
0.23849512656207067
0.23855055608508158
0.2385827515575383
0.23859881923326803
0.2386472047722286
0.2387111384098019
0.23874396151168567
0.23876019580204547
0.23880926267872427
0.23887329150970094
0.23890687771041658
0.23892333264597243
0.23897270117210642
0.2390383614934708
0.23907118081860673
0.23908761799218353
0.23913648252553266
0.23920244968954243
0.2392414039611478
0.2392610258692244
0.23931978909793059
0.23939947614560386
0.23940577290358772
0.23942281206586868
0.2394738404437414
0.23954203700724466
0.23957473974431281
0.23959106699526933
0.2396404996070852
0.23970547159718297
0.23975789584587878
0.2397838447032206
0.23986184156697724
0.23996603198792146
0.2400174489138824
0.24004335620161985
0.24012066862016423
0.24022436749586962
0.2402747018190853
0.24029987627258498
0.24037581454549325
0.240475742188659
0.24053191727145712
0.24055965667686852
0.24064288542833823
0.24075458694370602
0.24080911411487824
0.240836742923886
0.24091876255563624
0.24103091393541337
0.24108612719492947
0.24111431733060534
0.24119979397604047
0.2413107749754268
0.2413661615721901
0.24139311040365688
0.24147354308113095
0.24158232927162435
0.24164206608568436
0.24167235052909464
0.24176321637970125
0.24188447770548846
0.24194369910448377
0.24197326052795362
0.24206165003714503
0.24218131339419774
0.24224013482280585
0.2422701521837514
0.24235975305216925
0.2424809201139555
0.24254690637592816
0.24258025652848011
0.24268083576778365
0.24281367290265235
0.24290419295585927
0.24294924355896957
0.24308419401954415
0.24326466883653328
0.24340964619449343
0.24348248914460838
0.24369926294765634
0.24399438394982093
0.24411205724910592
0.2443264555648724
0.2444354387544763
0.24448895628484163
0.24464981147074083
0.2448639988875974
0.24498350389735896
0.24504313173738682
0.2452226455739867
0.2454607096148903
0.24560275471155152
0.24567342741691933
0.24588602409238752
0.24616940229733378
0.2463419638429085
0.24642821988114344
0.24668688419278936
0.24703462474644758
0.24707716270773966
0.2471469680592123
0.24735694000619743
0.2476361232320771
0.24778970184362137
0.24786607365617488
0.248095972704396
0.24840149033924705
0.2485895342277011
0.2486834029684626
0.2489655525331782
0.2493412886972616
0.24954203932188443
0.24964218210174519
0.2499438590111873
0.25034291280257853
0.2503940457557769
0.25047652635291257
0.2507247822508997
0.2510548272187068
0.2512307102710671
0.2513185371816628
0.2515817425126671
0.2519352285159617
0.25213137270340513
0.25223016069358256
0.25252770029811444
0.25292189924193553
0.25312699809887657
0.2532288819465703
0.25353551696855975
0.2539430527995597
0.25420939525473757
0.2543425750704995
0.2547415343904458
0.25527991790625837
0.25538354396169666
0.25572932030537465
0.25618652157915506
0.2564062327881188
0.25651480557342093
0.25684131481312705
0.25727614880280564
0.25752703150115097
0.2576522890467799
0.2580282644612249
0.2585306390044997
0.2588196294751743
0.25896442654444896
0.25939935534086933
0.2599809947564584
0.26045191948360374
0.26068891308742104
0.261398866912689
0.2623574851124293
0.26265462959848185
0.26346715454354
0.26382601298648256
0.2644195798023998
0.26472111329808107
0.2648738088049056
0.2653319109305574
0.26594587277453136
0.2663562707589645
0.2665630698373915
0.26718189577816204
0.26801720845519256
0.26839036305900826
0.26857962343165676
0.26914746193762445
0.2699082898227073
0.27033318745646595
0.2705465815370885
0.2711887794845158
0.27204547405854895
0.2725259735131684
0.2727667618606874
0.273490168736323
0.27445927039731133
0.2751375524345129
0.2754796055353889
0.2765064996383931
0.27788634309919763
0.2786402786528345
0.2790198631236178
0.28016219572453066
0.28169425463783515
0.28241014328708186
0.2827697937735561
0.28385092830402675
0.2853044381219267
0.2860738744443267
0.2864621572867227
0.28762840787346794
0.2892012004213412
0.2895613776283352
0.2906578381266793
0.29213288035395796
0.2930350038898156
0.29349078063101053
0.2948623363659455
0.2967045276180685
0.29759986130333627
0.2980504894555688
0.29940443995348126
0.3012305816755253
0.3015077619884121
0.30194209277145406
0.3032472604640995
0.30500521283639453
0.30594152796467383
0.30641463003438707
0.30783703934660883
0.30975342774086334
0.31073802889284563
0.3112356507204451
0.31273206766269507
0.31474711251564996
0.31596955021236034
0.31658854843211554
0.31844886850821036
0.3209656327659956
0.3214352623093346
0.3235421092124756
0.3263920385051534
0.3280175951259519
0.330356075982643
0.3314315395071244
0.33197561861541536
0.3336116465057554
0.33581651757024844
0.337063587323782
0.3376948148318142
0.3395926822476498
0.3421568771715788
0.343333532264971
0.3439289972939488
0.3457195773738046
0.3481355343952481
0.34937269372212515
0.34999874297314865
0.3518812118398667
0.35442370509887533
0.3556357510269758
0.3562493163240299
0.3580945964118941
0.36058285267858603
0.3620986078151031
0.3628668829829749
0.36517878127227865
0.36830572767325404
0.3697387696261301
0.3704646337282708
0.37264816224026653
0.3755998305024662
0.37703681871740446
0.37776506218531347
0.37995547824004905
0.38291606214259394
0.3844433258129731
0.385217666596705
0.387547441800768
0.3906980422826398
0.39231159247342756
0.3931300365760182
0.39559307472774113
0.39892574110800133
0.4006313016116569
0.401496956623392
0.4041022609879709
0.4076309796974741
0.40937028825496485
0.41025348618709256
0.4129118112034196
0.4165128129238735
0.4183481293657756
0.41928072376007985
0.4220880808469847
0.4258938055263057
0.4278350763400703
0.42882227466988027
0.431794482364017
0.4358270192991041
0.4378589643474049
0.43889293936313145
0.44200618587494195
0.44623310820825374
0.4483468242439493
0.4494229904590312
0.45266360926528676
0.45706515953954824
0.4592893246228978
0.46042233834138435
0.46383447299620234
0.46847172656189595
0.4708025355226695
0.47199037179846404
0.47556804118819074
0.48043179339178155
0.4829026822768207
0.4841624193850361
0.4879571810183968
0.49311880870313846
0.495719188706252
0.4970452605217485
0.5010402920482551
0.5064758593281802
0.5092189145466053
0.5106179799710484
0.5148334401967163
0.5205704424248919
0.5234626298064491
0.5249378812491046
0.5293834629468814
0.5354347520079455
0.5384903611509722
0.5400490433821183
0.5447466773264118
0.5511422527633603
0.5543692361521994
0.5560153259049264
0.5609770649828135
0.5677332218859963
0.571139549862019
0.5728770413679304
0.5781149941676893
0.5852481042931448
0.5888435340807684
0.5906773509784662
0.5962064496270837
0.6037367960111256
0.6075328290612111
0.609468794947433
0.6153066952600694
0.6232583600011844
0.6272660154087865
0.629309700316646
0.6354732840852212
0.6438692642641781
0.6480996423899757
0.6502566509330142
0.6567629119753208
0.6656263030091718
0.6700919058312291
0.6723685513651064
0.6792366305802513
0.6885934634533479
0.6933075850307799
0.6957105715030106
0.7029607943435244
0.7128386848463458
0.7178151320517924
0.7203514057848903
0.7280048353069623
0.7384323439793468
0.7436858431122252
0.7463627992149022
0.7544418610761421
0.7654493620839219
0.7709952664655065
0.7738205956745979
0.7823486158352964
0.7939676424906931
0.7998221765653607
0.8028039889381351
0.8118055694307069
0.8240693365279129
0.8302494377284427
0.8333961795804551
0.8428969477413804
0.8558399984787235
0.8623633697682114
0.8656838493070512
0.8757105366086585
0.8893688502875337
0.8962539190090374
0.899757283535152
0.9103376574522216
0.9247485507950051
0.9320144684983729
0.9357102021072218
0.9468730600144812
0.9620751729491389
0.9697417809690648
0.9736396835202988
0.9854147896617581
1.0014479872447777
1.0095357908796625
1.0136459595859793
1.0260639898076789
1.0429692689480476
1.0514993875467962
1.0558321836802307
1.0689246248375264
1.0867439496942362
1.0957380326340438
1.1003040274486773
1.114103013568782
1.1328790527381816
1.1423591530973443
1.14716904803803
1.1617071184030283
1.1814828617259543
1.1914712445817237
1.196535753353683
1.2118454949292943
1.2326636967637201
1.2431825648779422
1.2485122481735127
1.2646257946957526
1.2865282052395208
1.2975993205242853
1.3032043622555127
1.3201527164681157
1.3431790556770653
1.3548232392309065
1.3607131556715295
1.3785253090487462
1.4027119496638447
1.414948444585789
1.4211317188013806
1.4398335461473477
1.4652118773384288
1.4780575644387892
1.4845412014990358
1.504154117379761
1.530748574001283
1.5442170370351531
1.5510060386656106
1.571545412362833
1.5993711677731184
1.6134716114805552
1.620568371699717
1.642041706314834
1.6711020927892848
1.685870635558248
1.6932906807979589
1.7157456711282641
1.746097598335497
1.7614809814797647
1.769194104023365
1.7925390473191096
1.8240470966786886
1.840016131432453
1.8480038999161887
1.8721832252461799
1.9047604946558476
1.921341065114499
1.9296118045636925
1.9546518927430374
1.9883209893934746
2.0054548443949964
2.0139738917722108
2.0397702417521804
2.074373225857376
2.092045071794807
2.1007977806650406
2.127307493952721
2.16276659762158
2.1809185972243985
2.1898675485677
2.2169788289069308
2.2531186668027683
2.2716412281462386
2.2807216346120796
2.308239908012733
2.3447691434029316
2.363590505916269
2.372752567690664
2.4005303296051617
2.4372115379305828
2.4562520354793986
2.465436210526277
2.493298196820867
2.5298409382393485
2.549035833259514
2.558178408094415
2.5859402114787633
2.6220106614811165
2.6414387407250293
2.6505152477163287
2.6781210323075926
2.713471792458689
2.7341313485420153
2.74341615667851
2.7717616710165194
2.8069966331257725
2.825908821398987
2.8339097598036327
2.8584735524684284
2.887476188217793
2.898263738300216
2.915778736177413
2.9232474172444842
2.926212067248054
2.935351283555383
2.9454947877654143
2.949864553283834
2.951344255544027
2.955988795126498
2.960296060915961
2.961937933597907
2.962114979719204
2.962820423673502
2.96202859147004
2.9612395868777868
2.960271928286487
2.9575143532217707
2.95228817925505
2.949438873320423
2.9475309792947484
2.9419218928580424
2.933131567388316
2.92852781740626
2.9258089678606365
2.9177451197498088
2.9058552861140687
2.8983775578896003
2.8941134618284563
2.8814415298812124
2.863101483698968
2.8519294269170694
2.8457441529208993
2.8273290199980337
2.801138614600282
2.7846677594686047
2.7757698585366697
2.749243713283296
2.7120748605049947
2.688906436777047
2.676743744015933
2.6404063828484485
2.590384901967825
2.564921837201596
2.552023428702274
2.513270188677075
2.461132482607028
2.4365962186355152
2.4245195548735365
2.3880394140006573
2.33975946586428
2.315110599276029
2.3032670508915403
2.2673077382670437
2.220258556783657
2.195378167156293
2.183679377850452
2.1479346981126617
2.101609300302064
2.075465306783365
2.063494281284467
2.0265717695735597
1.9792502026824588
1.95148040052156
1.9392337236676183
1.9008787630606685
1.8524868480403267
1.8227943889596323
1.810463200130651
1.770747775651505
1.7218253364470624
1.7148107495308922
1.705680448035056
1.6761169651523042
1.6394728887573702
1.6210653892130662
1.6136377281908618
1.589210241797287
1.5589832952008562
1.5426795340547712
1.5363265680723819
1.5149229945706615
1.4885878365365162
1.4737038013843742
1.4681884566724006
1.4489551913891223
1.4254919165687856
1.4116547755829227
1.406867730483932
1.3893474727784403
1.3682224273969181
1.3551697365487338
1.3510530351124244
1.3349371815310578
1.3158106697002965
1.3033155112539172
1.299832662647905
1.2848688544478695
1.2674885419068926
1.2558363310698097
1.2529913906525347
1.2394929662229142
1.224084160088758
1.2136999022991184
1.211405315992324
1.1996879604690198
1.1863556855406716
1.177031308242391
1.1751333403477375
1.1647343583339644
1.1529376969631162
1.1444145673260986
1.142806693811166
1.1333983493531148
1.122756654382075
1.1148542441253022
1.1134628475729536
1.104818319617054
1.0950675816667863
1.0876603742777162
1.0864342066439157
1.0783953720647064
1.0693510055065778
1.0623509484596063
1.0612540259986023
1.0537095797712548
1.045241223784652
1.0385858415516394
1.0375926363697827
1.0304633134862524
1.022477788664847
1.0161221189598793
1.0152142900718297
1.0084428178358908
1.0008725216401468
0.9947835520396008
0.9939477194424053
0.987491887231951
0.9802868084475321
0.9744395011371212
0.9736657371773283
0.9674934976976428
0.9606156357384324
0.9549899568697809
0.9542707775856702
0.948356690588147
0.941776096271431
0.9363548030889484
0.935684501524952
0.9300071967153585
0.9236992036007872
0.918466462548483
0.9178406516534452
0.9123812864992523
0.9063247677630136
0.9012657422572002
0.9006810008720463
0.8954227055701135
0.8895992352175733
0.884700436220141
0.8841540064328411
0.8790819793204359
0.8734755731841705
0.8687253677683523
0.868214911591118
0.863316569228709
0.8579135353967638
0.853302285185327
0.8528257226887753
0.848090522239266
0.8428791362641425
0.8383989023693768
0.8379543248532612
0.8333733146834034
0.8283433580878673
0.8239874308672047
0.8235730596148468
0.8191384022574428
0.8142807299621189
0.8100420724320617
0.8096564014405256
0.8053598677395932
0.8006653533812755
0.7965405431463957
0.7961816698864156
0.7920190703140738
0.7874814323020388
0.7834652232440869
0.7831318043425064
0.7790958608151026
0.7747069741074869
0.7707942731432403
0.7704848913124182
0.7665697754501902
0.7623226339444253
0.758509002376243
0.7582223063855418
0.7544224928870816
0.7503104374996361
0.7465916571793058
0.7463263589997522
0.7426365842650171
0.7386532661465296
0.7350253163705184
0.734780187519934
0.7311954317250856
0.7273347932294185
0.7237938388339937
0.7235677075537563
0.7200831818846741
0.7163394427240184
0.7128818252019964
0.7126735741948506
0.709284710964422
0.7056523570752359
0.7022745873718018
0.7020831519283873
0.6987855962127539
0.695259370239434
0.6919581224935101
0.6917824888168126
0.6885720910323265
0.6851469838411184
0.6819190894008984
0.6817582930847808
0.6786311019542615
0.6753023443170852
0.6721447862316958
0.6719979107744799
0.6689501665001419
0.6657132214881369
0.6626231288447549
0.6624893041557638
0.6595174319506195
0.6563679867221158
0.6533426294610497
0.6532210304102971
0.6503216337171462
0.6472555917610349
0.6442923752052312
0.6441822201153437
0.6413520739721086
0.6383655475056189
0.6354620067699562
0.6353625559029262
0.6325986003488522
0.6296879021023102
0.6268416969907303
0.6267522509368234
0.624051584679383
0.6212132192395382
0.6184221293949276
0.6183420276693009
0.615701900680678
0.6129325587762029
0.6101944770432338
0.6101230962969272
0.6075409043737658
0.6048374523662987
0.6021503814628609
0.6020871340968641
0.5995604115842162
0.5969198847500808
0.5942819311083886
0.5942262636046124
0.5917526773349854
0.5891722722708588
0.5865816415502578
0.5865330330247803
0.5841103755846865
0.5815874441995803
0.5790424352055488
0.5790003955956358
0.5766265809552771
0.5741586177896063
0.571657621087499
0.5716216901367968
0.5692947439600513
0.5668793873149649
0.5644208737201688
0.5643906193173143
0.5621086770281288
0.5597436935197845
0.557326218648115
0.557301234739181
0.5550625351273949
0.5527458161941248
0.5503680118756529
0.5503479182136276
0.5481507951645621
0.5458803561688458
0.543540922630201
0.5435253625603989
0.5413682455879943
0.5391422063617031
0.5368399147937016
0.536828555047419
0.5347099535647275
0.5325265461020737
0.5302602305585818
0.5302527576149864
0.5281712737498624
0.5260288189526842
0.5237973826162403
0.5237935041094285
0.5217478074067731
0.5196447366245914
0.5174471274731061
0.5174465705480878
0.5154354071274219
0.5133702411725458
0.5112054580210263
0.5112079660237013
0.5092301577733996
0.5072014763742339
0.5050685961862097
0.5050739314566067
0.5031283483079129
0.501134866020838
0.49903296307785316
0.4990408991201907
0.4971265122668859
0.495166867266699
0.49309518280696785
0.49310551876389275
0.4912212732487408
0.4892944872149214
0.4872520563329396
0.48726459142079565
0.48540959827081537
0.4835143039791763
0.4831171274456429
0.483076293521223
0.4829439014859435
0.4827676651707307