0.23517818936041562
0.2351893506196031
0.23519493224309518
0.23521167752298802
0.23523400838568767
0.23523682384795006
0.2352393809106015
0.23523994465272305
0.23524238745373183
0.23524356005240862
0.235244139254668
0.2352458803371856
0.2352481971712549
0.23524951458742457
0.2352501732733732
0.2352521493378006
0.23525479266512367
0.23525610167290165
0.23525676123865177
0.2352587438834278
0.2352613658335339
0.2352627656671897
0.23526346187759753
0.23526553804990466
0.23526834027214677
0.23526975960022284
0.23527047893897188
0.23527263696299017
0.23527551438937971
0.23527987846960355
0.23528206066091648
0.23528863339810352
0.2352972803426438
0.23529869017344507
0.23530182858541301
0.23530338824884361
0.23530801139978524
0.23531436662248195
0.2353157717872483
0.2353175142485643
0.23531839795993936
0.23532104910555238
0.23532457265179602
0.23532664099674483
0.23532767169765742
0.23533076381584486
0.2353349133958059
0.2353369161390112
0.23533792572700968
0.23534095450578357
0.23534496697190177
0.2353470445133847
0.23534807763260535
0.23535117083855062
0.23535530350077466
0.2353577472175907
0.23535896918795368
0.2353626205318249
0.23536753896806958
0.23537003465602024
0.2353712959141695
0.23537507971143218
0.23538012496283509
0.235382771220783
0.23538409802895507
0.23538807847862273
0.23539340307305204
0.23539641683454143
0.2353979222845644
0.23540245670645032
0.23540847871102388
0.23541180227464967
0.23541345526457805
0.23541839456227873
0.23542504790323424
0.23542823180445946
0.2354298371447061
0.23543465320204116
0.23544103357745944
0.23544406263650267
0.23544556453286905
0.2354500702543326
0.23545607815034186
0.235459815736398
0.2354616888190505
0.2354673192579319
0.23547474171155897
0.23547846971659692
0.23548032656482454
0.23548586414759765
0.23549329221309212
0.23549762061972745
0.23549979591945014
0.23550632188526494
0.2355149957709451
0.23551954269006092
0.23552180266598113
0.2355286230839728
0.23553754934825277
0.23553847053157245
0.2355403840447677
0.23554613603930036
0.23555379052907385
0.2355588344371524
0.23556135097987768
0.2355688707854654
0.2355790000530651
0.23558490298732174
0.23558787190456912
0.2355968671463482
0.2356085205074597
0.23560936269247762
0.2356167952442284
0.23562670604277872
0.2356428882225006
0.23565098138525967
0.23567535777392618
0.23570733236053593
0.23571698596862545
0.23572280494654035
0.23572567243017098
0.2357342410359758
0.23574581943055498
0.2357515035016137
0.235754398683731
0.23576306725011212
0.23577457537074348
0.23578043299967832
0.23578333956144457
0.23579202498519555
0.23580379818353053
0.23580619697960428
0.2358089639228741
0.23581728119195644
0.23582821157992784
0.23583375482309174
0.23583647523624693
0.23584463657897606
0.2358555192521487
0.23587572555141356
0.23588585432804432
0.23591594356709725
0.23595735665563972
0.23596249070871098
0.23596725776875602
0.23598167197662767
0.23600050406127193
0.23600947455977797
0.23601384077900675
0.23602691395474307
0.23604459968659758
0.23605243324668576
0.2360564368335441
0.23606835389304676
0.23608451912933998
0.2360928476762962
0.23609711298328223
0.23610980918075272
0.23612713914249908
0.2361351427298734
0.2361392561505832
0.23615166922509015
0.2361680244415085
0.2361767238038042
0.23618101784305343
0.2361939506158903
0.2362110244612807
0.236221045886636
0.23622600636120739
0.23624097548318398
0.23626057365198355
0.23627064656461064
0.23627555581264778
0.2362903992964834
0.23630998156004004
0.23632113154597828
0.23632667839613009
0.23634328698463367
0.23636540885880894
0.23637736594962688
0.236383306162486
0.23640133605152996
0.23642473667779257
0.23643737214669702
0.23644354995914438
0.23646201205273135
0.2364865737443378
0.23649833914194895
0.2365041591207343
0.23652175552670898
0.23654489825146716
0.2365654927071968
0.23657566928700677
0.2366065569521483
0.23664678247679657
0.23666737593721746
0.2366774426106066
0.23670741024755684
0.236748555853432
0.23676738494748073
0.23679866612996428
0.23681270007090968
0.23681994644721674
0.2368418964547121
0.23687053918282253
0.23688749971045273
0.2368957995826217
0.2369207481227455
0.2369539567701255
0.23696973230089513
0.2369776501429356
0.23700117688128586
0.2370333342622174
0.23704842648645374
0.23705616045323974
0.23707945247361423
0.23711049245074503
0.23712803192909124
0.23713680053641714
0.23716320820840994
0.23719808346681753
0.23721837292428954
0.23722839735281218
0.23725870284148287
0.23729869826576172
0.23731927426859667
0.23732954087233737
0.2373602249327643
0.2374010534094678
0.23742108147639335
0.23743101490518337
0.2374609869597244
0.2375003748422885
0.23752404798078824
0.2375357577649381
0.2375705560243239
0.2376182559804047
0.237639365159478
0.237650311904697
0.2376829676424815
0.2377270293915288
0.23775498402843825
0.2377690220119503
0.23781129828539807
0.23786747630381236
0.23790624817998293
0.23792554553998316
0.23798355190801784
0.23806055601972917
0.2380999424141189
0.238119547729703
0.2381783688806655
0.23825636658068258
0.2382690541106731
0.23828578745368578
0.23833636658742335
0.2384021520537061
0.23841108835318353
0.23842609090079767
0.23847110159285317
0.2385311424294286
0.23856203992667138
0.23857751630876636
0.23862412101778224
0.2386853284554876
0.23871668425519071
0.2387321502441922
0.23877863711679853
0.23883999218745883
0.2388747667369328
0.23889200656421178
0.23894382522971544
0.23901201785660853
0.23904547090580044
0.23906195097137803
0.2391110326676305
0.23917756268789434
0.23921254766164773
0.23923040174353344
0.23928387031616208
0.2393553302978431
0.23939193039336987
0.2394102795254977
0.23946503066673053
0.2395386739226713
0.23958603168575227
0.23960979767664967
0.23968123306276926
0.23977609306712885
0.23983380208532457
0.23986256360326058
0.2399485473868161
0.24006502774068014
0.2400788238353294
0.24010598140030182
0.24018731768822932
0.24029573242786584
0.24035403127679572
0.24038311132494203
0.24047067445689793
0.24058578759086996
0.24060917353523817
0.24063926810721473
0.2407287634559807
0.2408509419739191
0.24090504561081263
0.2409329097870524
0.24101695527100972
0.24112697046113302
0.24118363833023765
0.2412115950177046
0.24129444886505516
0.24140791890064445
0.24146722218342095
0.24149767164265964
0.2415885550264559
0.24171113959576543
0.24178449837458682
0.24182151720137077
0.24193278510048616
0.24208104369947356
0.2421867277712298
0.24223970924758859
0.24239732665692362
0.24261307654906883
0.242647568832201
0.24281585040793557
0.24289455858931475
0.24301705558706946
0.24309227479731338
0.24312966638132202
0.24324262012540693
0.2433919911310289
0.2434909021154315
0.24354002070606878
0.24368765598983771
0.24388498344153595
0.24399654427786596
0.2440522529922751
0.24422053138583139
0.24444322029349977
0.24456689924087985
0.244628432137045
0.24481293019809433
0.24505986669845423
0.24520104669102924
0.24527166855505894
0.24548428903228253
0.24576891722239236
0.2457759553154458
0.24583263537366673
0.2460020386842828
0.24623089914388163
0.24634742820882913
0.2464066018505638
0.24658346807147738
0.2468209046422216
0.24698941267640154
0.2470739673548283
0.24732931153226936
0.2476647144624274
0.24769557838407488
0.24780583239837398
0.24813777513165391
0.24858042194528593
0.24879935460105174
0.24890879325867588
0.2492387525742783
0.24967600963094413
0.2497611572264143
0.2500614821909332
0.25019557940550774
0.2502644026408721
0.2504698759504737
0.25074832005922393
0.250884990921357
0.2509546097579344
0.25116322751501285
0.2514429559675451
0.2516250103286626
0.25171666776350987
0.25199077037960604
0.25236053039304446
0.2525436179731868
0.2526366215537457
0.25291515799819875
0.2532874387705814
0.25348104465095467
0.25357798873219306
0.25386874236599843
0.25425814801174873
0.2545128800457252
0.25464104363975165
0.25502600553659577
0.2555396644243912
0.2558707065810627
0.2560364142931663
0.2565352036644018
0.2572008498903068
0.25764248035811804
0.25786444725432855
0.25853182507699846
0.259419623112946
0.25974732585485044
0.2603904414639034
0.26052738968657857
0.260735730087993
0.26135866842122396
0.26220372884436716
0.26245023198715506
0.26306183101049124
0.26339267181897497
0.2635594763606652
0.26406024377730103
0.26473086253504724
0.2651677678186805
0.2653877334826258
0.2660493443267368
0.2669288661285304
0.2670277842047768
0.2676447846383177
0.2684708454513615
0.26892399093841485
0.2691512844494118
0.2698341741222284
0.270750296043104
0.27125827673813885
0.27151441966101963
0.27228212467080415
0.27331524084928244
0.2738487738839838
0.2741181696884753
0.27492492504147537
0.2760150887114608
0.2762533283913622
0.27701880261044903
0.27804629217744214
0.278683260286355
0.27900429551814615
0.27996889543060877
0.2812648995663032
0.2820026117615446
0.2823753619937987
0.28349295468669145
0.2850021913221415
0.28524920301446705
0.28634361294134136
0.2878181777901559
0.2884850559824548
0.28882187307909496
0.28983428824397167
0.29119375279918674
0.29213480176651124
0.2926105411021929
0.2940402501276855
0.2959685922335129
0.2961623998011543
0.29750168459079024
0.29819186444677726
0.29854052182203866
0.2995879429158584
0.3009955932682298
0.30191961586897487
0.3023866988842696
0.30378987484574366
0.3056822396379222
0.3065431912281002
0.3069786005779622
0.30828666707327534
0.3100476255224469
0.31106966701185496
0.31158656517204714
0.31313929241905736
0.31523616912011887
0.315595428624415
0.31616610993277927
0.3178826489085342
0.32019739006376025
0.3213433542057212
0.321922767504417
0.323665535601904
0.32601556923796876
0.32721263207680407
0.3278181025683323
0.3296395407842277
0.33209576687647563
0.333396062464384
0.33405436472448097
0.3360335622353152
0.33870905025652576
0.3387153846366348
0.33924007978412557
0.34081732013794813
0.34294215867672395
0.3441665181116526
0.3447861949253081
0.3466489688651473
0.3491645341174091
0.35037013309358095
0.35098047134531285
0.3528154722115343
0.3552908044477324
0.35665404368535286
0.3573445955799313
0.3594210332029166
0.362227249671748
0.3635442049463365
0.36421123132581473
0.36621691332183587
0.36892528602383545
0.3703160312026385
0.37102059727348535
0.3731396761326084
0.3760023017305673
0.3774591186002508
0.37819739683127745
0.38041810958485367
0.383419486023123
0.38494041450436833
0.38571144033496635
0.38803131405360847
0.3911669032627359
0.39282640648642325
0.3936683367307789
0.3962015847817643
0.39963132177621546
0.40128971958043247
0.4021314030330679
0.40466373481780404
0.40809238516438945
0.4098004294688228
0.4106677718898933
0.41327775215434387
0.4168122303324301
0.41862243788034587
0.4195423236671885
0.42231114909644535
0.4260623763514405
0.42806071641324556
0.4290773947690429
0.43213796033889756
0.43629243246352994
0.4383131550275926
0.4393415337306034
0.4424377424345878
0.4466391014329953
0.44883416880191407
0.44995235849666787
0.4533190656462193
0.45789560711201066
0.4600712864376892
0.4611795910173965
0.46451640163690844
0.46904851396616143
0.4713895696133845
0.47258288332765347
0.4761762217983072
0.48106137891052925
0.48350074801436566
0.484744444550982
0.4884896952075972
0.49358226914396
0.4961512618863497
0.49746136100301885
0.5014070650881964
0.5067736455116184
0.5094818925071295
0.5108632114968136
0.51502389576856
0.5206840090994489
0.5235564791136552
0.5250217783211373
0.5294360433044039
0.5354429584100078
0.5384706334430343
0.5400151009078961
0.5446685777263229
0.5510015060555286
0.5542058151979725
0.5558404235177752
0.5607659507280353
0.5674710004937012
0.5708250673186278
0.5725358541146589
0.5776913985063963
0.5847091067331938
0.5882464788167461
0.590050632700153
0.5954883219441267
0.602890447943169
0.6066338074511958
0.608542901641665
0.614297632655711
0.6221327560836453
0.6260646598451016
0.6280696174748726
0.6341139748297222
0.6423430497142951
0.6465042048189155
0.6486259010275401
0.6550230760117051
0.6637337765038428
0.6681103577074673
0.6703415131278042
0.6770695211000916
0.6862305577052413
0.6908383889624327
0.6931870250770511
0.7002701225370936
0.7099145064914893
0.7147770638665691
0.7172551222160108
0.7247294669616438
0.7349069760732454
0.7400212475391332
0.7426269750318946
0.7504872655133464
0.7611895827377771
0.7665785339039413
0.7693235592768886
0.7776050479984319
0.7888803275314444
0.7945544506795655
0.7974439287049007
0.8061622483220535
0.8180311870476915
0.8240084808941031
0.8270514137634773
0.8362337863566838
0.848733438824006
0.8550151824147352
0.8582119573602403
0.8678595950228005
0.8809903134078559
0.8876019253101375
0.8909652927975857
0.9011168569691197
0.9149312658458845
0.9218826642215092
0.9254173934663582
0.9360873363779709
0.9506042926216297
0.9579085540381219
0.9616210143476829
0.9728286761414787
0.9880736839897718
0.9957480432201334
0.9996467051808017
1.0114177879759478
1.0274252064544176
1.0354826603710199
1.039573802873714
1.0519273692529225
1.068722241834085
1.0771779961157364
1.0814690035700165
1.0944274804627847
1.1120394696867804
1.1209074669061379
1.1254050482098676
1.138988825789357
1.1574446727466643
1.166739898318005
1.1714512608209728
1.1856822488985497
1.205010727912969
1.214747450086478
1.219679397001114
1.234578290021033
1.2548063769394957
1.2649990913881581
1.270158493659314
1.2857462062928429
1.3069010548216216
1.3175637819715846
1.322957211550595
1.3392537634507866
1.3613611415004565
1.3725072719086917
1.3781409140101635
1.3951651670686558
1.4182490739598357
1.4298911179374754
1.4357706348983414
1.4535398850346837
1.4776219619125908
1.4897716806534393
1.4959022683392613
1.51443242104981
1.5395321877926662
1.5521999808482627
1.5585860525038302
1.5778906654523899
1.604024253703062
1.617207242404609
1.623846399916021
1.6439183304350051
1.6710730929924775
1.6848101149287225
1.6917209574809864
1.7126170756759904
1.7408681463801252
1.755144572325227
1.7623185445640115
1.7840130628752628
1.8133218762946202
1.8281200895582717
1.8355470780741803
1.8580095224568556
1.888331148462241
1.9036681215352442
1.9113553661989209
1.9346082308026076
1.9659700849974122
1.9818429090135756
1.9897875313395101
2.0138225685046356
2.0462098424279036
2.0626140259414627
2.0708122399776596
2.095618542346325
2.1290126764543964
2.145920495777703
2.154356836716794
2.179887983278807
2.214222095163268
2.231626089315079
2.2402951013675994
2.2665353302126894
2.3017841486326125
2.319661319971947
2.32854971532298
2.3554595010453387
2.3915653916243826
2.4098882420517853
2.4189803783594255
2.4465131513911422
2.4834088333693622
2.5021451716364163
2.5114229421531853
2.5395247609212572
2.5771328121281147
2.5962476664252887
2.6056913969596245
2.634303704138221
2.672540153887335
2.6919906030444354
2.7015764721965385
2.7306282252538416
2.769391852036332
2.7891287302657615
2.7988295431856582
2.828239597292823
2.8674149880254522
2.88738117189058
2.8971654543925256
2.926839816820393
2.9662935056119677
2.9864269776832706
2.996260332886974
3.026096360828654
3.065682129123291
3.0859136101242375
3.095757413402279
3.125639885085751
3.1651931337767
3.18544929228894
3.195261955703507
3.2250670571632454
3.2644094643213974
3.2846184757400425
3.294357599792677
3.3239597338570297
3.3629070813601074
3.38301133757371
3.3926386957121566
3.421926213470962
3.4603066466992605
3.4802993738218824
3.4897955235083815
3.5187166838854336
3.5564247595175744
3.5764726611680824
3.5858855924201896
3.614601683428823
3.65177789688936
3.672925914951061
3.682647046968103
3.712402877780876
3.7504493076034495
3.7721067852491905
3.7817499490792366
3.8114078641481686
3.848577537064759
3.8554385902614903
3.8799263151103665
3.8812012108179124
3.8860207897378896
3.9007412727870947
3.9193299827114463
3.9224326083539465
3.9261808543761028
3.937619767762796
3.952020990259381
3.958351097099368
3.961214670441574
3.9699497808789066
3.9808901176096025
3.9857399989555926
3.9879169554390463
3.9945562206407614
4.002812844197589
4.006452569667411
4.008069800079949
4.01300141470147
4.01907692078782
4.021722251955947
4.022881307884244
4.026415604566635
4.03071264041904
4.032541306494299
4.033326567139941
4.035721209630704
4.038576234677971
4.038890148573269
4.03940568508695
4.040977635851394
4.042810408821344
4.04360520773568
4.043915585432837
4.044864715114419
4.04589044228814
4.04637263226195
4.046509676915396
4.046935766755907
4.0472112400165745
4.047257285903962
4.047164184958391
4.046892881509708
4.04619241003042
4.045704011902619
4.045331207102104
4.044210617384899
4.042326988380678
4.041190970504647
4.040478288206984
4.038324974981265
4.035000343296612
4.03305149379237
4.031909078854055
4.028450988443106
4.023299583843497
4.020290431647026
4.018586648247473
4.013428105613772
4.005897759279678
4.001397100260616
3.998901533844636
3.9913501168900534
3.9804724179575866
3.9735897187661844
3.969826179599798
3.9584443594857497
3.9422033098455387
3.932646650779944
3.9275462785871147
3.9121295643559773
3.8904437626036548
3.8780033084747756
3.8715159108226724
3.8518869723530185
3.8246775961531854
3.8086204002110207
3.8004277801321193
3.7755724363683147
3.7415644254597527
3.720738641957776
3.7103671520731827
3.6787478439925163
3.636041329874438
3.608904596945637
3.5958027452967367
3.5555151152157998
3.5019109317180503
3.464005328929628
3.4466169298992346
3.392136685605674
3.3212470741435247
3.2785192757358805
3.260047912136091
3.20071441276116
3.125411738864877
3.0847134118751582
3.0680025845764205
3.0130274616940844
2.944384126394122
2.906075286792993
2.8911779197011214
2.840654427373432
2.778464860143626
2.7414303775252185
2.728052181339598
2.680504297006011
2.6230763139323536
2.588302603454925
2.576807956788839
2.533475169905353
2.4821014550876126
2.4522844469194354
2.443079993488853
2.406809523971096
2.3639488140972653
2.3382954864724277
2.330816493660826
2.299960752569774
2.263573990554162
2.2411197966888468
2.2349332660829684
2.2081924226037475
2.1767072915163563
2.1567144832478635
2.1514996762252254
2.127903252619538
2.1001570559511147
2.0820737130362668
2.077595164531723
2.056425811833679
2.0315657342009463
2.0149839088116237
2.011070415698054
1.991803123047428
1.96920889228147
1.953830093651754
1.9503581660675229
1.9326117123410198
1.9118348002771524
1.897441897090761
1.894322770661077
1.8778211575603498
1.8585373107520273
1.8449722032861096
1.8421418886837468
1.8266844833284903
1.808657680546224
1.7958042069123767
1.7932161221284988
1.7786553696852982
1.7617114033525745
1.749482773293436
1.7471024650352875
1.733327837844594
1.717335553468614
1.7056654278604304
1.7034668826634136
1.6903936395095165
1.675251909510395
1.6640882217405155
1.6620513256864011
1.6496127756566026
1.6352415645440301
1.6245422981581887
1.6226510975017676
1.6107933160199552
1.5971275739846365
1.5868578889046507
1.585099398287348
1.5737776187266306
1.560763098941515
1.5508933706511572
1.549256752943799
1.5384328915527143
1.5260232693423506
1.5165277425061348
1.515003740986877
1.5046446876071997
1.4927995623877364
1.4836554187901614
1.4822359614166702
1.4723123898549089
1.4609958888809633
1.4521825964759272
1.450860518201396
1.4413460515117156
1.4305258465400534
1.422024700770701
1.420793547257192
1.4116641671823948
1.4013107762080794
1.393104574116979
1.3919584617962302
1.383192087425368
1.3732783744170227
1.365351181615215
1.3642846968230986
1.3558608815915227
1.346361694605487
1.33870624523541
1.337713699190263
1.3296212318853353
1.3205188636447245
1.3131089076560192
1.312186856671594
1.3043925688974276
1.2956537102459926
1.2884790346689439
1.2876225148069178
1.2801175362321677
1.271727464877566
1.2647782580532543
1.2639831570493307
1.2567518452101696
1.2486912469046731
1.241955973267042
1.2412184356373106
1.2342459791894513
1.2264966088837366
1.2199643681281314
1.2192807680802984
1.212553212662617
1.2050978821524692
1.1987583947291394
1.198125319936616
1.1916295125627923
1.1844520223315562
1.1782955915061923
1.1777098293844972
1.1714333691417387
1.1645184484750217
1.158535926084927
1.1579944518058742
1.1519256460649905
1.145258899271876
1.1394416549417892
1.1389416207225804
1.1330694453787526
1.126637303190127
1.120977195693761
1.1205159210645825
1.1148299838672444
1.1086196584432308
1.103109009145599
1.1026839719468813
1.0971744784510125
1.0911739212449478
1.0858054894777416
1.0854143174145938
1.080072039007903
1.0742699016823158
1.0690368607399043
1.0686773234810758
1.0634935669607086
1.0578791634534725
1.052775078830598
1.0524450804539929
1.047411659452762
1.0419749311487785
1.0369937387261023
1.0366913105636355
1.0318005179634004
1.0265319990532724
1.0216679853805541
1.021391279180585
1.0166358609890578
1.011526647704329
1.006774429783205
1.0065217111373097
1.0018948419772722
0.9969365593317513
0.9922910674925042
0.9920607097015205
0.9875559684248161
0.9827407427717898
0.9781972024603433
0.9779876803321839
0.9735990280487127
0.9689194585309319
0.9644733728218632
0.9642832573476632
0.9600050145773623
0.9554541450921262
0.9511012809507144
0.9509292333344584
0.9467560615945239
0.9423273573250636
0.9380637287897634
0.937908495662903
0.9338353752756665
0.9295226987659726
0.9253445504710848
0.9252049589278887
0.9212271719197633
0.91702475484063
0.9129285546941894
0.9128035072034072
0.9089166198007127
0.904819047144516
0.9008014677586522
0.900689938048704
0.8968897810909363
0.892891975435607
0.8889498747480388
0.8888509037004031
0.8851335609676123
0.8812307371519645
0.8773611722785134
0.877273862891415
0.8736356546985276
0.8698233349641012
0.8660235216147043
0.8659470367124117
0.8623845039702043
0.8586584683408818
0.8549257928105741
0.8548593505481692
0.8513692378800612
0.8477255413249619
0.8440575329629673
0.8440004019797359
0.8405796512263245
0.8370146128157808
0.8334089193806328
0.8333604188521706
0.8300061628031145
0.8265162592924311
0.8229707126088137
0.8229302068881617
0.8196397480669243
0.8162216653996871
0.8127342373052916
0.8127011330789158
0.8094719207286403
0.8061226628920515
0.8026913380085323
0.8026650771135007
0.7994947336919065
0.7962113625325697
0.7928343266893433
0.7928144058106527
0.7897006439819498
0.786480556002149
0.7831559894689694
0.7831419149812213
0.7800826867791371
0.7769230638368122
0.7738676970209278
0.7738039709174016
0.770997538058386
0.7680028892552141