20000.
19997.098478896
19995.647876092
19991.296699233
19985.496603496
19985.488035708
19984.354786292
19983.940594453
19983.729139172
19983.259052298
19983.007478243
19982.881692394
19982.504339615
19982.001213712
19981.722595738
19981.583288197
19981.165371422
19980.608162709
19980.28212111
19980.119102294
19979.63005385
19978.978007943
19978.620886697
19978.442328454
19977.906663328
19977.192465572
19976.785166846
19976.581520582
19975.970594277
19975.156055014
19974.002258236
19973.425384796
19971.694864524
19969.387737621
19968.709572039
19967.642377478
19967.522150416
19967.288707079
19966.58839348
19965.654680316
19965.140519647
19964.88344426
19964.112237995
19963.084009418
19962.559794117
19962.29769161
19961.511404773
19960.463070605
19959.829575321
19959.512835195
19958.562645021
19957.29579528
19956.63342809
19956.302252714
19955.308759609
19953.984179205
19953.3101434
19952.973134011
19951.962140045
19950.614227909
19949.972037768
19949.650950425
19948.687719451
19947.403483957
19946.724167625
19946.384518109
19945.365604313
19944.007133683
19943.229020495
19942.839975256
19941.672885133
19940.116871368
19939.265286659
19938.839507911
19937.562226282
19935.859311557
19935.050082972
19934.645480967
19933.431724283
19931.813497157
19931.04827861
19930.665680325
19929.517929592
19927.987698248
19927.032195057
19926.554460606
19925.121326043
19923.210640482
19922.845788863
19922.398627252
19921.057202701
19919.26877731
19918.352401901
19917.894229972
19916.519777487
19914.687321891
19914.514762184
19914.129468118
19912.973630702
19911.432618657
19910.579320304
19910.152684809
19908.872833236
19907.166492618
19906.072828158
19905.526018419
19903.885679406
19901.698771208
19900.315638869
19899.624108695
19897.549662456
19894.784070799
19893.377696444
19892.674546496
19890.565245875
19887.753193234
19886.341464083
19885.635637035
19883.518306304
19880.69554963
19879.319911924
19878.632128715
19876.568921964
19873.818313006
19872.498822578
19871.839110167
19869.860104435
19867.221736962
19865.877858791
19865.205953745
19863.190375054
19860.503255185
19859.162476881
19858.492121623
19856.481191715
19853.800268863
19852.228382347
19851.4424857
19849.08498254
19845.942080811
19843.811625786
19842.74648396
19839.551401665
19835.292092639
19833.597905321
19830.665759565
19829.131223296
19828.363999635
19826.062506872
19822.994265699
19821.54592892
19820.82180016
19818.649572707
19815.753640039
19814.279342708
19813.542235121
19811.331076993
19808.383250295
19807.033753568
19806.359039632
19804.335035822
19801.636686079
19799.897093706
19799.027354765
19796.418367292
19792.940252458
19791.173932296
19790.29083126
19787.641764706
19784.110227904
19782.069762502
19781.049608644
19777.989462864
19773.910005295
19771.889396563
19770.879169552
19767.848798359
19763.809026345
19761.544024364
19760.411620632
19757.014798934
19752.486612082
19749.933409941
19748.656932538
19744.827995506
19739.723901406
19736.861494241
19735.430446207
19731.13792485
19725.416015898
19721.86776113
19720.093872972
19714.773166022
19707.681123861
19703.977513107
19702.125968604
19696.57237922
19689.170029152
19685.786999985
19684.09570326
19679.022685132
19672.260695349
19669.083938994
19667.495753076
19662.73196495
19656.382042934
19652.370274646
19650.364697406
19644.349193948
19636.331387936
19632.62520077
19630.772369374
19625.214924563
19617.80744617
19613.785572274
19611.774944385
19605.744297602
19597.706320597
19593.739662155
19591.756633872
19585.808753419
19577.881055743
19576.823266192
19574.95045098
19569.333080529
19561.845761483
19557.658737193
19555.565560976
19549.287376684
19540.919600346
19537.143295567
19535.255416712
19529.592874913
19522.045373075
19516.883040994
19514.302386698
19506.562471405
19496.247360509
19490.092909185
19487.016411882
19477.78983386
19465.494526196
19459.932462238
19457.152026069
19448.813101361
19437.700095302
19430.072385348
19426.25965263
19414.825943457
19399.591466887
19392.232136043
19388.553517338
19377.521848145
19362.822720613
19362.43893189
19358.826389885
19347.992807958
19333.557463748
19326.859640003
19323.511598067
19313.470952294
19300.091541098
19293.257705849
19289.841695428
19279.597293221
19265.946554247
19257.731833281
19253.625786074
19241.312897157
19224.907961476
19223.420636483
19219.975751791
19209.644801779
19195.878840613
19188.544619721
19184.878559895
19173.884582936
19159.235748046
19150.561519547
19146.225877788
19133.22484174
19115.903860467
19107.041912395
19102.612478765
19089.330338627
19071.635184857
19062.170105243
19057.439326766
19043.254035278
19024.356738513
19000.071593321
18987.940647556
18951.594263644
18903.240625819
18889.62547651
18884.309387174
18867.364544729
18844.795072896
18832.529633317
18826.399907081
18808.022697531
18783.547655568
18769.46972765
18762.434720344
18741.345516315
18713.26344949
18698.078130335
18690.490091749
18667.744448353
18637.459979743
18619.30902408
18610.240175581
18583.060125642
18546.881802209
18546.656647689
18520.768778314
18486.307823709
18484.635274358
18477.213600126
18454.966452787
18425.34525456
18411.320652301
18404.312354261
18383.303463439
18355.328912494
18340.342676646
18332.854147114
18310.40690045
18280.519989857
18261.385847544
18251.826287346
18223.177623411
18185.049346447
18149.813240575
18132.220797705
18079.545718745
18009.550247446
18006.42721121
17966.770111248
17914.029812524
17892.668177645
17856.501756463
17836.28722878
17826.188547285
17795.926797831
17755.657700046
17734.371967039
17723.73867077
17691.877021764
17649.483907233
17628.107793943
17617.429447067
17585.433203243
17542.861925075
17522.022500419
17511.612072452
17480.417886532
17438.912064041
17415.030187102
17403.101515015
17367.364502423
17319.829286073
17294.302291986
17281.552906161
17243.36111607
17192.569995438
17169.528428936
17158.019227574
17123.537894097
17077.670555255
17052.540259552
17039.988981658
17002.390551777
16952.38833454
16927.449486614
16914.99382303
16877.681798392
16828.060435613
16796.722949895
16781.076096606
16734.222938975
16671.955495327
16635.731601981
16617.649179127
16563.519757353
16491.621375577
16459.362315335
16443.256454818
16395.033373694
16330.955859191
16294.118429309
16275.730884784
16220.692659876
16147.597775261
16104.839816254
16083.503311698
16019.66325751
15934.937196774
15896.417812961
15877.193050917
15819.658155108
15743.26915815
15701.943586018
15681.321495589
15619.617588811
15537.723239642
15493.500656154
15471.436584105
15405.43271908
15317.865386285
15274.772533541
15253.271588381
15188.950175604
15103.610025987
15086.585094972
15064.741131549
14999.398829495
14912.716428249
14860.045429206
14833.77973064
14755.260864501
14651.215192368
14600.830994547
14575.703906059
14500.581799369
14401.020925496
14340.631842059
14310.532327671
14220.612313585
14101.597265061
14048.361371607
14021.8188358
13942.491745323
13837.419973096
13784.177621185
13757.633315474
13678.306708263
13573.248960387
13526.040567393
13502.497977254
13432.115785825
13338.843228022
13293.647400982
13271.106944415
13203.714633972
13114.390280484
13062.6592301
13036.870275274
12959.808495805
12857.767582982
12811.205422111
12787.987609439
12718.586336528
12626.636854305
12581.708864772
12559.304852329
12492.331900712
12403.589855656
12353.113754718
12327.952783916
12252.776946923
12153.255124891
12085.127422831
12051.206917579
11950.015586594
11816.414316783
11751.593783615
11719.316979957
11623.017507236
11495.848020884
11429.104616578
11395.878366706
11296.778063945
11165.983607064
11103.366347395
11072.189519356
10979.183300519
10856.389164012
10794.051143568
10763.016490481
10670.446888398
10548.258057173
10479.023003922
10444.576074562
10341.913213162
10206.597411415
10140.531588564
10107.659211044
10009.680073433
9880.5170560206
9812.7602090465
9779.0562267725
9678.6372761845
9546.3475793149
9481.0971888807
9448.6394300044
9351.9313367219
9224.5251913888
9157.5913895982
9124.3068357205
9025.1772860997
8894.6778375194
8832.253194796
8801.2053545777
8708.7151562366
8586.9050761071
8525.2139678721
8494.5348143619
8403.1581894602
8282.849901129
8225.2213993189
8196.5576789523
8111.1644646892
7998.689139402
7942.7127761736
7914.8716642828
7831.9325042241
7722.6973422746
7662.5178539791
7632.6041935
7543.5620732839
7426.4530194133
7370.4155037326
7342.5555088893
7259.6057983788
7150.46206152
7091.3857719896
7062.0309084041
6974.6934005343
6859.9212743175
6807.1826485412
6780.9655732487
6702.9186293626
6600.2516090836
6549.02972081
6523.5680353004
6447.7753927781
6348.0865655576
6298.6175565146
6274.0278007048
6200.8330285836
6104.5665926866
6058.1013466185
6035.0015178946
5966.2291774527
5875.7502758762
5829.2820971917
5806.1859978427
5737.4453063388
5647.0553582418
5603.2907958402
5581.5358682087
5516.7765626084
5431.5981096797
5389.547021522
5368.6437176972
5306.4189922678
5224.5731335069
5184.7064744966
5164.887366552
5105.8834525803
5028.2587846016
4989.7741964545
4970.6424977592
4913.6864069511
4838.7588689835
4802.1599960145
4783.9644978631
4729.7906212099
4658.511873202
4622.7306223837
4604.9431891428
4551.9904966255
4482.3328914621
4448.660187125
4431.9188128245
4382.0717557328
4316.4800405146
4283.8077017998
4267.5643874689
4219.2030613495
4155.5727386301
4124.4776130711
4109.0174121974
4062.9836500726
4002.4065389892
3972.5026990921
3957.6346672221
3913.3636242644
3855.1049656648
3826.3305649032
3812.0240031907
3769.4244723103
3713.3647067958
3685.9140198071
3672.2648667646
3631.6199232986
3578.1255933535
3551.7451695278
3538.6279820537
3499.5663703459
3448.1541372353
3422.9026644584
3410.3463574661
3372.9531265117
3323.7324947819
3299.5456711961
3287.5183416573
3251.6987644767
3204.5456938098
3181.3705248237
3169.8458662078
3135.5217792413
3090.3337939837
3068.1385371728
3057.1007583633
3024.2251063559
2980.9402013106
2959.6919037037
2949.124618887
2917.6486042563
2876.2025469196
2855.8547820043
2845.7349441466
2815.5900845753
2775.8930835326
2756.4090380936
2746.718359386
2717.8502625134
2679.8308810448
2661.1696518066
2651.8878240961
2624.2361342023
2587.8152090508
2569.9422409202
2561.0521000633
2534.565774364
2499.6762854206
2482.5542664478
2474.0372868908
2448.661265711
2415.2309919027
2398.8254101633
2390.6644545276
2366.3477958435
2334.3098983776
2318.585897528
2310.7636602779
2287.4549336281
2256.7419593395
2241.6665951089
2234.1667191958
2211.8173096863
2182.3654906716
2167.9067655935
2160.7133645547
2139.2760578929
2111.0234680321
2097.1507509611
2090.2486164698
2069.678212875
2042.5655662566
2029.2492620034
2022.6237002176
2002.8765295303
1976.846547894
1964.0582190735
1957.6951108701
1938.7292105235
1913.7268542695
1901.4392468318
1895.3250603763
1877.1002123298
1853.0727279731
1841.2597524693
1835.3815338822
1817.8592367502
1794.7561200585
1783.3928399568
1777.7382074824
1760.8816590856
1738.6546319101
1727.7172340079
1722.2743633281
1706.0484170559
1684.6513701159
1674.1171456714
1668.8747605358
1653.245897495
1632.6348538293
1622.48216643
1617.4295227268
1602.3658044861
1582.4988576706
1572.7070986089
1567.8339622511
1553.3049652915
1534.1421938521
1524.691729575
1519.9883504671
1505.9650890343
1487.4684557741
1478.3405607436
1473.7976395242
1460.2524670929
1442.3856905558
1433.5624678097
1429.1711165052
1416.0776092183
1398.8060116719
1390.2702998862
1386.0219958822
1373.3548162072
1356.6451458643
1348.3804142714
1344.2669482755
1332.0016908877
1315.8219210042
1307.7974884244
1303.8036416625
1291.895133283
1276.1861469034
1268.4344007721
1264.5762023113
1253.0718777448
1237.895418145
1230.3452814652
1226.5874990324
1215.3828754267
1200.6024310032
1193.2631305589
1189.6103217155
1178.7188506269
1164.3518475901
1157.2098562985
1153.6553052582
1143.0570287711
1129.0772937237
1122.1084715341
1118.6402065149
1108.2995987855
1094.6606620736
1087.8560643736
1084.4696436968
1074.3735011651
1061.0580382978
1054.396294439
1051.0811231167
1041.198018861
1028.1649525173
1021.6322918762
1018.3815428194
1008.691226263
995.9140871721
989.49058556839
986.29438776626
976.76760663303
964.20822255674
957.87187856493
954.7193383332
945.3238353127
932.94017177548
926.66717926868
923.54651765894
914.24744703268
901.99417262825
895.75571182007
892.65268003093
883.40793249759
871.23036572616
864.99117461277
861.88835427936
852.64651516506
840.47803298859
834.18917279671
831.06241063814
821.75226867001
809.50078737415
803.08862066054
799.90160915658
790.41625939215
777.94386341593
771.27592892184
767.96342428993
758.11102674872
745.17083761092
737.92125459243
734.3229543841
723.63299007273
709.62138874165
699.8750898832
695.0522533218
680.78223474123
662.21024190083
654.33289800225
640.5824677777
639.59986816276
636.64802398398
627.87397975824
616.36306524746
611.01458192787
608.35776959936
600.45644636952
590.08075314908
585.07802145906
582.5925829957
575.19943829765
565.48764833533
560.75396726128
558.40200691252
551.40514959405
542.21219522546
537.70679485546
535.46815276745
528.80799279876
520.05646282479
515.75968912898
513.62463319853
507.27234961254
498.92467864868
494.8399714896
492.81017551834
486.77060784446
478.83283232634
475.01626368653
473.11940200464
467.47414429733
460.05177650427
455.9499727322
453.91280546373
447.85575338831
439.90522697614
434.76831822148
432.22240210133
424.67375566869
414.81357235273
406.82521368961
402.88890963074
391.3070456755
376.38081295925
373.29917419467
363.17132314939
361.44055583876
359.2278767019
352.67078235283
344.11379425354
339.56137145213
337.30779463187
330.63640638476
321.94602432231
317.29304708213
314.99183733346
308.1878640855
299.34396846099
294.55617219551
292.19106743811
285.20908682263
276.15861142221
271.08439818513
268.58236230985
261.21396313676
251.70292085142
246.21532912423
243.51656232024
235.59645602711
225.43555904273
220.04984477028
217.40543109113
209.66134033434
199.76327597169
194.62572751983
192.10671571774
184.74361738585
175.36327184746
170.78819931683
168.54561928615
161.99301872779
153.65076964666
149.38270748373
147.29334307616
141.1989602424
133.46355033259
129.41373488703
127.43514558813
121.6790373896
114.40662194749
110.77343810276
109.00034463066
103.84954058914
97.358422227229
94.271282424008
92.764617567644
88.387569104057
82.871074069551
80.24835131132
78.968282700977
75.249292262192
70.561649356469
68.332520380575
67.244504372158
64.083300340861
60.098316133679
58.203207523972
57.278182100417
54.59038382092
51.201817800693
49.590372386139
48.803769113016
46.51803357662
43.636039803312
42.265522017853
41.59649050791
39.652269783734
37.20059365534
36.034624625056
35.465416765754
33.811175112472
31.724919643768
30.732476989316
30.247959425525
28.839759396773
27.063608581289
26.218264267112
25.80554601068
24.605964977255
23.092814634411
22.372158478927
22.020308314301
20.997612717781
19.707519209004
19.092668138496
18.792473912548
17.919915338327
16.819198117226
16.294304344228
16.038032604209
15.293148223887
14.353505330105
13.905256066601
13.686408500173
13.050315816635
12.247940153419
11.865099734187
11.67819066008
11.134944764986
10.449722174869
10.122756977782
9.9631310629388
9.4991980567697
8.914050249448
8.6348381901687
8.4985291034999
8.1023771351868
7.6027499603307
7.3643550904329
7.2479756734631
6.9097565535125
6.4832202389076
6.2797125662101
6.1803669374954
5.8916609454136
5.5275888151214
5.3538959485013
5.2691070813054
5.0227124995824
4.712015563275
4.5636960260798
4.4912962853832
4.2809158951667
4.0156576879293
3.8892180053518
3.8274990247329
3.6481567710233
3.4220370014801
3.3141861121145
3.2615420984578
3.1085744705307
2.9157189672243
2.8237400339706
2.7788444373445
2.6483952993287
2.4839388992537
2.4055102818988
2.3672295390402
2.2560038381734
2.1157894824436
2.0489267573054
2.0162919840107
1.9214734729139
1.8019484202878
1.7449557680075
1.717139014848
1.636321197164
1.5344498288231
1.4858783865987
1.4621722969056
1.3932992696658
1.306488395226
1.2651005711536
1.2449009516712
1.1862167204353
1.1122515869879
1.0769904888378
1.0597813788601
1.0097864405122
0.94677592174947
0.91673917180047
0.90208005491065
0.85949421270023
0.80582386976841
0.78024118285018
0.76775603691889
0.73148656218735
0.68577845707217
0.66399244503603
0.65336036822207
0.62247474583232
0.58355304324886
0.5650027858323
0.55594997382075
0.52965257737416
0.49651410891978
0.48072109526289
0.47301397640552
0.45062611083045
0.42241519090875
0.40897129414879
0.40241065756859
0.38335348919724
0.35934037631663
0.34789756822706
0.34231354175574
0.32609349962418
0.30565597744255
0.29591753502098
0.29116529175421
0.27736158746723
0.2599692199844
0.2516822082396
0.24763829633652
0.23589225607606
0.22109293012325
0.21404177865283
0.2106009852637
0.20060693469176
0.18801536219357
0.18201637654138
0.17908904821221
0.17058652450184
0.15987441957409
0.15477109460752
0.15228084929039
0.14504795152584
0.13593564384714
0.13159465955433
0.12947643185583
0.12332414024513
0.11557341102622
0.11188121644106
0.11007959000048
0.10484691960787
0.098254890147959
0.095114785055113
0.093582567993069
0.089132429123776
0.083526341089655
0.0808559883028
0.079552998855529
0.075768668235027
0.071001434133787
0.068730733800538
0.067622762740795
0.06440486866901
0.060351270953193
0.058420551828653
0.05747847957443
0.054742436439333
0.051295892888562
0.049654365204551
0.048853406691652
0.046527221010946
0.043597019150706
0.042201459132339
0.041520521724204
0.039542926508135
0.037051871673324
0.035865497462594
0.035286632329089
0.033605493188209
0.031487899528378
0.030479416345632
0.02998735241356
0.028558313455131
0.026758296946602
0.025901078676509
0.025482823231183
0.024268146852829
0.022738163275446
0.022009562461491
0.021654064336
0.020621652531361
0.019321263517339
0.018702011869302
0.018399868957972
0.017522413964631
0.016417217330902
0.015890930434918
0.015634147877479
0.014888429319553
0.013949172461958
0.013501914117569
0.01328369175765
0.012649959500714
0.011851762286587
0.011471679615011
0.011286233924539
0.010747690775368
0.010069393647758
0.010055476455747
0.01004852507414
0.010027699750133
0.0099999997764826