0.9992249612964883
0.9992003543340263
0.9991880502779803
0.9991511380190584
0.999101919746326
0.9990957947119781
0.9990901403316187
0.9990889198716246
0.9990835149721642
0.9990809615302985
0.9990796848028056
0.9990758546181248
0.9990707476864049
0.9990678446802408
0.9990663931688109
0.9990620386319128
0.9990562325577903
0.9990533323141194
0.9990518821837566
0.9990475317900922
0.999041731240296
0.9990386730434089
0.9990371439355571
0.9990325566091589
0.9990264401464543
0.9990232734140149
0.9990216900378097
0.9990169399062004
0.9990106063680401
0.9990010006716334
0.9989961977356328
0.9989817889101016
0.9989625768605065
0.9989595806727118
0.9989527229886112
0.998949294101147
0.9989390074289093
0.9989252917218112
0.9989220618175088
0.9989181727035343
0.9989162281316537
0.9989103944119518
0.9989026160742043
0.998898075841181
0.9988958057046847
0.9988889952900878
0.9988799146747046
0.9988754765874795
0.9988732575242831
0.9988666003297083
0.9988577240114311
0.998853179396803
0.9988509070693727
0.9988440900819777
0.9988350007033449
0.9988296244077228
0.9988269362318984
0.9988188716976915
0.9988081188975693
0.9988025757137797
0.9987998040918468
0.9987914892189974
0.9987804026289714
0.998774560242079
0.9987716390155865
0.9987628753283903
0.9987511903088797
0.9987445387565643
0.998741212937817
0.9987312354721228
0.9987179320498388
0.9987106620457374
0.9987070269928029
0.9986961218230259
0.9986815814347838
0.9986745217537707
0.9986709918649492
0.998660402188066
0.9986462824667904
0.998639678364983
0.9986363762718642
0.998626469983195
0.9986132614649053
0.9986050363124808
0.9986009236711446
0.9985885857337513
0.9985721349422458
0.9985640102523622
0.9985599478435101
0.9985477606037775
0.9985315107491947
0.9985219490679583
0.9985171681399988
0.9985028253388535
0.9984837013204546
0.9984737466848119
0.9984687692711403
0.9984538370114285
0.9984339270276518
0.9984321237240867
0.9984279098758406
0.99841526831706
0.998398412686216
0.9983873555697913
0.9983818268942249
0.9983652408449105
0.9983431257371053
0.998330054226747
0.998323518309218
0.9983039105268289
0.9982777662888518
0.9982763154678564
0.9982599919570075
0.9982382269112954
0.9982026910715028
0.9981849219535117
0.9981316144106261
0.998060533728897
0.9980398061228122
0.9980272206841456
0.9980209278140965
0.9980020491757272
0.9979768771653232
0.9979642006896808
0.9979578622971963
0.9979388470911567
0.9979134929845986
0.9979007408628132
0.997894364645965
0.997875235967301
0.9978497305522565
0.9978442080026393
0.9978381465507085
0.9978199621689717
0.9977957158695743
0.9977837728170196
0.9977778011533858
0.9977598861367266
0.997735999007249
0.9976916493163752
0.9976694726058851
0.9976029421912134
0.9975142287431681
0.9975014949221189
0.9974910139645
0.9974595710210875
0.9974176457177375
0.9973984765681597
0.9973888916400788
0.9973601367965258
0.9973217958517816
0.9973043052119975
0.997295559597557
0.9972693227045443
0.9972343392170719
0.9972157101825878
0.9972063953308969
0.997178450718912
0.9971411901528602
0.9971231457383116
0.9971141232200633
0.9970870556116169
0.9970509644509802
0.9970321559722722
0.9970227513951494
0.996994537606345
0.996956918111225
0.9969351706124098
0.9969242964104496
0.9968916737287089
0.9968481753406141
0.996826612024933
0.9968158299236713
0.996783483545168
0.9967403535949396
0.9967161344006558
0.9967040242484125
0.9966676937008077
0.9966192511288501
0.9965932038937719
0.9965801796293001
0.9965411067272695
0.9964890074260676
0.996462086670008
0.9964486256121715
0.9964082423241751
0.9963543957001804
0.9963288959952303
0.9963161455353705
0.9962778940543846
0.9962268900409867
0.9961822827562428
0.9961599772279008
0.9960930603497026
0.9960038315645701
0.9959598850747216
0.9959379099863506
0.9958719844326723
0.9957840776619478
0.9957413773438376
0.9956746485689589
0.9956429737171181
0.9956271353405491
0.9955796200510809
0.9955162632216173
0.9954800718862157
0.9954619749881932
0.9954076840922728
0.9953352921415471
0.9953009007105873
0.9952837038784905
0.9952321132063309
0.9951633218847696
0.9951295604520609
0.9951126786355201
0.9950620330067727
0.9949945019530361
0.9949563364286763
0.9949372522944427
0.9948799996720714
0.9948036582539386
0.9947599072607702
0.9947380299451758
0.9946723977096231
0.9945848820223151
0.994540402209476
0.9945181604143957
0.9944514347399633
0.9943624609346359
0.9943192578968522
0.9942976546001548
0.9942328444242291
0.9941464250267315
0.9940957011387295
0.9940703367736804
0.9939942432885137
0.9938927772037673
0.9938454380920434
0.993821766404436
0.9937507509925256
0.9936560567838284
0.9935950683214229
0.9935645705928122
0.9934730768300571
0.9933510736134841
0.9932674265631913
0.993225596490266
0.9931001052663849
0.992932761512713
0.9928480668361513
0.9928057126894895
0.9926786491823966
0.9925092085567414
0.9924826335589004
0.9924464885267885
0.992338052669462
0.9921934550759237
0.99217570819627
0.9921433310548812
0.9920461989953627
0.9919166765299893
0.9918500132014799
0.9918166773900807
0.991716669288503
0.9915833112185491
0.9915168362933416
0.9914835946730692
0.9913838691603428
0.9912508879133878
0.9911768669781941
0.9911398513411134
0.9910288036237821
0.9908807227203326
0.9908101862254969
0.9907749132576136
0.9906690936254564
0.9905279850723971
0.9904514944163395
0.9904132435517905
0.9902984900845719
0.9901454671031018
0.9900669469682892
0.9900276811059489
0.9899098825686404
0.9897527987584701
0.9896509130948847
0.9895999606164296
0.989447101655677
0.9892432568926026
0.989120305372064
0.9890588153522241
0.9888743430536521
0.988628332279656
0.9885965627281683
0.988538709651527
0.9883651483666697
0.9881336917591214
0.9880099064067664
0.9879479995370096
0.9877622766598485
0.9875145977828748
0.9874667629871698
0.9874029297492121
0.9872114276393611
0.9869560399886839
0.9868378735389715
0.9867787770862726
0.9866014856169054
0.9863650532432435
0.9862471712628643
0.9861882172770264
0.9860113531671875
0.9857754911050939
0.9856470550735792
0.985582821765817
0.9853901192823306
0.9851331311869884
0.9849767120158324
0.9848984797030972
0.9846637790745879
0.9843507678299618
0.9841282200504347
0.9840168999406592
0.9836829320844291
0.9832374865953442
0.9831572236553394
0.9828106190356042
0.9826416357329137
0.9823844176091556
0.9822274470577441
0.9821489389838582
0.9819134108540181
0.981599296516349
0.9813940591882665
0.9812914015704121
0.9809834220359988
0.980572651924895
0.9803404171277055
0.9802242501341528
0.9798757405508269
0.9794108934333098
0.9791557344503337
0.9790280950680662
0.978645166414404
0.9781343927494622
0.9778419742944667
0.9776956866253275
0.9772568096576165
0.9766713768877353
0.9766551992931526
0.9765386343359183
0.9761889306107214
0.975722490446696
0.9754803327115067
0.9753592001764261
0.9749957928115798
0.9745110682448141
0.9741654887911737
0.973992590182851
0.9734738748100428
0.9727818826868959
0.9727248158300763
0.9725003511747087
0.9718269239487101
0.970928396936514
0.970486224597189
0.9702649606544803
0.9696011355221673
0.9687154322850012
0.9685463378792644
0.9679516175111155
0.9676764340176408
0.9675387738738445
0.9671257802414722
0.9665748896567088
0.9662974883486449
0.9661587186944257
0.9657423961651814
0.9651870631137441
0.9648239562735795
0.9646422846998354
0.9640972463537206
0.9633701245863514
0.9630039623612161
0.9628207616146446
0.9622711351501689
0.9615378884574898
0.9611579670310897
0.9609678774563497
0.9603975823559031
0.9596367473510468
0.9591380899690332
0.9588885407063967
0.9581398468623823
0.957140831024503
0.9565008337299906
0.9561804744020418
0.9552193198127621
0.9539365256745101
0.9530908897361187
0.9526674422354915
0.9513969636460611
0.9497008077129606
0.9490864416100476
0.9478815770382766
0.9477646242575816
0.9474480233558067
0.9464981395998799
0.9452304188087949
0.9445402071889458
0.9441946906875204
0.9431580425620831
0.9417744106493697
0.9410885250963485
0.9407451801694529
0.9397150456334287
0.9383401187514891
0.9371358482329067
0.93653248178024
0.9347220692337884
0.9323038177638039
0.932296826118481
0.9317625342137097
0.9301594017136724
0.9280184800295607
0.9270292411148676
0.9265338016954923
0.9250472520149168
0.9230622731670227
0.9220888563924723
0.9216013659019561
0.9201386625612464
0.9181855751802334
0.9169404567647566
0.9151969737014626
0.9141719134579784
0.9136585326780973
0.9121181154942702
0.9100611280020973
0.9091100402331289
0.9086337690576172
0.907204708922595
0.9052966397428691
0.9043317175302669
0.9038485165687298
0.9023986498447607
0.9004627676709267
0.8990263678958337
0.8983065488300287
0.8961464895238007
0.8932603532295474
0.8931495708133613
0.8925172212237407
0.8906196833283463
0.8880849743359268
0.8866563149183465
0.885940415273287
0.8837920609860529
0.8809216078210227
0.8791012298011603
0.8781885206342774
0.8754492714439065
0.8717871808225109
0.8711042232288174
0.8685123201422329
0.8672559396683829
0.8666265660455322
0.8647378553266021
0.8622149322343654
0.860794286859718
0.8600824638800647
0.857946205291769
0.8550918795545391
0.8537408227289554
0.8530639385291949
0.8510325325170917
0.8483185431870575
0.8469596386067583
0.8462788197069013
0.8442355627028082
0.8415056497881719
0.8402447660937857
0.8396131445782451
0.8377175566911549
0.8351852574050181
0.8331269702673616
0.8320946902457462
0.8289958298552483
0.824850703988196
0.8243017874330069
0.8215460648135718
0.8199817904781012
0.8191978038761909
0.8168445637695454
0.8136989923999989
0.8122358025974242
0.8115025544573651
0.8093016306104057
0.8063599630936262
0.804818185209874
0.8040454291254816
0.8017257865170432
0.7986248018631492
0.7970519505053764
0.7962635292543017
0.7938967633112803
0.7907323266733896
0.789242603105519
0.7884958931024909
0.7862543506877724
0.7832575079168348
0.7817681172959597
0.7810215171630324
0.778780242070464
0.775783459433171
0.7742280887021671
0.7734482522857249
0.7711070645769985
0.7679759305574839
0.7663284790634375
0.765502241178269
0.7630215616871654
0.7597027982083467
0.758049084084522
0.7572195773659158
0.7547289918946353
0.751396427987765
0.7497384971142307
0.7489067446593616
0.7464093284200211
0.7430670645661401
0.7414052247326606
0.7405713737657895
0.7380675711822339
0.7347161856160161
0.7330420843249355
0.7322019227609257
0.7296790766010616
0.7263015444531707
0.7246472896423088
0.7238169886220499
0.7213237082169467
0.7179853901852595
0.7163275755549195
0.7154953519752635
0.7129962270310951
0.7096495428307464
0.7079307065591092
0.7070675921736819
0.7044755434333207
0.701003332874569
0.6992797078673267
0.6984140477037951
0.6958142856177454
0.692331220228276
0.6906047478218231
0.6897375414213638
0.6871330782251253
0.6836432813044101
0.6818985715950469
0.681022073602313
0.6783896290513656
0.6748618278584044
0.6730635170087261
0.6721598951359532
0.6694458544960833
0.6658078919295335
0.6640207982881383
0.6631228042320153
0.6604256560668693
0.6568103617629046
0.6550159366086112
0.654114252259031
0.6514059859661406
0.6477757604721462
0.645943817346971
0.645023244671808
0.6422581652495102
0.6385515920951732
0.63671863340676
0.6357976555999091
0.6330313522586685
0.6293235368806397
0.6274671769042821
0.626534555631592
0.6237332387710783
0.6199788541534812
0.6181149363227506
0.6171787327231583
0.6143666496119966
0.6105985833226796
0.6087184767948869
0.6077744078272971
0.6049386821676672
0.6011398229232884
0.5992505093187475
0.5983021689799428
0.5954536109143613
0.5916387481495462
0.5897414514290898
0.5887895309536515
0.5859302190366605
0.5821023799267262
0.5801999312212972
0.5792459292764363
0.5763803677567111
0.5725458305171824
0.5706361459427999
0.5696790884723566
0.5668043431071706
0.5629593885243953
0.5610510397986833
0.5600953025089662
0.5572245238751972
0.5533869971528788
0.5514810140606003
0.5505271757630712
0.5476620938427432
0.5438344835861224
0.5419319241580253
0.540980573900166
0.538122946776634
0.534307764038871
0.5324155549034761
0.5314702078575886
0.5286305902755832
0.524842070322507
0.5229626859409331
0.5220246177972592
0.5192068278303229
0.5154501553041971
0.5135864463444457
0.5126571112148695
0.5098655013646985
0.5061465418836218
0.5043026945746549
0.5033841999016292
0.5006250856924489
0.4969522796100038
0.4951314693137943
0.4942254079952936
0.49150355619758374
0.4878832439201257
0.48608870927944026
0.4851966954690304
0.4825169357005029
0.47895550844459533
0.4771908598251084
0.47631468148630796
0.47368236554189724
0.4701868748638461
0.46845491908781484
0.4675959589482261
0.46501521931638307
0.46159107781819697
0.4598948487166434
0.45905459537242255
0.4565298828329028
0.4531829063125602
0.45152483936862753
0.4507044834059617
0.4482393519439731
0.4449741630692334
0.44335665498030574
0.44255736696786224
0.4401553099486246
0.43697644970352106
0.4354016878212925
0.4346245368168091
0.43228874144237006
0.42920035190336003
0.4276702861998308
0.4269162284903075
0.4246495412890423
0.42165532651087534
0.420171784231543
0.41944172110271927
0.41724682109794703
0.41435027820860676
0.4129149637354243
0.4122097425428453
0.410089143642942
0.40729356756793855
0.4059080890569995
0.4052285167970442
0.4031846077325713
0.40049314326791086
0.3991590574509983
0.39850592248086425
0.3965410312947822
0.39395675527732044
0.39267283744913795
0.39204560652511383
0.3901580662305142
0.38767890137045113
0.38645340554620145
0.3858560755098352
0.38405788726028356
0.38169942470365564
0.38052929100994515
0.37996045734373163
0.3782473121203882
0.3760040549215236
0.3748902449958217
0.3743504394429843
0.3727238593988947
0.3705978725533686
0.369542940025931
0.3690334478537991
0.3674972249571937
0.36549347869329046
0.36450067611147474
0.36402309817562944
0.3625819783947015
0.3607066190236897
0.3597754965197755
0.3593297165914058
0.35798322706932506
0.35623576333373913
0.35536840864848845
0.35495550208078513
0.3537067675236165
0.3520912926570589
0.35128955041421506
0.35091048688329096
0.3497622967084848
0.3482824798933942
0.34754831631367267
0.34720413123806426
0.3461594580906863
0.3448192065764657
0.34415436496803087
0.34384601371041196
0.34290756092921054
0.34171047568396173
0.3411168982951192
0.34084545475941946
0.34001625557427223
0.33896639577223137
0.3384464121625169
0.3382131538724377
0.33749682967508
0.3365990328128265
0.3361550682358517
0.33596136489224665
0.33536176735671536
0.3346212406906445
0.3342561466261843
0.33410361366372154
0.33362528657785634
0.33304818648525275
0.3327652490287266
0.3326557720230149
0.33230400421575096
0.3318975348081816
0.3317006538252525
0.3316364887273951
0.331417596500377
0.33119038698950376
0.3310842557013822
0.33106814491394043
0.3309897855717611
0.33095232954539866
0.33094274013499625
0.33097810384308873
0.3310497962083624
0.3312151721607436
0.33130951628147637
0.33140077525378936
0.33163477141461595
0.3320198619355453
0.3322281004058989
0.3323813214774975
0.3327943400078129
0.33342228665861906
0.33375919783224095
0.3339836121883317
0.33460090710698553
0.3355069048669006
0.3359987503916338
0.33631137961446705
0.3371790730078071
0.33842807827843063
0.3391445595514576
0.3395933499990175
0.3408395147198611
0.3426147776314845
0.343663653102102
0.34432012858794253
0.34613479883370524
0.3486993504908872
0.34937336493231974
0.3514160425687534
0.35142978894751614
0.3519187024689132
0.35331196070718335
0.35522434444294476
0.3555018407201683
0.35597073505761506
0.35731459842193036
0.3591476517432042
0.35997308808164546
0.36042399337418407
0.3617221234301594
0.3634840629048546
0.3642888735805652
0.36472405995053747
0.3659810549213835
0.36768103255013285
0.3684568428226866
0.3688727625966095
0.3700775806577366
0.3717023643080387
0.3724403107770272
0.3728329640853245
0.37397347949182097
0.3755080338875133
0.3761979378604697
0.3765624782061093
0.377624247529966
0.37905020541328305
0.37925447087543335
0.37958460139938094
0.3805489844102386
0.38184234084778923
0.3819086210382944
0.38219776329896793
0.38304521726852175
0.38418043952455855
0.38479636554713237
0.38511873252199635
0.3860613881870797
0.38732386321736983
0.3879929875289073
0.38834412374928845
0.389368895423582
0.3907408743097158
0.39145420820471744
0.3918292999775303
0.39292221750587136
0.3943848659281916
0.3951419295072381
0.39554086704612623
0.39670137797645877
0.3982539711294714
0.3990636196503627
0.399491519106009
0.40073379269832354
0.40239539055839807
0.40327985064308114
0.4037494487186959
0.4051088443301057
0.40692687445614456
0.4079287629247102
0.4084647622382304
0.4100093180709817
0.41207483051690197
0.41326237601430477
0.4139054422703789
0.41574527795434
0.4182051723477757
0.4195897230841632
0.42034864699663615
0.4225035812477596
0.4253829466597353
0.4269247196962547
0.42777725255638116
0.43018323122219004
0.43339418911336086
0.4351662197606091
0.43615972822038945
0.4389381622921613
0.4426378647780582
0.444749855074546
0.4459585848040999
0.4492929519519153
0.4537144467630613
0.45629797208038664
0.45782023006563083
0.4619375166739416
0.4673560956908004
0.4706297326923685
0.4726490926474491
0.47794681600682865
0.4848174818721178
0.48908616614149314
0.4919247657171527
0.49902074003960095
0.5079472718316964
0.512803812431994
0.5162174550206043
0.5243746744694352
0.5342765081051877
0.5387293658841741
0.5418070510336955
0.5490469138936866
0.5577658491498222
0.5621272869208546
0.565447735900739
0.5729039781500018
0.5815712580997711
0.5858594022864361
0.5894556389215103
0.5970819000229148
0.605524463903632
0.6094121832615578
0.6127891303250159
0.6196690651537948
0.6270986782144298
0.6305026919106183
0.6336788806541325
0.6398963705644513
0.6464498839302063
0.649443659209267
0.652457664972687
0.658130310025349
0.6639639384921032
0.6666208089690197
0.6695069121500377
0.6747384761681079
0.6799868792771709
0.6823693854043691
0.6851562525691164
0.6900332538597937
0.6948071082390778
0.6969661984326382
0.6996768643397813
0.7042687367026151
0.7086560000150727
0.7106318640844823
0.7132842743343922
0.7176451555378753
0.7217139605359105
0.7235375417677665
0.7261453283254337
0.7303164838514368
0.7341185531270314
0.735813227524182
0.738386518835121
0.742398820839641
0.7459727789370667
0.7475559352113443
0.750102098916587
0.7539782719288146
0.7573525639561535
0.7588369704238374
0.7613612476611346
0.7651177711134723
0.7683130943092781
0.7697080239385976
0.7722140480061774
0.7758627023923227
0.7788939602897946
0.780206087252714
0.7826962957266717
0.786245384766889
0.7891232195049743
0.7903573178723807
0.792833273581663
0.7962885715399965
0.7990205442164705
0.8001800236231925
0.8026426609855868
0.806008136247739
0.8085996238223262
0.8096869348934922
0.8121367467994353
0.8154151080630581
0.8178699771896797
0.8188869150317436
0.8213240932210215
0.8245171974918409
0.8268383055224576
0.8277862345394084
0.8302107740288646
0.8333199282461419
0.835509491793757
0.8363895103916412
0.8388012863111088
0.8418274677546851
0.8438873305776067
0.8447003902960313
0.8470992135931099
0.8500432286073388
0.851975053448202
0.8527220437759736
0.855107700680808
0.8579702966753829
0.8597757000063665
0.8604575075687497
0.8628297863839445
0.8656117284111281
0.8672923726161181
0.8679077344288401
0.8702706557700203
0.8729767576160292
0.8745337706682148
0.8750905497591593
0.8774354018396949
0.8800584464336509
0.8814949104446897
0.8819870273881357
0.8843178042030652
0.8868628169106842
0.8881803393928496
0.8886113586664786
0.8909280489306389
0.8933962813915615
0.8945971147567086
0.8949683001657408
0.8972708923026775
0.899663680366601
0.9007502492294105
0.9010629148089417
0.9033514466922266
0.9056702529157034
0.906645137073349
0.9069006710913277
0.9091752288153596
0.9114216343756678
0.9122875550698051
0.912487412797976
0.9147481278867933
0.9169238214914365
0.917683625021501
0.9178293200424634
0.9200763659916606
0.9221831312599861
0.9228397710085963
0.9229328659039768
0.9251664543513843
0.9272061564044236
0.927762674192095
0.92780477101676
0.9300251476942912
0.9319997194844942
0.932459226856355
0.9324519576803926
0.934659398338583
0.936570827146246
0.9369364870415009
0.936881504866616
0.9390763111915276
0.9409266255085645
0.9412016347874341
0.941100604812667
0.943283100497527
0.9450743575875186
0.9452619304226706
0.9451165219429322
0.9472870489839025
0.9490213231803009
0.9491246758553494
0.948936554740179
0.9510954697615345
0.9527748416136691
0.9527971783504077
0.9525680000802127
0.9547156712442986
0.9563422177583083
0.9562867178545028
0.9560181216308558
0.9581549253329719
0.9597307108584924
0.9596005174227823
0.9592941203617971
0.9614204386369757
0.9629475068766721
0.9627457166570278
0.9624031088317612
0.9645193270073004
0.9659996941486381
0.9657293485025897
0.9653520893157154
0.967458593191046
0.9688942412911199
0.9685583188491247
0.9681479329961096
0.9702451070325913
0.971637978796452
0.9712393888623634
0.9707973628158304
0.9728855889414203
0.9742375839350484
0.9737791597638686
0.9733069405323608
0.9753865964570493
0.9766995660349794
0.9761840633437368
0.9756830557001774
0.9777545117759329
0.979030256182008
0.9784603474945331
0.9779319119729691
0.9799955321971224
0.9812357992314892
0.9806140705053215
0.980059523780237
0.9821156641720126
0.9833221460039085
0.9826510968066895
0.9820717078580278
0.9841207169340769
0.9852950498032339
0.9845770909318889
0.9839740838022837
0.9860162995304558
0.9871600617129755
0.9863975155389035
0.985772069735366
0.987807817591316
0.9889225288130599
0.98811762754841
0.9874708730678242
0.9895004724400143
0.9905875960826475
0.9897424815387884
0.9890755069255189
0.9910992633499476
0.99216020098238
0.9912769376468653
0.9905907775693893
0.9926089862070779
0.9936450881254012
0.9927256339789903
0.9920212929031068
0.9940342387545414
0.9950467940800537
0.994093037132012
0.9933714627812418
0.9953794211992951
0.9963696657524637
0.9953834087652641
0.9946455086680605
0.9966487424266174
0.9976178565826734
0.996600814921666
0.9958474694255492
0.9978462215195816
0.9987953263701808
0.9977491502329833
0.9969811644370403
0.9989756904357363
0.9999058701231427
0.9988320962787851
0.9998657593703167
0.9999113674276547
0.9999520940551855
0.9999999996776853