0.9990159322683587
0.9989912698512478
0.9989789380625328
0.9989419425837711
0.9988926133006528
0.9988896162478414
0.9988769602213508
0.9988751681527381
0.9988716522615009
0.9988698943035281
0.9988646204257584
0.9988575885508165
0.9988540587023979
0.9988522937656404
0.9988469989514493
0.9988399391612858
0.9988360990027357
0.9988341789088523
0.998828418622715
0.998820738196041
0.9988170899703355
0.9988152658441438
0.9988097934614159
0.9988024969109077
0.9987982476040058
0.9987961229329285
0.9987897489144181
0.9987812501678761
0.9987730527580164
0.9987676949673618
0.9987516215706093
0.9987301900103778
0.9987247554558955
0.9987098494369764
0.9987074602352228
0.99870407437583
0.9986939167866115
0.9986803731891313
0.9986788961628583
0.9986753391903018
0.9986646682603741
0.9986504401950358
0.9986440359390255
0.9986408337708133
0.9986312272559246
0.9986184184420015
0.9986181459591201
0.998615196180595
0.998606346836081
0.9985945476022733
0.9985882547321012
0.9985851082586407
0.9985756688282243
0.9985630827986332
0.9985571661951301
0.9985542078595449
0.998545332843903
0.9985334993805284
0.998527106057112
0.9985239093555807
0.9985143192406113
0.9985015322933933
0.9984947511773185
0.9984913605746393
0.9984811887553562
0.9984676261849891
0.9984593948804571
0.9984552791623671
0.9984429319922045
0.9984264688850503
0.9984183735440474
0.9984143258097032
0.9984021825912626
0.9983859914280666
0.9983780643342876
0.9983741007266267
0.9983622098887702
0.9983463552410087
0.9983379486664582
0.9983337453107641
0.9983211352270807
0.9983043215616411
0.9982935943026332
0.9982882305630205
0.99827213931922
0.9982506839612368
0.9982402224203609
0.9982349915434089
0.9982192988887014
0.9981983750009434
0.9981879568258505
0.9981827476326804
0.9981671200296558
0.9981462828787518
0.9981356908798203
0.9981303947706223
0.9981145064184421
0.998093321594506
0.9980820559127886
0.9980764229497234
0.9980595240328592
0.9980369917431136
0.9980248860359947
0.9980188330417448
0.9980006740272531
0.997976461544237
0.9979739909981324
0.997960031329682
0.9979414181631945
0.9979309228291907
0.9979256750552977
0.997909931709578
0.9978889402317052
0.9978786732109491
0.9978735395979819
0.997858138735791
0.9978376039193786
0.9978259964906578
0.9978201926464171
0.9978027810846714
0.9977795652441576
0.9977666974326825
0.9977602633684931
0.9977409611409587
0.9977152243128075
0.99770224560134
0.9976957560837161
0.9976762874955616
0.9976503288386585
0.9976369346675678
0.9976302374075608
0.9976101455896541
0.9975833559295297
0.997570789764654
0.9975645065300607
0.9975456567927639
0.9975205233066615
0.9975074281076597
0.9975008803423406
0.9974812370102617
0.997455045354178
0.9974423161331486
0.9974359513655442
0.9974168570283756
0.997391397397294
0.9973759785512876
0.9973682688999463
0.9973451398975275
0.9973143004645658
0.9972964394175003
0.9972875085856061
0.997260716025419
0.9972249916008283
0.9972045475038087
0.9971943250572062
0.9971636576350182
0.9971227664062453
0.9970941280583702
0.9970798081020805
0.9970368480800689
0.9969795654120849
0.9969442053763506
0.9969265241609776
0.9968734802874357
0.9968027510638702
0.9967917800418843
0.996748830371099
0.9966915615031375
0.9966387393105847
0.9966123255530979
0.9965330837629253
0.9964274190724097
0.9963691042571984
0.9962813148509723
0.9962587921878593
0.996198707515668
0.996171559316579
0.9961579845115606
0.9961172599523402
0.9960629581940932
0.9960298649150162
0.9960133172355221
0.995963673993433
0.9958974794400403
0.9958802274279165
0.9958270188311193
0.9957560699808302
0.9957179177773623
0.9956988402804223
0.9956416075143877
0.9955652925338266
0.9955578393611441
0.9955120738837931
0.9954510502560519
0.9954183522878034
0.9954020022805129
0.9953529520518679
0.9952875483316025
0.9952526788714273
0.9952352429861173
0.9951829350978781
0.9951131873658783
0.9950769993984562
0.9950589041733173
0.9950046182522216
0.9949322328286705
0.9948848840438291
0.9948612075211363
0.99479017754307
0.9946954636409102
0.9946911968881713
0.9946364830448127
0.9945635269805405
0.9945223344687819
0.9945017365959243
0.9944399426579483
0.9943575452964508
0.9943033975475476
0.9942763208874824
0.9941950903540793
0.9940867736659472
0.9940830785907112
0.9940616274679207
0.9939972737615578
0.9939114628543515
0.993865157156195
0.9938420022478045
0.9937725371198847
0.9936799101075637
0.9936341832793056
0.9936113178943264
0.9935427213390889
0.9934512525980816
0.9933993910156954
0.9933734576848342
0.9932956571927248
0.9931919145555251
0.9931413979461421
0.9931161372130234
0.9930403545419793
0.9929393027658554
0.9928895358723161
0.9928646500674477
0.9927899921860002
0.9926904403564895
0.992625294456158
0.9925927174670716
0.9924949857023283
0.9923646631507708
0.9923052470720795
0.9922755357221116
0.992186401009823
0.992067543397723
0.9920076378814161
0.9919776817211486
0.9918878125601177
0.9917679756071954
0.9916986308173084
0.9916639539130945
0.9915599222926367
0.9914211981769034
0.9913512075711227
0.9913162076894685
0.9912112071249787
0.9910711906519728
0.9910003891293687
0.9909649836248033
0.9908587661831895
0.9907171268377089
0.9906467831667518
0.9906116066593059
0.9905060762029506
0.9903653530132867
0.9902809382811092
0.9902387241740478
0.9901120804916647
0.9899431995785914
0.9899279766801928
0.9898914735666693
0.9897819632079535
0.9896359323405483
0.9895656142831374
0.9895304505974685
0.9894249586064784
0.9892842866622532
0.9891731403393511
0.9891175555030588
0.9889507986706729
0.9887284165743885
0.9886179814811525
0.9885627524470626
0.9883970630399216
0.9881761047283035
0.9880685355941282
0.988014740148166
0.9878533516121001
0.9876381296991088
0.9875199349398766
0.9874608243927478
0.9872834900512565
0.9870469998495347
0.9869299509710959
0.9868714138000999
0.986695799665987
0.9864616035869255
0.9863416512599293
0.9862816616033704
0.9861016898904202
0.9858616813315225
0.985747689808935
0.9856906817988849
0.9855196552567929
0.9852915781611832
0.9851634597061648
0.9850993850752859
0.9849071579569157
0.9846508030144432
0.9845259816858197
0.9844635566044457
0.9842762783476103
0.9840265240785884
0.9839002624257048
0.983837116681129
0.9836476763269669
0.9833950380753214
0.9832545003101283
0.9831842129479387
0.9829733469570634
0.9826921295517295
0.9825034829626921
0.9824091266697047
0.9821260509051852
0.9817485015379634
0.9814448662462053
0.9812929624531083
0.980837232977294
0.9802292978817116
0.9799809081108138
0.9795285001569984
0.9793059922797691
0.9791946921680492
0.9788607819205687
0.978415409650534
0.9781682317275241
0.9780445860158085
0.9776736365565373
0.9771788421209321
0.9768869965644458
0.9767409950762008
0.9763029730732998
0.9757186731361985
0.9753643733403042
0.9751871082406334
0.9746552872660675
0.9739457908546866
0.9738568101536544
0.9737138733896424
0.9732850459181938
0.9727130161683185
0.9724019320305392
0.9722463012905423
0.9717793884942072
0.9711565304149992
0.9707768439726225
0.9705868690526355
0.9700169134265924
0.9692565150813724
0.9688536751997651
0.9686521076521897
0.9680473697516183
0.96724053761528
0.9671426094161283
0.966977347605722
0.9664815380565175
0.9658201135287982
0.9654707627539715
0.9652959771165133
0.9647715927430022
0.9640720288090593
0.9636808319163572
0.9634850959343502
0.9628978534695805
0.9621143793056773
0.9617135170421951
0.9615129413310964
0.9609111772878703
0.960108316775708
0.9595883496241185
0.9593281235307054
0.9585473826359582
0.9575055401655211
0.9572994416883233
0.9566301783857764
0.95573720267092
0.9553182529301162
0.9551086224606903
0.9544796886197469
0.9536405578660526
0.9531608919686154
0.9529208552349859
0.9522006886640596
0.9512397442966515
0.9506898690922126
0.9504146654150488
0.9495889783635522
0.9484871176997771
0.9475976585543799
0.947152237940412
0.9458157747288019
0.9440313435676004
0.9434774005863564
0.9419558522532876
0.9412978432969644
0.9402094305406781
0.9396496592830336
0.9393695028209075
0.9385289480039978
0.9374072333232845
0.9366577582815113
0.936282540031275
0.9351567292844757
0.9336539017070953
0.9329753630489246
0.932635702237757
0.9316165876229495
0.9302563388131487
0.9294992945203081
0.9291202879563196
0.927983099809128
0.9264650721746366
0.9256222053129979
0.9252001759198004
0.923933873801484
0.9222432659117793
0.9210661299235152
0.9204764086093167
0.9187068151600954
0.9163430559455246
0.9150613089071828
0.9144190804331328
0.9124918604622005
0.9099171467061544
0.9087276410102487
0.9081317338649012
0.9063435284503127
0.9039548872153004
0.9026967737123152
0.9020664444545131
0.9001748908187951
0.8976479279467504
0.8970679797401916
0.8953190306254569
0.8929829291569713
0.8915609223158224
0.8908483281490348
0.8887097609425214
0.8858520800027998
0.8844796336346215
0.8837919374024088
0.8817280766443213
0.8789704238481972
0.8785506187188283
0.877900864928939
0.875950882119942
0.8733456843718842
0.8719650056795087
0.8712732051806975
0.8691969465582124
0.8664226519855792
0.865005561519931
0.8642954868732098
0.862164313830683
0.8593164350010893
0.8573175480418176
0.8563150859010293
0.8533057122956093
0.849280412959273
0.849078369526271
0.8465759741851017
0.8452108606188983
0.8445268998166535
0.8424740043435256
0.8397307754923947
0.8382327345959574
0.8374820184076992
0.8352285908839391
0.832216627092997
0.8305014448211936
0.8296416169362894
0.827060368022204
0.8236087791751036
0.8229265832822179
0.8206841968090076
0.8176867346510549
0.8161561631010927
0.8153890545106295
0.8130861860418757
0.8100074619075524
0.8084337461990457
0.8076449260727666
0.8052767542343404
0.8021102358166167
0.8005433059788608
0.7997578500552153
0.7973997029590115
0.7942463492900392
0.7927875686852667
0.7920564048507855
0.7898613010469612
0.7869263135103424
0.7853216053992791
0.7845170517555342
0.7821013550184185
0.7788701551608492
0.7773088809785182
0.7765260829088726
0.7741756779115603
0.7710317211034702
0.7695045946832616
0.768738889591014
0.766439773406168
0.763364276894575
0.7617563015918063
0.7609498524417617
0.7585282009153518
0.75528778674797
0.753636797773045
0.7528085979425269
0.7503214778879929
0.7469926412144805
0.7453513499832967
0.7445279130477863
0.7420550235210652
0.7387448031902382
0.7370815709493603
0.7362469674927236
0.7337404226353355
0.7303844452672176
0.7286664321606325
0.7278041047433355
0.7252141157761957
0.7217453645850512
0.7200449420086117
0.7191913399846153
0.7166275078537669
0.7131934070784585
0.7114635151017198
0.7105949304480783
0.707985968011451
0.7044906071614307
0.702751313798024
0.701877861510453
0.6992541919791306
0.6957385439818365
0.6939762352021723
0.6930910590711823
0.6904320677105544
0.6868684105743583
0.6850883257526152
0.6841940801252804
0.6815077569225821
0.6779069103733697
0.6761052794907157
0.6752000814262349
0.6724807701295112
0.6688351915371791
0.6670084858168197
0.6660905790336927
0.6633330044489449
0.659635683578107
0.6577942563712177
0.6568689021405999
0.6540889015217274
0.6503613224521537
0.6485021236144319
0.6475678246210071
0.6447609036864314
0.6409971616024438
0.6391193772398014
0.6381757711279002
0.6353408497937237
0.6315396652005317
0.629644143764809
0.6286917147623484
0.6258302595346307
0.6219938072488425
0.6200816797223867
0.6191210608666974
0.6162349851547069
0.6123660587956071
0.6104382307266691
0.6094699461667321
0.6065608344829077
0.6026617961169958
0.6007197754258398
0.5997446567930549
0.5968150170215019
0.5928894795775341
0.5909350590126898
0.5899540833606829
0.5870068587507744
0.5830590214945293
0.5810942660922325
0.5801085475727483
0.5771470913345851
0.573181698718628
0.5712089644298619
0.5702197615825081
0.5672478585338745
0.5632702222380526
0.5612920666609539
0.5603007354305848
0.5573224604621317
0.5533382624064791
0.5513575592143964
0.550365608464972
0.5473854934565588
0.5434010036720314
0.5414208146259812
0.5404298399582554
0.5374526746899978
0.533474478413174
0.5314980183828684
0.5305096831084462
0.5275404581467529
0.5235753752209101
0.5216060061727509
0.5206220371789915
0.5176659316508386
0.5137209974573955
0.5117621501805933
0.5107842981447321
0.5078465603478822
0.50392886520699
0.501984004488643
0.5010140264711314
0.49809992186162
0.4942165427607464
0.4922891159543684
0.49132875038746043
0.4884434867131843
0.48460139075680814
0.48269478701888363
0.48174573475500765
0.4788944053981742
0.47510037984897746
0.47321789894252153
0.472281809783588
0.46946935351989505
0.4657299597939196
0.4638747877935973
0.46295325111525754
0.46018442406311544
0.4565059696951694
0.45468117042620265
0.4537757141444923
0.45105508662324784
0.44744363149967087
0.4456521509301834
0.4447642472273994
0.4420962207084985
0.43855761037033525
0.4368022947740708
0.43593337273383004
0.4333222172940393
0.4298621429380204
0.4281457702944916
0.42729723489241894
0.42474714548201437
0.42137122746721184
0.419696549282541
0.41886980505931914
0.4163849715521088
0.4130988589011345
0.4114686493415701
0.41066512699266855
0.4082498127282284
0.4050592910152186
0.4034763994231632
0.40269758322967175
0.40035620583956455
0.3972673050004614
0.39573470824750384
0.39498216258650126
0.3927193718433635
0.3897384671072643
0.38825931854781554
0.38753471201537165
0.38535546031577844
0.38248936102501463
0.38106598390042506
0.3803706092636387
0.3782787011193234
0.37553277600005336
0.3741664888216172
0.3735011962044982
0.3714990787171727
0.3688770276271143
0.3675769709776488
0.36694634701554235
0.36504772318321593
0.3625677466329189
0.36133827804522317
0.36074463318894023
0.35895632160885715
0.35662772979682195
0.3554739465401445
0.3549199550290418
0.3532498494975529
0.35108333239433254
0.3500067210292409
0.3494934353872878
0.34794447772761433
0.345944575611332
0.34495089019486724
0.3444814080511244
0.34306267554091857
0.3412418081338367
0.34033916321415436
0.3399176819729507
0.33864154569796995
0.33701625118958584
0.33620978136112384
0.3358392582559644
0.3347142305019615
0.33329647932957895
0.3325945251333404
0.3322794568584613
0.3313186332019715
0.3301262292389318
0.32953764072849717
0.32928291577984753
0.32850043489207065
0.32755278495907364
0.32708815505272587
0.3268996523010231
0.32631246846596323
0.32563283922106745
0.3253049428308359
0.3251898103951598
0.3248184602875732
0.3244350660245675
0.32425960322958064
0.3242267369671368
0.32409665476746624
0.32404453595250926
0.3240415248726287
0.324102418233978
0.32424629190016646
0.3245705950499142
0.3247666168844432
0.3249367436493047
0.32539832374876665
0.3261595874508153
0.32659197532393125
0.3268935334741086
0.32773510152280155
0.3290198730885232
0.3297465558477781
0.33021499078039485
0.33153505181662424
0.3334810546185626
0.33461163751718825
0.33531708994912823
0.3373080895701101
0.34018728400258186
0.34210202054698713
0.34331174490465194
0.3466911002182013
0.3515405126432048
0.3538048782484663
0.35515247952882756
0.35894503698336166
0.3642487712013203
0.36439704206888196
0.3656891773054826
0.369354569918914
0.3744017730177228
0.3768245218092759
0.3781919065525008
0.3820754617443829
0.3873729003883609
0.39000139529400013
0.39147465510760193
0.3956532401547653
0.4013136437956796
0.4041602854429688
0.405750756801128
0.4102488805995602
0.4163053293805459
0.4193745975743016
0.42108866454482424
0.42591607023663314
0.4323783249947528
0.4356784838100782
0.4375256792367281
0.4426982405451975
0.44958218836098374
0.4531300312586948
0.4551271464868625
0.4606764832313065
0.46801791180280955
0.4718509781276482
0.4740320909420719
0.48002927104295234
0.48791428593771363
0.49212187551809145
0.4945622490081233
0.501171054918
0.5097933102393993
0.5146144833403478
0.5175101446448496
0.5251563704552865
0.5349955737606451
0.5421521880550126
0.5470649419809012
0.5590379500589359
0.5735482046816074
0.5805801312045759
0.5909987025385425
0.595495772864022
0.5983442608248739
0.6054094790541297
0.6141661840291166
0.6182432877614817
0.6209319738172057
0.6274581223064545
0.6354637727322079
0.6392695208160217
0.6419042527820195
0.6481050122472796
0.6555910226287391
0.6591573167754825
0.661785083660868
0.667730838311091
0.6747537690677332
0.6780838131572262
0.6807452172647726
0.6864801223668517
0.6930535966497647
0.6961416504098419
0.6988871076838058
0.7044601469931816
0.710582942288033
0.7134180916606823
0.7163198542092054
0.7218016314545089
0.7274619067140542
0.73002468833037
0.7331895428088244
0.7386855072222807
0.743849983106242
0.7461471625867525
0.7491410618588026
0.7540471934508313
0.7584286920882699
0.7603691352511333
0.763207038403552
0.7676208826366264
0.771379892925973
0.773032617509748
0.7757530655424023
0.7797889404858166
0.783067813412966
0.7844970234183839
0.7871288652659534
0.7908724301608364
0.7937773203194427
0.7950307922982109
0.79759485303367
0.8011088218880799
0.8037177312690876
0.8048304424530839
0.8073414555114893
0.8106711618477077
0.8130409198467989
0.8140382570683882
0.8165064678692915
0.8196843903510694
0.8218561890568984
0.8227564530643975
0.8251889568108866
0.8282383168449727
0.8302419498969636
0.8310582387306645
0.833460137559763
0.8363977481717517
0.8382547567402615
0.8389963705512182
0.8413717546084932
0.8442102235663629
0.8459361536058945
0.8466096857059888
0.8489623054001638
0.8517115615991316
0.8533175453435949
0.8539277717659919
0.8562612351110332
0.8589293265754315
0.860423218965497
0.860973772741669
0.863291313188936
0.8658846318424417
0.8672719020222426
0.8677656661577697
0.8700698020220728
0.872593120806041
0.8738775952402719
0.8743168606664775
0.8766092621746833
0.8790659097962034
0.8802503643489007
0.8806369093056042
0.8829185221976109
0.885310735426377
0.8863973186574571
0.8867325176231208
0.8890037963258768
0.8913331085245754
0.8923236182177587
0.8926085776831367
0.8948696933600043
0.8971372436155015
0.8980333022191012
0.8982689814158622
0.9005199614272458
0.9027266994121596
0.9035298668020794
0.903716293955146
0.9059583889902483
0.9081062602174067
0.9088175895567292
0.90895820781006
0.9111887746772999
0.9132765127471663
0.9138986424355849
0.9139918947713391
0.9162121323060306
0.9182417198471693
0.9187758973591947
0.9188235107092616
0.9210334189727487
0.923005881435632
0.9234539095818454
0.9234568920383973
0.9256564839958431
0.9275729115261768
0.9279367002100084
0.927896097970914
0.9300854181824499
0.9319469805944244
0.9322285378673306
0.9321454437491586
0.9343245687968451
0.936132512595683
0.936333937642315
0.9362094872201023
0.9383785245728944
0.9401341668413008
0.9402576400941351
0.9400930063410622
0.9422520923588279
0.943956812805888
0.9440045842531151
0.9438009713551854
0.9459502688468563
0.9476055008535397
0.9475798774103122
0.9473385142046449
0.9494782097208316
0.9510854309524973
0.9509887634369273
0.9507108968941597
0.9528411978186991
0.9544019206853106
0.9542365910050222
0.9539234796575162
0.9560446114219132
0.9575603738439656
0.957328782560681
0.9569816903943139
0.9590938936288586
0.9605662501396041
0.9602708047060339
0.9598909953055822
0.9619945232082608
0.9634250366182996
0.9630681405046415
0.9626568716910542
0.9647519874561585
0.9661422211457174
0.9657262637147321
0.9652847827730097
0.9673717571663017
0.9687232679591299
0.9682506155065644
0.9677801545534528
0.9698592638937955
0.9711735958005266
0.9706465833357464
0.9701483555974094
0.972219879708091
0.9734985582097403
0.9729194822672261
0.9723946787651722
0.9744588990560198
0.9757034261007788
0.9750745386150653
0.9745243251371052
0.9765815230370752
0.977793372549622
0.9771168757023166
0.9765423900550307
0.9785928456907308
0.9797734600388736
0.9790515015956572
0.9784538519807965
0.9804978426053267
0.9816486293465495
0.9808832988027616
0.9802635613702934
0.9823013611660885
0.9834236908110175
0.9826170162612884
0.9819762355191026
0.9840081130125268
0.9851033160820454
0.984257262962442
0.9835964481359177
0.9856226672462084
0.9866920333748579
0.9858085018999427
0.9851286274621525
0.9871494463831195
0.9881942236009698
0.9872750462715234
0.9865770542814214
0.9885927228773249
0.989614115055904
0.9886610595938142
0.987945854766954
0.9899566162296687
0.9909557834187244
0.9899705499606414
0.9892390013509867
0.9912450924667643
0.9922231522891307
0.9912073721767383
0.9904603152616851
0.9924619650876487
0.9934199904944523
0.9923752302520845
0.9916134667648113
0.9936108943881292
0.994549914454706
0.9934776752632881
0.9927019710591789
0.9946953887262335
0.9956163891480443
0.9945181088404953
0.9937291966640764
0.9957188076910165
0.9966227306497099
0.9954997838957498
0.9946983553897416
0.9966843634489568
0.9975721162709243
0.9964258086554736
0.9956125448062598
0.9975951289067455
0.998467567631805
0.9972991548005634
0.9964746714964412
0.9984540279920461
0.9993119853967135
0.9981226414866313
0.9972875757903806
0.9992638609091505
1.0001081156773075
0.9988989847040212
0.9999494730148524
0.9999645029034507
0.9999801848478104
0.9999999997462027