20000.
19997.098478896
19995.647876092
19991.296699233
19985.496603496
19985.467079775
19984.346792631
19983.83767801
19983.583125544
19982.819487639
19981.80134926
19981.747954366
19981.047922693
19981.014313333
19980.861357217
19980.40249592
19979.790697309
19979.504523814
19979.361438593
19978.932189101
19978.359870846
19978.024701858
19977.857119461
19977.354380727
19976.684082161
19976.308637453
19976.12091773
19975.557769175
19974.806929206
19974.359789887
19974.136223965
19973.465541245
19972.571332737
19972.161626951
19971.956777195
19971.342240562
19970.52288788
19969.970704378
19969.694618331
19968.866383135
19967.762123083
19967.566728743
19967.28590885
19966.443472911
19965.320280393
19965.204151776
19964.959901785
19964.227169778
19963.250235697
19962.659063713
19962.363484264
19961.47677222
19960.294550881
19959.717595532
19959.42912409
19958.563734822
19957.409940945
19956.727331322
19956.38603524
19955.362182066
19953.997126346
19953.311553121
19952.968775316
19951.940477284
19950.569495812
19949.861685072
19949.507789093
19948.446138874
19947.030693275
19946.297960227
19945.931603769
19944.832574822
19943.367297238
19942.692882447
19942.355683579
19941.344121233
19939.995451388
19939.750602897
19939.424378469
19938.445737259
19937.140957157
19936.352865411
19935.958831191
19934.776775317
19933.200809998
19932.198037676
19931.696670395
19930.192644293
19928.187452899
19927.245810447
19926.775005872
19925.362658954
19923.479685631
19922.539891037
19922.070010328
19920.660434766
19918.78115601
19917.917862232
19917.486229342
19916.191386858
19914.465061326
19913.476128028
19912.981679759
19911.498408685
19909.520885982
19908.600895679
19908.140916436
19906.761042539
19904.921359634
19903.880350877
19903.359866876
19901.798496614
19899.716860336
19898.358533477
19897.679404766
19895.642157803
19892.926153251
19891.304417671
19890.4935994
19888.061343007
19884.818797455
19884.339612708
19883.490804802
19880.944598605
19877.55016454
19875.567806035
19872.795586618
19871.402853098
19870.706522889
19868.617678767
19865.832895117
19865.457365147
19864.849531472
19863.026142125
19860.595216918
19859.228596489
19858.545321488
19856.495637635
19853.763055188
19852.311296955
19851.585457593
19849.408098841
19846.505325616
19844.68627449
19843.776811383
19841.04867227
19837.411737241
19836.800192828
19836.018920427
19833.675287956
19830.550875702
19828.72656046
19827.814465707
19825.078433309
19821.430977756
19819.474216571
19818.495908346
19815.561273549
19811.649103494
19809.627948059
19808.61744759
19805.586255603
19801.545388212
19799.479341404
19798.446398762
19795.347894311
19791.217309765
19789.165283799
19788.139350527
19785.061869978
19780.959307484
19779.109801313
19778.185113008
19775.4113076
19771.713505881
19769.950134739
19769.068508079
19766.423864116
19762.898222851
19760.983953479
19760.026888255
19757.155970833
19753.328730149
19750.828538726
19749.578561592
19745.829105005
19740.830937326
19737.701073462
19736.136327506
19731.442834122
19725.186579783
19722.132223695
19720.605222899
19716.024930077
19709.919528368
19707.055401619
19705.623494216
19701.32839644
19695.603056207
19692.550607178
19691.024559957
19686.447128037
19680.34554128
19677.20094401
19675.628833684
19670.913256521
19664.627578914
19661.662259271
19660.179767026
19655.732961161
19649.80545179
19646.402878968
19644.701813383
19639.599500543
19632.798478829
19629.541651042
19627.913439632
19623.029615932
19616.519741896
19613.33759914
19611.746721224
19606.974861907
19600.614189511
19596.978054874
19595.160240382
19589.707808835
19582.440260784
19578.870328509
19577.085606298
19571.732415999
19564.59710657
19560.761864409
19558.844525127
19553.093635116
19545.428412787
19541.507530032
19539.547383472
19533.668123702
19525.831863158
19520.752115852
19518.212737603
19510.596585087
19500.446338798
19498.611500204
19496.252017214
19489.175281553
19479.743630549
19475.164461158
19472.875279972
19466.009351103
19456.858545811
19452.331901397
19450.068973959
19443.281771363
19434.235852882
19429.86107397
19427.674053661
19421.114469975
19412.371804355
19407.530260634
19405.109941426
19397.850795047
19388.176158154
19383.066498561
19380.512173581
19372.851218518
19362.641323281
19356.24554584
19353.048449159
19343.460327654
19330.683555808
19323.738493051
19320.266897169
19309.855851718
19295.983185561
19289.271479734
19285.916502069
19275.85507035
19262.447994078
19255.896760647
19252.621979272
19242.800976839
19229.714100834
19222.947272635
19219.56475129
19209.420758523
19195.903764055
19189.470238235
19186.254283706
19176.609654
19163.757690231
19155.260264633
19151.012964567
19138.276714696
19121.308224711
19111.078740927
19105.966051045
19090.636187326
19070.215502798
19066.986175123
19054.674143636
19038.270469354
19029.291727809
19024.80394477
19011.346945593
18993.41908746
18982.934357139
18977.694162202
18961.982255837
18941.053282409
18930.433959769
18925.126530912
18909.213171564
18888.016173976
18877.258884344
18871.882536821
18855.762680586
18834.290957715
18824.630951972
18819.802806862
18805.32580092
18786.040449959
18772.901550666
18766.335546922
18746.651312595
18720.437783284
18706.990347383
18700.270251747
18680.124446697
18653.297132264
18639.372831041
18632.414578222
18611.555402411
18583.779491656
18571.187191092
18564.894240389
18546.028180735
18520.90325694
18508.347611534
18502.072980608
18483.261849094
18458.210090083
18446.140453407
18440.108594522
18422.024850635
18397.940778141
18385.027011541
18378.57352729
18359.226664068
18333.462525997
18319.512073318
18312.5408277
18291.643004733
18263.816335853
18248.018735876
18240.12506019
18216.46451614
18184.964863038
18164.976514602
18154.990580114
18125.06570381
18085.242586695
18064.679814759
18054.407197076
18023.624381883
17982.662259888
17959.332416675
17947.678846787
17912.763490306
17866.315323326
17860.393864687
17849.417157153
17816.527496235
17772.768871516
17752.319476386
17742.103603175
17711.491244918
17670.756918093
17647.231416395
17635.480412302
17600.274329745
17553.442195287
17526.556025795
17513.128386821
17472.907164364
17419.422528292
17388.010481698
17372.325705357
17325.356217914
17262.927723366
17217.551721828
17194.908465935
17127.157217468
17037.237306657
17001.196930258
16974.292873743
16960.856814373
16920.612416746
16867.101727812
16836.645651744
16821.438241164
16775.89837706
16715.370287666
16677.662643281
16658.84073047
16602.502350064
16527.680785897
16513.340250221
16495.819878178
16443.370218673
16373.696670667
16338.382151769
16320.753463447
16267.981444399
16197.884095543
16159.899163444
16140.940112836
16084.19631783
16008.84811902
15969.632789685
15950.061161534
15891.490078816
15813.729745035
15772.343963789
15751.69170556
15689.897044364
15607.881109625
15591.186028275
15570.122486319
15507.1024497
15423.472344871
15380.145892424
15358.528327005
15293.857770611
15208.053765601
15163.393397263
15141.112417085
15074.465724559
14986.059589492
14937.104701068
14912.68725799
14839.674160281
14742.879142344
14696.518153116
14673.392356131
14604.233078095
14512.527506677
14466.647264069
14443.76156233
14375.32145751
14284.572187383
14206.465230773
14167.57205192
14051.53022529
13898.284950328
13826.359255681
13790.53611114
13683.622613319
13542.359530688
13465.919910778
13427.86204883
13314.332616396
13164.451772985
13137.633785237
13046.074251294
12924.986718006
12919.38642222
12852.282264522
12763.351928645
12715.373985783
12691.45268662
12619.958471505
12525.258960897
12480.750693331
12458.555902797
12392.208070722
12304.293608902
12215.217254942
12170.921191268
12038.994464247
11865.313970319
11862.395495582
11743.409342034
11586.615627301
11514.122210628
11478.045764657
11370.493232305
11228.655920286
11160.241395769
11126.190604882
11024.660320433
10890.726377392
10823.002941978
10789.299311367
10688.816851731
10556.294446341
10486.895776446
10452.367715846
10349.464144128
10213.833579721
10152.43317506
10121.871525024
10030.73746693
9910.5005205305
9852.704436065
9823.932910576
9738.1214633478
9624.8710569019
9550.3826008216
9513.3548290748
9403.1306569018
9258.1491234399
9189.1142649073
9154.7901121834
9052.5850124772
8918.0842878603
8856.686458825
8826.1462376982
8735.1559925574
8615.2931671308
8553.7921692965
8523.2065007843
8432.1041252744
8312.147254236
8247.8703694285
8215.9185577497
8120.803888932
7995.6950052662
7937.6292988822
7908.7547655337
7822.7598601693
7709.5527676242
7632.7363683263
7594.615662822
7481.3920864771
7333.048722755
7331.1932557486
7248.905879864
7140.6243312073
7082.326332049
7053.3560591999
6967.1543257676
6853.855246453
6801.5063660037
6775.4820530608
6698.0050498013
6596.0787669466
6542.5657827895
6515.9723130536
6436.8387165478
6332.8201983508
6284.6006631312
6260.6287519104
6189.2602571369
6095.3662212379
6049.3420325304
6026.4604187415
5958.3335701988
5868.6942816246
5824.4163966239
5802.402885204
5736.8603008748
5650.6204100624
5607.0497311978
5585.3905389688
5520.9136712224
5436.1008514393
5393.8885828863
5372.9055261991
5310.4448542043
5228.2920133274
5187.351896468
5167.0022119067
5106.4308936444
5026.7722409846
4988.5542042765
4969.5542859154
4912.9876224158
4838.5657308272
4801.6219691658
4783.256000329
4728.578516339
4656.646226436
4620.9975753752
4603.2757191991
4550.5168991947
4481.1112206099
4447.0936745483
4430.1818624031
4379.8313337319
4313.5863439086
4280.8971085129
4264.6455044034
4216.2599350564
4152.5987239538
4121.2578072802
4105.67616194
4059.2838044975
3998.2417514017
3968.4559116375
3953.6463054857
3909.5482666601
3851.5150515013
3822.8444356864
3808.5892601425
3766.1418840409
3710.2803823269
3682.8759725716
3669.2497645155
3628.6728891237
3575.2675507251
3548.8595551416
3535.7287931787
3496.6272933553
3445.1637938683
3419.9855089818
3407.4654537956
3370.1796238179
3321.0990764697
3296.9417970526
3284.9291304942
3249.1531098313
3202.0571178389
3178.8988586475
3167.3826119716
3133.0835901487
3087.9286304068
3065.7725112809
3054.7541368109
3021.9360462142
2978.7263890273
2957.4937071489
2946.9341888466
2915.4813095233
2874.0657196411
2853.7375288641
2843.6274142359
2813.5114711308
2773.8524411159
2754.3882972825
2744.7075022203
2715.8687899468
2677.8879735634
2659.2464303091
2649.9743780159
2622.3517464013
2585.9689475232
2568.1132477965
2559.2316846429
2532.7708679385
2497.9148738541
2480.8100344871
2472.3015873915
2446.9509361573
2413.5539641974
2397.1643548307
2389.0113329586
2364.7182676118
2332.7113480663
2317.0027659245
2309.1881872661
2285.9022350234
2255.2191619382
2240.1589957611
2232.6666681477
2210.3397023168
2180.9173439027
2166.4734552439
2159.287422466
2137.8720224566
2109.6481843007
2095.7897774783
2088.8947497912
2068.345474936
2041.2605576967
2027.958136806
2021.3394695582
2001.6127954797
1975.6097111517
1962.834810624
1956.4783707681
1937.5322937909
1912.5559494906
1900.2812302044
1894.173443808
1875.9676213305
1851.9651014847
1840.1644031024
1834.2922812054
1816.7881080439
1793.708773347
1782.35707251
1776.7081903792
1759.8687371474
1737.6641438195
1726.7375365017
1721.3000248579
1705.0900118495
1683.7138772683
1673.1895636633
1667.952101174
1652.3378760319
1631.7460493946
1621.6023038705
1616.5541022543
1601.5035957861
1581.6540003483
1571.8701329012
1567.0009178285
1552.4835873931
1533.336146555
1523.892451827
1519.1924376644
1505.1791923395
1486.6957320144
1477.5734291779
1473.0332892131
1459.4964015872
1441.6405351588
1432.8216919919
1428.4325208311
1415.3455156164
1398.0824986939
1389.549942608
1385.3032121134
1372.6407356393
1355.9372959119
1347.6745109251
1343.5620191976
1331.299688321
1315.1238286226
1307.119124763
1303.1350618127
1291.2555854943
1275.5845720242
1267.8111891845
1263.9422796162
1252.4062467032
1237.1884885581
1229.6385076163
1225.8808122262
1214.6764859862
1199.8965212034
1192.5626251353
1188.9125035772
1178.0290351576
1163.6725655548
1156.532234841
1152.9785160445
1142.3827439177
1128.4063652368
1121.4397167234
1117.9725380704
1107.6351874506
1094.000588602
1087.1928078926
1083.8048201765
1073.7040733578
1060.3826942052
1053.7191911549
1050.4031585502
1040.517542885
1027.4812945091
1020.9432562827
1017.6898545059
1007.9917225734
995.20449150692
988.77223376768
985.57171148378
976.03216903319
963.45625800832
957.1084939499
953.95031237188
944.53815719212
932.13291633035
925.8440683062
922.71557293008
913.39337299612
901.11011525073
894.84824832338
891.73365135624
882.45475386754
870.23290853645
863.95522113723
860.83337992501
851.5353771663
839.29407682114
832.93789616425
829.77787979563
820.3695805956
807.99091145861
801.4496536938
798.1989099863
788.52557729042
775.80991432861
768.84754494477
765.38982611944
755.10969260314
741.61731120971
733.23289168802
729.07629542925
716.74735274151
700.63246587978
693.16132427191
689.45568198566
678.45719485096
664.06498780287
662.94892941203
654.27664200402
642.88980695702
637.64977839702
635.04580204175
627.29750312842
617.11329868286
612.24980973488
609.83245750674
602.63751732861
593.17613849734
588.61182624075
586.34285726257
579.58829418486
570.70309558936
566.40747497481
564.2718045144
557.91298808556
549.54589505383
545.52299637682
543.52260386873
537.56533089436
529.72374652108
526.03352940667
524.19807212659
518.73003735599
511.52794837869
507.81287414096
505.96546721727
500.46347384889
493.22043969182
488.91419228208
486.7751879968
480.41416085143
472.06190788138
467.0718841397
464.59668758503
457.24952280881
447.63372342698
441.43847938571
438.37308497376
429.304030443
417.5031397018
411.62761902214
408.72093890135
400.12347216291
388.94084382193
383.90307507
381.40871303859
374.02244760994
364.39612185517
359.53557410258
357.12966677544
350.00811271485
340.73312394662
335.86120653362
333.45143285701
326.32535629796
317.06025118181
312.01244695953
309.51876172557
302.1566516239
292.61218050033
287.47752807343
284.94408902633
277.47694484971
267.8242565385
262.13168001852
259.3309267487
251.1069401911
240.5458802632
234.7736824124
231.93973455574
223.64149578003
213.03716154354
208.22051533213
205.85318534593
198.91146507041
190.0186015561
185.6221899086
183.46227679917
177.13216881241
169.03046671201
164.84868110152
162.79674587086
156.79292012662
149.13082576832
145.09948457483
143.12486591882
137.36078465832
130.03481943998
126.14905795297
124.24993995648
118.72241331726
111.73299070302
108.19054134087
106.46165874356
101.43901734946
95.108816236577
92.096824402239
90.626789382277
86.355979169267
80.972989463281
78.413430745186
77.164153461595
73.534478829445
68.959100043864
66.783271379864
65.721238755333
62.635405925948
58.745162112641
56.895117275969
55.992059448358
53.36798143917
50.059505975668
48.486176631007
47.718153368432
45.486309073845
42.672045347585
41.33373273655
40.680399575948
38.781710512791
36.387255189276
35.24842791947
34.692450678386
33.076584859495
31.038560818734
30.068914463411
29.595510526668
28.219550785533
26.483930876707
25.657680068959
25.254272070742
24.081706782582
22.602534761992
21.897864194725
21.553810668622
20.553745817924
19.292131249968
18.690696180563
18.397046776575
17.543490955674
16.46669948071
15.95311054249
15.702354629537
14.973488840346
14.054022194778
13.615335841668
13.401154662564
12.77861553091
11.993315327892
11.618586798204
11.435636272758
10.903888823693
10.2331543748
9.9130815174317
9.7568190987075
9.3026563890536
8.7298199208087
8.4564690263204
8.3230202384247
7.9351769587029
7.4460195641574
7.2126110084332
7.0986649531825
6.7675143321012
6.3498850149658
6.1506201396482
6.0533450196168
5.770653459103
5.4141600076575
5.2440775046528
5.1610505020026
4.9197737500459
4.6155255910779
4.4703124251167
4.3994281836301
4.1934483865354
3.9337316553948
3.8099020836475
3.749456811701
3.5738142848486
3.3523561376336
3.2467256990879
3.1951652377613
3.0453449685703
2.8564550576507
2.7663653041523
2.7223915952583
2.5946202017365
2.4335376204208
2.3567162465403
2.31921980404
2.2102721791995
2.072928019375
2.0074325951951
1.9754650293148
1.8825844629291
1.765501015565
1.7096714706515
1.6824222785481
1.6032529567529
1.5034584748724
1.4558763788174
1.4326530556408
1.3651822196228
1.2801378834686
1.2395915500192
1.2198025450407
1.1623109261138
1.0898482638588
1.0553028517329
1.0384429654908
0.98946232089155
0.9277295990484
0.89830149982706
0.88393937555474
0.84221611605102
0.78963242450705
0.76456732811492
0.75233473964487
0.71679878245863
0.67201471910334
0.65066883331428
0.6402515136454
0.60998961640629
0.57185363084447
0.55367760550557
0.54480739650642
0.51904033353743
0.48656992283021
0.47109509340553
0.46354322835181
0.44160626144127
0.41396332562755
0.40078994303704
0.39436129930294
0.37568746978283
0.3521572295516
0.34094439417675
0.3354725782236
0.3195784192285
0.29955138878839
0.29000844237521
0.28535158675593
0.27182490588167
0.25478147941875
0.24666064599573
0.24269781633178
0.23118725186223
0.2166845286358
0.20977462721776
0.2064027525461
0.19660885124942
0.18426938082223
0.17839045036654
0.17552169899689
0.1671892892964
0.15669145181583
0.15169016186158
0.14924970085919
0.1421613811629
0.13323117460392
0.12897690581188
0.12690098758458
0.12087156551623
0.1132755927455
0.10965709112778
0.10789142011886
0.10276316594888
0.096302648956501
0.093225166785725
0.091723503827237
0.08736209486974
0.08186776101969
0.079250621759322
0.077973595385896
0.074264661713921
0.069592388010338
0.067366904406993
0.066280994642436
0.063127166294941
0.059154256655516
0.057261956595499
0.056338628968007
0.053657019688013
0.05027903260554
0.048670147832024
0.047885115691935
0.045605179455607
0.042733225620665
0.041365399082367
0.040697992699231
0.038759690748589
0.036318122662345
0.035155309802738
0.034587940094867
0.032940182815299
0.030864630631501
0.029876164473194
0.029393866673272
0.027993187682093
0.026228887680987
0.02538867507339
0.024978716505665
0.023788133368792
0.02228849247366
0.021574336680063
0.021225886113889
0.020213939630605
0.018939324273251
0.018332342170752
0.018036185425756
0.017176113572949
0.016092808920482
0.015576944272555
0.015325246596494
0.014594293911266
0.013673632812231
0.013235229902179
0.013021327956504
0.012400141504396
0.01161774382353
0.011274503728089
0.011106705421555
0.010618146448655
0.0099999997764826