0.23516722081953514
0.23517837837719333
0.23518395814941542
0.23520069787364317
0.2352230213243252
0.2352258358621583
0.23522839207331905
0.23522895563109192
0.2352313976181769
0.2352325698314447
0.23523314884132618
0.235234889346528
0.23523720541101212
0.23523852238967294
0.2352391808568617
0.23524115626498376
0.2352437987167727
0.23524510728771222
0.23524576663480004
0.2352477486233793
0.23525036969950552
0.23525176907153345
0.23525246505129355
0.2352545405322114
0.23525734183094588
0.23525876068232932
0.23525947978227216
0.23526163708984088
0.23526451356089065
0.235268876192054
0.2352710576587595
0.23527762822061993
0.2352862722695297
0.2352876816458155
0.23529081902155558
0.23529237816728277
0.23529699976758459
0.23530335291348822
0.23530475759341812
0.23530649946855348
0.23530738288624253
0.23531003315075105
0.23531355552261096
0.2353156231814697
0.23531665353948403
0.23531974462891336
0.23532389283579772
0.2353258949090491
0.23532690416167085
0.23532993193425383
0.2353339430598578
0.23533601991386083
0.23533705268959074
0.23534014486528854
0.23534427615330977
0.23534671905725338
0.23534794062115283
0.23535159074622813
0.23535650755486415
0.2353590024055429
0.23536026324440404
0.23536404578370787
0.23536908935760487
0.2353717347320328
0.23537306109824643
0.2353770402219333
0.23538236304733298
0.2353853758025116
0.23538688074941236
0.23539141366094965
0.23539743365253132
0.23540075611442526
0.2354024085538598
0.23540734620084128
0.2354139973372884
0.23541718017020674
0.23541878497563345
0.2354235994283548
0.23542997766586032
0.23543300572271664
0.23543450711854957
0.23543901133827796
0.23544501723165054
0.23544875357063058
0.23545062602949182
0.23545625459626682
0.23546367455725511
0.23546740132811325
0.2354692575595366
0.23547479329324478
0.2354822188907506
0.23548654584693215
0.23548872042083624
0.23549524420891263
0.23550391519157837
0.23550846059780195
0.2355107198178347
0.235517537965955
0.23552646121092313
0.23552738211542787
0.2355292949883478
0.23553504506129788
0.2355426969891528
0.2355477392152696
0.23555025491717518
0.23555777220133448
0.23556789810130915
0.23557379904858738
0.23557676697139224
0.23558575922514824
0.2355974086170537
0.23559825057254938
0.23560568063797396
0.23561558812054093
0.23563176488418197
0.23563985533783358
0.23566422359072137
0.23569618734549358
0.23570583777752674
0.23571165482859124
0.23571452135066148
0.23572308707289905
0.23573466161431678
0.23574034375141797
0.23574323796391733
0.23575190362175355
0.23576340786553718
0.23576926354079847
0.2357721691266567
0.23578085162380596
0.2357926209097062
0.23579501886559523
0.23579778488028785
0.23580609936240593
0.23581702604092283
0.2358225674489328
0.2358252869468298
0.2358334455433396
0.23584432455381765
0.23586452404970043
0.23587464942190406
0.23590472845571725
0.235946127861523
0.23595125998786498
0.23595602543610808
0.23597043480183186
0.23598926044553037
0.23599822798078257
0.23600259272377053
0.2360156614708606
0.23603334128304224
0.23604117215286446
0.23604517439021183
0.23605708740470335
0.23607324723226558
0.23608157291137566
0.2360858367793448
0.23609852866345024
0.23611585285232897
0.2361238536616342
0.23612796568772085
0.23614037457386317
0.23615672421278555
0.2361654206589832
0.23616971324257025
0.23618264164489372
0.23619970966849538
0.23620972771979293
0.23621468650937333
0.23622965057069853
0.23624924200581512
0.23625931156182442
0.23626421913729115
0.23627905759640985
0.23629863316699076
0.23630977938553943
0.23631532435288916
0.23633192729268773
0.23635404163207688
0.2363659946665498
0.23637193285254895
0.2363899566488176
0.23641334917719736
0.23642598043343696
0.2364321561457226
0.23645061193998865
0.23647516522982073
0.2364869266401845
0.23649274462786152
0.23651033505188013
0.23653346981134124
0.2365540572793158
0.2365642303695129
0.23659510754223675
0.23663531910874358
0.2366559056507999
0.2366659688746272
0.2366959261680691
0.23673705791065638
0.23675588032134118
0.23678715096210654
0.23680117993555855
0.2368084238161691
0.23683036632313098
0.23685899907349248
0.2368759538686948
0.2368842508823988
0.2369091908405824
0.23694238803839845
0.23695815812611135
0.23696607324421343
0.2369895918180677
0.23702173826566164
0.23703682515424468
0.23704455644310585
0.23706784042165907
0.23709886966865892
0.23711640307883514
0.23712516865096786
0.2371515672077268
0.2371864303180657
0.23720671279326636
0.23721673373503205
0.23724702874587858
0.2372870102056761
0.23730757909280514
0.23731784213815701
0.23734851552276592
0.23738932975433294
0.2374093508883376
0.23741928085314534
0.23744924250123337
0.23748861652293038
0.23751228149115458
0.2375239871943654
0.23755877321903854
0.2376064567781255
0.23762755835673408
0.2376385012804316
0.23767114555556082
0.23771519197818855
0.2377431367552127
0.23775716980274164
0.23779943124805392
0.23785558947687474
0.23789434775429114
0.23791363831363602
0.23797162425113533
0.23804860108569187
0.23808797363163137
0.2381075720215218
0.23816637237158966
0.23824434230377178
0.2382570254500336
0.23827375285545407
0.2383243141400205
0.2383900758508458
0.23839900918783985
0.23841400639562899
0.2384590010541837
0.23851902047900497
0.23854990694230363
0.2385653778023332
0.2386119659214426
0.23867315125230032
0.2387044959751245
0.23871995643281332
0.2387664266921865
0.23882775960953426
0.23886252177957168
0.23887975542009657
0.23893155550187922
0.23899972335378783
0.23903316453523565
0.2390496386754319
0.23909870259726637
0.23916520882303666
0.2392001809362389
0.23921802856422933
0.2392714777602352
0.2393429118514601
0.23937949864570549
0.23939784111941273
0.2394525722798451
0.23952618881238175
0.2395735292349242
0.2395972865421629
0.23966869583467754
0.23976352098498238
0.2398212089104836
0.23984995987397315
0.23993591195804786
0.24005234982757392
0.24006614049123115
0.24009328805548488
0.2401745943021522
0.2402829688802857
0.24034124618472155
0.2403703154509705
0.24045784616658042
0.24057291604133557
0.24059629355264944
0.2406263769251546
0.24071583866062207
0.24083797207378396
0.24089205492184276
0.24091990864759014
0.241003922706188
0.2411138959911041
0.24117054282096573
0.24119848899689464
0.24128131131540165
0.24139473903332154
0.24145401935458813
0.24148445727472784
0.24157530600748744
0.24169784415967713
0.24177117468033776
0.24180817933727924
0.24191940462663442
0.24206760621082504
0.24217324959098824
0.2422262106685885
0.2423837667744752
0.24259943419014196
0.24263391180969843
0.24280212880337518
0.24288080558519218
0.24300325450811505
0.2430784442760264
0.24311582112825067
0.24322873054032013
0.24337804229125307
0.24347691435551247
0.2435260134656442
0.24367359013237722
0.2438708390267576
0.24398235526738854
0.24403804163657355
0.2442062527203415
0.24442885149530252
0.24455248065589716
0.24461398861354688
0.24479841161161123
0.245045247378146
0.2451863694166279
0.2452569622174919
0.24546949512158087
0.2457540056849604
0.24576104056222642
0.24581769709574885
0.24598702965321187
0.2462157950818687
0.24633227472860558
0.24639142354595148
0.24656821509538504
0.24680555144466218
0.24697398769656878
0.24705850634207885
0.2473137418204937
0.24764899897669856
0.2476798506029452
0.24779005694914114
0.24812185575333243
0.24856430865952767
0.24878314500847165
0.24889253530373784
0.24922234857632788
0.24965940909186882
0.24974451880758394
0.2500447098548651
0.2501787450908006
0.2502475371333028
0.2504529165925398
0.2507312344678995
0.2508678416742415
0.25093742850815837
0.25114594992317746
0.2514255489893399
0.25160751831739964
0.25169913303973906
0.25197310696704184
0.2523426936559255
0.2525256935725533
0.2526186530597687
0.252897056621528
0.2532691586579972
0.2534626712272862
0.2535595684684462
0.2538501808869702
0.2542393964720408
0.25449400298393293
0.25462210345024267
0.25500687468930283
0.25552027642076186
0.2558511519820577
0.25601677585891985
0.2565153114844561
0.2571806143523671
0.25762201520948935
0.25784386625685735
0.2585108925604688
0.25939821294649484
0.25972573970346874
0.26036850627556346
0.26050537739811613
0.26071360320115644
0.26133619441588174
0.262180782473437
0.262427142861772
0.26303839229166703
0.2633690413029997
0.263535749248413
0.26403622452859216
0.2647064480416316
0.2651430925904464
0.26536278892491877
0.2660239557285725
0.26690317417278525
0.2669429087045363
0.2674475984108926
0.2681212071184689
0.26854464566001063
0.2687569942834106
0.26939460483509425
0.2702493888851227
0.27077786609174914
0.2710439650595555
0.2718439555877889
0.2729133297223701
0.2734168244488499
0.2736686116023142
0.27442586200653174
0.2754389221497857
0.2760828432596427
0.27640706986647606
0.27738150121518984
0.2786892176321507
0.27956023268896857
0.28000007010807954
0.28132168720937495
0.28310261698504013
0.283343281789337
0.2844417138386164
0.2859260226233451
0.28609083180234113
0.2871808388820399
0.2886425476509992
0.289383108045226
0.28975565221453997
0.2908743209680716
0.29238115301192535
0.29309274639411315
0.2934523966945971
0.2945323071132636
0.2959849768328076
0.2968013106683366
0.2972135349439374
0.2984515973157132
0.3001209887868477
0.30087748520464463
0.3012599530900635
0.30240889345962463
0.3039538551077846
0.3050180101894018
0.30555640107868376
0.307176488639154
0.30935888863186456
0.3105155334013519
0.3111006069790181
0.31285958357898014
0.3152356309193679
0.315262858807501
0.3158631641156122
0.3176682657486882
0.32010548407813827
0.3203382896631507
0.32087599789623594
0.32249223072509875
0.32467207969266665
0.325748691016646
0.32629322319999227
0.3279298917593582
0.33013749227948924
0.33123099077901974
0.33178398197087455
0.33344649067778076
0.33568855620171895
0.3368267151579204
0.33740251741504623
0.33913362288614596
0.3414683350305154
0.34270054667690025
0.3433242574063967
0.34519941895877326
0.3477310660399089
0.34896553807077507
0.3495903953200856
0.3514690751609061
0.3540044799103463
0.3553197263467887
0.35598571890658004
0.3579884403595838
0.3606927349036741
0.36204590759423844
0.3627312065662255
0.3647923483345313
0.36757550907479025
0.3690030700323568
0.36972618249271516
0.3719010464498911
0.374840591117198
0.37626329890075505
0.3769841962938729
0.37915233054779196
0.3820815817864106
0.38361129315328674
0.38438680725738134
0.3867200155805491
0.3898739101187386
0.39153384039800954
0.39237603206215427
0.39490981789551827
0.39834054387892576
0.39997879681079557
0.40081023704943036
0.4033116118535371
0.40669763649916135
0.4083917647304161
0.4092519930979639
0.4118405307442093
0.4153447782879579
0.4171874944386576
0.41812396065676377
0.42094250172876513
0.424763557709644
0.426655196557371
0.42761702791351847
0.43051212768231745
0.4344375771280103
0.43646371706339204
0.43749485083520884
0.4405988412853235
0.44481275812644205
0.4468896490589078
0.44794703583584705
0.45113026724646316
0.4554519542445527
0.4576503910355036
0.4587704005941836
0.46214240286569963
0.4667236745152923
0.46903316984073373
0.4702103148791245
0.4737545863628656
0.47857230200172174
0.480987189584093
0.48221839606183176
0.4859258571650661
0.49096641685027076
0.49351022100669095
0.4948074518037013
0.49871428001818585
0.5040270580842232
0.5067307712042493
0.5081098748490492
0.5122638097627746
0.5179152871062008
0.5207434455974922
0.5221860648073195
0.5265314990401744
0.5324440069737867
0.535415729363279
0.5369315933092146
0.5414981661219564
0.547711959210707
0.5508495955779829
0.5524500992206997
0.5572722081887523
0.5638347389532135
0.5671427283328669
0.5688300560402221
0.5739144577777723
0.5808343664770944
0.5843309259841406
0.5861143168390871
0.5914888828704405
0.5988048670760492
0.6024796826659525
0.6043537708595376
0.610002214718454
0.6176911670676231
0.6215609216500503
0.6235342092435113
0.6294823387819933
0.6375795341022079
0.6416591407883411
0.643739201290734
0.6500099577131568
0.658546773232447
0.6628450279684789
0.6650362707028016
0.6716429470674238
0.6806373858417787
0.6851666282417627
0.6874752718564492
0.6944367939916002
0.7039144504394057
0.7086844259579628
0.7111153256005289
0.7184463367530257
0.7284269359804487
0.7334515819227169
0.7360117365747894
0.7437334550481909
0.7542456731811998
0.7595382615256275
0.7622343013745372
0.7703668392760816
0.7814377964893113
0.7870069748674634
0.7898431238496347
0.7983992771704123
0.8100456947009079
0.8159148852928114
0.8189029241912402
0.827918358101393
0.8401890396192038
0.846357734476616
0.8494971457446449
0.8589702809352702
0.8718618754163943
0.8783467009720284
0.8816457381314888
0.8916015899973748
0.9051477521433621
0.9119596405962684
0.9154236063533591
0.9258782531621104
0.9401000210898417
0.9472604281262862
0.9508999935242447
0.9618857942651422
0.9768269468296841
0.9843414418883958
0.9881591073802838
0.999683694387666
1.0153533484776458
1.023243868363379
1.027250501413988
1.0393467869660769
1.05578946902859
1.06406012000558
1.0682574462365566
1.0809307455532962
1.0981521908045384
1.1068255520637065
1.1112246877554488
1.1245087452451827
1.142554309074782
1.151642582075352
1.1562493340162976
1.170161769267852
1.1890544286810794
1.1985664901830286
1.203384935408506
1.2179381869958075
1.2376934460244209
1.2476465084243737
1.252684909312345
1.2679040969551958
1.288555059349313
1.2989591991080252
1.3042221527384583
1.320121293275815
1.341685457852923
1.352555512046436
1.3580499550881262
1.3746501930536719
1.3971548003503695
1.4085012892667956
1.4142319014759035
1.431547527193454
1.4550102050334421
1.4668422630372477
1.4728129484741244
1.4908559364061178
1.515290864592089
1.527619094594101
1.5338343996272685
1.5526187066907888
1.5780426964708667
1.5908420272285535
1.597288346729151
1.6167727080204979
1.6431264622332462
1.6564981870614846
1.6632258256341212
1.6835636204853344
1.711054726707432
1.7249254401209249
1.731896117725025
1.752971044985885
1.7814369574107185
1.7958165901375422
1.8030341465645425
1.8248582370135598
1.8543124075383814
1.869180860534317
1.8766339601731856
1.8991730929784798
1.929565815807863
1.9449337779730702
1.952626492126839
1.9758935775174526
2.007239328523466
2.023105535861728
2.031035836565856
2.05502530809783
2.0873132056666037
2.103661418772371
2.1118197119047983
2.1365030498037973
2.1696909969596807
2.1865019281579148
2.194877061503716
2.2202211119861417
2.2542608414157517
2.271514385397393
2.280094765993244
2.3060651577256004
2.3409068950911207
2.358578922000993
2.3673509319046895
2.3939072520550493
2.4294932079478735
2.447554467613731
2.4565019376564123
2.483596126833201
2.519858397841519
2.53827751939369
2.5473832164208567
2.5749641140906627
2.6118308404405304
2.6305729893363794
2.639817960482443
2.6678293040126624
2.705221996964606
2.724248720013514
2.7336122226752866
2.761992433803073
2.7998257019190196
2.819096583003672
2.8285568829267587
2.8572415075323176
2.8954263078215674
2.914898304092571
2.9244323410370026
2.953353026280278
2.9917952485132426
3.0114271002299353
3.0210125607973017
3.0501034117884944
3.088712206547979
3.1084653158775355
3.118080962140011
3.147279578148892
3.1859684797812395
3.205811886882114
3.2154397516926356
3.244694024179721
3.283389522541863
3.3033103347656567
3.31294030948643
3.342222668092075
3.3808822038498567
3.4009073456806593
3.410546654499667
3.439883589880259
3.4785327675428936
3.4987869160818708
3.5084852618232616
3.5380358333588937
3.5768675287600566
3.59777792718218
3.607715820335492
3.638047992692
3.6777712303269987
3.7015349393171113
3.7126471561077086
3.7466952656431793
3.7910023962392176
3.811672839186942
3.8213396759301705
3.8509499635783477
3.889362978852256
3.907056220281267
3.9354478044886347
3.9384363566114575
3.9443549562167264
3.962382501303558
3.985843306710749
3.9902281022996906
3.995230713530969
4.010448536679375
4.030250852958278
4.03912471131283
4.043343218901406
4.056160441993486
4.072830452277934
4.0803817296395195
4.083972827664909
4.094871896593809
4.109033454815677
4.115427875460199
4.118469100571222
4.127688655604768
4.1396515986888405
4.1450121542730045
4.147560636217152
4.155276799196318
4.165269779662685
4.169686786027819
4.171784679284334
4.178128038870671
4.186322152903285
4.18741000270567
4.189117264101782
4.194272847947138
4.200918876157466
4.201333612817101
4.202689126481255
4.206777685810463
4.21203994952905
4.214843086111319
4.216149883911367
4.220089176428248
4.225089310848207
4.2276704294963094
4.228842291439354
4.232369659725741
4.236741583268969
4.238920041156689
4.239861440099578
4.242687534492097
4.246026615339721
4.247621927734957
4.248231101053064
4.2500505437516125
4.2519165517776045
4.252679777222189
4.252811445276464
4.253191027029261
4.252948973579966
4.252438786891486
4.251839086143797
4.250021747914986
4.246568921669138
4.243991995537509
4.242232567459322
4.236937365422103
4.228467563936055
4.223045044345633
4.219819058731883
4.21011475322555
4.195585192112766
4.186669267496748
4.181703332015477
4.166728788387927
4.14512463580739
4.131577874476654
4.124350625865523
4.102464751016217
4.071646083801573
4.0514881596876675
4.041138380906838
4.009574356493136
3.9660024687824094
3.9372607394932673
3.9231570003571554
3.879612873190082
3.820801043893122
3.769190290482195
3.7460127951010382
3.6717351215557112
3.5750418605904475
3.573414382368347
3.5169131590607727
3.444254525436105
3.4049724836628514
3.3885738989323597
3.3346617403578063
3.2664092901250825
3.222146696267434
3.2051877956122667
3.146551473838576
3.0744587191848938
3.0314648391320396
3.0164047964217633
2.9615550976899967
2.8955525835468428
2.8582556321270807
2.846012735372729
2.7996623760604082
2.744218975726126
2.7119936563239246
2.7019596185668626
2.662427102992873
2.6153070815470145
2.58712140210742
2.578786603655399
2.5445795664275273
2.503908554513046
2.4789129903179075
2.4718844138534397
2.441836729554558
2.4061792501164723
2.383707816905928
2.3776869311014326
2.350904263406973
2.319173348829727
2.298714349274969
2.29347707814714
2.269282442140313
2.2406627338717673
2.2218284679257225
2.2172082633713943
2.1950943796213216
2.1689788739158007
2.1514783041741956
2.1473521781331786
2.1269413066610556
2.1028798311189485
2.0864953097580363
2.082772594600181
2.063783718422041
2.0414418869291238
2.026010203271442
2.022623786524935
2.0048467242144845
1.9839742444225255
1.9693718313971118
1.9662715442807006
1.9495472585672355
1.9299542462529735
1.9160860705597302
1.913233845704759
1.8974399411662892
1.8789797016355083
1.8657711757898536
1.8631375774402312
1.8481778779849158
1.8307346322670046
1.8181258525228925
1.8156876238115789
1.8014847985579117
1.7849650342017045
1.7729067263848775
1.7706450669955867
1.7571354540165989
1.7414618594781164
1.7299125409379117
1.7278118995963303
1.7149418800767786
1.7000490916801136
1.6889730841927002
1.6870203107547868
1.67474376464595
1.6605753760521287
1.6499414095032028
1.648125157423365
1.6364016704207456
1.6229081198906992
1.6126883454113898
1.6109986485879466
1.5997922411367822
1.5869293097963924
1.5770985972444733
1.5755265685040374
1.5648047883799436
1.552532524875693
1.5430679587061444
1.5416055733004774
1.531338842450905
1.5196207862227111
1.5105013007675199
1.5091412393729238
1.4993023795244427
1.4881049940730298
1.4793111080658359
1.4780466414205478
1.468610526554579
1.4579027813315244
1.4494197574895729
1.4482444055544232
1.4391911941786633
1.4289468730280355
1.420752789353134
1.4196611878216199
1.4109627482974034
1.4011500949009088
1.3932304457191587
1.3922169858614006
1.383856272114487
1.3744526429363528
1.3667935892681384
1.3658532202805556
1.3578111472460406
1.3487929323542935
1.3413805430038055
1.3405085396590761
1.3327671669101293
1.3241121905793483
1.3169333666998018
1.3161253008779528
1.3086677829697226
1.3003552252440607
1.293397653477156
1.292649372349509
1.2854598831324346
1.2774701868504184
1.2707222879192674
1.2700298951192592
1.2630935608279346
1.2554083495194541
1.2488592320555496
1.2482190710685124
1.2415219105774733
1.234123914670696
1.2277633333332734
1.227171972612563
1.2207008429665747
1.2135738328531176
1.2073921496328823
1.2068463690283326
1.2005889155505254
1.1937176397850142
1.1877057885731173
1.1872025668265977
1.181147176980629
1.1745173051590727
1.1686667581080827
1.1682032612543174
1.162339021258291
1.1559370899457926
1.1502398267170346
1.149813397218074
1.1441300515810304
1.1379434151221235
1.1323918927140528
1.1320000392480365
1.1264879528209537
1.120504734508737
1.1150918605542168
1.114732248401897
1.1093823698773335
1.1035914189964304
1.0983105240673043
1.097980966020067
1.092784794248363
1.0871756423005188
1.082020456435977
1.0817189041420248
1.0766684558594122
1.071231277556009
1.066195905953227
1.0659204418623718
1.0610082210416738
1.05573379561762
1.0508126969062583
1.0505615263102994
1.0457804955781531
1.0406601700688516
1.0358481354710973
1.0356195795627572
1.0309631320784434
1.025988790980822
1.0212809222959633
1.0210734108302129
1.0165353460015263
1.0116993718841008
1.0070910684093122
1.0069031334412053
1.0024776297442166
0.997772885681878
0.9932598160958475
0.9930900853398271
0.988771680716879
0.9841914657828694
0.9797695622557907
0.9796167538896299
0.9754003204605987
0.97093835186908
0.9666037885285197
0.9664667050427622
0.9623474310898951
0.9579978154639188
0.9537469963378096
0.9536245196926942
0.9495978859232076
0.9453551086514114
0.9411846395217993
0.9410757260988059
0.9371374933444855
0.9329963695976108
0.928903072302022
0.9288067466666267
0.9249529418293937
0.9209085968192888
0.9168894850546373
0.9168048393923569
0.9130317126049475
0.9090796148483545
0.905131852039429
0.9050580366892601
0.9013620924499796
0.8974979641057615
0.8936188981179625
0.893555124326297
0.8899330588600478
0.8861528872043849
0.8823400205346293
0.8822855476826488
0.878734273593051
0.8750343028525122
0.871285272898474
0.8712394154984486
0.867756021494605
0.8641326882841079
0.8604453022729505
0.8604074245700603
0.8569891796097181
0.8534391789411105
0.8498113331282803
0.8497808306903654
0.8464251887916414
0.842945368710896
0.8393751333060395
0.8393514539511885
0.8360559296169026
0.8326436039193178
0.8298252746663405
0.8296538237856419
0.827064217845925
0.8241238767260992