0.9993475411624111
0.9993229667317464
0.9993106789447369
0.9992738155057423
0.9992246623559529
0.9992185454281393
0.9992128985317875
0.9992116796872212
0.9992062819420289
0.9992037318801963
0.999202456842754
0.9991986317283625
0.9991935315573479
0.9991906323944234
0.9991891828046574
0.9991848340329286
0.9991790356461113
0.9991761392425637
0.9991746910323064
0.9991703463991358
0.9991645535304104
0.9991614993833599
0.999159972300475
0.9991553910491756
0.9991492826870613
0.999146120148811
0.9991445388697527
0.9991397950297959
0.9991334698809973
0.9991238769092696
0.999119080336088
0.9991046906009682
0.9990855040097876
0.9990825117927488
0.9990756631973944
0.999072238854548
0.99906196581716
0.9990482682921717
0.9990450426699179
0.9990411587121265
0.9990392167184159
0.9990333907335444
0.9990256227096473
0.9990210884972143
0.9990188213711204
0.9990120199881676
0.9990029514159887
0.9989985192151966
0.9989963030953187
0.9989896547311171
0.9989807901876394
0.9989762516020343
0.9989739822892233
0.9989671743461235
0.9989580970275654
0.9989527278659016
0.9989500432572068
0.9989419894250016
0.998931250895636
0.9989257150691768
0.998922947126069
0.9989146432903468
0.9989035714180013
0.9988977367876583
0.9988948194396187
0.9988860673885038
0.9988743978854482
0.9988677551664948
0.9988644337646588
0.9988544695506381
0.9988411837994292
0.9988339234531467
0.9988302932293965
0.9988194025482959
0.9988048814808909
0.9987978311815873
0.99879430598388
0.9987837303813981
0.998769629428446
0.9987630341059028
0.9987597364026432
0.9987498432844787
0.9987366523290101
0.9987284381144101
0.9987243309423385
0.9987120094141778
0.998695580504983
0.9986874666236292
0.9986834096193857
0.9986712385948837
0.9986550103638622
0.9986454614079311
0.9986406868431007
0.998626363133288
0.9986072645745091
0.998597323193308
0.9985923524073739
0.9985774400329844
0.9985575565678606
0.9985557556664614
0.998551547431467
0.998538922713954
0.9985220895416386
0.9985110471598418
0.9985055258522275
0.9984889619093741
0.9984668762828875
0.9984538222010338
0.9984472949986493
0.998427713365336
0.9984016040012366
0.9984001551157574
0.998383853383663
0.9983621173821436
0.9983266289767773
0.9983088835825982
0.9982556472381141
0.9981846615500997
0.9981639616571311
0.9981513930481927
0.9981451085938371
0.9981262552059335
0.9981011168706637
0.9980884573568309
0.9980821274460926
0.9980631376887281
0.998037817521702
0.998025082473422
0.9980187147941784
0.9979996117318085
0.9979741404798862
0.9979686253286364
0.9979625719972819
0.9979444119804198
0.9979201981748124
0.9979082711306912
0.9979023074720221
0.9978844164733122
0.9978605613748472
0.9978162711746974
0.9977941242198916
0.9977276831144635
0.9976390888432184
0.9976263721373981
0.9976159052680369
0.9975845045988335
0.9975426356829655
0.997523492322815
0.9975139202913809
0.9974852041456662
0.9974469148163452
0.9974294477294054
0.9974207138929977
0.9973945123406641
0.9973595759893477
0.9973409720620489
0.997331669765779
0.9973037628275275
0.9972665525104364
0.9972485324369887
0.9972395220910085
0.9972124910063801
0.9971764485604253
0.9971576654757551
0.9971482735975186
0.9971200979129996
0.9970825292412712
0.997060811131748
0.9970499516269322
0.9970173730468305
0.996973933484578
0.9969523993399044
0.9969416318266051
0.9969093292220327
0.9968662576603251
0.9968420712645565
0.9968299775146757
0.9967936961868404
0.9967453192706385
0.9967193073513433
0.9967063007483569
0.9966672808454676
0.9966152522438309
0.9965883680340111
0.9965749252531392
0.9965345968117413
0.9964808233529506
0.9964553583098835
0.9964426251844188
0.9964044257207247
0.9963534910964118
0.9963089445274911
0.9962866693676375
0.9962198436381398
0.9961307364848375
0.996086849940232
0.9960649048347662
0.9959990692718457
0.995911282586271
0.9958686406357056
0.9958020031214068
0.9957703716103866
0.9957545549095858
0.9957071046693169
0.9956438346228772
0.995607692885135
0.9955896207929478
0.9955354043431593
0.995463111720305
0.9954287675023215
0.9954115942830478
0.9953600744752473
0.995291377699503
0.9952576626917926
0.9952408040938618
0.9951902281459288
0.9951227900578644
0.9950846771011925
0.9950656192586275
0.9950084455432402
0.9949322094085463
0.9948885187891185
0.9948666716706913
0.9948011300687373
0.994713735323815
0.9946693170203221
0.9946471059905765
0.9945804726557419
0.9944916220709347
0.9944484789047205
0.9944269055538857
0.9943621852567494
0.994275885793159
0.9942252323484829
0.9941999032190182
0.994123915497514
0.9940225905629241
0.9939753173536447
0.993951678629408
0.9938807621572789
0.9937861999834515
0.993725296625053
0.993694841468656
0.9936034755051735
0.9934816428792583
0.9933981129081371
0.9933563414129223
0.9932310260780901
0.9930639172047667
0.9929793415529361
0.992937046957851
0.992810162265904
0.9926409604325123
0.9926144229255375
0.992578328892743
0.9924700461505523
0.9923256529822738
0.9923079312145937
0.9922755998906659
0.9921786053777919
0.9920492665265378
0.9919826977933157
0.9919494093040677
0.9918495432691484
0.9917163748537706
0.9916499945591682
0.9916168002786312
0.9915172168850339
0.9913844253619492
0.99131051014075
0.9912735473910457
0.991162658460108
0.991014789560011
0.9909443541597275
0.9909091317667882
0.9908034639726506
0.9906625581327401
0.9905861774800448
0.9905479816498128
0.990433393419059
0.9902805910625068
0.9902021842659369
0.9901629751072248
0.9900453468219504
0.9898884903418822
0.9897867523155248
0.9897358737139992
0.9895832366225931
0.9893796882386998
0.9892569157733246
0.9891955153663372
0.989011312255366
0.9887656612080888
0.988733938182278
0.9886761698411808
0.9885028630732735
0.9882717465417541
0.9881481433841469
0.9880863276990373
0.987900878732941
0.9876535658993696
0.9876058019096611
0.987542063183995
0.9873508449924666
0.9870958367846633
0.9869778462247805
0.9869188377972684
0.9867418107321051
0.9865057316599289
0.9863880261384655
0.9863291604623896
0.9861525616105188
0.9859170539883978
0.9857888113094898
0.9857246747738546
0.9855322629989345
0.9852756634251529
0.9851194812153166
0.9850413675261559
0.9848070233535386
0.984494488741774
0.9842722807432625
0.9841611308153058
0.9838276746983303
0.9833829143020049
0.9833027751158814
0.9829567059922969
0.9827879844074227
0.9825311654638882
0.9823744390138226
0.9822960531378732
0.9820608922048485
0.9817472688627767
0.9815423531642626
0.981439856614687
0.9811323613236859
0.980722239283079
0.9804903720368765
0.9803743891462722
0.980026433213676
0.9795623274153591
0.9793075767840408
0.9791801419767804
0.9787978286844538
0.9782878793048537
0.9779959346087952
0.9778498843491388
0.9774117217833761
0.9768272466043931
0.9768110955815148
0.9766947219125688
0.9763455934453835
0.9758799235292099
0.9756381670571586
0.9755172355242803
0.9751544326852958
0.9746705176837047
0.9743255177470328
0.9741529096602629
0.9736350689833427
0.9729442504076279
0.9728872808196743
0.9726631985368632
0.9719909237726828
0.9710939458290417
0.9706525407525982
0.970431661728846
0.9697689966425753
0.9688848524571999
0.9687160571700293
0.9681223925928989
0.9678476996725225
0.9677102853255781
0.9672980311766186
0.9667481314351143
0.966471231055626
0.9663327123901851
0.965917144978177
0.9653628237500159
0.9650003814316671
0.9648190430282854
0.9642750079263326
0.9635492325061699
0.9631837518280401
0.9630008927936071
0.9624522953185726
0.9617204295791494
0.9613412274933206
0.9611514986145259
0.9605822898132738
0.9598229130102743
0.959325217130454
0.9590761504150622
0.9583289115961855
0.9573318530052848
0.956693119422219
0.9563733949724103
0.9554141574588728
0.9541339484773735
0.9532900340783709
0.9528674527700044
0.9515995951276759
0.9499069861721089
0.9492939184992121
0.9480916215562447
0.9478273410296777
0.947437450876136
0.9462676768991509
0.9447061869663007
0.94423817143365
0.9431078954532662
0.9424941296334245
0.9421869254405923
0.9412652455370785
0.940035229850004
0.939235328874965
0.9388348356095695
0.9376332396655604
0.9360292308649725
0.9359649710608147
0.9350549847594989
0.9338405977396422
0.9330828166689218
0.932703446083946
0.9315652244994077
0.930045919255071
0.929109151113689
0.9286400374889041
0.9272325245196398
0.9253532916877631
0.9244797900099536
0.9240424109430054
0.9227301179620753
0.9209781871009917
0.9198722872402055
0.9193183414118552
0.9176562469521893
0.9154365951760541
0.913968386737122
0.913232548612772
0.9110245648816059
0.9080743862628141
0.9076790680937806
0.9058742171051435
0.903463632750201
0.9031911174165378
0.9014309392588497
0.8990801386491701
0.8979008317656879
0.8973100960503892
0.8955375409886212
0.8931701906372639
0.8920542303805619
0.8914952885796031
0.8898181362316314
0.8875784205748746
0.8863245586685062
0.8856964325924287
0.8838116245874394
0.8812941116467248
0.8801552261648605
0.879584802970117
0.8778731597294854
0.8755873180957263
0.8743364768097556
0.8737098884877789
0.8718296530771129
0.8693182625557768
0.867731162963104
0.8669357511352749
0.86454872322729
0.8613588772425984
0.8609837690513853
0.8602397826935113
0.8580070916916687
0.8550239000740226
0.8536587159050435
0.8529747548656675
0.8509222161449569
0.8481801677524055
0.8468229062650962
0.8461429290805625
0.8441023154102998
0.8413761811202757
0.8400637553550004
0.8394062823806685
0.8374331931067552
0.8347973779732999
0.8333603767674307
0.832640361732353
0.8304794734825224
0.8275921595051398
0.8258551862021022
0.8249844695438537
0.8223710211090579
0.8188772381530143
0.8181975127330936
0.8158462333211345
0.8127036216982723
0.8112072336695554
0.8104573272649015
0.8082065399393713
0.8051983661916287
0.8037734556314425
0.8030594143132976
0.8009162724970313
0.798052106953678
0.7964086585725755
0.7955847784013246
0.7931117161477046
0.7898051287928458
0.7882812128668903
0.7875173276141625
0.7852243858890723
0.7821589556859286
0.7805092512504067
0.77968206851287
0.7771989391335283
0.7738781042960907
0.7723448790204206
0.7715761599199532
0.769268572155469
0.7661827961915917
0.7645741952231456
0.7637674859287771
0.761345713489202
0.758106335076587
0.756503843968801
0.7557000932818351
0.7532871392825691
0.7500591280302481
0.7483989757147727
0.747566085920109
0.7450655149964278
0.7417193483051985
0.7400781302292934
0.7392546333195155
0.7367822131480667
0.7334733176047927
0.731828219746726
0.7310026339521695
0.7285238699154943
0.7252059143059477
0.7235332267432611
0.7226936025232159
0.7201725880025233
0.7167972986213254
0.7151012589328611
0.7142497214139674
0.7116928414459412
0.7082687793487679
0.7065756218270324
0.7057253988352095
0.7031724106143437
0.6997530752836932
0.698054387523443
0.6972012523101968
0.6946394584420237
0.6912078220590799
0.6894953905143473
0.6886352147385912
0.6860522122352688
0.6825916439248002
0.6808538162113879
0.6799807375909166
0.6773589100259131
0.6738457623860565
0.6720822076481526
0.6711960814117526
0.6685349975000618
0.6649687788023535
0.663203452882958
0.6623164079766299
0.6596525342230583
0.6560824925560554
0.6542949251060576
0.6533966707106472
0.6506990781634037
0.6470836996348341
0.6452792534457625
0.6443725453081789
0.6416495241286403
0.6380001513033731
0.6361837655818842
0.6352711553068308
0.6325303821200273
0.6288575522866144
0.6270443152826382
0.6261334799275634
0.6233980394478751
0.6197330425646803
0.617900403572092
0.616980029862297
0.6142159145654045
0.6105131764423989
0.6086674494256372
0.6077407944650932
0.6049577983533408
0.6012307428145754
0.599379104474077
0.5984498608516565
0.5956590853978394
0.5919228798037028
0.5900644674688448
0.5891322748479215
0.5863326349950567
0.5825860482847965
0.5807190764248
0.579783113219392
0.5769721350029996
0.5732120790971789
0.5713431994489445
0.5704068848535241
0.5675948408407687
0.5638353250790803
0.5619697316560839
0.561035740948092
0.5582306647286348
0.5544826485913983
0.5526212103363201
0.5516900407261498
0.5488934154832054
0.545159052764942
0.5433049826960948
0.5423782995261195
0.5395951177214314
0.5358812343568126
0.5340400244782731
0.5331206199697262
0.5303592596738855
0.5266771590020113
0.5248481289641092
0.5239357058311752
0.5211952546602743
0.517543814666592
0.5157362515050748
0.5148354654018464
0.5121299002674263
0.5085277893660937
0.5067413394244188
0.5058520360764189
0.5031808712078064
0.499627467885132
0.4978683307035541
0.49699359886205957
0.4943660983132736
0.49087369964901634
0.48914171898988673
0.4882814905006039
0.48569742465736354
0.4822657105747242
0.48056678108325857
0.47972397050662197
0.4771920788421131
0.47383257823594727
0.4721673797041505
0.47134232229199585
0.46886358663665767
0.4655775534458772
0.4639501398107893
0.46314482773587456
0.4607252132753974
0.4575204668876232
0.45593321412735194
0.45514881112434025
0.4527917909393208
0.4496728559283902
0.4481298569063766
0.44736836316218526
0.44507992762712817
0.4420546268915818
0.44055553811520687
0.43981679200411733
0.43759642401255894
0.43466405617325393
0.43321258517640926
0.4324984033659164
0.43035153913290025
0.4275192133833542
0.4261164491706874
0.4254273801948216
0.4233556358454098
0.4206254783501386
0.4192733689499726
0.41861038542768303
0.4166166508384311
0.41399246816073204
0.412692797046562
0.41205679834904474
0.4101437388382543
0.4076290579636845
0.40638436581492926
0.40577661839652823
0.4039480021935934
0.4015477834329102
0.4003596960485986
0.3997810309246235
0.398039308485553
0.39575680588535467
0.39462305086388594
0.3940724662782352
0.3924145415137014
0.3902459086999282
0.3891735451720373
0.3886544598746443
0.3870905830788877
0.3850491083401377
0.38403727947377253
0.3835493724069378
0.3820784850031028
0.3801629414879038
0.37921414057693686
0.37875867444088973
0.37738449507615296
0.37559976705397324
0.3747157116179571
0.37429358923827266
0.3730187356161821
0.37136829569944985
0.3705509082687518
0.3701631330444164
0.3689905136123967
0.36747819681139027
0.3667297753299936
0.36637752360660175
0.3653105593566574
0.3639408265646646
0.3632631624651338
0.36294738978598157
0.3619888102880299
0.36076525674975995
0.3601606902714107
0.35988260284364076
0.3590358846298487
0.3579630175838713
0.35743350112219824
0.35719414928237125
0.35646226416759164
0.3555439779792238
0.35509184058114585
0.3548924510063563
0.35427888483175496
0.353519696387806
0.3531471683203708
0.35298894975111955
0.3524970930734645
0.3519014228061406
0.3516109609370181
0.35149524090059103
0.35112880898047294
0.35070147465293783
0.3504956058371697
0.3504237796057007
0.3501866373143518
0.34993266901504166
0.3498141252328044
0.34978771827621974
0.3496840623421411
0.349608920130985
0.34958067008983534
0.3496013690354125
0.34963580016677664
0.34974548165530345
0.3498108395656751
0.3498805659657744
0.35005828035755526
0.35035958487412777
0.35052241234270426
0.3506434534591273
0.3509705880661395
0.3514715880675715
0.35173669554678333
0.3519119699634861
0.35239630565425195
0.35310732279467844
0.3534813450082961
0.3537149708933756
0.354367447719128
0.3553031469648945
0.3557967198245571
0.3560954399962889
0.3569339572408471
0.35811862038905923
0.35875312691853806
0.3591307805349772
0.36019208706310546
0.36167615537153674
0.3625167795985783
0.3630168731643634
0.364416068025715
0.36635926793372275
0.367478155638299
0.36814755961232715
0.37000577006596563
0.3725676881206149
0.3733974332265748
0.375418276536344
0.37544185426659255
0.3759168039952518
0.3772692389720727
0.3791005384343811
0.3793883180080078
0.3798314541246524
0.38109908778916857
0.3828081366048461
0.3835725224201863
0.3839861303898744
0.3851736594681842
0.38676905036230524
0.3874935415919962
0.387882501795815
0.3890022217807569
0.39050251496182414
0.3911870489960859
0.3915522033027506
0.3926057148694217
0.39401433991896817
0.3946552767768873
0.3949952220780085
0.39597809356106467
0.39729010339914184
0.39788359426939757
0.39819671857878675
0.399104030236597
0.40031367719999295
0.4008551762071105
0.401139418810803
0.4019650285348582
0.4030648121771875
0.40323219100234964
0.40348507310128556
0.4042216854279991
0.40520251834028365
0.4052166344206396
0.40543153874507254
0.40605989991991975
0.4068965347992074
0.40735043497595697
0.40758706696106806
0.40827688353807756
0.4091947635842576
0.4096867009881795
0.40994419415123867
0.410692515533121
0.41168762173218076
0.4122187721360129
0.4124980678658956
0.41330701094489947
0.4143821233390292
0.41496815371777634
0.4152783998341086
0.41617279734778256
0.4173608166881708
0.4180329216846792
0.4183926181169048
0.4194222040181506
0.4207889277271006
0.42158658746805056
0.42202054566731334
0.42324987490595595
0.4248805740592367
0.42586031301242094
0.4264067126072693
0.4279314522890567
0.4299519152986359
0.43107348215577
0.4317125666349706
0.4334730811206837
0.43580434722301237
0.4371542308864595
0.43795011996966515
0.4400997530841308
0.44293808196628914
0.4446735520894946
0.445755207456957
0.4485843645941756
0.4522880508871881
0.45446345554078194
0.45590631122958003
0.4595402495833905
0.4642232538043132
0.4673487944498392
0.4697761315031654
0.47541756734920404
0.482314958280709
0.48589332289634274
0.49111297467499954
0.49354953072267516
0.4952688405885065
0.4993540162951531
0.5044506025754175
0.5074242728430092
0.5099235240047117
0.5154301223441317
0.5219116945245185
0.5252367766911934
0.5283012761521727
0.5346573667516771
0.5417102251315389
0.5449930942067261
0.5479716030620251
0.5539913661099805
0.5605693207984451
0.5636287417608686
0.5665218718866629
0.5722373294852118
0.5784106582822934
0.5812858785026419
0.5841205278502875
0.5896064598616847
0.5954679460386689
0.59819885069216
0.6009943043300611
0.6063033696136716
0.6119126236773101
0.6145230651738114
0.6172899401052648
0.6224501526540539
0.6278357387396154
0.6303356707697801
0.6330783418606007
0.6381004079505076
0.6432719152241805
0.6456637770191642
0.6483835179272683
0.653270209303962
0.6582301954876552
0.6605144438993921
0.663211751342771
0.6679645227721722
0.672715674146295
0.6748936244467433
0.6775693017522489
0.6821911256278458
0.6867386683470628
0.6888131240271368
0.6914684614100788
0.6959640776375838
0.7003154285969792
0.7022902222334125
0.7049267723079572
0.7093018655431438
0.7134653637450484
0.7153446527502381
0.7179639418853235
0.7222242154087556
0.7262079555287958
0.7279956707895856
0.7305989931857799
0.7347495314784193
0.7385606423692886
0.7402601846696094
0.7428485048982622
0.7468934749193091
0.7505378297462829
0.7521519725231391
0.7547259122213967
0.7586685190791268
0.762150744450622
0.7636816676060431
0.7662415424546186
0.7700841344691935
0.7734077835211772
0.7748571730946175
0.7774030526550538
0.7811472932971114
0.784315084068678
0.7856842537385982
0.7882160263721923
0.7918630804247725
0.7948771395489199
0.7961671487677655
0.798684581862272
0.802235287265124
0.805097368124311
0.8063091248247731
0.8088119159007456
0.8122669286943318
0.8149785917408285
0.816112935505852
0.8186007528762205
0.821960661927447
0.8245234153405412
0.8255811812341051
0.8280536944178666
0.8313191073070719
0.8337345113596686
0.8347165766556573
0.8371734772749027
0.8403450806431346
0.8426148212741686
0.8435238776748175
0.8459607031615656
0.8490350146373932
0.8511608976987294
0.8519923375729427
0.8544169502393587
0.8574032883713282
0.8593876503342797
0.8601488445954867
0.8625569903064834
0.8654522210272746
0.8672971605614879
0.8679870769728513
0.870378606945136
0.8731839883488096
0.8748920314868721
0.8755120186570265
0.8778868955908754
0.8806039027043856
0.8821777848968747
0.8827293205735169
0.885087569639475
0.8877178375411855
0.8891604893702861
0.8896451454245612
0.8919868509514516
0.8945321624640961
0.8958466916693681
0.8962661240448163
0.8985914258767596
0.9010536974655091
0.9022433683757192
0.9025993063025813
0.9049083954368181
0.90728966160046
0.9083578730173676
0.9086521076571316
0.9109452215726385
0.9132476185549853
0.9141978811263798
0.9144322540651082
0.9167096718249286
0.9189354211315411
0.9197713347350622
0.9199477266743203
0.9222097640077427
0.9243611561729995
0.9250863879643225
0.9252067077465953
0.9274537121951393
0.9295330911099225
0.9301513544408376
0.9302175286781111
0.9324498749050054
0.9344596228828778
0.9349746575890822
0.9349886209160622
0.9372067061257245
0.9391492298626875
0.9395647837566533
0.9395284697326789
0.9417327096064119
0.9436104273299522
0.9439302392893263
0.9438455723287273
0.9460363969206739
0.9478517263984457
0.9480795109980213
0.9479483988361779
0.9501262489434492
0.9518815966821751
0.9520210305717597
0.9518453574835442
0.9540106813421813
0.955708433082701
0.9557631422052886
0.9555447635436761
0.9576980137517009
0.959340525663723
0.9593140750962081
0.959054811496227
0.9611964425530295
0.9627860340148879
0.9626819181530346
0.9623835519792848
0.9645140172070003
0.9660529637982076
0.9658745988737926
0.9655388695636722
0.9676586197256484
0.9691491480842038
0.9688998649711259
0.9685284669483055
0.9706379473938687
0.9720822301258669
0.9717652691745386
0.9713598483810566
0.973459498483901
0.9748596504405607
0.9744781576726161
0.9740403097653159
0.9761305606648014
0.9774886362732635
0.9770456575102374
0.976576926160641
0.9786582017993394
0.9799761929974452
0.9794746734795378
0.9789765538403611
0.9810492634576868
0.982329094564713
0.9817718790333435
0.9812458052144072
0.9833103536665465
0.9845538859668422
0.9839437123546689
0.9833910718718956
0.9854478485743561
0.9866568737443095
0.9859963802970962
0.9854185068278496
0.9874678851255864
0.9886441268654657
0.9879358463894914
0.9873340140202825
0.9893763632789904
0.9905214806395707
0.989767844054358
0.9891432805993327
0.9911789515015604
0.9922945376835118
0.991497866388353
0.9908517459802293
0.9928810833641439
0.9939686616843806
0.9931311897855425
0.9924646320124287
0.994487962617352
0.995548997526406
0.9946728488223014
0.9939869393687868
0.9960045687066519
0.9970404499524763
0.9961276735940168
0.995423426300949
0.9974356565994632
0.998447716485665
0.9975002539853995
0.9967786559019611
0.9987857670583541
0.9997752741140095
0.9987949822607446
0.9998223281958875
0.9998809083804072
0.9999358157254417
0.9999999996170841