0.9990420452051482
0.999017389714319
0.999005061389412
0.9989680763027718
0.9989187609057673
0.998918512099848
0.9989061825408201
0.9988995371449233
0.9988958429656528
0.9988939958624449
0.9988884545486808
0.9988810660888104
0.9988760599557552
0.9988689689489622
0.9988677324179898
0.9988631975093216
0.9988571509373053
0.9988537340897599
0.9988520256545236
0.9988469003450805
0.9988400665639837
0.9988356830099638
0.9988334912142053
0.9988269158214687
0.9988181485719637
0.9988139000594889
0.99881177578527
0.998805402957535
0.9987969057979906
0.9987926017395496
0.9987904496917883
0.9987839935432871
0.9987753852879544
0.9987713892371731
0.9987693911956804
0.9987633970665559
0.9987554048453872
0.9987515325080377
0.9987495963243702
0.9987437877689422
0.9987360429823898
0.9987319295798861
0.9987298728618131
0.9987237027027498
0.9987154757722319
0.9987104486293611
0.9987079350332557
0.9987003942381443
0.9986903397665428
0.9986854027762763
0.9986829342571245
0.9986755286930614
0.9986656545324935
0.998660111875181
0.9986573405165537
0.9986490264326129
0.9986379408924648
0.9986324732655862
0.9986297394229087
0.9986215378871635
0.9986106024133607
0.9986052273496204
0.9986025397893079
0.9985944771008416
0.9985837267606097
0.9985780530044183
0.9985752160950656
0.9985667053587522
0.9985553576101421
0.9985493056057684
0.9985462795677196
0.9985372014442818
0.9985250971665293
0.9985193125917781
0.9985164202718185
0.9985077433034806
0.9984961739088739
0.9984886007688563
0.9984848141435879
0.9984734542543539
0.9984583075556822
0.9984514101703176
0.9984479614311124
0.9984376152021462
0.9984238200813157
0.9984010732896943
0.9983896994001175
0.9983555776330576
0.9983100802984062
0.9983096176784113
0.9982931676906196
0.9982712339934148
0.9982597341273991
0.9982539840668173
0.9982367338569756
0.998213733160817
0.9982005175736968
0.998193909612769
0.9981740856944314
0.9981476532500406
0.9981464934380718
0.9981411931429265
0.9981252922333579
0.9981040906646177
0.9980939748011484
0.998088916769856
0.9980737426537274
0.9980535101759422
0.9980413851202729
0.9980353224508526
0.9980171344124057
0.9979928832272327
0.9979913835733272
0.9979859527547775
0.9979696602737099
0.9979479365935667
0.9979369679142527
0.9979314834585434
0.9979150300655572
0.9978930918309056
0.9978825230434891
0.9978772385427671
0.9978613850163678
0.9978402466279636
0.9978284133408717
0.9978224965620347
0.9978047461965399
0.9977810785965855
0.9977687974323056
0.9977626567038367
0.9977442344867028
0.9977196710523982
0.9977082138845241
0.9977024851735182
0.9976852990129348
0.9976623837151343
0.99765147135603
0.99764601506075
0.9976296461492087
0.9976078205573007
0.9975963960585006
0.9975906836829872
0.9975735465283351
0.997550696579859
0.9975372017885451
0.9975304542192746
0.997510211474698
0.997483220565862
0.9974700072087535
0.9974634003600131
0.997443579777806
0.997417151783049
0.9974016442484225
0.9973938902509971
0.9973706282101338
0.9973396113949694
0.9973204974502035
0.9973109401290942
0.9972822680953808
0.9972440375509997
0.9972247564266647
0.9972151155071975
0.9971861926760174
0.9971476277188733
0.9971300408713909
0.9971212471510907
0.9970948659297977
0.997059689976733
0.9970401491456335
0.997030378361548
0.9970010659339521
0.9969619814918689
0.9969436825953997
0.9969345328301923
0.9969070834683621
0.996870483252418
0.9968476869324118
0.9968362882749338
0.9968020922034685
0.996756495788244
0.996732088161371
0.9967198837799692
0.9966832705249525
0.9966344509377755
0.9966103244542381
0.9965982606512677
0.9965620691319718
0.9965138119199022
0.9964896556789636
0.9964775770022625
0.9964413408614025
0.9963930241548942
0.9963705288953196
0.9963592807850609
0.9963255363573207
0.9962805421774358
0.9962594619014878
0.9962489213397944
0.9962172995681
0.9961751357960383
0.9961517802382372
0.9961401019402497
0.9961050669421029
0.9960583518808958
0.9960350998320793
0.9960234732945008
0.9959885935774866
0.9959420855668016
0.9959139824426598
0.9958999301281465
0.9958577730376825
0.9958015610495967
0.995768650751373
0.9957521945656457
0.9957028258062244
0.995636997345464
0.9955955162274278
0.9955747740364316
0.9955125471446133
0.995429572495788
0.9953846661119944
0.9953622110190247
0.9952948453710215
0.9952050180409565
0.9951612961151294
0.9951394333280538
0.9950738446157452
0.9949863869050641
0.994946691957118
0.9949268429902454
0.9948672958028648
0.9947878944745822
0.9947377219716457
0.9947126333125423
0.9946373668912477
0.9945370035377789
0.9944801471720583
0.9944517158980336
0.9943664214829602
0.9942526853007322
0.9942014506238577
0.9941758308100975
0.9940989708835694
0.9939964826267785
0.9939350199873372
0.9939042851018064
0.9938120797579746
0.993689127181894
0.9936142491592725
0.9935768048257042
0.9934644708200473
0.9933146742214205
0.9932955802829979
0.9932096895192447
0.9930951580687641
0.993030924463491
0.9929988037724848
0.9929024409386088
0.992773943988348
0.9927551714196791
0.992723466857938
0.9926283524606547
0.9925015202937766
0.9924301171173291
0.9923944106702054
0.9922872903964743
0.9921444471514113
0.992137021979126
0.9921053932837066
0.9920105064540026
0.9918839779185914
0.9918223228179023
0.9917914916779987
0.9916989975668778
0.9915756599024945
0.9915085717254807
0.9914750233758897
0.9913743775026125
0.9912401685244862
0.9911737649773196
0.9911405590020461
0.991040940259215
0.9909081012233683
0.9908174603882549
0.9907721322440673
0.9906361463031337
0.9904548055293131
0.990360865597003
0.9903138873483028
0.9901729510047667
0.9899850075929754
0.9898725411408764
0.9898162959875948
0.9896475582225228
0.9894225339316474
0.9892978295187195
0.9892354626244644
0.9890483591021102
0.9887988380795268
0.9886844454273621
0.9886272368338329
0.9884556086460717
0.9882267293158448
0.9881064758523787
0.9880463355816033
0.9878659120786258
0.9876253012406649
0.9875524532900709
0.9874808346977276
0.9872659751351586
0.9869794301368615
0.986836367049591
0.9867648163022202
0.9865501602891539
0.986263886744
0.9861139644556038
0.9859026754645455
0.9857989024558023
0.9857470058303879
0.9855913139201564
0.9853836902549545
0.985272104012781
0.9852162992127912
0.9850488824557191
0.9848256203882887
0.9847179962878435
0.9846641734106494
0.9845027025905775
0.9842873710851636
0.9841544862147772
0.9840880272508573
0.983888647001046
0.9836227502188732
0.9835807940037057
0.9835193754758174
0.9833351170047407
0.9830893909744997
0.9829736451940395
0.9829157598080767
0.9827421010685653
0.9825105134107105
0.9823982111720967
0.9823420483083876
0.9821735572560671
0.9819488624333315
0.9817986877328535
0.9817235794450259
0.98149825022144
0.9811977396131051
0.9810364823582955
0.9809558296500993
0.9807138665102321
0.9803911660963329
0.9802197567498424
0.9801340247910214
0.979876823176638
0.9795337941960811
0.9793756346891197
0.9792965317619624
0.9790592179857444
0.978742720585767
0.9785694935082107
0.9784828523990137
0.9782229231730258
0.9778762553473119
0.9776866144078133
0.9775917606689376
0.9773071923433782
0.9769276534753338
0.9766784130674352
0.9765537355510951
0.976179690600708
0.975680766568428
0.9754550936469443
0.9753422102845378
0.9750035497775948
0.9745518414280224
0.9743006193850036
0.9741749505907861
0.9737979313224099
0.97329503866135
0.9729905444948297
0.9728382123920835
0.9723811970135428
0.971771549694976
0.9716724100993034
0.9712945238002826
0.9707904742934309
0.970502348185758
0.9703582092694204
0.9699257750798143
0.9693489334015992
0.9689876654079358
0.9688069126103496
0.968264626644067
0.9675411663114677
0.9674967598112033
0.9673211090165138
0.9667941300409645
0.9660911036216053
0.9657644773731201
0.9656010682059109
0.9651108175236471
0.9644568135824467
0.9640571715712762
0.9638572065756559
0.9632572766098172
0.96245686633355
0.9620930052708806
0.9619109555608635
0.9613647766223483
0.960636123996779
0.9601630089646623
0.9599262519882206
0.9592159303512442
0.9582681332815566
0.9577433825750571
0.9574807624982999
0.9566928395062216
0.9556414054277608
0.9553348338079946
0.9550267100867632
0.9541022506840917
0.9528684465007468
0.9521746832348899
0.9518273754577099
0.9507853371241806
0.9493944426040866
0.9485138315790225
0.9480728450105503
0.9467496949895984
0.9449830693942483
0.9443437136573234
0.9429325316450436
0.9429280350458623
0.9420643255565038
0.9409116855898169
0.9403312199109792
0.9400406967380602
0.9391690385305104
0.9380057818464134
0.9371951959690352
0.936789340159131
0.9355715967392585
0.9339458974083598
0.9327962553844635
0.9322203100267237
0.9304921096730201
0.9281837391390823
0.9268685851147996
0.9262095511218909
0.9242319505305242
0.9215897958148186
0.9203073930299829
0.9196648231186976
0.917736613657147
0.9151605891239768
0.9148285993449337
0.9130138403969112
0.9125603569299571
0.9120848247742246
0.9106579351517681
0.9087526492612445
0.9078143025435133
0.9073444153311669
0.905934456542165
0.9040518170370251
0.9026341777246301
0.9019237501501718
0.8997917689615258
0.8969429406709744
0.8950388782869714
0.8924505330752617
0.8920168610767951
0.8914564691989594
0.889774818406503
0.8875287871345467
0.8862639406997666
0.8856302723698868
0.8837286353177563
0.8811882049952555
0.8800002382643981
0.8794051620109024
0.8776193486618459
0.8752339231980629
0.8739007216015309
0.8732327600158956
0.8712281059740699
0.868549738408606
0.8672730798440277
0.866633508721081
0.864714054843218
0.8621497176856772
0.8608570469437227
0.8602094466195023
0.8582658506439965
0.8556691590704277
0.8540833313844375
0.8532885254410811
0.8509028545570921
0.8477139804752754
0.847223169559133
0.846558335997559
0.8445629131481002
0.8418967175005787
0.8402765862686401
0.8394645465041479
0.8370269871333689
0.8337683510920414
0.8322331407364604
0.8314637430384866
0.8291541838029863
0.826066947176155
0.8245806794752428
0.8238358526423932
0.821600025172849
0.8186114358545072
0.8171392207005067
0.8164014328616572
0.814186682636379
0.8112261620510585
0.8096921362777255
0.808923270190702
0.8066150941418526
0.8035291316117998
0.8017923842640965
0.8009215847808072
0.7983070622092062
0.7948098897659336
0.7932060045912668
0.7924019218927667
0.7899877695260676
0.7867590716646625
0.7851440209669694
0.7843342635923222
0.7819029705181878
0.7786509105809416
0.77703088862401
0.7762185523396417
0.7737794192479849
0.7705164349090798
0.7688965386210385
0.7680841756930344
0.765644872881225
0.7623812278480371
0.7607764681419189
0.7599716214175781
0.757554822089416
0.7543209439072526
0.7527135711946269
0.751907307296265
0.749486165091294
0.7462459915761883
0.7446007806221407
0.7437753611426756
0.7412965540114178
0.7379784079340297
0.7363357414408548
0.7355114802101327
0.733036073310803
0.7297219874235328
0.7280238776794492
0.7271715652520384
0.7246117398160432
0.721183601120936
0.7194753829491897
0.7186178398591209
0.7160422075001879
0.7125922617718877
0.7108765763078835
0.710015138299485
0.707427720885056
0.7039613998227305
0.702214943917036
0.7013378651857612
0.6987033441212949
0.6951731193755288
0.693415829283097
0.6925331689211366
0.6898818012083445
0.6863284546751112
0.684550670235146
0.6836575708907984
0.6809747543969593
0.6773786787018514
0.6755819102422167
0.6746791530201817
0.6719672446076294
0.6683316972545023
0.6665126425424635
0.6655985873291422
0.6628526617465222
0.659171108944067
0.6573335042959767
0.6564100717526671
0.6536359157854275
0.649916290423182
0.6480622445379772
0.6471305423035166
0.6443314978836189
0.6405784626940267
0.6387042998373208
0.6377625215379827
0.6349331640748791
0.6311395830459096
0.6292501222385252
0.6283007574150459
0.6254485857983343
0.6216247683096328
0.6197178964879194
0.6187599411068474
0.6158819430908422
0.6120240425832568
0.6101018247631251
0.6091363885387929
0.6062359097230804
0.6023486629232688
0.6004125655869885
0.5994404596964216
0.5965199457726965
0.5926068816738477
0.5906588575539781
0.5896811398520378
0.5867437764604017
0.5828094198298783
0.5808516047011407
0.5798694248444433
0.5769186712803428
0.5729679074385952
0.5710025361645408
0.5700170914174542
0.567056547424262
0.5630944367751872
0.5611241233971187
0.5601367975864405
0.5571706212016336
0.5532029544040241
0.5512305809353146
0.5502428863530605
0.5472756190443022
0.5433086751477764
0.5413372659279374
0.540350778408124
0.5373871497946269
0.5334274288179062
0.5314601853256852
0.5304765602182164
0.5275215362491774
0.5235758196805436
0.5216160581831093
0.520636997947093
0.5176956836357474
0.5137709013098763
0.5118220091465657
0.510849240800938
0.5079268126936521
0.504029951394862
0.5020953294741709
0.5011305757748641
0.49823219561066306
0.49437018467037686
0.4924532007154716
0.4914981573958921
0.4886289040364898
0.4848085276419828
0.4829124745732153
0.48196879087707223
0.47913360213230116
0.4753614271444969
0.4734894875942942
0.47255875060915475
0.46976237643791763
0.4660446975883824
0.4641999208961394
0.4632836467943719
0.46053062316827054
0.4568734376650454
0.45505872758452426
0.454158358783892
0.45145299917933424
0.4478620061511951
0.4460801249476095
0.44519703581408
0.4425434481625213
0.4390240825540172
0.4372776691262954
0.43641317879471136
0.4338153035576073
0.43037279779131843
0.4286643989325378
0.4278197905171277
0.42528145766432673
0.4219209271465272
0.42025304131259844
0.41942958689411314
0.4169545899346056
0.4136811390217733
0.4120562679595396
0.4112552568038369
0.4088474362266044
0.40566627385513043
0.4040869789712014
0.40330974727537827
0.4009730783059353
0.397889636195668
0.3963585954872294
0.39560655555749735
0.39334523395917415
0.3903652791812932
0.3888853412823141
0.3881600085582008
0.38597852972796626
0.38310826588309366
0.3816877079737812
0.38099321383986856
0.37890395022241424
0.37615980059623594
0.3747885499565366
0.37412027864687813
0.3721092001153955
0.36947352837604586
0.3681626101584977
0.3675260772439351
0.36560968616760353
0.36310439640570324
0.3618626822107128
0.3612623350939061
0.3594539082797095
0.35709660536819493
0.3559228106518381
0.3553583530540457
0.3536568003627245
0.35144680195896194
0.3503483914458042
0.3498236710110573
0.3482403920322537
0.34619299300837686
0.3451741854687713
0.3446915898555059
0.3432335161306495
0.34135844136380994
0.34042546504471366
0.339988379190825
0.3386653992127012
0.3369762233514362
0.336135488590229
0.335747487544784
0.3345699737314381
0.3330810868614699
0.33234025209809304
0.3320056292460705
0.33098600596098154
0.32971465462878286
0.32908326174508007
0.3288073541597498
0.32796104591220876
0.3269285710532915
0.32641754444339316
0.32620666705591117
0.3255517781674048
0.324783566175782
0.32440735001671095
0.3242698738478238
0.32383034712321873
0.32335992592348534
0.32313740138027497
0.3230845616645342
0.3228923076487433
0.32276477341380067
0.3227228146431768
0.3227710640908814
0.32287246223609894
0.32315395967682026
0.32333542611602434
0.32351213740604146
0.32398357008662276
0.3247845328305284
0.3252765967986526
0.3256417572685712
0.32664802064197007
0.32821245772825197
0.32935845168743577
0.3301854856977374
0.3324568719543143
0.33590730999207385
0.3371237804137024
0.3401206706802359
0.3405825050717877
0.341368562631472
0.3436054820774624
0.3467553150445464
0.34829418824790803
0.34917755035929854
0.3516997692090429
0.35520527235126287
0.35695936448148535
0.35795263701281127
0.36079090282632964
0.36470125810323967
0.36667581792346904
0.367784443964588
0.37095055567552754
0.37528289429808825
0.3774854340596011
0.3787157764738665
0.3822237531677125
0.3869961767854147
0.38944066752772577
0.39080298543197056
0.39467663531845504
0.39991887587783437
0.4026390628275358
0.4041560978490525
0.4084513547799509
0.41423431177510994
0.4173734882647023
0.41913770415343704
0.4240925173640332
0.43072556080042324
0.4349519746266401
0.4374085482562206
0.4441525657239775
0.4530902851372492
0.4539882190861095
0.45615437628548045
0.4621313385907975
0.4700251770025771
0.4738488411768408
0.47602709730786014
0.4820057785757708
0.48986572479373064
0.4934413889326485
0.49546896194750434
0.5010302567211936
0.5083240370207956
0.5122500334554937
0.5145339326676897
0.5206963345078293
0.5287117488241493
0.5330220566407089
0.5355974377605373
0.5424000971664723
0.5511435266628226
0.5558214759045579
0.558717331843626
0.5661572163738017
0.5755597386991437
0.5806602936615148
0.5840023128171549
0.592245552377188
0.6023819321574307
0.6083285115346132
0.6127756751772493
0.6229105515883463
0.634547079947295
0.639648676199562
0.643378563837299
0.6516414628334722
0.6610341631073388
0.665281600405956
0.6686501758091798
0.6758090930976328
0.6837675105391521
0.6874658896942278
0.6907923848698532
0.6974405203943499
0.7044950717966567
0.7077506801014362
0.7111612338250715
0.7174856530256186
0.7237413683771616
0.7265488996160667
0.7297609917720722
0.7353615781659739
0.7406280447553459
0.7429782877728273
0.7459825696926475
0.7509355310394412
0.755385106075844
0.7573591000754815
0.7602063647257019
0.7646629225667846
0.7684850623476538
0.7701687845596392
0.7728983581633084
0.7769746221832105
0.7803131464605485
0.7817716337996156
0.7844125136105083
0.7881947480324668
0.7911564607546873
0.7924378095614802
0.7950109139139652
0.7985621837848221
0.8012254513111132
0.802364821860567
0.8048849453493678
0.8082507929405408
0.8106726512065826
0.8116955450568183
0.814172957815184
0.8173859713377203
0.8196077297496113
0.8205325306765657
0.8229742955548892
0.8260577132095566
0.828109235233528
0.8289491127939209
0.8313602170769828
0.8343307700702213
0.8362336524996596
0.8369979698197152
0.8393823049969839
0.8422524367852929
0.8440222963947448
0.8447176859627322
0.8470787747051428
0.8498582341354454
0.8515063048668445
0.8521375431297967
0.8544788342051265
0.8571755707714797
0.8587098304838289
0.8592805259090062
0.8616052291133323
0.8642256727765975
0.8656517064968471
0.8661647302277161
0.8684754561319179
0.8710245222094101
0.8723462427743282
0.8728039089356157
0.8751024604138735
0.8775836452966298
0.8788038838766541
0.8792080182660869
0.8814954528537378
0.8839111292319933
0.8850320706846702
0.8853840974418414
0.8876609417971003
0.8900127339766563
0.8910362051585937
0.8913372706489907
0.8936037361723681
0.895892840257133
0.8968204916351402
0.8970715848182245
0.8993277197971742
0.9015551228219882
0.902388543385892
0.9025888762160595
0.9048372036036345
0.9070059306478413
0.9077457180486506
0.9079012075829876
0.9101365773234976
0.9122432718703928
0.912893032605045
0.9129997447450537
0.9152245948425608
0.917272309232096
0.9178328814590092
0.9178933318558801
0.92010768216037
0.9220974771207844
0.9225706921166228
0.9225859172625112
0.9247897841046693
0.926722771764839
0.9271105751358708
0.927081639578759
0.9292750708084774
0.9311524432654783
0.9314568796041909
0.9313848945783633
0.9335679703044256
0.9353909968333254
0.9356142024103116
0.935500322097048
0.9376731535553295
0.9394431744174531
0.9395873671133607
0.9394327831957537
0.9415955107624085
0.9433139291617264
0.9433813966023559
0.9431873320167029
0.9453401227236806
0.9470083957467449
0.9470014824745298
0.9467691848161673
0.9489122295857544
0.9505318586650761
0.9504529530294089
0.9501836878802884
0.9523171986110932
0.9538897199103239
0.9537412410583019
0.9534362854215424
0.9555604921386238
0.9570874672056445
0.9568718525211479
0.956532488591708
0.9586476366201337
0.960130643414201
0.959850336668246
0.9594778459883665
0.961584193204466
0.9630248176382402
0.9626822579799342
0.9622779159429569
0.9643757302861974
0.9657755585409491
0.965373170198814
0.9649382413950124
0.9670277983166573
0.9683884094880847
0.9679285930059559
0.9674643262423568
0.9695459067931619
0.9708688668123894
0.9703539903557662
0.969861615466977
0.9719355039224742
0.9732223595165873
0.9726547520492786
0.9721354758070806
0.9742019582338897
0.9754542320991438
0.9748361769745693
0.9742911804757194
0.9763505428699506
0.9775697290874698
0.976903458949129
0.9763338950723984
0.9783864217105426
0.979573982136751
0.9788616740235715
0.9782686651075245
0.9803146378838263
0.9814719990984079
0.9807157707795833
0.9801004075226329
0.9821401041022453
0.9832686544832934
0.9824705616847459
0.9818339006089088
0.983867594660652
0.9849686828940573
0.984130716454879
0.9834737812050057
0.9855017396017328
0.9865766719658398
0.9857007576507438
0.9850245352293243
0.9870470193580866
0.9880970594153313
0.9871850551787059
0.9864904972594
0.9885077619155241
0.9895341300264894
0.9885878251354316
0.98787585106048
0.9898881410063017
0.9908920108959389
0.9899131302085904
0.9891846165672025
0.9911921731918462
0.9921746772984887
0.9911648720243593
0.9904206650240267
0.9924237212578085
0.9933859469232282
0.9923468019749178
0.9915877138589378
0.993586492271146
0.9945294804203827
0.9934625195726329
0.9926893228621261
0.9946840394805453
0.995608790819366
0.9945154632462603
0.9937289021930503
0.9957197654520388
0.9966272360954295
0.9955089325044922
0.9947097237319018
0.9966969236667703
0.9975880220104301
0.9964460801264537
0.995634884678283
0.9976186204591134
0.9984942220430385
0.9973299002628175
0.9965073620702085
0.9984878223250686
0.9993487667763092
0.998163258796512
0.997330019941322
0.999307361775396
1.0001544269525928
0.9989489188437318
0.9999992456594224
0.9999993427357345
0.9999996243385469
0.9999999997392776