0.9992815491599885
0.9992569572144463
0.9992446606683085
0.9992077709450268
0.9991585827335256
0.9991524614412138
0.9991468105155272
0.9991455908012264
0.9991401892042288
0.9991376373226111
0.9991363613752581
0.9991325335310601
0.9991274297201312
0.9991245284880349
0.9991230778636591
0.9991187259880054
0.9991129234623992
0.9991100249913575
0.9991085757473295
0.999104228012751
0.9990984310085934
0.9990953746811404
0.9990938465080282
0.9990892619859403
0.9990831492625273
0.9990799844661561
0.9990784020580092
0.9990736548306726
0.999067325165103
0.9990577253425008
0.9990529253436237
0.9990385253303653
0.9990193250325593
0.9990163306776945
0.9990094771890249
0.9990060503993892
0.9989957700210969
0.9989820627069922
0.9989788347793144
0.9989749480454712
0.9989730046636924
0.9989671745144441
0.9989594009376445
0.998954863483769
0.9989525947368961
0.9989457884913712
0.9989367134352176
0.9989322780652123
0.998930060360673
0.9989234072422619
0.9989145363593167
0.9989099945277289
0.9989077235918684
0.998900910779385
0.9988918269677691
0.9988864539652332
0.9988837674360214
0.9988757078419348
0.9988649616292957
0.9988594218417024
0.9988566519179415
0.9988483421399087
0.9988372623436687
0.9988314235372546
0.9988285041010837
0.9988197457851852
0.9988080679281804
0.9988014204534078
0.9987980966735378
0.9987881253249101
0.9987748300597195
0.9987675645137354
0.9987639316899865
0.9987530332082848
0.9987385017386773
0.9987314463883273
0.998727918664957
0.9987173354849165
0.9987032244272309
0.9986966243779936
0.9986933243112643
0.9986834241021924
0.9986702236910238
0.9986620035875754
0.9986578934708897
0.9986455631081129
0.9986291224176344
0.9986210027170435
0.9986169428029961
0.9986047630483266
0.9985885231753295
0.9985789673681821
0.9985741893774872
0.9985598553890328
0.9985407431229704
0.998530794605669
0.9985258202514067
0.9985108971708964
0.9984909994283117
0.9984891972336027
0.9984849859764721
0.9984723521917359
0.998455506927902
0.9984444566130822
0.9984389313386128
0.9984223554937912
0.9984002539947628
0.9983871905295205
0.9983806586349612
0.9983610629231623
0.9983349347832022
0.9983334848556542
0.998317171398025
0.998295419759307
0.998259905815563
0.9982421476486418
0.9981888729714112
0.9981178361394071
0.9980971213258786
0.9980845436559247
0.9980782546706147
0.9980593876880252
0.9980342312222826
0.9980215625763216
0.9980152280990662
0.9979962246402999
0.9979708862004494
0.9979581419599041
0.9979517696840691
0.9979326528300513
0.997907163184923
0.9979016440504396
0.9978955863470187
0.9978774132122638
0.997853181912207
0.9978412462492471
0.9978352782807557
0.9978173743509343
0.9977935020071748
0.997749179777594
0.9977270168025144
0.9976605276135468
0.9975718691782492
0.9975591432576949
0.997548668803302
0.9975172453739231
0.9974753460993779
0.9974561888543562
0.9974466098794454
0.9974178728990484
0.9973795557802939
0.9973620760126438
0.9973533358350136
0.9973271152554694
0.9972921535263267
0.9972735360814682
0.9972642270254339
0.9972362998038664
0.9971990624330297
0.9971810292544759
0.9971720123550176
0.9971449616061783
0.9971088929325215
0.9970900961758482
0.9970806974606045
0.9970525012609577
0.9970149052262064
0.996993171293656
0.9969823038759814
0.9969497015518074
0.9969062303180538
0.9968846804678738
0.9968739051004972
0.9968415789282852
0.9967984759305228
0.9967742718762153
0.9967621692953934
0.996725861467905
0.9966774492030032
0.9966514182698827
0.9966384021580483
0.996599353720708
0.9965472870548051
0.9965203831686851
0.9965069305475927
0.9964665725770769
0.9964127597265258
0.9963872760216823
0.9963745335634696
0.9963363060939362
0.9962853341108985
0.9962407548528899
0.996218463342797
0.9961515885393006
0.9960624159000299
0.9960184970812025
0.9959965358330882
0.9959306518195842
0.9958428004807451
0.9958001271053725
0.99573344045681
0.9957017856112959
0.9956859572403627
0.9956384719779078
0.9955751552078882
0.9955389867669929
0.995520901319457
0.9954666447882078
0.9953942986876716
0.9953599290504309
0.9953427431181173
0.9952911851572567
0.9952224374784544
0.9951886974757242
0.995171826376993
0.9951212129132054
0.9950537247728137
0.9950155835139173
0.9949965115160264
0.994939295317443
0.9948630024985722
0.9948192793741645
0.9947974159977027
0.9947318255989764
0.9946443657391433
0.994599914319254
0.9945776867255691
0.9945110036754431
0.9944220867491643
0.994378911348316
0.9943573218747374
0.9942925531871837
0.9942061891516014
0.9941554977804835
0.9941301496803017
0.9940541050160019
0.9939527040866384
0.9939053953956986
0.9938817389240904
0.9938107691831004
0.993716135922114
0.9936551867439801
0.993624708666833
0.9935332738966044
0.9934113494251752
0.9933277564189587
0.9932859533856668
0.9931605433526465
0.9929933080203511
0.9929086682859011
0.9928663416283919
0.992739360662793
0.9925700302641822
0.9925434725722063
0.9925073510814884
0.9923989859024268
0.9922544826719921
0.9922367473840735
0.9922043913921114
0.9921073228243765
0.9919778851156003
0.9919112654524329
0.9918779514850153
0.9917780089616296
0.991644738436507
0.9915783071929182
0.9915450874247315
0.9914454275143787
0.9913125338441888
0.9912385617066923
0.9912015704824811
0.9910905960611084
0.9909426130185962
0.9908721231890872
0.9908368735666365
0.9907311240230159
0.9905901090424677
0.9905136691640182
0.9904754437033352
0.9903607665093346
0.9902078453683895
0.9901293775505311
0.9900901378625934
0.9899724179136364
0.9898154390390317
0.9897136215247684
0.9896627031478881
0.9895099466019591
0.9893062386473811
0.9891833697786003
0.9891219211239934
0.9889375730822102
0.9886917283577241
0.9886599802824392
0.9886021663196309
0.98842872251949
0.9881974228905668
0.9880737216390281
0.9880118568599572
0.9878262604196727
0.9875787505076359
0.987530948395835
0.9874671587845544
0.9872757877307791
0.987020575230028
0.986902489970613
0.9868434341501096
0.9866662647290024
0.9864299954382799
0.9863121949107964
0.9862532816884674
0.9860765400208472
0.9858408415670327
0.985712494786389
0.9856483061482858
0.9854557378547754
0.9851989290994407
0.9850426193086443
0.9849644417520454
0.9847299056620072
0.984417114428896
0.9841947234906266
0.9840834819359221
0.9837497502958547
0.9833046210417634
0.9832244152258302
0.9828780577878989
0.9827091952925181
0.982452161427781
0.9822953035519335
0.982216851883792
0.9819814932494765
0.9816676055518747
0.9814625166856314
0.9813599334156848
0.9810521774043025
0.9806417064373356
0.9804096412986204
0.9802935592854252
0.979945305262455
0.9794808003311432
0.9792258298394428
0.9790982848870331
0.9787156402781032
0.9782052470948075
0.9779130473218899
0.9777668692383883
0.9773283220306546
0.9767433312735873
0.9767271659441865
0.9766106892833317
0.9762612510902038
0.9757951664628686
0.9755531939455423
0.9754321541904366
0.97506902586664
0.9745846749839885
0.9742393630271466
0.9740665985193694
0.973548286893227
0.9728568364614795
0.9727998145024325
0.9725755263441417
0.9719026310756245
0.9710048190868337
0.9705630009023319
0.9703419146311962
0.969678624954456
0.9687936413451954
0.9686246850065903
0.9680304519699757
0.9677554949147804
0.9676179482256146
0.967205295922935
0.966654862689669
0.9663776925990158
0.9662390387955383
0.9658230648110993
0.9652681987935547
0.9649053986807411
0.9647238808903544
0.9641793056170079
0.9634528052893626
0.9630869576486245
0.9629039146273957
0.9623547631169805
0.9616221538344626
0.9612425644354935
0.9610526413477661
0.9604828476517296
0.9597226857097173
0.9592244721279736
0.9589751455943074
0.958227123344306
0.9572290109082843
0.9565895969008426
0.956269530611108
0.9553092608774824
0.9540276599543638
0.9531828186142204
0.9527597709148832
0.9514905020518301
0.9497959832577464
0.9491822164548261
0.9479785369881288
0.9477139502251001
0.9473236076362191
0.9461524656402563
0.9445891266186952
0.9441205517121081
0.9429889149242866
0.9423744040724649
0.9420668256789759
0.9411440162396261
0.9399124783192601
0.9391115779153796
0.9387105819991715
0.9375074659945127
0.9359014021168085
0.9358370593488894
0.9349258931375685
0.9337099163307452
0.932951134063906
0.932571260114195
0.9314315170319386
0.9299101564603399
0.928972106515382
0.9285023476271811
0.9270928808581084
0.9252110007566072
0.9243362529248345
0.9238982468490153
0.92258405661603
0.9208295580970967
0.919722015984647
0.9191672424987162
0.9175026380541647
0.9152795762097672
0.913809073818944
0.9130720766709963
0.9108605658780153
0.9079055666246749
0.9075095929055194
0.9057017202222352
0.9032870250856625
0.9030140395310704
0.901250797400941
0.8988958309889068
0.8977144011467885
0.8971225951728524
0.8953467930065596
0.8929750278526815
0.8918569541968856
0.8912969474856978
0.8896165667563348
0.8873724641804562
0.8861740598589846
0.8855737589434062
0.8837724235711469
0.8813665158138396
0.8797060789860174
0.8788737773745553
0.8763760065647673
0.8730376797173066
0.8725037932476284
0.8703211459638354
0.8674048715011432
0.8654659165516551
0.8644936482674163
0.8615755304036812
0.857673736270197
0.8566229944525575
0.8536249944506021
0.8521447097705517
0.851402949779504
0.8491768182428527
0.8462022018391214
0.8448247007409958
0.8441345502028098
0.8420633194540567
0.8392960450198843
0.8377409839219389
0.836961672768729
0.8346226953881216
0.8314967575210542
0.8299610252504045
0.8291914053408136
0.8268814689709412
0.8237943011702974
0.8222128299632284
0.8214202170464959
0.8190411732934552
0.8158612425483044
0.815334014073824
0.814561641686019
0.8122433249061739
0.8091445935190094
0.8076934278346538
0.8069662084880331
0.8047834312905147
0.8018661025056917
0.8001867004939702
0.7993447657318723
0.7968173865363407
0.7934378861727702
0.7918425255742759
0.7910427549338985
0.7886419458403484
0.7854318282906676
0.7838467056459627
0.7830520124830196
0.7806663819971864
0.7774762667491408
0.7758491568330746
0.7750332707278385
0.7725839002904207
0.769307881559738
0.7677497470014856
0.7669684473623483
0.7646229079833625
0.7614857826340166
0.75987824470854
0.7590720018957592
0.7566514534734655
0.753413225479323
0.7518393387213764
0.7510499121081248
0.7486798184123163
0.7455088600465368
0.7438778223014347
0.7430595191706693
0.7406025883767676
0.7373145247147078
0.7356755419156179
0.7348531056795764
0.7323836835901192
0.7290783131900985
0.7274303488924285
0.7266032554356326
0.7241197688558807
0.7207949683720043
0.7191029588537787
0.7182535351109861
0.7157028679993138
0.7122871977119561
0.7105776840637287
0.7097192943380478
0.7071416127220995
0.7036890697176155
0.7019527516238451
0.7010807098492654
0.6984619298232515
0.6949535751965814
0.693223830773188
0.6923549837935311
0.6897457534040223
0.6862498202390601
0.6845075281449857
0.6836322528493607
0.6810036506232278
0.677481281432005
0.6757173576212157
0.6748310905857494
0.672169403045449
0.6686022167397896
0.6668244966894952
0.6659312226048738
0.6632484359255255
0.6596526925259356
0.6578527246083457
0.6569482149874499
0.6542316225383213
0.6505903397629478
0.6487754914614907
0.6478635118286691
0.64512444218579
0.6414530498122384
0.6396407481960464
0.6387301514778132
0.6359952305657063
0.6323297868628405
0.6304908878742789
0.6295670204030623
0.6267921938254055
0.6230735451782599
0.6212204424217381
0.620289624821528
0.6174939024269139
0.6137478829940467
0.611886926294371
0.6109524334327946
0.6081456659682652
0.6043857671259484
0.602514906494241
0.6015757767860339
0.5987550748064729
0.5949776369111017
0.593099081236411
0.5921565018507992
0.5893254348006204
0.5855354922914083
0.5836555396404107
0.5827127534132845
0.5798810693490538
0.5760919420777599
0.5742052985364152
0.5732597144494876
0.5704196178102632
0.5666210510262817
0.564732510555106
0.5637866094136251
0.5609455519208255
0.5571477553461329
0.5552589203673145
0.5543135745813852
0.5514741691942632
0.5476808371013827
0.5457987818033492
0.5448575962234247
0.5420306690331311
0.5382564543760214
0.5363821827838894
0.5354457117293924
0.5326329141363365
0.5288801548088478
0.5270203107217168
0.5260919150267095
0.5233033348434623
0.5195855956624789
0.5177412318364603
0.5168214701402063
0.5140587674730279
0.5103783273359482
0.508554960087572
0.5076466026788703
0.504918086256444
0.5012860418743303
0.49948242234937973
0.4985848703188649
0.49588871567798426
0.4923026648655918
0.4905273670876265
0.48964488219610547
0.4869938811088594
0.483470790096772
0.4817240370824973
0.48085673365517506
0.478251204393633
0.47479146178096693
0.4730777328567451
0.4722278221742863
0.4696743892771353
0.4662867130060539
0.4646086697612652
0.4637774585695577
0.46128002582297345
0.45796951396434227
0.4563296624279542
0.45551837769086495
0.45308060856047355
0.44985203328007256
0.44825339947729664
0.44746352053566185
0.4450898378159691
0.44194896439251147
0.4403930322795116
0.43962528507747134
0.4373178435400575
0.4342674608557258
0.4327567969456146
0.4320124391096037
0.4297749927595802
0.4268199972504637
0.4253562230244867
0.4246360561560075
0.42247098436734504
0.4196144834415138
0.41819920895819235
0.4175040360950235
0.41541371963136553
0.412658839733278
0.4112940060004303
0.41062479643146726
0.40861211352783605
0.4059626429986386
0.40464989296933007
0.4040074778398709
0.402074886242312
0.39953407628193627
0.39826899857652026
0.3976513291902201
0.39579258805408984
0.39335247100265336
0.39215105965774577
0.39156582424996944
0.38980407670986067
0.38749462844620497
0.38634789355778437
0.3857908648952331
0.3841132816378438
0.38191802473400205
0.380828901675604
0.38030155321953096
0.3787125007951703
0.376637174004398
0.3756091410447773
0.37511318746153216
0.37361776031391747
0.37166898726988135
0.37070262494946776
0.3702384222812145
0.36883759332161015
0.36701671800303043
0.36611392338557947
0.3656824480227328
0.36437905608134147
0.3626897939713582
0.3618521366252732
0.3614542170608395
0.36025063832229665
0.35869610820914355
0.3579253095241304
0.3575618499571558
0.3564606740982631
0.35504425615062996
0.3543423528134713
0.3540144026181161
0.35301864619333245
0.35174423624983414
0.3511130649017283
0.35082158828416327
0.34993398917678725
0.34880512137997477
0.3482463281616989
0.34799221990637036
0.34721527531052604
0.346235191549518
0.345750708364532
0.34553500201305243
0.34487160617897644
0.3440440332572549
0.3436357716241612
0.34345951267920405
0.34291255885865696
0.3422412314497665
0.34191121700146515
0.34177552526668986
0.3413480911981124
0.34083698078627384
0.34058732175066153
0.34049339040292137
0.340188720467848
0.3398420325800536
0.33967501200965905
0.3396241598000259
0.3394458096318071
0.33926817513469426
0.33918633038153967
0.3391800578811268
0.3391320406274029
0.33912872377313763
0.3391349933378293
0.339175082706238
0.33926213218715356
0.33943940146947216
0.33953739857657006
0.3396260991955666
0.3398541608745599
0.3402199818722666
0.3404145481219075
0.3405549476743259
0.3409321634252091
0.3414975819840099
0.3417960239468162
0.3419928850894951
0.34253180791725574
0.34331406605525094
0.3437294508756151
0.3439914717965615
0.34471502414354394
0.3457459573014984
0.34630915582500876
0.3466574644722668
0.3476211437990384
0.34897860877088976
0.34983226645535836
0.3503711939273855
0.3518445098866155
0.35391107538876937
0.35401059030645743
0.35537267997491895
0.3572537861153397
0.3573280646741754
0.35852893180583834
0.36017083806174105
0.36032881621289725
0.36072770088194467
0.361860866045102
0.36340109655208613
0.3636717049577897
0.36404928443335643
0.365127480241739
0.3665868884426953
0.3672448344558081
0.3676034725657886
0.3686318269043973
0.3700190629769206
0.37064907497934313
0.3709894470423723
0.37196867998022315
0.37328623216812196
0.3738828978538916
0.3742027400899226
0.3751257576405223
0.37636511337264367
0.3769226651198165
0.3772194101460924
0.3780783834726032
0.379229868837428
0.3794466993560816
0.3797182077093465
0.3805065322733444
0.3815620880722832
0.3816989832931666
0.381942017922575
0.3826500179057493
0.3835971827404602
0.3837677187598227
0.3839880150096101
0.3846314723450162
0.3854917576129189
0.3859547741822098
0.38619785465400863
0.3869060573936371
0.3878527140686495
0.3883512998786963
0.38861388245176287
0.38937724701093096
0.39039745496405415
0.3909301436025692
0.391211587017901
0.3920280793170315
0.39311922373170305
0.39369498497692623
0.394000525717435
0.3948846021741128
0.39606621298964567
0.3967081467865933
0.3970512065558945
0.39803988653197997
0.39936176128070394
0.4001118284479354
0.4005173271614433
0.40167848207289225
0.4032318480241925
0.4041476807004811
0.40465148680719965
0.4060804490747813
0.40799347361842286
0.40905509525194145
0.4096473140128526
0.41131395206145277
0.4135463857234953
0.414787631522133
0.415491617050768
0.4174547810676194
0.42008419403499797
0.42160132576285125
0.42248297942276025
0.42490838230553446
0.4281518646929165
0.4300881452601306
0.4312530478897228
0.4343942088607358
0.43857504193085084
0.44116793332293197
0.4428117377433256
0.44711068715973085
0.4527653840689688
0.45651237556712937
0.45912664580456414
0.46560844856987815
0.4738655687973217
0.4777910853341136
0.48045191284627703
0.48697111768048246
0.49516048188574485
0.49910003879892406
0.5018247193722212
0.5083790246134502
0.5164838997735552
0.5208319126959803
0.5241417951942504
0.5317148996312883
0.54068676360474
0.5451751981055386
0.5488042227886931
0.5567209453681584
0.5657040308110842
0.5698787147893773
0.5733216985678872
0.5805911315266614
0.5886648289838952
0.592399634623311
0.5956607094471842
0.6023148060606365
0.6095520325060894
0.6128897588783746
0.6159942291967639
0.6221119540955068
0.6286264644672842
0.6316220563050311
0.6345969305684497
0.6402614314492102
0.6461663056166895
0.6488735615835882
0.651744182613074
0.6570329239056978
0.6624302759026534
0.6648971348689061
0.6676855326239549
0.6726655642038194
0.6776420787512001
0.6799087787512538
0.6826331080384295
0.6873596050976252
0.6919857208946472
0.6940846604392236
0.6967592988810469
0.7012760233682143
0.7056071556428476
0.7075636366697069
0.7101996142544695
0.714540307312133
0.7186189772716337
0.7204523010358612
0.7230578492611978
0.7272479345428742
0.7311061210343951
0.7328307366407145
0.7354118384334111
0.7394700965339197
0.7431314499076136
0.7447580068209849
0.7473188902259946
0.7512589457032008
0.754740707824925
0.7562769537416077
0.7588205087593471
0.7626520761352538
0.7659666654061086
0.7674181793147038
0.769946296535081
0.7736761863359469
0.7768324643420738
0.7782032377259014
0.7807170763406561
0.7843499869521428
0.7873542477541486
0.7886471357955953
0.7911473317636002
0.7946864611377539
0.7975431906584145
0.798760256869276
0.8012470822544646
0.8046945934680622
0.8074070441702188
0.808549820020242
0.8110233034381701
0.8143806744229701
0.8169512946214562
0.8180209726140066
0.8204809891719926
0.8237492720609384
0.8261800224570459
0.8271775977810012
0.8296239352794228
0.8328039459472818
0.835096529578939
0.8360229024259841
0.8384553091229645
0.8415477631558331
0.8437037894260667
0.8445598375036767
0.8469780554335118
0.849983663076877
0.8520047619920703
0.8527913907012399
0.855195177394804
0.8581147069931442
0.8600026061704439
0.8607212596593967
0.8631094110106247
0.8659427667343735
0.8676994339101194
0.868349784627456
0.8707238212589942
0.8734736656426281
0.8751010370066284
0.8756856346003122
0.8780445417684913
0.880711138012473
0.8822115255214119
0.8827310858022108
0.8850747946611758
0.8876594368211264
0.8890352878862074
0.889491133992896
0.8918196424493151
0.89432378046328
0.8955777208839195
0.8959712694654308
0.8982846300137861
0.9007098515263143
0.9018446736975815
0.9021774212369568
0.9044757382094493
0.9068237575263122
0.9078424039211657
0.9081159177216079
0.9103993438597089
0.9126719889574767
0.913577533349572
0.9137934416736401
0.9160621741533863
0.9182613724938249
0.919056999902468
0.9192169817559127
0.9214712578660347
0.9235990215907114
0.9242880079327838
0.9243937826347689
0.9266338753900066
0.9286922865467689
0.9292779783590152
0.9293312955099882
0.931557509142007
0.9335487050841476
0.9340344999948474
0.9340371296478385
0.9362497952885626
0.9381759547381933
0.9385652828259754
0.9385190062558317
0.940718477782389
0.9425818076781617
0.9428781139118927
0.9427847152212336
0.9449713651196269
0.9467740881064397
0.9469808163880991
0.9468420742855416
0.9490162900656558
0.9507606333372056
0.9508812113807541
0.9506988923979501
0.9528610729841641
0.9545492576810143
0.9545870840511739
0.9543629355975815
0.9565134883389468
0.9581477204440992
0.9581061521816935
0.9578418974597399
0.9599812348295358
0.9615636964531454
0.9614460391259299
0.9611433712885177
0.9632719086203653
0.9648047509722804
0.9646142488350112
0.9642748276663008
0.966392980165739
0.9678783168003792
0.9676181450953283
0.967243591614213
0.9693517740213738
0.9707916760045012
0.9704649344755795
0.9700568306345477
0.9721554520845961
0.9735519418882238
0.9731616491981994
0.9727215317000537
0.9748109979042956
0.9761660470669994
0.9757151359084418
0.9752444966096816
0.9773252063278809
0.9786407316782979
0.9781320452816605
0.9776323312789241
0.9797046731145662
0.9809825326201447
0.9804188240979054
0.9798914296456891
0.9819557870925376
0.9831977817754203
0.982581707083637
0.9820279817422319
0.98408472698719
0.9852925958887323
0.9846267187548926
0.984047963489705
0.9860974552117185
0.9872728741438618
0.9865596639260971
0.9859571219594742
0.9879997158600008
0.9891443033471183
0.9883861293718408
0.9877610097126129
0.9897970387762669
0.9909123450105993
0.9901114871782539
0.9894649319831507
0.9914947317192095
0.9925822526996406
0.9917408906223055
0.9910740125253419
0.9930978921318185
0.9941590558606419
0.9932792822312679
0.9925931399114242
0.9946114000050883
0.9956475699245714
0.9947313990993937
0.9940269836587533
0.9960399246725739
0.9970524171412821
0.9961017489129578
0.9953800270241323
0.9973879366071672
0.9983780149359299
0.9973946509856467
0.9966565569648334
0.9986597056068891
0.99962855982189
0.9986142555716433
0.9985710444352146
0.9998574000544246
1.000441130803246
0.9999999996522791