0.235165448946704
0.23517660590641207
0.23518218537957755
0.23519892420633565
0.23522124645967035
0.23522406084816996
0.2352266169217797
0.23522718044977267
0.2352296223053753
0.23523079445638365
0.23523137343518818
0.23523311384712958
0.23523542978729392
0.23523674669527886
0.2352374051271289
0.2352393804292305
0.23524202273958458
0.23524333123995658
0.23524399055172152
0.23524597243429785
0.23524859336924
0.23524999266669613
0.235250688609197
0.23525276397842687
0.23525556512797674
0.23525698390235453
0.2352577029637203
0.23525986015555292
0.23526273647227575
0.23526709886935596
0.2352692802190073
0.23527585042946259
0.23528449401060827
0.23528590331347102
0.2352890405218175
0.23529059958391424
0.23529522093372357
0.2353015737441393
0.23530297834574807
0.23530472012619105
0.23530560349643764
0.23530825361861127
0.23531177580075968
0.23531384334878647
0.23531487365140863
0.23531796457465096
0.23532211255972668
0.2353241145247528
0.23532512372319733
0.23532815133323892
0.23533216224229447
0.23533423898524106
0.23533527170548288
0.23533836371475325
0.23534249478078392
0.235344937553415
0.23534615905165382
0.23534980897984314
0.235354725525553
0.23535722024097774
0.23535848101210657
0.23536226334819804
0.23536730665110847
0.23536995188281143
0.2353712781776304
0.2353752570871166
0.23538057962674488
0.23538359221936261
0.23538509708498845
0.23538962975254196
0.23539564941894225
0.23539897170286087
0.2354006240533679
0.23540556143369007
0.2354122122140179
0.23541539487436053
0.23541699959339166
0.23542181378690158
0.23542819167904572
0.23543121957400748
0.23543272088898354
0.23543722486611965
0.23544323043598364
0.23544696657350936
0.23544883893160243
0.2354544671959549
0.23546188675427893
0.23546561332576604
0.23546746945754998
0.23547300489255776
0.23548043009138148
0.23548475681325468
0.23548693126990902
0.23549345470619057
0.23550212521989955
0.23550667038172848
0.2355089294796541
0.2355157472610964
0.2355246700183208
0.23552559087778532
0.23552750364727437
0.23553325340980943
0.2355409049238087
0.23554594687821903
0.2355484624442975
0.23555597932114183
0.23556610467710584
0.23557200530340486
0.23557497306556618
0.23558396483663288
0.2355956135873475
0.23559645550576577
0.23560388516954603
0.23561379211644454
0.2356299680051646
0.23563805802118326
0.23566242495980647
0.23569438696478917
0.2357040368837579
0.23570985362355634
0.2357127199902948
0.2357212852467171
0.23573285916568992
0.23573854099037703
0.23574143504624306
0.23575010023422902
0.23576160385174139
0.23576745921140368
0.2357703646396124
0.23577904666399452
0.23579081531787477
0.2357932131380392
0.2357959790027283
0.23580429303463643
0.23581521911392295
0.23582076022547968
0.23582347957552469
0.2358316377284065
0.235842516147208
0.23586271454406324
0.23587283936631112
0.23590291675155622
0.23594431394703425
0.23594944576212987
0.2359542109500003
0.23596861953351697
0.2359874441367364
0.23599641119330061
0.23600077569781475
0.23601384372949527
0.23603152258540502
0.23603935302063803
0.23604335503998364
0.23605526740103863
0.23607142635486716
0.23607975157070157
0.23608401520621003
0.23609670639352856
0.23611402964985054
0.2361220300103828
0.2361261418111801
0.23613855002072848
0.23615489875865459
0.23616359473378182
0.23616788708221925
0.23618081477852415
0.23619788186166615
0.23620789936791395
0.23621285788529855
0.23622782112911944
0.23624741147646783
0.23625748049024453
0.236262387795522
0.2362772254429412
0.23629679993232983
0.23630794554228932
0.23631349020548859
0.23633009223278778
0.2363522053549974
0.236364157734203
0.23637009559278047
0.23638811840481394
0.23641150962505095
0.23642414020077093
0.23643031557379357
0.23644877035045891
0.23647332228305706
0.23648508304931554
0.23649090071534629
0.23650849017303163
0.23653162364576794
0.23655220998493115
0.2365623825114116
0.23659325798917616
0.2366334673008661
0.23665405272532047
0.2366641153919009
0.2366940710144385
0.23673520051753172
0.23675402184857683
0.23678529078641897
0.23679931895741546
0.23680656243486778
0.2368285037301834
0.2368571348687259
0.2368740887379041
0.2368823852898479
0.23690732386169333
0.23694051920993142
0.23695628841836558
0.23696420309643906
0.23698772035138968
0.23701986503279748
0.237034951059452
0.2370426819157176
0.23706596459518417
0.23709699210882426
0.2371145245387401
0.23712328962056373
0.23714968670483552
0.23718454785275908
0.2372048292000343
0.23721484957854452
0.2372451428967893
0.23728512210074562
0.23730568983839406
0.237315952308919
0.23734662396894204
0.23738743589933045
0.2374074559133817
0.23741738531861326
0.23744734528562875
0.23748671706822264
0.2375103807166096
0.23752208576058007
0.2375568698088413
0.2376045507191358
0.23762565106995515
0.23763659337631896
0.23766923579975544
0.2377132797465327
0.2377412229307777
0.23775525518094132
0.23779751423089673
0.23785366926287996
0.23789242534353533
0.2379117148042932
0.23796969744141647
0.23804666986958478
0.23808604017842702
0.2381056374495315
0.23816443443939497
0.23824239988592372
0.2382550823240321
0.2382718087702859
0.2383223671714733
0.23838812504481008
0.23839705790324062
0.23841205424842718
0.2384570463169087
0.2385170622828464
0.23854794696370696
0.23856341693169453
0.23861000237084826
0.2386711841305361
0.23870252706398634
0.2387179866281395
0.23876445420378867
0.23882578354246045
0.23886054371270715
0.23887777635381552
0.2389295734335588
0.23899773728328322
0.23903117654759976
0.23904764973060194
0.239096710781133
0.23916321316310882
0.23919818319880026
0.23921602978421988
0.23926947585010006
0.23934090575894582
0.2393774904044844
0.23939583180258148
0.23945055973528842
0.2395241719508905
0.23957150957221904
0.2395952654766878
0.23966667055400648
0.23976149007394043
0.2398191745920995
0.23984792385060963
0.23993387081390757
0.24005030182045664
0.24006409160678416
0.2400912375555083
0.2401725389492701
0.24028090703966046
0.2403391808637698
0.2403682483882965
0.2404557738673264
0.2405708367539295
0.24059421290295646
0.2406242944662839
0.24071375077181398
0.24083587689868968
0.2408899563884922
0.24091780842605298
0.24100181740815607
0.24111178392364876
0.24116842735480273
0.24119637183268364
0.24127918905797896
0.24139260993984563
0.24145188655187905
0.24148232260797725
0.24157316574316182
0.24169569639706762
0.24176902235286696
0.241806024720793
0.24191724312691035
0.24206543550085405
0.24217107230764262
0.24222403009000004
0.24238157629284532
0.24259723038515096
0.24263170563593375
0.24279991219693808
0.2428785839064275
0.24300102506327753
0.24307621007503494
0.2431135845474669
0.243226486798083
0.2433757889769339
0.24347465475398108
0.2435237507172058
0.24367131791486402
0.24386855411898972
0.24398006315557155
0.24403574591507907
0.24420394612553334
0.24442653034033568
0.24455015145830614
0.24461165538735452
0.2447960662596435
0.24504288575350086
0.24518399843000063
0.24525458653596183
0.2454671052933689
0.24575159685516837
0.24575863121295177
0.2458152839462629
0.24598460507416636
0.2462133551513972
0.24632982681504997
0.24638897162223067
0.24656575110913306
0.24680307126849985
0.2469714959246015
0.24705600874930578
0.24731122666833386
0.24764646027601853
0.24767730991604955
0.24778750856187598
0.24811928411556894
0.2485617056976964
0.24878052648910692
0.2488899089718528
0.2492196986524584
0.24965672741848197
0.24974183101505054
0.2500420004291612
0.25017602565298414
0.2502448126565494
0.2504501769550724
0.2507284744385207
0.25086507136182057
0.25093465302598467
0.2511431588777781
0.2514227370426924
0.2516046926343979
0.25169630045690145
0.25197025359564357
0.25233981228544583
0.25252279804079153
0.25261575040510914
0.2528941325008196
0.2532662056640491
0.25345970315974026
0.25355659283429094
0.25384718244070875
0.25423636732312177
0.25449095355800766
0.2546190438265813
0.25500378426652676
0.2555171444566057
0.2558479931058608
0.25601360343986546
0.25651209807498043
0.25717734547637977
0.25761870924188285
0.2578405415748732
0.2585075110936235
0.25939475431943954
0.25972225264757126
0.2603649628357668
0.2605018215034621
0.2607100287941271
0.26133256393486254
0.2621770756858461
0.26242341301343497
0.2630346059695358
0.26336522399769896
0.26353191633881995
0.26403234442688345
0.2647025040914165
0.26513910657803597
0.26535878169698407
0.2660198841597705
0.26689901528436355
0.266938746211549
0.2674433854824005
0.2681169260044757
0.2685403214244782
0.26875264831855505
0.2693901930329181
0.2702448877095014
0.2707733089422171
0.27103937963795993
0.2718392842923598
0.2729085414413502
0.2734119807487753
0.27366373995841803
0.2744209055523818
0.2754338503145595
0.27607769721562275
0.2764018862804674
0.27737620336424845
0.27868376344416473
0.27955467260387784
0.2799944562405528
0.28131590889938574
0.2830966117195962
0.28333724545135014
0.28443553376508357
0.28591964527995817
0.2860844318625974
0.2871742906344035
0.28863579626346786
0.28937625237565345
0.2897487437654076
0.2908672517784591
0.2923738634653013
0.29308535073286834
0.29344494731778276
0.2945246942852122
0.2959771403122694
0.296793346172259
0.29720550559305065
0.2984433702767035
0.30011249028529585
0.3008688611512036
0.30125126546738534
0.30239963994628316
0.3039455119064528
0.30479399405125573
0.3052226897825453
0.30651212254453025
0.30824405071770294
0.3093479138070078
0.3099058149911868
0.31158291603636057
0.3138466321690643
0.3144861068511679
0.3152123147446923
0.31739711177502916
0.3203556147114582
0.3211669600767942
0.3234912427738368
0.3245792959513658
0.3251295110555633
0.32678349704433823
0.3290151922984321
0.33006037019638435
0.33058899539765435
0.3321774681118172
0.33432070984310003
0.33535278958083325
0.33587502856282814
0.3374448649842199
0.339559087879776
0.3408910879162529
0.3415657521243629
0.3435950148998971
0.3463358543745217
0.34763767691475467
0.348296516423692
0.3502783731257006
0.3529528987507804
0.3543510817279654
0.35505915542021765
0.35718809333727347
0.36006746122852307
0.3604470567755815
0.3611121362748947
0.36311232005013133
0.3658127889160089
0.3671842510401125
0.36787885673171394
0.3699684244496629
0.3727885537328617
0.37438005375241
0.37518704422605886
0.3776149825991524
0.38089953396622606
0.382465728614369
0.3832596905561621
0.3856482090199769
0.38887966424406056
0.39042685357838114
0.39121145857366485
0.39357191251911783
0.3967637863549322
0.3984115073150451
0.39924767223687885
0.4017632746256706
0.4051688728050656
0.40684942736507185
0.4077026769811512
0.41027017803588106
0.41374554967637184
0.4155683375074623
0.416494590646202
0.4192820421509697
0.423060931424313
0.4249150116341669
0.42585764468538323
0.4286945871623226
0.43254029598009414
0.4345428960698359
0.4355620055268341
0.4386296244942211
0.4427932850679678
0.44487123110386906
0.44592915952809414
0.44911402827564867
0.4534382397360351
0.4556225669401087
0.4567353112367512
0.46008538727806114
0.4646366378258724
0.4669283155778262
0.4680962747330384
0.4716130233934582
0.47639255089285176
0.47880525082477726
0.48003533319571323
0.4837394167856487
0.4887759127218707
0.49129533536194386
0.49258011482956127
0.49644901005122233
0.5017106162135267
0.504360707711603
0.5057123482692768
0.5097830930051261
0.515320295870371
0.5181133304469612
0.5195380000649884
0.5238292761855916
0.5296673025143688
0.5326225457228263
0.5341300895110027
0.5386714021266191
0.5448516025302513
0.5479354843467013
0.5495084783176494
0.5542473544938953
0.5606955611622876
0.5639635356850358
0.5656304535777258
0.5706530955341346
0.5774886173929354
0.5809440008860517
0.5827064244504909
0.588017558333995
0.595246628904398
0.5988987881922585
0.6007614679531017
0.6063755205139362
0.6140177570696919
0.6178704062981185
0.6198351312385466
0.6257574292775012
0.6338200683873284
0.6378694895588303
0.639934263551739
0.6461587994058896
0.6546328278300649
0.6588982520797003
0.6610728596364924
0.6676292764486853
0.6765553820034466
0.6810447782111642
0.6833331905623807
0.6902334728417958
0.6996277442780359
0.7043558157393659
0.7067654665725798
0.7140322114818692
0.7239252033807569
0.7289066966481941
0.7314449851393836
0.7391005063880044
0.7495228254860166
0.7547552466132508
0.7574207084218387
0.7654605990374199
0.7764050474705045
0.7819153104457789
0.7847215702486396
0.7931871520939773
0.8047102279550702
0.810510763896707
0.8134639748660525
0.8223738714959817
0.8345005129719175
0.8406014903063789
0.8437066054121094
0.8530758495015729
0.865825739388344
0.8722493334560916
0.8755174494366343
0.8853796340742826
0.8987985797450236
0.9055414850853228
0.9089706138077335
0.9193196609504026
0.9333979818411945
0.9404805498527147
0.9440808028762352
0.9549474888887839
0.9697264354966272
0.977170308543256
0.980952417280217
0.9923692139683514
1.007892803357696
1.0157010674029112
1.0196662680600979
1.0316369672173893
1.0479089644805724
1.0561019107215934
1.0602601886015466
1.0728150917113792
1.0898762434116462
1.0984600320500342
1.1028141461505758
1.115961624068795
1.1338220462413067
1.1428144850381912
1.1473731039910582
1.1611395500418027
1.1798341646389752
1.1892526395623355
1.1940241701761598
1.2084350815961677
1.2279977585377426
1.2378492302657755
1.242836742940799
1.2579015260359179
1.2783434751230784
1.2886440828772314
1.2938552498146683
1.309597233221279
1.330948935153626
1.3417106639950722
1.3471509965992894
1.3635869764211608
1.385869739139972
1.3971015982017756
1.4027750318274617
1.4199170401543246
1.4431453702884405
1.454858762737041
1.4607703574821085
1.478633887780077
1.5028268622359342
1.5150315490093353
1.5211854459468543
1.5397832064324668
1.5649559211577457
1.5776501646077556
1.5840445865639778
1.6033713183638085
1.6295139949078292
1.64267593973123
1.6492988797173287
1.6693182261673856
1.6963783853086112
1.7101075398420686
1.717008272287434
1.7378705297329626
1.7660511496266784
1.7802840550912151
1.7874293156225498
1.809033512735883
1.8381931097784863
1.8529268790327404
1.8603139644954643
1.8826522672923653
1.912777025883253
1.92799835716161
1.935619298766137
1.95866791730426
1.9897222304054998
2.0054364733990027
2.0132925788497986
2.037056092089731
2.069042971610174
2.0852339416624996
2.093315671449916
2.1177657070280387
2.1506432951430057
2.167291314996333
2.1755873485600796
2.200690218312565
2.234409564612022
2.251502377020868
2.2600050295705145
2.285738264689174
2.3202657109982296
2.3377742772127657
2.346467517458103
2.3727833205598463
2.408051096414094
2.425945553278157
2.4348129299501697
2.4616623570971146
2.497601399733539
2.51585303749077
2.5248786474745093
2.5522145761166244
2.5887584963445405
2.6073313578114012
2.616495733039049
2.644260302621112
2.6813285234496567
2.700185558403473
2.709468678893256
2.7376024958368683
2.7751126450039516
2.794213285023426
2.8035934033262646
2.832031947832668
2.8698950484541697
2.889197747550883
2.898652609446004
2.9273299703809736
2.965455406681367
2.9849183978392477
2.9944255804370097
3.0232754966008915
3.0615723264809502
3.081157254717523
3.090695842259514
3.119656857740571
3.1580404947205847
3.1777159268114863
3.1872680552630293
3.21628830953623
3.254686555203191
3.2744375012955906
3.283992602808238
3.3130429893744844
3.3514128157785046
3.371259740763982
3.3808229129268788
3.409923126308877
3.448283752576147
3.468330324898926
3.477943216636113
3.5072269121113857
3.545742532200952
3.56633227866352
3.576141158155077
3.606068770641082
3.6453187227639177
3.667940033144957
3.6785842378297393
3.7111612942446843
3.7536849869786484
3.7773226207071664
3.7883064882428106
3.8220236374585856
3.8657908869665185
3.8757975177668254
3.9064510591849295
3.9082441919744433
3.9145717005984193
3.933853521858614
3.9590030333717174
3.9633481768008316
3.9687083385659423
3.9850197032180628
4.006298763111942
4.015784897921416
4.020308897106666
4.034057617296547
4.051991823368705
4.060139922236158
4.064028610041442
4.075833559883903
4.0912223556275364
4.098201911953068
4.101534567868835
4.111639899846873
4.124799533703651
4.130731852476113
4.133564433808909
4.142142778150085
4.153296312249437
4.158269350144238
4.160642337100617
4.167819220013461
4.1771295324880855
4.178736595852507
4.180708895697331
4.186666282185211
4.194377271807454
4.1950729689718305
4.196666074402739
4.201472189325414
4.207681371733657
4.210667642830234
4.212077685825577
4.216327932833597
4.2217748866617635
4.224650050668943
4.225978176352374
4.229977098478801
4.235010205547397
4.237565429461208
4.238705098134167
4.242129758025835
4.246302267893814
4.2483609246059295
4.249213354949836
4.251766967441578
4.254652844742486
4.255995379745174
4.256431644342772
4.257729964885182
4.258764372904903
4.25901754378801
4.2588194467352025
4.2582127755470776
4.256442005903254
4.254914153731812
4.253701148530013
4.250053443812721
4.243859411213837
4.239653071625185
4.237017625769125
4.229100362005509
4.216932062584193
4.209398631780843
4.2050992472408
4.192150685657715
4.1732069786570305
4.16129390934403
4.154836729049844
4.135306432835475
4.107546638940179
4.08935204438203
4.079890358453835
4.051075432864062
4.010995212469512
3.9845988744999663
3.9714887031882373
3.9310918310792626
3.8761429150138547
3.8316515365627732
3.8111524173525675
3.7460658217839846
3.6602379322718486
3.6504056195641352
3.633278857806216
3.5783080736247026
3.5072054523057354
3.469178089264
3.4531029397256834
3.400491714094632
3.3334836989729615
3.2892918628920227
3.272148625814006
3.2131643052702077
3.1402499296925668
3.0963958206082336
3.080877690179587
3.024599587363364
2.956644159844207
2.9183635885198767
2.9056829506733606
2.857914451921864
2.8006273605883254
2.767459631559771
2.757034781795163
2.716205676613304
2.667439134987929
2.6383908308812325
2.6297148819326366
2.5943510231166016
2.552230987865577
2.526461133266612
2.5191378006229277
2.4880692256920915
2.4511436529982094
2.427982770988026
2.421707931747115
2.3940272080506535
2.361186521760906
2.340114397967453
2.3346578531820787
2.309671833879287
2.280077211585631
2.260696133988142
2.2558855542485046
2.2330708700042745
2.2060935799375394
2.188102748070644
2.1838100866749897
2.162774462302563
2.1379454717280897
2.1211185215359305
2.1172488898625095
2.0976989011462424
2.074668126378459
2.0588344572047474
2.0553173296819125
2.0370325804413723
2.015537018603221
2.0005669936850867
1.9973494951312525
1.9801627226160383
1.9600023615493785
1.9457960501396423
1.942837987861927
1.9266202457631945
1.907640372388058
1.8941192623983436
1.8913895340733646
1.8760394394852968
1.8581179172564277
1.8452189546346598
1.8426929898296214
1.8281290522327172
1.811167289595501
1.7988386510927787
1.7964966036297831
1.7826518037421435
1.7665683827921823
1.7547664977598292
1.7525919722938725
1.7394099442674265
1.72413613255038
1.7128235872048552
1.7108027416923879
1.6982350828772748
1.6837116661823799
1.6728557252161866
1.67097663660869
1.6589810056440317
1.6451560442694955
1.634727602861085
1.6329798169105658
1.6215185821922715
1.608345812666832
1.5983186486960739
1.5966928586114124
1.5857321314849253
1.57316982013264
1.563520056521107
1.562007871910963
1.551516809620811
1.5395269232936886
1.530232638310625
1.5288264174532973
1.5187767161100163
1.5073243163628374
1.4983652593411034
1.4970579858633584
1.4874235083927592
1.4764763039667261
1.4678440815348337
1.4666285159135997
1.457395850643177
1.446932050237699
1.4385920433872297
1.437463526931467
1.4285888031336922
1.4185641934437785
1.410504118257226
1.4094564023549507
1.4009293324152994
1.3913261469868365
1.3835338729396938
1.3825617060242188
1.3743625940173845
1.3651564152626467
1.357617548096863
1.3567160259622664
1.3488262891205067
1.3399941365295058
1.332695125566839
1.3318596555284692
1.324261854953042
1.3157821652649466
1.3087102791571967
1.307936556662071
1.3006143177233411
1.2924668467228548
1.2856101190940599
1.2848941076514409
1.277832048901908
1.2699977841121406
1.2633449647238464
1.2626828782220518
1.255866548037891
1.2483276305513014
1.2418681410023704
1.2412564278869063
1.2346722469232976
1.2274119004832151
1.2211357934873168
1.2205711223887787
1.2142063308873448
1.2072087965056937
1.2011067184920496
1.2005859650079647
1.194428574014165
1.1876790500200525
1.1817422058447828
1.1812624402904013
1.1753011863626108
1.1687857714441585
1.1630058921502875
1.1625643681302475
1.1567886706373376
1.150494311759028
1.1448636230482243
1.1444577667137228
1.1388576878842323
1.132772129959041
1.1272833239601499
1.1269107238980431
1.1214769312775126
1.1155886711871421
1.1102348782807656
1.1098932760500568
1.104617006516509
1.0989152482580669
1.0936900112108718
1.0933772922528082
1.088250318476786
1.0827249316363952
1.0776221816009333
1.0773363667278093
1.0723509661698685
1.0669924452944834
1.0620064794091355
1.061745716823234
1.056894640355476
1.0516940699833999
1.0468195274282497
1.0465820849951244
1.0418585293159301
1.0368075459311523
1.0320393891985418
1.0318236471143267
1.0272212279039619
1.0223119879079616
1.0176454818175442
1.0174499262432204
1.012962651321688
1.0081878008263199
1.0036184943876763
1.003441710368306
0.9990639578303673
0.9944166010325812
0.989940309920878
0.9897809755206319
0.9855074700814525
0.9809811347975375
0.9765939301010904
0.9764508107415186
0.9722766018830582
0.9678652292544592
0.9635634114278809
0.9634353545013689
0.9593557972851207
0.9550537024480505
0.9508337922552408
0.950719721738031
0.9467304554075627
0.9425323029347209
0.9383910345425535
0.9382899457447632
0.9343868799238441
0.9302876760599401
0.9262219644088681
0.9261329222310788
0.9223122146429927
0.9183072462061175
0.9143142169789485
0.9142363468896735
0.91049438496197
0.9065793124175577
0.9026562013343057
0.9025886868315836
0.8989220978314479
0.8950927385650466
0.8912370279668782
0.891179109282473
0.8875847144575494
0.8838372340247251
0.8800464722506429
0.879997445078085
0.8764722402418447
0.8728030242683993
0.8690749304675492
0.8690341302862417
0.8655753237517347
0.8619809586888559
0.858313395517033
0.8582802109812611
0.8548851796169642
0.851362401482807
0.8477534167198396
0.8477272670594083
0.8443935513870052
0.8409393845689281
0.8375707855383034
0.8375049564880522
0.8343990995556568
0.831100266728324