0.23517881391895243
0.23518997538890823
0.23519555711781334
0.23521230271405064
0.23523463399879718
0.23523744951369752
0.23524000662483363
0.2352405703774521
0.2352430132248065
0.23524418584542867
0.23524476505864228
0.23524650617403273
0.23524882305192288
0.23525014049300474
0.23525079919140973
0.2352527752932077
0.2352554186703845
0.23525672770303654
0.23525738728123746
0.23525936996337785
0.2352619919632492
0.23526339182319048
0.23526408804673157
0.23526616425840707
0.2352689665332346
0.23527038588845386
0.2352711052408008
0.23527326330561432
0.23527614078640174
0.2352805049491365
0.23528268718170922
0.23528926004276124
0.23529790715218135
0.23529931700886308
0.2353024554798349
0.23530401517274385
0.23530863841198027
0.2353149937529315
0.23531639894530482
0.23531814143999852
0.23531902516809636
0.23532167636388027
0.23532519997699433
0.23532726836100976
0.23532829908144723
0.23533139125821315
0.2353355409163584
0.23533754369771143
0.23533855330480652
0.2353415821408739
0.23534559468332217
0.23534767226395073
0.23534870540273017
0.23535179866733852
0.23535593140781094
0.2353583751709127
0.23535959716442012
0.23536324857769064
0.23536816710661282
0.2353706628422384
0.23537192412426236
0.23537570799315444
0.23538075334007588
0.23538339964833224
0.23538472648166986
0.23538870700684006
0.23539403170199946
0.23539704552078916
0.23539855099946022
0.23540308550734687
0.23540910762654196
0.23541243125290137
0.2354140842741753
0.23541902366586948
0.23542567713235163
0.2354288610944072
0.23543046646510696
0.2354352826138102
0.23544166311096315
0.23544469222707176
0.235446194151939
0.23545069995891266
0.2354567079689539
0.23546044562601962
0.2354623187441913
0.23546794928967218
0.23547537188523232
0.23547909996054558
0.23548095684389456
0.2354864945319551
0.235493922737979
0.23549825122720452
0.23550042656825598
0.23550695265807314
0.23551562670905363
0.23552017371431486
0.23552243373327597
0.23552925428051602
0.23553818071671842
0.235539101915914
0.23554101546556716
0.2355467675695164
0.23555442220516778
0.23555946620901877
0.23556198279962112
0.2355695027487812
0.23557963220813646
0.23558553525553347
0.23558850422940536
0.23559749964132512
0.23560915322844672
0.23560999542653388
0.2356174281198583
0.2356273391072237
0.23564352159534202
0.23565161491236017
0.23567599176428516
0.23570796696766944
0.2357176207566065
0.2357234398442379
0.23572630738262065
0.23573487615261832
0.23574645476660006
0.23575213894777997
0.23575503418510832
0.23576370291710455
0.23577521125848708
0.23578106899866577
0.23578397561600115
0.23579266120639542
0.23580443462750794
0.23580683347142256
0.2358096004675664
0.23581791789534093
0.23582884849453212
0.23583439184219127
0.23583711230746204
0.23584527380656334
0.23585615668829316
0.23587636337494866
0.23588649234543058
0.23591658216557895
0.23595799603322867
0.23596313019600965
0.2359678973478322
0.23598231183142004
0.23600114428281752
0.23601011495005383
0.23601448125334112
0.23602755468124853
0.23604524075017458
0.23605307446344884
0.23605707812714954
0.23606899541697882
0.23608516096124998
0.23609348967150393
0.23609775506042885
0.23611045150350618
0.23612778179396482
0.23613578553952486
0.2361398990396458
0.2361523123526419
0.23616866788664795
0.23617736741498885
0.23618166153712478
0.23619459455882252
0.2362116687357109
0.23622169035318805
0.23622665092370437
0.2362416203338389
0.23626121888606047
0.23627129198981636
0.23627620133309118
0.2362910451030386
0.23631062774769923
0.23632177794815612
0.23632732490551633
0.23634393381566224
0.23636605611887498
0.2363780134406649
0.23638395376893517
0.23640198400490722
0.2364253850922706
0.23643802080104795
0.23644419873308034
0.2364626611853563
0.23648722335536732
0.2364989889800158
0.23650480907217677
0.23652240581876938
0.23654554899707864
0.23656614385069724
0.2365763206292089
0.23660720889179815
0.23664743521123546
0.23666802906559425
0.23667809593540454
0.2367080641613234
0.2367492105565865
0.23676804003119206
0.23679932181393049
0.23681335603772932
0.23682060255614368
0.23684255299072607
0.23687119628697845
0.23688815714101824
0.23689645717595076
0.23692140620473787
0.23695461550406635
0.23697039134476847
0.23697830934191239
0.2370018365451564
0.23703399454864196
0.23704908707669525
0.2370568211959646
0.23708011367424753
0.23711115426236173
0.237128694086235
0.23713746286638748
0.23716387105740983
0.23719874700753935
0.23721903686258816
0.2372290614896499
0.2372593675749372
0.23729936379436606
0.23731994020237576
0.23733020700873422
0.2373608916770518
0.23740172096488615
0.23742174942657834
0.23743168305261064
0.23746165569970448
0.23750104437151878
0.2375247179752413
0.23753642799176347
0.23757122694780475
0.23761892783754507
0.23764003744939569
0.2376509844122155
0.23768364080269386
0.2377277034244412
0.2377556586227814
0.23776969688735275
0.23781197400512777
0.23786815315037924
0.23790692580087505
0.2379262235481107
0.23798423107947828
0.2380612367443753
0.2381006239273081
0.2381202296372475
0.2381790519726315
0.238257051253774
0.23826973903337798
0.23828647271448244
0.23833705286456783
0.2384028396835076
0.2384117761516714
0.23842677900334
0.23847179060835733
0.23853183266413727
0.23856273078966272
0.23857820748618894
0.2386248131398491
0.23868602183633805
0.23871737826676856
0.238732844570728
0.23877933238930674
0.23884068872139644
0.23887546397576662
0.23889270415532493
0.2389445238790023
0.23901271791660514
0.239046171641557
0.23906265204453106
0.23911173475287492
0.23917826612801843
0.23921325183406317
0.23923110628343944
0.2392845759593903
0.2393560374152971
0.2393926382682107
0.23941098777947503
0.23946574005843252
0.2395393848360278
0.23958674358649457
0.23961051007184725
0.2396819469437601
0.23977680893274078
0.2398345191519734
0.23986328127088904
0.23994926685944135
0.2400657496324016
0.2400795460362965
0.2401067041707187
0.24018804216922243
0.2402964591956909
0.2403547592713836
0.24038383993346082
0.24047140491123245
0.24058652050842302
0.24060990693297685
0.24064000214266135
0.2407294994053987
0.24085168049164346
0.24090578531227183
0.240933650083572
0.2410176973569174
0.24112771493316068
0.24118438400025868
0.2412123412862619
0.2412951969288931
0.24140866937408834
0.24146797396431388
0.2414984240805991
0.2415893094374565
0.2417118966497984
0.24178525703766474
0.24182227667129208
0.2419335469966454
0.2420818088421064
0.24218749523087837
0.2422404778687608
0.24239809876876894
0.24261385335719868
0.24264834647528796
0.24281663172838278
0.24289534169768112
0.2430178414328598
0.24309306231957656
0.2431304547424261
0.24324341101081567
0.24339278539045278
0.24349169859100314
0.2435408182908778
0.2436884569123532
0.24388578883717554
0.24399735221282454
0.24405306219959075
0.24422134442582663
0.2444440384657321
0.2445677202480162
0.24462925456420273
0.24481375689940563
0.24506069913563977
0.2452018824281726
0.2452725059470851
0.24548513141080133
0.24576976629868244
0.24577680457484577
0.2458334859725841
0.24600289331194802
0.24623175918269383
0.24634829106155834
0.24640746611681597
0.24658433658959056
0.24682177886703474
0.24699029098856157
0.2470748477187349
0.24733019808559575
0.24766560931625328
0.24769647393801186
0.24780673066657546
0.2481386815953065
0.2485813394502016
0.24880027758976403
0.2489097190011841
0.2492396866326064
0.24967695488049985
0.2497621046328771
0.2500624372227636
0.2501965379664572
0.25026536297797103
0.25047084163149635
0.2507492929280889
0.2508859674148398
0.2509555880736773
0.2511642113165588
0.25144394713646684
0.25162600633944276
0.2517176662063785
0.25199177615012963
0.25236154603282335
0.2525446386046048
0.25263764469587807
0.25291618870679067
0.25328847965655626
0.2534820908501462
0.25357903759850053
0.25386979927323056
0.25425921574120613
0.25451395492252227
0.25464212211109744
0.2550270948641665
0.25554076839467404
0.2558718200374353
0.2560375325231926
0.25653633634293543
0.25720200211995187
0.2576436456620013
0.2578656191547487
0.25853301699322845
0.25942084222699
0.25974855498963395
0.2603916904731639
0.26052864308598905
0.2607369900127375
0.2613599481112069
0.26220503543126944
0.2624515467026237
0.2630631656321234
0.26339401736170864
0.26356082740367726
0.26406161145482454
0.2647322527182095
0.2651691728281463
0.2653891459709845
0.26605077949455663
0.2669303320739407
0.2670292534965581
0.26764627571569893
0.26847236608558617
0.26892552792810615
0.2691528296851019
0.2698357443611516
0.2707519002665949
0.2712599000723873
0.2715160526465457
0.2722837869420981
0.27331694302403
0.2738504970178382
0.27411990341249987
0.2749266909082001
0.2760168984335459
0.2762551479394074
0.2770206536441676
0.27804818606425574
0.278685181127317
0.27900622999339586
0.2799708713861818
0.2812669322476553
0.28200467730215273
0.2823774441857699
0.28349508761406544
0.2850043939164545
0.2852514172582617
0.286345879004834
0.2878205149064536
0.2884874258795152
0.2888242595614002
0.28983672517716336
0.29119625869522175
0.29213735623923287
0.29261312025055086
0.294042904720251
0.2959713509602823
0.2961651692185891
0.2975045281137716
0.298194746862327
0.2985434239113683
0.29959090482444106
0.3009986369086941
0.3019227140908877
0.3023898248035662
0.30379308532311133
0.30568556654379087
0.3065465722336256
0.3069820090062993
0.3082901590875952
0.3100512322700354
0.3110733416452671
0.3115902742798601
0.31314310686010455
0.3152401288443252
0.3155994138661989
0.3161701354145466
0.3178867975361422
0.32020170890571154
0.321347759099539
0.32192721613093916
0.32367011801705875
0.32602033647042455
0.32721749543399575
0.32782301478952225
0.32964460252805167
0.3321010352544346
0.3334014425601525
0.3340598016633474
0.3360391732620855
0.3387149023897595
0.3387212375669065
0.33924598065482164
0.3408233671602577
0.3429484063848385
0.34417288365589094
0.3447926203247073
0.3466555771595631
0.34917139468378877
0.35037711710891484
0.3509875180325617
0.3528227102468627
0.35529830597852
0.3566616932453535
0.3573523203927003
0.35942898815467295
0.362235522561055
0.36355263021974665
0.3642197339938025
0.3662256523809216
0.36893435089538584
0.3703252667466108
0.37102991953103187
0.373149263354696
0.3760122544189625
0.3774692610271225
0.3782076356828201
0.3804286431403053
0.38343042625943097
0.38495156495994237
0.38572269764443207
0.3880428980004968
0.39117893807099496
0.39283868461647836
0.3936807386505488
0.3962143654567826
0.3996446262932087
0.40130328253258185
0.40214509740521565
0.4046778309765153
0.40810703630082545
0.40981536250190836
0.4106828482763267
0.41329326674039346
0.41682835003423935
0.4186388734256997
0.4195589199008732
0.4223282366847278
0.42608022136163837
0.4280707680291121
0.4290834343920496
0.4321320109171915
0.4362697036337612
0.43829358514410827
0.43932355514166727
0.4424242599871353
0.44663300018471225
0.44875504817839773
0.44983569445768834
0.4530891945206322
0.4575080414202371
0.459728282700874
0.4608594742061503
0.4642653470685404
0.4688933791763951
0.47121900767321145
0.47240437878296815
0.47597367154618
0.4808258041001799
0.4832517815830419
0.48448858859777466
0.48821310494706316
0.49327693380721865
0.49584294440125815
0.49715148778576446
0.5010925054061892
0.5064528038338272
0.5091502078584652
0.5105259361983847
0.5146697550068781
0.520306662178871
0.5231665431343386
0.5246253470988467
0.5290200509868641
0.5349999725656175
0.5380174887867458
0.5395567518412554
0.5441942382593
0.5505060399345639
0.5536627025762173
0.5552728041447532
0.5601241853575425
0.5667265504883314
0.5700702522770682
0.5717757454090594
0.5769153811078104
0.5839111776179979
0.5874461933354295
0.5892491591292381
0.5946833404639298
0.6020808674227225
0.6058185759747627
0.607724821129984
0.6134709232114988
0.6212945299529675
0.6252149722003723
0.6272140885110161
0.6332408096001246
0.6414457997254924
0.6455951050335448
0.6477107490795275
0.6540896977914137
0.6627754371827115
0.6671419753233622
0.6693680198085455
0.6760805770018803
0.6852205374930481
0.6898266602993697
0.6921744939178593
0.6992552235476988
0.7088968220067781
0.7137490232533483
0.7162218104451981
0.7236802387598437
0.7338361956643029
0.7389371860124028
0.7415361563095575
0.7493760526467278
0.7600505611658486
0.7654286432065524
0.768168156135462
0.7764330350216657
0.7876858027828472
0.7933484093777688
0.7962320564667622
0.8049327696714379
0.8167779670437922
0.8227388788382998
0.8257735020579573
0.8349307490501935
0.8473962350534219
0.8536634290278177
0.8568528499767699
0.8664783000207817
0.879578898650114
0.8861792654822473
0.8895369823817646
0.8996715213622091
0.9134630947113185
0.920399983912856
0.9239274013409903
0.9345753070720034
0.9490624375715072
0.9563555782901654
0.9600624784324377
0.9712533951598196
0.9864760657472783
0.9941359191341218
0.9980273070285084
1.0097764563088294
1.025754354388605
1.0337990954522798
1.0378838977646698
1.0502183704023436
1.066987730309554
1.0754301477926334
1.0797145128129457
1.0926529819171338
1.110238247950734
1.1190931765356131
1.1235842710521209
1.1371485162870918
1.155578363462931
1.1648605254582511
1.1695654235002633
1.1837769471718438
1.203079598009265
1.2128028412009064
1.2177281344689874
1.2326069911018256
1.2528085266893803
1.2629879928384136
1.2681408818902855
1.283708986805765
1.3048379580771625
1.315487299181267
1.320874172173566
1.337150986467453
1.3592323886307576
1.370365432157305
1.3759926984903836
1.392997765458604
1.4160565451724016
1.427685880625408
1.4335592459737458
1.4513099917914092
1.4753679772812962
1.4875054586093865
1.4936301697655794
1.5121426521634178
1.5372195835391502
1.5498756219089802
1.5562561023120058
1.5755439091393288
1.6016559637975865
1.614808511499058
1.621432646204045
1.6414590355979068
1.6685529615036092
1.6822860214161695
1.6891953161814923
1.7100869333271103
1.7383336423431142
1.7525950482045698
1.7597619416765344
1.7814350906316794
1.810716563333566
1.8255122834884767
1.8329385637922413
1.8553990332178971
1.8857199958507238
1.9010518001052972
1.9087370523427418
1.9319840019814898
1.9633399382860708
1.9792124783335858
1.987157618422153
2.0111943635046616
2.0435862489992247
2.0599815789844067
2.068176100768879
2.0929712317431055
2.12635260612809
2.143265928121801
2.15170580542705
2.1772477881758627
2.211599192255534
2.2290041138600443
2.23767447639873
2.2639188148393528
2.2991759528714075
2.3170552016988437
2.3259456084665975
2.352861454641799
2.3889784850221063
2.4073062479557445
2.4164019014298206
2.4439452550139755
2.4808583737274637
2.4996022833767264
2.508884998575618
2.537001668129595
2.574633118080383
2.59375801188167
2.6032080325387725
2.631839196636251
2.670104666296571
2.68956801384836
2.699161724672218
2.728236955637313
2.7670360715979254
2.786787558517181
2.7964972322825132
2.8259337370589215
2.865148928145642
2.8851321468369573
2.8949266880651088
2.9246316093995217
2.9641309905658235
2.9842826669699525
2.994127126605296
3.023996098758351
3.0636312686816622
3.0838812819091457
3.0937367093713624
3.1236534671513474
3.1632586165246734
3.1835320448788442
3.1933562180317328
3.223194937167666
3.2625893681657328
3.2828107883372972
3.2925598196260593
3.322190229027975
3.3611840714284615
3.3812891038315436
3.3909219954241707
3.4202237377477527
3.458634696147142
3.4786006256337707
3.4880914377080714
3.516992365308241
3.554690601218317
3.5746353408953686
3.584012372292751
3.6126118819083533
3.649664319379712
3.6703514207993866
3.6798949107092236
3.709087359212472
3.7464838518523544
3.7685731298359544
3.7784179825011535
3.8086919607578844
3.846673964632863
3.8571952441838784
3.882773306304199
3.8829795417073996
3.8879551783989563
3.9031562608306616
3.9223392500398706
3.9252637669986337
3.9291148725755103
3.940869885704339
3.9556603138527833
3.962118980863094
3.9650390769544757
3.973947416105553
3.98509981550043
3.990037896343249
3.9922527756733768
3.99900825056957
4.007404563544493
4.011104909957069
4.012747318496496
4.017756168042949
4.023921573988282
4.026608018272312
4.0277830608243095
4.031366550598347
4.0357171702402495
4.037573453981351
4.038367986604323
4.040791408335606
4.043672542322413
4.044075942110424
4.044594750071613
4.046177403763086
4.048009460848132
4.0482824168053995
4.048594097127335
4.049546106683691
4.050592111097285
4.0510908683143
4.051243482683927
4.051715782866985
4.052073921543279
4.0521727385437645
4.052112355279465
4.051939760896625
4.0513908143333275
4.050988776659132
4.0506656391125135
4.0496956145854535
4.048034304863837
4.0470242611124725
4.046382124233859
4.044443045418838
4.04142988036029
4.03966281850822
4.038621003251578
4.035468373878402
4.030757355064332
4.02798980634667
4.026415949044873
4.021650777796887
4.014677492664816
4.010479551946959
4.00814204930483
4.001067443100496
3.9908513947318873
3.9844693854853133
3.9809709740444696
3.9703902538149602
3.955266810643035
3.9462457044171457
3.9414110447249913
3.9267982740336915
3.9061915413786026
3.894384939804944
3.888204832415868
3.8695118026629944
3.8435382293070997
3.828309969300602
3.820509304227275
3.7968582638723936
3.7644242836765685
3.7447142561943805
3.7348502893645152
3.704812530855372
3.6641393897501597
3.638585663269458
3.6261615484910887
3.588039982209498
3.537151158821042
3.5024682122694486
3.4863320992578637
3.436058164946813
3.3702433226365827
3.325145731501537
3.305575083338937
3.2427760255359552
3.162965940428118
3.1210878665820245
3.103823619043304
3.0471509173763778
2.9763133327268574
2.938052472434762
2.923021901066412
2.872371920067716
2.809814057909891
2.77276179490805
2.759179029650191
2.7113437965036984
2.653336308952961
2.6176767629111652
2.605763381024143
2.561134466596448
2.5081795206375466
2.4775827691108963
2.468055798055273
2.43076249836328
2.3866688760044372
2.3604015723758884
2.3526770723560055
2.321028284612522
2.2836906093131657
2.2607529487161138
2.2543788147225916
2.2270194853459504
2.1947952191362434
2.174418736020284
2.169059588456698
2.1449762330131406
2.1166490768469406
2.098257505017711
2.0936666567165836
2.0721086285837327
2.0467848067481107
2.0299511747898773
2.025948890536423
2.006365642323039
1.983393884558318
1.9678051285699312
1.9642615513049821
1.9462526608316255
1.9251614483169908
1.9105895583669243
1.9074112805746508
1.8906866614778157
1.871135076544396
1.857414042487827
1.8545337590244253
1.8388826718104727
1.8206228433838587
1.807630869715705
1.8049996640267565
1.7902674157815959
1.773116805043523
1.760763136567063
1.7583449212043374
1.7444159758486484
1.7282375857738819
1.7164530981967285
1.7142207134950136
1.701006807787391
1.6856953917173507
1.6744260482924702
1.6723585697785597
1.6597905123574233
1.6452630974525706
1.6344654685220887
1.6325463619531162
1.6205684263085156
1.6067578346468767
1.5963960469647847
1.594611904570922
1.5831780007710503
1.5700284139600824
1.5600720704564481
1.5584117419775387
1.5474827930666089
1.5349467004577917
1.5253694535172668
1.523823445218751
1.5133655775165653
1.5014016620927615
1.4921802272488431
1.490740283541815
1.4807235687521165
1.4692952316156103
1.4604086996992363
1.4590675098921078
1.4494650836572323
1.4385394061732681
1.4299687593021544
1.4287197505618818
1.4195071896423455
1.4090541974259492
1.400781965536501
1.3996191554932473
1.390774033985687
1.3807661703331124
1.3727761857365295
1.371694076441357
1.3631956469657978
1.3536073924607852
1.345878640645824
1.3448726652765437
1.3366954506548208
1.3274985187748112
1.3200274323531254
1.3190918224823485
1.3112306661443691
1.3024123754090415
1.2951837130532848
1.2943144893262124
1.2867462072423312
1.2782810026705826
1.2712803758156535
1.2704733860706827
1.263181966176134
1.2550501614315317
1.2482658366654626
1.2475171759808414
1.2404876194800483
1.2326707390620777
1.2260916813078673
1.2253976777537054
1.218615857086816
1.2110964988189001
1.2047123027566613
1.2040695008648223
1.1975221006684569
1.1902838643646583
1.1840847149534763
1.1834898616369625
1.177164328342074
1.170191754231093
1.1641683920360528
1.1636184243476793
1.157502921415499
1.15078143589279
1.1449251252532031
1.1444171594755415
1.1385005269566901
1.132016392659109
1.126318893052368
1.1258502147835183
1.120121932227636
1.11386220249748
1.10831574165434
1.107883796675273
1.1023339485362966
1.0962864250707107
1.0908836734980505
1.0904860592493775
1.0851053023755721
1.0792584949773276
1.0739925424267285
1.0736269999663701
1.068406533117567
1.0627496221847972
1.0576139549780321
1.0572783613633105
1.052209896095585
1.0467326963582253
1.0417211759635243
1.0414135369917656
1.036489269777517
1.0311821965785775
1.0262890388051482
1.026007482146014
1.02122006819355
1.0160741043803794
1.0112938600888075
1.011036628662586
1.006379156504579
1.0013858212129385
0.9967133583557938
0.9964788039345318
0.9919447721381959
0.9870960917597279
0.9825265762848809
0.9823131536800241
0.9778964463873225
0.9731849255936086
0.9687138053750445
0.9685200664535958
0.9642149332216545
0.9596335274007898
0.955256516783227
0.9550811049009779
0.950882138801454
0.9464242296072128
0.942137292647113
0.9419789376899703
0.9378810557130188
0.9335404264231649
0.9293397625845676
0.929197275649886
0.9251957001311241
0.920966510640091
0.9168485423662432
0.916720811107722
0.912811052036192
0.9086878172365841
0.904649175047273
0.9045351595165918
0.9007129959669143
0.8966905630285873
0.892728077370372
0.8926268046930392
0.8888882723027991
0.8849618044597404
0.8810724870219012
0.8809830485850584
0.8773244152319276
0.8734893817332016
0.8696704077266364
0.8695919553635237
0.866009719620461
0.8622618446854458
0.8585105737277741
0.8584423133248128
0.8549331788220688
0.8512684832826187
0.8475823975492549
0.8475235882265527
0.8440844698829137
0.8404991518654956
0.8368759289807454
0.8368258807263432
0.8334538671798971
0.8299443934617433
0.826381818827884
0.82633988585911
0.8230322311695734
0.8195953286012421
0.8160912703409358
0.8160568522680806
0.8128109876998996
0.809443543678358
0.8059960182653166
0.8059685586411282
0.8027820458067384
0.7994811376812772
0.7960882857936474
0.7960672530700109
0.7929378442313336
0.7897006697871746
0.7863607772538616
0.7863456889525635
0.7832712651057908
0.7800952009517933
0.7768066390505811
0.7767970466088199
0.7737755304989519
0.7706582288043654
0.7699777057351317
0.7698913090482001
0.7696044116883785
0.7692229440200986