20000.
19997.098478896
19995.647876092
19991.296699233
19985.496603496
19984.774934645
19984.108749496
19983.964961173
19983.328198506
19983.027379827
19982.876972175
19982.425756033
19981.824150419
19981.482179951
19981.311196898
19980.798256546
19980.114356627
19979.772745247
19979.601941734
19979.089539982
19978.406358156
19978.046177611
19977.866089761
19977.325835976
19976.605520394
19976.232595941
19976.046136311
19975.486767892
19974.740967773
19973.609914362
19973.044411632
19971.347999588
19969.086341217
19968.733654319
19967.926447694
19967.522856588
19966.312132273
19964.697947542
19964.317845802
19963.860177308
19963.631346979
19962.944871762
19962.029608283
19961.495388224
19961.228283536
19960.426990955
19959.35865099
19958.836530087
19958.575474738
19957.792329217
19956.748183094
19956.213610635
19955.946329756
19955.144508636
19954.07546403
19953.443162127
19953.127018665
19952.178618381
19950.914154917
19950.262344811
19949.936447719
19948.958788433
19947.655317377
19946.968454773
19946.625032315
19945.594800467
19944.221240912
19943.439405638
19943.048499465
19941.875826976
19940.312371075
19939.458036597
19939.030883053
19937.749477389
19936.041064773
19935.211650782
19934.796956695
19933.552926256
19931.894339932
19931.118635242
19930.730794189
19929.567316369
19928.016118414
19927.050229852
19926.567303092
19925.118593101
19923.18714381
19922.233318954
19921.756423614
19920.32580616
19918.418476221
19917.296265923
19916.735184443
19915.052034919
19912.808057039
19911.640108137
19911.056159332
19909.304415754
19906.968997615
19906.75748426
19906.263254663
19904.780639568
19902.803991409
19901.507447715
19900.859207493
19898.91461361
19896.322117597
19894.789953861
19894.023916183
19891.725980231
19888.662478822
19888.492491775
19886.580048507
19884.030410463
19879.868360769
19877.787662473
19871.546874443
19863.228872325
19860.804043495
19859.331888791
19858.595852305
19856.387906629
19853.444361217
19851.962191368
19851.221147883
19848.998183506
19846.034618519
19844.544246183
19843.799101931
19841.563837159
19838.583876088
19837.938701204
19837.230612176
19835.106496842
19832.274697143
19830.879995392
19830.182681246
19828.090886027
19825.302169247
19820.125645203
19817.537889869
19809.776651254
19799.433062144
19797.948840326
19796.727345052
19793.063311577
19788.178988973
19785.94621591
19784.829923771
19781.481425385
19777.017642859
19774.981693338
19773.9637971
19770.910422896
19766.839991102
19764.672824124
19763.589329656
19760.339202781
19756.006532117
19753.90869942
19752.859866531
19749.713702135
19745.51959618
19743.334277514
19742.241708798
19738.964365566
19734.595421326
19732.07025801
19730.807797427
19727.020900479
19721.972835622
19719.470904282
19718.220057544
19714.46799356
19709.466352657
19706.658345378
19705.254491659
19701.043530725
19695.43031647
19692.412859167
19690.904303768
19686.379331144
19680.347652399
19677.231766546
19675.674008504
19671.001474496
19664.773155805
19661.82442809
19660.350229937
19655.928298856
19650.033938395
19644.880402586
19642.304141361
19634.577385022
19624.279772163
19619.210239866
19616.675964653
19609.075103385
19598.945203772
19594.026833686
19586.343627816
19582.697728185
19580.875032741
19575.407964522
19568.120915327
19563.959679028
19561.879392574
19555.639860641
19547.32358129
19543.37412001
19541.399688474
19535.477590917
19527.584253309
19523.711642367
19521.77562476
19515.968724032
19508.228877329
19503.856162862
19501.670173029
19495.113673779
19486.375104441
19481.369005066
19478.866437493
19471.360663853
19461.357465433
19456.275517459
19453.735040949
19446.115601937
19435.960992979
19431.032330734
19428.568468136
19421.178755062
19411.330177288
19405.552118084
19402.66373327
19394.0011585
19382.457075797
19377.073773393
19374.382682703
19366.311653261
19355.555511663
19348.631424153
19345.170309057
19334.790678621
19320.959835398
19311.483515115
19306.747097702
19292.544815073
19273.624690257
19264.056797769
19259.274632466
19244.935258922
19225.832702284
19222.838396504
19218.767239981
19206.558943607
19190.293279282
19188.297847289
19184.658571098
19173.74488392
19159.202959567
19151.723211055
19147.984431626
19136.772472611
19121.833407088
19114.391561847
19110.671725104
19099.516558349
19084.653132383
19076.385275038
19072.252689331
19059.86030359
19043.349648788
19035.490564836
19031.562238927
19019.78212521
19004.086650232
18995.584575496
18991.334964293
18978.591834698
18961.614296869
18952.909194029
18948.558141062
18935.510975164
18918.128729299
18906.863891405
18901.233987665
18884.354333796
18861.871577441
18848.325038394
18841.555417209
18821.261139553
18794.236104193
18790.748758492
18784.401858133
18765.374017755
18740.033545512
18726.49677431
18719.732055479
18699.452558497
18672.447402103
18667.236262209
18660.286561484
18639.452980483
18611.711052954
18598.890460928
18592.483476595
18573.275764057
18547.696347023
18534.957360401
18528.591148029
18509.505628494
18484.088849095
18470.264667898
18463.356454414
18442.647313905
18415.071257377
18398.308975707
18389.933556804
18364.830170732
18331.412289782
18307.692987785
18295.844847428
18260.346414648
18213.122292466
18204.628107497
18167.999827974
18150.172825067
18123.076254549
18106.562129283
18098.310709898
18073.579007858
18040.655972541
18019.180189576
18008.45188607
17976.305286598
17933.532405095
17909.39992239
17897.345860689
17861.232334023
17813.194298438
17786.886488028
17773.74715541
17734.38736769
17682.043207667
17652.152934975
17637.22675065
17592.523884285
17533.096267421
17531.455401345
17519.65392992
17484.297161674
17437.265779217
17412.904125372
17400.736063918
17364.282875531
17315.797393977
17281.320897462
17264.108398041
17212.57369776
17144.09999043
17138.459346844
17116.331720931
17050.120114094
16962.236230788
16919.172211257
16897.681216636
16833.371886472
16748.006680891
16731.76595221
16674.789953284
16648.499467359
16635.369771697
16596.042781732
16543.751384335
16517.489222064
16504.373777663
16465.089897975
16412.856808922
16378.802594943
16361.801992376
16310.905990004
16243.290850846
16209.359098115
16192.419810659
16141.708089342
16074.339434779
16039.555759404
16022.192156595
15970.214051063
15901.172126336
15856.099730101
15833.611462664
15766.337849735
15677.08412415
15620.19850678
15591.8331482
15507.045761579
15394.712707571
15321.150494304
15284.501306452
15175.078913428
15030.399992541
14978.387292259
14876.985760042
14854.783258403
14822.143928775
14724.655610841
14595.667893601
14557.26051621
14464.982980786
14415.144711033
14390.290004419
14315.982720917
14217.502878542
14153.858837432
14122.14373179
14027.424174631
13902.118950908
13897.125275257
13826.637483748
13733.209602708
13675.262158927
13646.380190697
13560.099765195
13445.907192046
13376.02565702
13341.221201649
13237.350266451
13100.112602494
13036.858986778
13005.34680094
12911.266532208
12786.884004431
12709.046319626
12670.305338221
12554.789525589
12402.40504935
12302.725402564
12253.186405701
12105.763075422
11911.954067678
11886.253162006
11769.727949749
11616.136047534
11598.916414296
11488.40429762
11342.690988342
11270.363462054
11234.372831207
11127.0890691
10985.63606627
10919.647404052
10886.801862732
10788.856838458
10659.632837072
10588.036815402
10552.419333804
10446.28417305
10306.429330673
10243.845079782
10212.695609145
10119.814366227
9997.2854088192
9930.9320640548
9897.9207209286
9799.5436352517
9669.8935188295
9588.937766019
9548.7144010903
9429.0538500807
9271.8358220926
9253.5139235975
9217.392822541
9109.8733178034
8968.4624345669
8904.5671157752
8872.7903642689
8778.1388864192
8653.5057157243
8592.5463941052
8562.2279552962
8471.9129988256
8352.9732259951
8296.3801465262
8268.2275535507
8184.3416742367
8073.8162378538
8014.2639064564
7984.6526629839
7896.4737703076
7780.4148747965
7711.516302337
7677.2961486499
7575.5441197622
7441.969461592
7416.3003776091
7328.3085925248
7212.6080653846
7158.2445344128
7131.2166181634
7050.7436414345
6944.857184231
6895.3336345163
6870.7044471996
6797.3434656015
6700.7458539755
6646.0253399788
6618.8328844411
6537.9212563579
6431.5756028723
6383.234910547
6359.200984736
6287.640799279
6193.4782976737
6143.4778284008
6118.6291679504
6044.6846013741
5947.4800783647
5903.2167321423
5881.2087451266
5815.6758573396
5729.4331664903
5685.0699016857
5663.0172494157
5597.3712294518
5511.0254186039
5468.8935727161
5447.9485894583
5385.5937105983
5303.5626456676
5261.9541813749
5241.272521056
5179.7139913898
5098.7591596288
5059.6092675676
5040.1471917547
4982.2089883536
4905.9927622297
4868.6267452254
4850.0505941931
4794.7463248075
4721.9870328093
4685.8192551852
4667.8393823842
4614.3126502349
4543.8972591931
4509.0156018798
4491.6753154075
4440.0535461543
4372.1462215512
4339.0455545414
4322.5893132401
4273.5941169663
4209.1299752492
4177.5597359343
4161.8635226855
4115.1278490597
4053.6289875018
4023.3761761462
4008.3345428528
3963.546209326
3904.6059557907
3875.4296166884
3860.9233034114
3817.7293492875
3760.8881725221
3732.7648089106
3718.7820880071
3677.1474140397
3622.3587124982
3595.6643064473
3582.3909633863
3542.8642034463
3490.8394430221
3465.0414320663
3452.2140086379
3414.0159568951
3363.7418777726
3339.1140295659
3326.8678051693
3290.3979541976
3242.3926283759
3218.833504546
3207.1182121566
3172.2275509547
3126.2964167691
3103.7972916981
3092.6085214443
3059.2836352972
3015.4083842204
2993.8104352118
2983.0695403196
2951.0775153872
2908.9545595095
2888.3101854782
2878.0430040101
2847.4599253719
2807.1874275387
2787.4230568856
2777.5931148381
2748.3107953217
2709.7473492414
2690.8489370031
2681.449213518
2653.4465977757
2616.564148749
2598.4525304266
2589.4437875864
2562.6045255858
2527.251080346
2509.9055185649
2501.2774318744
2475.5707257815
2441.7056269451
2425.0873676534
2416.8206996073
2392.1893899054
2359.7376994499
2343.8417915212
2335.9340370346
2312.3704921309
2281.3217685164
2266.0833200091
2258.50230815
2235.9111048311
2206.1406268928
2191.4792892908
2184.18519856
2162.448269822
2133.8018339835
2119.7721482268
2112.7919346225
2091.9889035209
2064.5698088676
2051.0985152121
2044.3958663326
2024.4190534638
1998.086625108
1985.1697842894
1978.7427105749
1959.5860687181
1934.3320640229
1921.9205871992
1915.7447442853
1897.3360332062
1873.065959155
1861.1458322426
1855.2142458183
1837.5326726027
1814.2191058893
1802.7665726351
1797.0674451204
1780.0779364676
1757.6748495798
1746.663707003
1741.1840300604
1724.8479303565
1703.3046344902
1692.6982943375
1687.4199164405
1671.6833364645
1650.929282946
1640.7231074765
1635.6437045686
1620.4996518813
1600.5254716174
1590.6896335177
1585.7944042365
1571.1989200438
1551.9470283394
1542.4660380395
1537.7472848023
1523.6774636871
1505.1177525298
1495.9689698625
1491.4154532709
1477.8378970791
1459.9265740254
1451.093864483
1446.6975691963
1433.5884379087
1416.2941918477
1407.762989518
1403.5166781626
1390.8544405671
1374.1489809445
1365.900006234
1361.7941065733
1349.5503139865
1333.3963277838
1325.4127242117
1321.4388655029
1309.5886338341
1293.9534688634
1286.2225411822
1282.3744154564
1270.8989782003
1255.7579759637
1248.2747413813
1244.5498630681
1233.4417868015
1218.7850903536
1211.5206612051
1207.9046995776
1197.121440695
1182.8933600365
1175.8274196763
1172.3102930121
1161.8219101846
1147.9832245825
1141.1238321833
1137.7095208279
1127.5277600448
1114.0936816141
1107.4200282617
1104.0982075544
1094.1924113228
1081.122793565
1074.6264520013
1071.3929340835
1061.7506411264
1049.0291052779
1042.6942256558
1039.5411457391
1030.1390001932
1017.7349553157
1011.5513145838
1008.473597448
999.29651766189
987.19018716545
981.14869315359
978.14182507502
969.17639822602
957.35019444208
951.44120935241
948.5004075454
939.73242846427
928.16774136839
922.38128460699
919.50159799609
910.9163689215
899.59395986938
893.92029264699
891.0968917266
882.68008220074
871.58120810599
866.01132054786
863.23973881574
854.97810157014
844.08545000259
838.60980105581
835.88531117923
827.76483523447
817.06011852572
811.66942654525
808.98743230765
800.99450553603
790.45998021514
785.14420833673
782.49974279593
774.61966804321
764.23620610473
758.98419428525
756.3717386237
748.58820142087
738.33460616135
733.13295424577
730.54588661211
722.83933055854
712.69023661001
707.52096255749
704.95040252092
697.29462322682
687.21609408521
682.05210473264
679.48467966998
671.84024629225
661.78128352224
656.57453913533
653.98654900783
646.28362411037
636.15400633831
630.79914671491
628.13864354842
620.22427209083
609.82667846137
603.97324582174
601.06763221873
592.43439367489
581.11599146755
574.63162146901
571.41662029188
561.87914072233
549.40967008327
545.67547787657
536.585096216
536.34650945172
534.40374434161
528.61757016647
521.00000842303
519.73514610436
518.04333703342
513.00088084427
506.35387293538
503.37608231846
501.89376032678
497.47293369099
491.63901260772
488.97913668984
487.65459995236
483.70247835569
478.48276193336
476.08837668669
474.89568090088
471.33549143349
466.6300557053
464.47522612125
463.4015456346
460.19537291047
455.95495638344
454.02301217007
453.06011188103
450.18364666055
446.37674849183
444.65977009911
443.80375904897
441.24560074303
437.8576463065
437.32757438379
436.57652365484
434.33110168854
431.35516049893
431.27154650525
430.63709971988
428.73935400401
426.22202944361
424.84329897212
424.15560704171
422.09920313076
419.37283192113
417.89613529409
417.159737977
414.95832286478
412.04116359998
410.46481902095
409.67890959815
407.33019852471
404.21951671298
402.49912738046
401.64168039217
399.08028375282
395.69048029643
393.73898979872
392.76685662973
389.86483463344
386.02879925463
383.74257154024
382.60454012842
379.21065580997
374.73226150951
371.97007187326
370.59662150176
366.50662346304
361.12342207515
358.05315832955
356.52782900257
351.9907186381
346.0309268653
342.45534843364
340.68143811778
335.41465015691
328.51870562295
324.1040591543
321.91903240376
315.45194124414
307.03079682269
301.78885489866
299.20154076982
291.57193000001
281.70089554733
274.55321621672
271.04767673068
260.79733583507
247.73066477465
241.71498482815
232.47000316401
227.91252449048
225.66740058606
219.06385767691
210.55873984963
205.01938768798
202.30460162546
194.37403485632
184.28142858843
178.50000467947
175.67766970635
167.47560440494
157.13208703272
152.26289953125
149.88518342298
142.9725057051
134.24897065764
130.14828610527
128.14515693728
122.31886148578
114.96043802543
111.48205383027
109.78253027785
104.83783953172
98.589614162398
95.622936724434
94.1732442682
89.95470781932
84.622474390628
82.08287848487
80.841805856189
77.23004581409
72.664118597741
70.485128160567
69.420259873989
66.321212917347
62.403281763791
60.531243856698
59.616391078784
56.953961150817
53.588089491955
51.978701183828
51.192224011841
48.903475084178
46.010189503406
44.626250679599
43.949970662975
41.982003163308
39.494436005602
38.304359441713
37.722837038827
36.030706554616
33.892012361633
32.868789062611
32.368820768764
30.914085206295
29.075627607394
28.196067713357
27.766316378743
26.515965043121
24.935973843699
24.18012031059
23.81082914503
22.736452489385
21.378978628666
20.729635533573
20.412397764579
19.489517705056
18.323588100678
17.765930182277
17.493498244966
16.701012878329
15.699928471363
15.221171933476
14.987296529038
14.307011503844
13.447754251946
13.036876109161
12.836168961738
12.252397725846
11.515124468203
11.162621708087
10.990437777483
10.489658437845
9.8572663111557
9.5549484506122
9.4072844715005
8.9778441947521
8.4355962110156
8.1764062421595
8.049813147433
7.6816730065822
7.2168748523528
6.9947345182455
6.886241763239
6.5707562611145
6.1724770299812
5.9821530503281
5.8892031855793
5.6189296440595
5.2777604150702
5.1147488029748
5.0351408972778
4.8036746387819
4.5115197414331
4.3720081195863
4.3038785561109
4.10579398681
3.8557898154311
3.7363210039781
3.6779819668248
3.5083736395979
3.2943330266625
3.1921094508924
3.1421933877692
2.9970798963648
2.8139661583253
2.7265242032512
2.6838275104272
2.5597074379931
2.4030970297403
2.3283201882143
2.2918089013839
2.1856745588963
2.0517681955178
1.9878393933174
1.9566258727648
1.8658953844473
1.751432043272
1.6967918841948
1.6701144029179
1.5925722779531
1.4947540132041
1.4480647459249
1.4252698760594
1.3590157321256
1.2754428132186
1.2355572557364
1.216084679314
1.1594890276031
1.0881040181971
1.0540387695476
1.037408185647
0.98907432161741
0.92811388812374
0.89902624650751
0.88482609064865
0.84355726243392
0.79151066260184
0.76667874630409
0.75455647572729
0.71932761232858
0.67490095432966
0.6537065887682
0.64336032001593
0.61329369697234
0.57537918064623
0.5572931740357
0.54846448818841
0.52280879274415
0.4904582515204
0.47502773049124
0.46749548533733
0.44560781296529
0.41800996373235
0.40484748677736
0.3984224979349
0.37975287824078
0.35621377005801
0.34498797367664
0.33950844479997
0.32358654768378
0.30351276734499
0.29394032945767
0.28926792623824
0.27569164184472
0.25857588874484
0.25041463273989
0.24643111426167
0.2348567547076
0.22026546541501
0.21330843920273
0.20991276576885
0.20004665347656
0.18760937918736
0.18167977816993
0.1787856314537
0.17037688708716
0.15977718684102
0.15472399875823
0.15225765467359
0.14509201135058
0.13605964218823
0.13175391537101
0.12965242149746
0.12354692493531
0.11585115119882
0.11218279787688
0.11039241226438
0.10519088122513
0.098634744202432
0.095509801078179
0.093984654445123
0.089553791035748
0.083969199559128
0.08130748259456
0.080008433085287
0.076234493104288
0.071478021398002
0.069211117633324
0.068104770209731
0.064890712342101
0.060840002626557
0.058909556076759
0.057967425493359
0.05523047786427
0.05178116947827
0.050137410073635
0.049335202616498
0.047004774935264
0.044067870266954
0.04266835706982
0.041985356929675
0.040001256830288
0.037500871123931
0.036309422733227
0.03572796973414
0.034038884512979
0.03191033015761
0.030896101919767
0.030401141046711
0.028963328564046
0.027151464276744
0.026288168860703
0.025866869682933
0.024643052042203
0.023100887002003
0.022366120968078
0.022007548914193
0.020965957245217
0.019653446702337
0.01902811904143
0.018722956419705
0.017836520097642
0.016719542840794
0.016187395873148
0.01592770787932
0.015173374099079
0.014222873463979
0.013770051600637
0.013549075969856
0.012907199104446
0.012098414352997
0.011713117844029
0.011525095727088
0.010978945475251
0.010290790737836
0.010231963814575
0.010202676576891
0.010115316887158
0.0099999997764826