0.23517299512438544
0.23518415463068548
0.23518973537749463
0.23520647802645997
0.23522880537914226
0.23523162040363416
0.23523417706305563
0.23523474071787745
0.23523718313344644
0.23523835554960984
0.2352389346607672
0.23524067546989255
0.23524299193951898
0.2352443091485029
0.23524496773085612
0.23524694348448513
0.2352495863971924
0.2352508951981022
0.23525155466030317
0.23525353699433219
0.2352561585305585
0.2352575581456069
0.23525825424678973
0.23526033009168418
0.23526313187659223
0.2352645509789269
0.23526527020458743
0.2352674278893256
0.23527030486330666
0.23527466825731694
0.23527685010548643
0.235283421812531
0.23529206738582345
0.23529347700138545
0.23529661492263979
0.23529817434090802
0.2353027967575323
0.23530915099674785
0.23531055593191622
0.23531229811564192
0.23531318168793977
0.23531583241629903
0.2353193554064043
0.23532142342644988
0.23532245396498044
0.23532554559599167
0.23532969452572178
0.23533169695166534
0.23533270638084355
0.23533573468312818
0.23533974651443565
0.23534182373035717
0.23534285668691524
0.23534594940497885
0.23535008141643876
0.23535252474831292
0.235353746526192
0.23535739729289307
0.23536231495837134
0.23536481024982542
0.23536607130941767
0.23536985451096437
0.2353748989679716
0.2353775448075219
0.2353788714064011
0.23538285122814048
0.23538817498483236
0.23539118826977565
0.2353926934815412
0.23539722718819012
0.23540324823949604
0.2354065712813883
0.2354082240106261
0.23541316252661615
0.23541981482360994
0.23542299821893034
0.2354246033059089
0.2354294186033669
0.2354357979663603
0.2354388265508103
0.23544032821014524
0.23544483322045068
0.23545084016809614
0.2354545771635899
0.23545644995084122
0.23546207950317238
0.23546950077639145
0.23547322819697414
0.23547508475310935
0.23548062146024376
0.23548804835700346
0.23549237607676526
0.2354945510327711
0.23550107596730127
0.23550974847823686
0.23551429468091103
0.23551655429887502
0.23552337364195178
0.2355322984764137
0.23553321952769837
0.23553513273768636
0.23554088382223898
0.23554853709879645
0.23555358021036918
0.23555609635491795
0.235563614966464
0.23557374263929926
0.2355796446326071
0.2355826130789287
0.2355916069057067
0.2356032583871705
0.2356041004634964
0.2356115318378285
0.2356214410660696
0.23563762068096525
0.2356457125608058
0.23567008509671233
0.23570205455382304
0.2357117066578669
0.23571752472330704
0.23572039175158344
0.23572895899185303
0.23574053556173827
0.23574621871695678
0.23574911343990407
0.2357577806289216
0.23576928691364218
0.23577514361740004
0.2357780497170176
0.23578673375485412
0.2357985051004258
0.23580090349862368
0.2358036700021587
0.23581198595145295
0.2358229145827839
0.23582845695689666
0.2358311769366244
0.2358393369788604
0.23585021791753621
0.23587042099500766
0.23588054815944604
0.23591063256573006
0.23595203917470833
0.23595717231536228
0.23596193861212628
0.23597635052696195
0.2359951795614473
0.2360041486566819
0.23600851417682564
0.23602158525534284
0.23603926818389123
0.2360471004699834
0.23605110341777058
0.23606301856172743
0.23607918123667485
0.23608750842554074
0.2360917730510694
0.23610446720591297
0.23612179443387396
0.23612979670567255
0.23613390946594787
0.23614632055702292
0.2361626731321756
0.23617137111353087
0.23617566446344018
0.23618859516658708
0.23620566625502515
0.23621568608256976
0.2362206457592008
0.23623561248466743
0.23625520746468015
0.23626527878775533
0.236270187243734
0.2362850283480767
0.23630460744212375
0.23631575564398596
0.2363213016025225
0.2363379075160389
0.2363600258220588
0.2363719809919637
0.23637792024498777
0.23639594724875168
0.23641934404020024
0.23643197751416511
0.23643815433206494
0.23645661344256055
0.23648117115544273
0.23649293466486254
0.23649875370074344
0.23651634727391732
0.2365394862266483
0.2365600773732734
0.23657025230055062
0.23660113499692792
0.23664135391159202
0.2366619440957687
0.23667200913559155
0.2367019718742947
0.23674311091510436
0.23676193684419522
0.2367932130345679
0.23680724462311895
0.23681448981756995
0.23683643627313056
0.23686507427620204
0.23688203208919742
0.23689033060771855
0.23691527508379923
0.23694847830915106
0.23696425126231974
0.23697216781441843
0.23699569068640947
0.23702784288977571
0.2370429325872729
0.23705066528590715
0.2370739534980159
0.23710498839381156
0.23712252499852968
0.23713129216851678
0.2371576955239212
0.2371925650295184
0.2372128511804827
0.237222873957825
0.23725317448464228
0.23729316329593467
0.23731373592907293
0.23732400084771152
0.2373546798525236
0.23739550158333428
0.2374155263671223
0.2374254581555172
0.23745542528200314
0.23749480660064817
0.23751847587005176
0.2375301837216418
0.23756497618718633
0.23761266837834585
0.23763377395816127
0.23764471889366967
0.2376773692032265
0.2377214236943311
0.23774937366201684
0.2377634093080565
0.2378056785595278
0.2378618472064295
0.23790061264280646
0.2379199067823046
0.23797790347530376
0.23805489466971078
0.23809427450606147
0.23811387654193067
0.23817268784247114
0.2382506723928186
0.23826335784686106
0.23828008837808165
0.23833065905920844
0.2383964332759135
0.2384053681724843
0.2384203681913837
0.23846537129065282
0.2385254019875291
0.23855629425956362
0.2385717680266425
0.23861836487938193
0.23867956184822123
0.23871091240238404
0.23872637577199032
0.23877285477727364
0.23883419935706407
0.23886896804416163
0.23888620494165613
0.2389380148066972
0.23900619570120785
0.23903964313033924
0.23905612038990734
0.23910519366894892
0.23917171242114926
0.23920669130469066
0.23922454233028512
0.23927800172696653
0.23934944944802505
0.23938604324462873
0.2394043892236108
0.23945913090278348
0.23953276150365277
0.23958011105498972
0.2396038729336744
0.23967529596296874
0.2397701394619254
0.23982783849151515
0.23985659501131265
0.23994256378333773
0.2400590240184201
0.24007281754118176
0.2400999703702377
0.24018129243189779
0.2402896881527488
0.24034797679911946
0.2403770517414163
0.2404645995223648
0.24057969217060532
0.24060307412143647
0.24063316338981808
0.2407226428207507
0.24084479997897879
0.24089889377116142
0.240926752998491
0.24101078360073014
0.24112077894632358
0.24117743685213447
0.24120538856178253
0.2412882274784093
0.2414016774741441
0.2414609698833228
0.2414914138781333
0.2415822808526674
0.24170484344079649
0.24177818883775068
0.24181520095429782
0.2419264486752369
0.24207468027443335
0.24218034507637592
0.24223331689274732
0.24239090527136767
0.24260661610614875
0.24264110144523304
0.2428093524376425
0.2428880457495199
0.2430105199810721
0.2430857252486753
0.24312310985633528
0.24323604260665685
0.24338538555176975
0.2434842781052423
0.24353338747073786
0.24368099499596324
0.24387828524624558
0.2439898249639428
0.244045523096601
0.24421376961509458
0.2444364158397333
0.24456007121020215
0.2446215922965434
0.24480605481094483
0.24505294360803498
0.2451940961560081
0.24526470425695446
0.2454772832632535
0.24576185575032974
0.24576889232052254
0.2458255612384435
0.24599493104336534
0.2462237465003382
0.24634025216291577
0.24639941404887222
0.24657624490853808
0.24681363401864362
0.24698210805978155
0.2470666456745463
0.24732193837673602
0.24765727227452897
0.2476881303735957
0.24779836181430173
0.24813023638886605
0.24857279137615532
0.24879167842509248
0.2489010941803539
0.2492309843361761
0.24966814831929612
0.24975327797651986
0.2500535395235115
0.2501876073876297
0.25025641585137665
0.25046184471742367
0.25074022904739096
0.2508768697648396
0.25094647344631343
0.2511550455798763
0.2514347127605082
0.25161672685357395
0.2517083640615879
0.2519824057361264
0.25235208367130985
0.2525351297592045
0.2526281124699686
0.25290658604589866
0.25327878217010474
0.253491526432579
0.2535981500775593
0.253918827115055
0.25434399168058797
0.25454694292041574
0.25464784980314364
0.25494968139834967
0.25535761657405903
0.25554687716264307
0.25564307300024264
0.2559313978407813
0.256317320135109
0.2565801679539508
0.2567119885019801
0.25710818958825654
0.25763710577828164
0.2579276817576188
0.2580728104275729
0.2585101242557063
0.2590897904477607
0.259358942438668
0.2594923418809472
0.25989301559823486
0.2604288258723096
0.26073066632202063
0.26088217704206595
0.26133837217948336
0.26194438462634984
0.2622453335491677
0.262394973257533
0.26284575953613687
0.2634448764077006
0.263780943485921
0.26394881728342484
0.26445135867049097
0.2651286815087794
0.26548362379840507
0.26566342765370554
0.26620175180787253
0.266926116368137
0.2673184613964506
0.26751669439420905
0.2681099715674223
0.26891096302049117
0.26927695583398464
0.26946229601595895
0.2700190368677807
0.27076635975970287
0.2711416519313235
0.2713308774047311
0.27189842820393534
0.27266137137148927
0.27307334632429003
0.2732810798490675
0.2739066467958181
0.2747388091174129
0.27514115850194054
0.2753416569515084
0.27594279592006704
0.2767512606112017
0.27718414288350873
0.2774027379013704
0.27805850920757924
0.27893775745276456
0.27951245479337833
0.27980164636527194
0.28067159266011404
0.2818363547632695
0.282523002216427
0.2828683626466726
0.2839059112563805
0.2853027249045045
0.2859345916233378
0.28625341983696145
0.28721210132983843
0.2884988151594359
0.2892773697637469
0.2896700278543141
0.29085167030961234
0.2924360748406833
0.29322075613809434
0.2936153479763141
0.29480078148895245
0.2963970178381793
0.29718299232877116
0.2975798310731223
0.2987732446733894
0.30037665791771584
0.30152485078722574
0.3021061971827176
0.3038534249867703
0.306216858189739
0.30661214215956656
0.30816937860623944
0.30898063855404484
0.3093905685114504
0.31062266181572235
0.3122798459938502
0.3132270218129071
0.3137054444657862
0.31514411970463035
0.3170808250563742
0.3181967956124547
0.3187610700039955
0.3204574158180144
0.32274749898465366
0.3236507568112992
0.3244522757864532
0.3268654534051467
0.3301328101262382
0.33232823222943403
0.3355775023727567
0.3375543956904157
0.34107921344316505
0.3413436054699166
0.3437902902811858
0.34510422845014077
0.34576943046668973
0.347770221975252
0.350471746866884
0.3517997399345209
0.3524719191214479
0.35449367080255945
0.3572240150762163
0.35854746756103834
0.35921751875371916
0.361232045088946
0.3639538964238097
0.3652661224677752
0.3659307109699329
0.3679292255047397
0.3706272000908679
0.3720592120845238
0.37278473062284734
0.37496733734516796
0.3779153238875892
0.3794796745322733
0.3802728218498742
0.3826589433766375
0.3858863718719033
0.3874725121326388
0.3882768460750879
0.3906967726869585
0.3939709002429473
0.39557187045806474
0.396384065007763
0.39882752802136734
0.4021338322219994
0.4038092757354278
0.4046598483256839
0.4072189157566645
0.41068389632129904
0.41243707305389354
0.41332764480516493
0.41600763619293796
0.4196379478897998
0.4215050899938416
0.422454269072432
0.4253109521568367
0.42918492470688535
0.43110418265322914
0.4320803742070288
0.4350185150717765
0.43900406540790343
0.4410230071901995
0.44205058542277226
0.44514398234892427
0.44934209573855477
0.45150435075810913
0.4526057086925014
0.4559215189492775
0.4604267303487547
0.4626400477216369
0.46376770284891855
0.4671627173915442
0.47177517925328677
0.47412527108169866
0.47532323474973265
0.4789304318823947
0.48383406829805864
0.4863058466382993
0.4875661681805257
0.49136166696205696
0.4965224994273012
0.49914659558953484
0.500484989596638
0.5045160042358894
0.5100000829784046
0.5127276476261333
0.514118787298004
0.5183089892999063
0.5240088435544029
0.5269084579963135
0.5283876026831603
0.5328434927707433
0.5389070187973629
0.5419553695976906
0.5435103192177888
0.5481951382883964
0.5545705353175591
0.5577874522032777
0.5594283664446068
0.5643727866210086
0.5711022533636531
0.5745008369190532
0.576234365001485
0.5814584738305324
0.5885697774243684
0.5921406733079327
0.5939618619873317
0.5994507830017822
0.6069223979951796
0.6106983293698276
0.6126239588078382
0.618428448581371
0.6263307062096212
0.6303074500633827
0.6323352499984012
0.6384483739485188
0.6467712975910538
0.6509528008575157
0.6530846912107763
0.6595123113116926
0.6682633575078513
0.6726694671157257
0.6749155511746987
0.6816882991633044
0.6909093885684946
0.6955560584429236
0.6979243922113388
0.7050667017109006
0.7147910766598802
0.7196930591167152
0.7221910674976744
0.729725400975295
0.7399836789977416
0.745146321551546
0.747776572560746
0.755710649473003
0.7665129306305708
0.7719401907821677
0.7747045189986843
0.7830439376896833
0.7943968928643268
0.800113655044772
0.8030246265501397
0.8118074713508372
0.8237631166331405
0.8297811383484078
0.8328445323265437
0.8420883124014982
0.8546699629919536
0.8610005816717675
0.8642219397079777
0.8739434515978178
0.8871733325167909
0.8938295625894371
0.8972152677555688
0.9074338573546081
0.9213376571375531
0.9283348003047689
0.9318923827858209
0.9426308911137109
0.957239097500752
0.9645905235176617
0.9683264976709174
0.9796046885422072
0.9949434317194117
1.0026641778518135
1.0065858876122173
1.0184260473949351
1.0345249205361575
1.0426287778460244
1.0467429051940962
1.0591653248405124
1.0760510683601365
1.0845527854233608
1.088866475722305
1.1018928564957424
1.1195941102327183
1.128508298958404
1.1330285987056947
1.1466803551381302
1.1652252786862196
1.1745665164611214
1.1793004199972748
1.1935988177616204
1.213015270758205
1.2227983172932062
1.2277528703380203
1.2427193455522034
1.2630353070110782
1.2732749360631663
1.2784571408214616
1.2941130096556195
1.315356163632493
1.3260666665969036
1.3314832208291787
1.3478488916617606
1.3700455045209303
1.3812409743522205
1.3868984040330725
1.4039937838185013
1.4271692461874115
1.4388632009784037
1.444767658884881
1.462611544635986
1.4867895126211228
1.4989945953232362
1.5051516992555558
1.5237612918057994
1.5489630004919401
1.5616907434450564
1.568105457115518
1.5874959825480157
1.6137397455989884
1.6270162182127756
1.633700743629416
1.6539095902037189
1.6812437763095092
1.6950599544558385
1.7020085862950958
1.7230185929882047
1.7514165274067295
1.7657501495303927
1.7729504537584075
1.794724034107496
1.8241310166336078
1.8390207215874934
1.8464908871717185
1.869083841875712
1.8995727770744588
1.915034260581652
1.9227806959715081
1.9462130366503543
1.977807333824145
1.9938023926792894
2.001804309709296
2.026013235859456
2.05862313352629
2.075167109218418
2.083430399067618
2.1084345740502104
2.1420811091626537
2.1591621089906683
2.167678847811897
2.1934549461745174
2.2281015473521277
2.2457034239611846
2.254463334600994
2.280981006147056
2.316581148817308
2.3346889936835544
2.343682122750536
2.370912191729741
2.407420344295262
2.4260111025355404
2.4352231019219617
2.463123194740928
2.5004751985134748
2.519520331755993
2.5289336876960262
2.5574520236545335
2.595570027530315
2.6150428876434804
2.6246403712652784
2.653726374935709
2.6925326938621588
2.7123996691199728
2.7221597918462264
2.75175029514309
2.791148350886624
2.8113788143000207
2.8212802961922843
2.8513133557982187
2.8912052878098335
2.911775760487203
2.9217989000529134
2.952218260045589
2.9925092702843132
3.013423574956505
3.0235586163226733
3.054339872196232
3.094969720048341
3.1163049972706287
3.1265709725082163
3.157780599428576
3.1987939107354006
3.220869263367049
3.2313838883005648
3.2633977658503395
3.3052071275419777
3.329603425930775
3.3410023164326965
3.3758183323978557
3.4207810373860075
3.4452576255292637
3.456439469145355
3.4906998111785255
3.534275889843119
3.5475632691095593
3.5774369128940102
3.5811352618351777
3.5872057442748106
3.6057134438021246
3.6293063247021964
3.6399407122624603
3.644825864987936
3.659719702742037
3.678601626101464
3.6871742743872895
3.691080850504245
3.7029944306344698
3.7179992694407424
3.7247763397742566
3.7278363516630004
3.7371721380103042
3.748841017021038
3.75401670224785
3.756330716021899
3.763393490629854
3.77214734195427
3.7733709843966263
3.7750760254067477
3.78027877613377
3.7866939539762168
3.7899623726318334
3.791362543963576
3.7956527679868053
3.8007891122376023
3.8034623443395987
3.8045231273711027
3.8078026627394315
3.81147459647143
3.813260397432582
3.813847189969449
3.8157045861410337
3.8173858377280143
3.8180670287947116
3.818076770635428
3.8181970596602848
3.817475418932046
3.8169338791293814
3.8164018215804583
3.814863677507723
3.812092725093908
3.810288767662603
3.8090637161534096
3.8054432503233477
3.799696855049203
3.796128465236612
3.7939518908565484
3.787460579371156
3.7776388979367965
3.7714745766035978
3.7678936120657758
3.7571511515679665
3.7412533146569853
3.7303453403396234
3.724136492545171
3.7054148120947086
3.677879763538801
3.673322573786969
3.654384637396883
3.627428143402053
3.6131462955981455
3.605608356109435
3.582773069743023
3.550754873213435
3.5319089458165416
3.5221438555186704
3.492482392502458
3.451330919202769
3.430099080140276
3.4193603836806434
3.3866585571018466
3.3420298256445906
3.3211744375649164
3.3108448839700855
3.2793341539177012
3.23694899794503
3.2147385446988817
3.203938088667497
3.170883413354187
3.126863363807809
3.1025653857660527
3.090973961327766
3.0553194770588714
3.0082985955767847
2.981311880765661
2.9687421874443607
2.9297768724299718
2.8789693869445054
2.8491420610036373
2.835682062065701
2.793461623772234
2.739184641500975
2.7123916945049125
2.7005238406139482
2.6630718408680263
2.615241590505236
2.5874202899688914
2.575532293148362
2.537361978043887
2.489290141736091
2.4568679968459257
2.444050282866097
2.401148562717418
2.3487028075261525
2.3183547834740694
2.3071607605682587
2.268254965531888
2.221417126373488
2.192242055507741
2.1824246090191233
2.146110262032629
2.1033644368934725
2.076805307357903
2.0687348612968846
2.036694770334591
1.9995662622276096
1.977129046806761
1.970803240760331
1.9443266015181038
1.913600356863149
1.8944328969441069
1.8893463346769526
1.8669003948918388
1.840811537324348
1.8240274646065802
1.8198267506594268
1.8003109197087712
1.777606344564714
1.762581885620618
1.7590246559467355
1.7416741488114758
1.7214844858558378
1.707786093751198
1.7047063614003393
1.6889918633162362
1.6707153360716989
1.6580430717248622
1.6553269400649806
1.640883013397874
1.6241033184023108
1.6122499524286087
1.6098187632031338
1.5963925304143378
1.5808202926143495
1.569641760760432
1.5674405514797851
1.5548552175663857
1.54028673790339
1.5296812992663609
1.5276710175040018
1.5158006661779682
1.5020896536759185
1.491983702159516
1.4901360146344051
1.4788887083892799
1.4659274073322308
1.4562660872653954
1.4545599375202989
1.4438665934773958
1.4315733535475503
1.422314441886357
1.4207337661175166
1.4105408713360232
1.3988519696793333
1.3899618936665603
1.3884940969567483
1.378758917396728
1.367623140560086
1.3590743672653534
1.3577092986234753
1.3483966981181503
1.337771714276533
1.329541019652955
1.3282702760422405
1.3193505795331888
1.3092004814498626
1.3012677873242995
1.3000842367039853
1.2915317777607265
1.2818254003968692
1.2741729826985493
1.273070434419939
1.2648625568650165
1.2555723139983301
1.248184257109963
1.247157232435074
1.2392735971678548
1.2303746697438998
1.223236486315196
1.222280057517819
1.2147021568147651
1.2061719219229763
1.1992702854151587
1.1983799621215765
1.191090776374542
1.1829084021262122
1.1762377938820308
1.175408783450529
1.1683995777115612
1.1605507908548955
1.1540882604543292
1.1533179734720536
1.1465598978934413
1.1390163856170334
1.1327536211541143
1.1320378805636344
1.1255243522323406
1.1182744892282777
1.1122036453678799
1.1115390871268114
1.1052572163243608
1.0982851420901913
1.0923966617845404
1.091780132421495
1.0857176963077984
1.0790084093189158
1.073293248050724
1.0727217789411192
1.0668672475924768
1.060406595825499
1.0548562115341944
1.0543270045758695
1.0486694930411218
1.0424441159268696
1.0370504370585325
1.0365608530815915
1.0310900802579916
1.02508735915278
1.019842756785846
1.0193903058112272
1.0140965589817177
1.0083045743196226
1.0032018375579113
1.0027841703492146
0.997658273848727
0.9920657671868994
0.9870980806960391
0.9867129812506497
0.9817462679926172
0.9763426071997382
0.9715035307776141
0.9711489094825039
0.9663331948000513
0.9611083421391076
0.9563917913847165
0.9560656786944517
0.9513932356629514
0.9463377181810477
0.9417379461538414
0.9414384865946269
0.9369020232285393
0.9320069035006278
0.9275184841287459
0.927243930682385
0.9228365674999692
0.9180934177338611
0.913711228438997
0.9134599371439246
0.9091751863499994
0.9045760619921043
0.9002952685338445
0.9000656932625948
0.8958974387571612
0.8914348531508902
0.8872508950739977
0.887041582488945
0.8829840604807547
0.8786509622871359
0.8745595368635721
0.8743691218977964
0.8704169017022815
0.8662066506835369
0.8622037009783384
0.8620309018109648
0.8581788688461806
0.854085216196061
0.850166915755525
0.8500105296526889
0.846253868708705
0.8422709320588934
0.8384336747047799
0.8382925737256763
0.8346267508032844
0.8307489978809681
0.8269893823856955
0.8268625091586246
0.8232832578007426
0.8195054827353128
0.8158203052147031
0.8157066691717691
0.8122099735655383
0.8085272862399493
0.8049135239797386
0.8048121974055743
0.8013942803433035
0.7978020805255756
0.7942568856796607
0.7941670001727924
0.7908243076551139
0.7873182693208473
0.7838389580446995
0.7837597012695009
0.7804888882151619
0.7770649544556177
0.7736489911177018
0.7735796026166041
0.770377528620943
0.7670318630856449
0.7636768727219514
0.7636166434936096
0.7604803433703187
0.7572093728130482
0.7539130941939562
0.7538613588470217
0.7507880574190835
0.7475883909875017
0.7443487185811387
0.744304858075022
0.7412919337506706
0.7381604205166437
0.7349753369198605
0.7349387717051251
0.7319837607876888
0.7289174154664487
0.7257850358702641
0.7257552259615788
0.7228558115739875
0.7198518359715453
0.7167703775540487
0.7167468170916463
0.7139008134894846
0.7109565774330044
0.7079243574039099
0.7079065779496625
0.7051119343776884
0.7022249672307764
0.6992403919337563
0.6992279564840869
0.6964827241737302
0.6936507838365725
0.6907122846009972
0.6907047835777747
0.6880071764185579
0.6852278850380983
0.6823341988733208
0.6823312406940911
0.6796795701891355
0.6769508723381948
0.6756605686991529
0.6754540519123325
0.6743695722539431
0.6729855737580108