0.23522339973790715
0.2352345762461194
0.23524016549627533
0.23525693366364084
0.23527929505696196
0.2352794587296366
0.23528500807433073
0.23528805533431377
0.23528972928087735
0.23529056674106658
0.2352930941681545
0.23529640156675322
0.2352987132948422
0.23530189484614708
0.23530248367484502
0.2353045414651102
0.23530729622766816
0.23530884491455129
0.23530961960066998
0.23531194830254937
0.23531504710190082
0.23531703968729376
0.23531803484693892
0.23532102034046976
0.23532501395945074
0.23532693705476418
0.2353279025792378
0.23533079916647764
0.23533464894783745
0.2353366110111381
0.2353375882486206
0.23534050830485911
0.23534445427123896
0.23534624161547932
0.2353471478471451
0.23534987197146584
0.23535347357344205
0.23535524752432824
0.2353561259702148
0.2353587613193708
0.23536227521022607
0.2353641440577802
0.23536507724524725
0.2353678768206221
0.23537160969138837
0.23537388845970458
0.23537503043991947
0.2353784495878878
0.23538304716289546
0.23538527040856125
0.2353863878122388
0.2353897534186238
0.23539422312537628
0.23539674767661203
0.23539800382567933
0.23540177980390795
0.2354068207922697
0.23540929246039938
0.23541053324991856
0.2354142556408936
0.23541925100531177
0.23542167586257082
0.23542289817089815
0.23542653600710173
0.2354314860048564
0.23543401068247027
0.23543529973993457
0.23543916693658878
0.23544432339641266
0.235447060642521
0.2354484330264513
0.23545255020567848
0.23545807539473843
0.23546067851537772
0.2354619929805707
0.2354659207467263
0.23547121141288702
0.23547462844298123
0.2354763495065384
0.23548151273975973
0.23548835313693753
0.2354915155108056
0.23549308317170423
0.23549778618993553
0.23550405717332526
0.23551439772822563
0.23551954578583495
0.23553505184841608
0.23555578026914867
0.23555597621251953
0.23556346062772346
0.2355734008918516
0.23557862840865992
0.23558124433090044
0.235589076660462
0.235599541391038
0.23560554503677217
0.2356085510499692
0.23561753353154652
0.235629671616839
0.2356301071073216
0.23563251623873321
0.2356397437153458
0.23564944285826636
0.235653989489137
0.2356562939800065
0.2356631938796114
0.23567241265929845
0.2356779358489971
0.23568069782755438
0.23568891846247678
0.23570017415014896
0.23570067367573277
0.23570314266799788
0.23571056437554633
0.23572047273231508
0.23572543494367595
0.235727940429867
0.23573542741120126
0.23574538653163463
0.2357502253717456
0.23575262921736126
0.23575984083631815
0.23576945701955632
0.23577484722550054
0.2357775391297748
0.23578561494512407
0.23579641799054984
0.23580198275536407
0.2358047860030817
0.23581317932456622
0.2358243220741633
0.23582959284593336
0.23583220268870492
0.23584003231346726
0.23585050592795798
0.2358554474137546
0.23585793601358945
0.23586540190092453
0.2358752620362512
0.23588052855465877
0.23588312926171554
0.2358909314786225
0.2359013684237662
0.2359074851628707
0.23591056453032855
0.23591978462914354
0.23593206434028244
0.23593809972674445
0.23594110585831635
0.23595019537613698
0.2359620734624265
0.23596927428299724
0.23597280224736028
0.23598340713859844
0.23599756557237464
0.2360062841165048
0.23601061870901904
0.23602380229651576
0.2360408739928145
0.23604993057049423
0.2360543291292048
0.23606742165663025
0.23608534541290072
0.23609310010179393
0.23609709557151348
0.23610917648114685
0.23612511315113155
0.23613411379728022
0.23613857951197223
0.23615195076181003
0.2361698730518993
0.23617816292205707
0.23618233577874786
0.23619487908600958
0.23621157277114999
0.23622200633538704
0.23622719495020156
0.2362428221580691
0.23626364584098844
0.23627478677837202
0.23628037537533303
0.23629710897823053
0.23631946785151925
0.2363304563142146
0.2363359838687721
0.2363525025193047
0.23637454773461317
0.236385606797815
0.23639112434165466
0.23640774185062596
0.23642968214248875
0.2364400673992129
0.2364451948504194
0.236460637552597
0.23648121541099304
0.23649082115941888
0.23649564404380255
0.2365101130217616
0.23652928646091134
0.23654005280068618
0.23654539283023213
0.23656141331669475
0.23658277736927083
0.23659341765799893
0.2365987345827995
0.2366147785234025
0.23663585448193042
0.23664890713549
0.2366553358096172
0.2366747344404156
0.2367002185844188
0.2367154839593794
0.23672302484188237
0.2367456482795865
0.23677581963140348
0.23679481568657118
0.236804316562117
0.23683293043050319
0.23687071753682734
0.2368914898310026
0.23690176949707778
0.2369327883261637
0.23697354547880864
0.2369939395388707
0.23700393306828732
0.2370343774072884
0.23707351846803618
0.23709249172502123
0.237101590176957
0.23712904386633207
0.23716523079688492
0.23718845868933147
0.2371999802791577
0.23723441463625208
0.23728079441974265
0.23730665032772663
0.23731976091653328
0.23735894539863814
0.23741157363154974
0.2374348513275599
0.23744666101532427
0.23748202470882698
0.23752928293508468
0.23755753447648315
0.23757171364985005
0.2376140122539134
0.23767109211198484
0.23770528026944943
0.23772251478288128
0.2377743203869143
0.23784372154396413
0.23785237167278062
0.23789191135410293
0.23794516175634686
0.23797459245496563
0.23798943359260363
0.23803412735330232
0.23809263199709432
0.23810205715055
0.23811671807819024
0.23816070381764481
0.23821955489253702
0.2382524446549159
0.2382689378621706
0.23831869910651715
0.23838392341233522
0.23838809188765916
0.23840273117944372
0.2384468157428942
0.23850488478245482
0.2385338606993841
0.2385481310072966
0.2385912632531035
0.23864770968804122
0.2386794311262812
0.2386950208735315
0.23874136111099614
0.2388048466384354
0.23883474006861927
0.23885013629267401
0.23889641364733777
0.2389580304719315
0.23900025573141445
0.23902134015124263
0.2390843670016678
0.23916949996657785
0.2392126942801028
0.2392345513604717
0.23930024934598407
0.23938774209951866
0.23944028440048293
0.23946643913876042
0.2395451996096708
0.23964991052309437
0.239708308996106
0.23973742803755477
0.23982511332804632
0.2399407044664619
0.2399950169947066
0.24002174612520666
0.24010208800228874
0.24020941300274606
0.24026553539444073
0.24029365870067776
0.24037819096680554
0.24049177133563482
0.2405251541823512
0.24055887580827634
0.240659337451046
0.24079551410083805
0.24086165582100194
0.24089547713459994
0.24099517083550684
0.24113435425366136
0.24120144077280928
0.24130246178890896
0.2413503519513963
0.24137485958359753
0.2414478762718863
0.24154733567425551
0.24159903308330424
0.24162537709719725
0.241704556494699
0.24181002551961306
0.24186110034151698
0.2418866561050273
0.24196280248246332
0.24206595123332317
0.24212823738105274
0.2421596855911107
0.2422540440074859
0.24238170061664535
0.24240061262884954
0.24242978203503832
0.24251745186437113
0.2426339193491059
0.2426893394425407
0.24271691623504396
0.242800078938971
0.24290840637882755
0.24296347707952837
0.24299022286611485
0.24307060604490588
0.24317797793799342
0.24324959792112938
0.24328550302322421
0.24339287357835196
0.24353781066270372
0.24361410817730708
0.24365268151723526
0.24376900235015858
0.24392227100776367
0.24400569012366713
0.2440467961519396
0.2441703418879869
0.24433543185996473
0.24441108771384532
0.24444906085332724
0.24456365688768944
0.24471495956207406
0.2447992166383022
0.24484083649781516
0.24496684441812738
0.24513183591185386
0.24522516015851145
0.24527098610298304
0.24540871470247283
0.2455923146019294
0.24571306926495526
0.2457736635618204
0.24595534987437184
0.24619635689057892
0.2463071348044513
0.24636212134635932
0.24652699103292228
0.24674677410733814
0.24686986133405667
0.24693115216575576
0.2471157962034806
0.24736054348365327
0.24751063601265766
0.2475855096944042
0.24780847431408407
0.24811270557008805
0.24815782354048277
0.24834411085081795
0.24859203338585936
0.248734809352933
0.24880603735653486
0.24902027285077347
0.24930482835516793
0.24948482803336436
0.24957465985646468
0.24984306308109253
0.2502072288741532
0.250226417201568
0.25031385403589956
0.25057819301371725
0.25092611197611947
0.25109262921354025
0.2511747437692086
0.251420467994526
0.2517509115540963
0.2519510907039743
0.2520521220253844
0.2523553500285071
0.25275804281776165
0.25294422494055074
0.25303660455877774
0.2533138562787631
0.25368446002340495
0.2539255824076452
0.2540465561884219
0.2544096705034231
0.25489594369757934
0.25516476926436826
0.2552998719601415
0.25570677066959224
0.25624605372696246
0.256407106422598
0.256566644104778
0.25704777703148995
0.2576878216733592
0.25805232312341225
0.25823442224560234
0.25878114903967203
0.259512811735925
0.2599784134810946
0.2602120811748302
0.2609137854913432
0.2618612188032055
0.26219798024432855
0.2629609793954665
0.26295997877103366
0.26342499609022946
0.2640515732179081
0.2643642574060914
0.2645219606588357
0.26499778906961846
0.2656301541297446
0.2660757375832551
0.2662988615842427
0.26696917779664103
0.26786723708878396
0.2685049310393703
0.2688265797354118
0.2697930666899064
0.2710884490554891
0.27183377824769167
0.27220865372917424
0.27333595094493784
0.2748516739724819
0.2755931003406067
0.2759669335201323
0.2770877078113812
0.2786054399416648
0.2787976355064621
0.27986613690351614
0.2801387461319523
0.28042193620768086
0.2812742589439013
0.2824133682762406
0.282980937292243
0.2832652107920452
0.2841200909126874
0.28526566295851696
0.2861337648206884
0.2865720249760931
0.287888172737294
0.2896656691229468
0.29085858465979214
0.292497678581525
0.29277146002549437
0.2931291652072958
0.29420504733129543
0.29564801001431823
0.2964678152720539
0.2968807732646758
0.2981206430230034
0.29979238965251664
0.30057581761366764
0.300971898911502
0.3021622053165405
0.3037607431408354
0.3046618625015066
0.3051158656494695
0.3064806308108256
0.308319754611557
0.30919989053139224
0.30964484594854363
0.31098154267597256
0.3127829875047259
0.3137010370136741
0.31416513009210806
0.3155598330672905
0.3174386409606265
0.3184609853197804
0.3189779081567621
0.32053221664402115
0.32262650988263675
0.32378179211571917
0.32436637146119723
0.32612389585982776
0.3284961080000777
0.329620025773143
0.33018841660017906
0.3318984588211343
0.3342023239388055
0.33566065853065247
0.33639981707204647
0.33862384237306664
0.3416337226781546
0.34332759579956074
0.34564449107560363
0.3468551010904795
0.34746781908046487
0.34931030307518446
0.35179718447239633
0.35304064008035807
0.35367006305003135
0.3555626861410459
0.3581169192225768
0.3595023804805129
0.3602041381312855
0.36231516288308824
0.3651671377966818
0.3665868674768991
0.36730603463206984
0.3694693522652093
0.37239295707385206
0.37384186374228334
0.3745760497901267
0.3767845382437297
0.37976969317968684
0.38127816630393524
0.38204280263881873
0.3843433234622973
0.387453805087713
0.3890416010531647
0.3898468327690777
0.39226960407108835
0.3955482810417355
0.3971632129455771
0.39798253390662236
0.40044778318645324
0.4037846580462972
0.4054608039409573
0.4063116318429287
0.40887196716974467
0.4123389792982176
0.41410703974590574
0.4150051421917885
0.4177080158460777
0.4213714842041092
0.4231845804306732
0.4241061021117187
0.42687962727342976
0.43063946588838525
0.43257312949291443
0.43355664328370036
0.4365175417954728
0.44053433577800893
0.4425979750771625
0.4436483598155168
0.4468110490982845
0.4511058610993328
0.4532575403723798
0.45435328904279304
0.45765292438624344
0.4621352293166638
0.4644160448770935
0.4655782297019234
0.4690783639638112
0.4738363278204661
0.47622713832744856
0.47744578748013744
0.4811164596438008
0.4861075828007395
0.4886433230341299
0.4899363277324106
0.49383144716654015
0.499130636838208
0.501786970335316
0.5031416679903129
0.5072230266375046
0.5127763213236833
0.515587097791394
0.5170208001898656
0.5213407544650122
0.5272205375182879
0.5301800763592115
0.5316897155866394
0.5362390497679574
0.5424317840383457
0.5455621464249241
0.5471589767757824
0.55197174716084
0.558524388815715
0.5618274221920444
0.5635122711949102
0.5685909969554547
0.5755065681138996
0.5789929008253947
0.5807711457950245
0.5861321187247968
0.593432815964819
0.5971127978485445
0.5989896676240235
0.6046487414160058
0.6123561446838928
0.6162402865914011
0.618221092750359
0.6241943718753911
0.6323303960104443
0.6364299080428927
0.6385203166180992
0.6448249776092678
0.6534129973856689
0.6577400750658005
0.6599462493993419
0.6666009771951287
0.6756664239150114
0.6802335128240437
0.6825617297691492
0.6895855525792314
0.699154274120237
0.7039747047003099
0.7064316778114461
0.713844949290167
0.7239445686152827
0.7290321351834433
0.731624793718919
0.7394485234532006
0.7501074911234366
0.7554770141744619
0.7582127901849163
0.7664695156075213
0.7777183220985858
0.7833852251460481
0.7862718330952753
0.794984951755796
0.80685519069637
0.8128357345036852
0.8158812905074767
0.8250754225896716
0.8376002962604475
0.8439113556560954
0.8471242612830628
0.8568248986739323
0.8700387246370799
0.876697970202144
0.8800870049237242
0.8903207925459989
0.904259396210509
0.911285156186891
0.9148594050907571
0.9256539226313142
0.9403543299584327
0.947765634358789
0.9515345089671148
0.9629183350412683
0.9784188570470281
0.9862354087938603
0.990208629143858
1.0022112876719316
1.018551436332068
1.0267935845050133
1.0309811604750885
1.0436330646669578
1.0608534587899787
1.0695421658044026
1.0739543726663723
1.0872867512817617
1.1054289893041034
1.1145857545647895
1.119233082790661
1.1332778281067255
1.1523842412715333
1.1620309826264734
1.1669240619045784
1.1817134993676457
1.2018267838863648
1.2119856535793374
1.217135138528492
1.232701680312783
1.253864355173281
1.264557474281917
1.269973883346186
1.286349540194862
1.3086031954670236
1.319852279726846
1.3255457734028728
1.3427614830777959
1.36614576211412
1.3779716282947307
1.383951721442177
1.402036478287716
1.4265877747901088
1.4390097105958675
1.4452849106708066
1.4642646720348522
1.490014511368648
1.5030495017039374
1.5096268698451352
1.529523230658751
1.5564963264589025
1.5701581355077165
1.5770427705647176
1.5978714070893312
1.6260833969213224
1.6403896580762936
1.647588229221828
1.6693696972059922
1.6988418284050084
1.713799175453246
1.7213122967192505
1.7440488060773485
1.7747757922860983
1.790350668847038
1.7981581959245432
1.8217887662050878
1.8536775402991215
1.869828310822152
1.8779056363150237
1.9023558558855058
1.9352941115043452
1.9521028907917752
1.9604864347086812
1.9858684674079123
2.019995535360217
2.0373922438719863
2.046041316187984
2.0722322905244255
2.1073648136418504
2.1252810484745335
2.134154808834081
2.161031833705144
2.1969843465643852
2.2153768405932786
2.224445289980855
2.251919220505251
2.2885477814520105
2.307352769626863
2.3165734911041778
2.3445181313637704
2.381622830961763
2.4007590701780654
2.410077638121276
2.438331364633418
2.4756558241195115
2.4950499582335928
2.504409770242019
2.5328063434825645
2.570071900779586
2.5896929270818383
2.5990455809343365
2.627447637103243
2.664380153422112
2.6843882980584386
2.6937438941196876
2.722202471859885
2.758682935199235
2.78059103565605
2.7904225868462036
2.8204536008603682
2.8577696586795995
2.87560046858716
2.883276979228547
2.906802947738284
2.934988442377939
2.94940450287605
2.967203223049357
2.9749337194043477
2.9780650298873637
2.9876984972628846
2.998605806677367
3.0033640372936405
3.0050689509530772
3.010384388829196
3.0156753205550757
3.017805383443469
3.01825595954371
3.0197768994320526
3.0201552045450573
3.0199511319229657
3.0193055582506796
3.017508253426584
3.0136437443518003
3.011488334884851
3.0099600311323833
3.0054823138029594
2.998288422525148
2.9942622150555835
2.991809594379455
2.984551231200987
2.973670755215827
2.966915606650515
2.9629980082865357
2.9513680141124157
2.934377344454532
2.9241039607289223
2.9183552855476935
2.901248865898785
2.87676469334106
2.861639087757316
2.853405474125315
2.8288626940451813
2.794307082373946
2.774206126965298
2.7635974963944405
2.731886174112219
2.6880816304600637
2.661615214493162
2.6480761644214468
2.6074667460328325
2.5524025822556617
2.5274426737705693
2.5150564859645526
2.4776735243358874
2.4279840937286874
2.403006250364155
2.3909320391950772
2.3543046524622095
2.306213929916463
2.280965390159419
2.2690237637325263
2.2325798736248452
2.185193517798772
2.1588793143537113
2.1467374652030813
2.109367150452195
2.061286282689667
2.0328237969169334
2.0201643332357766
1.9806371155714686
1.9305749538167263
1.9000292075484901
1.8871909871647237
1.8460681009874544
1.795173062112787
1.7856830476090852
1.776015828759347
1.7448447393464614
1.7061233084399274
1.6869639199060902
1.679147564245901
1.6536015969326734
1.6219011100293417
1.6049921950608672
1.5983044221127596
1.5759753090331579
1.5484049023377942
1.5329786318036314
1.5271470763885102
1.5070702822914117
1.4824725596286068
1.4681285884902182
1.4630321416544747
1.4447139474155035
1.4225080478173318
1.4089786781457092
1.4045570770852382
1.3876811524058676
1.367514240890051
1.35458143335475
1.3508010728715896
1.335124299341658
1.3167491407138485
1.3042800666753807
1.3011220582568643
1.286506541189211
1.2697915921675167
1.2586754836687442
1.2561420300639237
1.2435337996299274
1.2291598493897882
1.219235664562818
1.2171514744599048
1.2060282567858587
1.1933829692729605
1.1843557782577578
1.182598857612991
1.172585506798474
1.1612336826165235
1.1528969742024753
1.1513831732608981
1.1422205121090794
1.1318608743380913
1.124071398126208
1.122742256233596
1.1142500335487342
1.1046724199640707
1.0973299609367944
1.0961445151378566
1.0881961741293158
1.0792525167841647
1.0722861753299442
1.0712154289066493
1.0637210799132244
1.055305806259549
1.0486646917239044
1.0476878625794797
1.0405827177536848
1.0326194255585321
1.0262662322301497
1.025368204460769
1.018604603933878
1.0110369005544635
1.0049433174251134
1.0041129181716142
0.9976546990038913
0.9904398072199536
0.984583118455886
0.9838119664367128
0.9776304086905674
0.9707346567534612
0.9650952973727932
0.9643770366039808
0.9584480543140491
0.9518437821420026
0.946403936807546
0.9457337022682366
0.9400362395583682
0.9336999224565906
0.92844321781743
0.9278172194373103
0.9223327323722877
0.9162441050860476
0.9111560108226164
0.9105711887590541
0.9052837127036977
0.8994254426356566
0.8944936795508667
0.8939474404937033
0.888843594182176
0.8832009916628617
0.8784154902598433
0.877905537937095
0.8729741712958301
0.8675347147451954
0.8628871801435866
0.8624114229874157
0.8576430557913111
0.8523958330733821
0.847879214234999
0.847435717273937
0.8428220197871427
0.8377572535875805
0.8333668704633805
0.8329536115880812
0.8284885964985967
0.8235983330844997
0.8193259888501587
0.8189416842695423
0.8146152620287826
0.8098890872840049
0.805729974800441
0.8053728149396423
0.8011800276338366
0.7966111242135673
0.7925608494159332
0.7922293098513308
0.7881639797621641
0.7837448893639861
0.779798745615606
0.7794913799238045
0.7755476202166051
0.7712712373750293
0.7674247412340794
0.7671401723262835
0.763312378477772
0.759171933744285
0.7554208138024436
0.7551577294661023
0.7514405600128982
0.7474295989862905
0.7437697831009593
0.74352693263489
0.7399152949585173
0.7360276624754793
0.732455268076765
0.7322314596365604
0.7287204988177364
0.7249503263913375
0.7214616524781076
0.7212557508780799
0.7178408403453527
0.7141825353648826
0.7107740555098364
0.7105849803131676
0.7072617134421393
0.7037099495968007
0.7003783053716065
0.7002050291395543
0.6969692115361011
0.6935189195243853
0.690260914515243
0.6901024611451353
0.6869501031093473
0.6835964620952825
0.6804090557239504
0.6802644988106507
0.6771918080616819
0.6739302370698355
0.6708105387068184
0.6706789998876608
0.6676823744887181
0.6645085233027436
0.661453786772271
0.6613344341285812
0.6584104550562027
0.655320196295744
0.6523278135749918
0.6522198599547001
0.6493652839312867
0.6463547045250377
0.6434222000443348
0.6433249013638751
0.6405366541126285
0.6376020456387494
0.6347270712805274
0.6346397249142424
0.6319148934009224
0.629052744969998
0.6262330735494335
0.6261550164641685
0.6234908426511758
0.620697831013156
0.6179313516898152
0.6178619589713
0.6152558322967112
0.6125288146420534
0.6098135267484776
0.6097522097985623
0.6072016602763263
0.6045376664815388
0.6018716736848614
0.6018178785316554
0.5993205707794892
0.5967167924068458
0.5940982997716419
0.5940515055583528
0.5916052316230632
0.5890590162948163
0.5864863234041268
0.5864460406862384
0.5840487131850609
0.5815575584725724
0.5790290534623098
0.5789948225947888
0.5766444710888208
0.5742060096187854
0.5717201695537125
0.5716915595370796
0.5693863196666769
0.5669983224953865
0.5645537018236387
0.5645303079069953
0.5622684200313757
0.5599287850451488
0.5575240141883944
0.5575054571438459
0.5552852639934998
0.5529919895592897
0.5506257878480694
0.5506117128756565
0.5484316395630852
0.546182879428937
0.5438539977644264
0.5438440721488226
0.5417026436917594
0.5394965969991927
0.5372038988166307
0.537197812359623
0.5350936216205392
0.5329286455439743
0.5306710112988372
0.5306684733546869
0.528600196638544
0.5264747361082535
0.5242511091696912
0.5242518461770577
0.5222182490080498
0.520130763623607
0.517940198436682
0.5179439577497008
0.5159438504655416
0.5138929630315084
0.5117344982838159
0.5117410462924961
0.5097732914413747
0.5077577519577992
0.5056304496932971
0.5056395628040227
0.5037031200807874
0.501721695517984
0.4996247046858209
0.4996361731401745
0.49773005227469425
0.49578147448733534
0.49504580582125424
0.49491851088467265
0.4943657340730433
0.4936450734146496