0.999349287659381
0.9993247136922868
0.9993124261371072
0.9992755633937853
0.9992264111719829
0.9992202943596856
0.9992146475699791
0.9992134287484323
0.9992080311051866
0.9992054810915187
0.9992042060781593
0.9992003810360184
0.9991952809613424
0.9991923818531833
0.9991909322908001
0.9991865836012238
0.9991807853239489
0.9991778889751223
0.999176440792226
0.999172096241141
0.9991663034818692
0.9991632493925279
0.9991617223384983
0.9991571411737676
0.999151032927085
0.999147870448601
0.9991462891994265
0.9991415454491243
0.9991352204198723
0.9991256276294684
0.9991208311469554
0.9991064416838698
0.9990872554554661
0.9990842632950097
0.9990774148291679
0.9990739905510811
0.9990637177079869
0.9990500204420898
0.9990467948808541
0.9990429109965371
0.9990409690395647
0.9990351431649129
0.999027375287986
0.9990228411613452
0.9990205740781487
0.9990137728238949
0.9990047044233291
0.999000272306417
0.9989980562284808
0.9989914079901105
0.9989825436144211
0.9989780051147282
0.9989757358448748
0.9989689280306538
0.9989598508839495
0.9989544818239431
0.9989517972660793
0.998943743586375
0.9989330052603647
0.998927469538746
0.9989247016480607
0.998916397969615
0.9989053263069932
0.9988994917871796
0.9988965744944069
0.9988878226091038
0.9988761533271544
0.9988695107340747
0.9988661893951785
0.9988562253699912
0.9988429398705916
0.998835679661931
0.9988320495069957
0.9988211590323557
0.9988066382402683
0.9987995880746522
0.9987960629437924
0.998785487541868
0.9987713868563605
0.9987647916589198
0.9987614940182148
0.9987516010877272
0.9987384103825254
0.9987301963237869
0.9987260892296512
0.9987137679353186
0.9986973393379424
0.9986892256106077
0.998685168683379
0.9986729978899407
0.9986567699670507
0.9986472211924523
0.9986424467182953
0.9986281232805303
0.998609025084546
0.9985990838922177
0.9985941132007279
0.9985792011097001
0.9985593180224616
0.9985575171552928
0.9985533090002864
0.998540684522758
0.9985238516704722
0.998512809498641
0.9985072882960186
0.9984907246681778
0.9984686394617943
0.9984555856282934
0.998449058550098
0.9984294772894039
0.9984033684222505
0.998401919564352
0.9983856181426006
0.9983638825549555
0.9983283948255207
0.9983106497694018
0.9982574144394816
0.9981864301051099
0.998165730607048
0.9981531622379305
0.9981468779034969
0.9981280248754079
0.9981028870200028
0.9980902277478728
0.9980838979579978
0.9980649085632723
0.9980395888798788
0.998026854074893
0.998020486517309
0.9980013838199667
0.9979759130548631
0.9979703980090386
0.9979643447934009
0.9979461851237341
0.9979219717811578
0.997910044965154
0.9979040814205542
0.997886190764096
0.9978623361220678
0.9978180467696507
0.9977959002388583
0.9977294604060726
0.9976408678330778
0.9976281513711468
0.997617684702541
0.9975862846357385
0.9975444165233833
0.9975252735307282
0.9975157016830694
0.997486986088793
0.997448697494984
0.9974312307436689
0.9974224970750963
0.9973962960263622
0.9973613603467293
0.9973427567772041
0.9973334546598471
0.9973055482584411
0.9972683386573904
0.9972503189308001
0.9972413087582729
0.9972142781941037
0.9971782364423265
0.9971594537195179
0.9971500620222385
0.9971218868807007
0.9970843189331988
0.9970626012424694
0.9970517419470858
0.9970191639954268
0.9969757252714346
0.9969541915424444
0.9969434242370218
0.9969111222562221
0.9968680515265438
0.99684386559815
0.996831772082001
0.9967954914555415
0.9967471154749261
0.9967211040588768
0.9967080977075646
0.9966690785599069
0.996617050965731
0.9965901672766911
0.9965767247562638
0.9965363970964242
0.9964826246802299
0.9964571601310908
0.9964444272526396
0.9964062285301865
0.9963552948946612
0.9963107491909348
0.9962884744638292
0.9962216500331917
0.9961325446131319
0.9960886589227409
0.9960667142445289
0.996000879963969
0.9959130949895979
0.9958704538707654
0.995803817656923
0.9957721867635064
0.9957563703715836
0.9957089210582613
0.9956456522484737
0.9956095112174946
0.995591439478789
0.9955372240898535
0.9954649328824151
0.9954305893372138
0.9954134164544216
0.9953618976564343
0.995293202227963
0.9952594878818063
0.9952426296147397
0.9951920546597549
0.9951246178964472
0.9950865056888626
0.9950674482209527
0.995010275629987
0.9949340409955783
0.9948903512364741
0.9948685045483557
0.9948029642379276
0.9947155712164313
0.9946711537894452
0.9946489431981048
0.9945823111791077
0.9944934623501908
0.994450320037146
0.9944287471130395
0.9943640280966748
0.9942777303421418
0.9942270779012831
0.9942017492739254
0.9941257630595537
0.994024440136354
0.9939771678661851
0.9939535296116767
0.993882614549441
0.9937880542571128
0.9937271521114479
0.9936966975617062
0.9936053334193663
0.9934835032243735
0.9933999749216345
0.9933582042611543
0.9932328914327486
0.9930657859064815
0.99298121195076
0.9929389182042884
0.9928120360604682
0.9926428376298827
0.9926163006571554
0.9925802073511052
0.9924719267908172
0.9923275365356159
0.9923098151257836
0.9922774844547589
0.9921804919019375
0.9920511556672026
0.9919845882819729
0.9919513004670706
0.9918514364566163
0.991718270743838
0.991651891797733
0.9916186981917929
0.991519116823411
0.9913863280039159
0.9913124142891555
0.9912754522931038
0.9911645656248945
0.9910166997458765
0.9909462657862057
0.9909110441139674
0.9908053784835457
0.9906644755323308
0.9905880964472021
0.9905499014012187
0.9904353155251137
0.9902825163125069
0.9902041111310284
0.990164902780354
0.9900472769212043
0.9898904236806358
0.9897886877581397
0.9897378102093758
0.9895851762796561
0.9893816321192332
0.9892588622054358
0.9891974630754531
0.9890132638004709
0.9887676178793913
0.9887358955165835
0.9886781283829902
0.9885048252420181
0.9882737135566774
0.9881501129953979
0.988088298609696
0.9879028535469145
0.9876555459295753
0.9876077829488746
0.9875440455700389
0.9873528314244397
0.9870978286238258
0.986979840570434
0.9869208333973118
0.9867438101000032
0.9865077360625033
0.986390033055646
0.986331168638018
0.9861545735661762
0.9859190709949659
0.9857908310714114
0.985726695914819
0.9855342882826179
0.9852776942454358
0.9851215154124028
0.9850434034136812
0.9848090643207229
0.9844965365012004
0.9842743333447327
0.9841631858419505
0.9838297370175173
0.9833849863841228
0.9833048489615586
0.9829587874690883
0.9827900696138402
0.982533256358853
0.9823765333873745
0.9822981492528179
0.9820629935525681
0.981749377207485
0.9815444660923942
0.9814419718381441
0.981134483447925
0.9807243706427546
0.980492508634405
0.9803765283673953
0.980028580324713
0.9795644850907343
0.9793097402787324
0.9791823083868211
0.9788000038638688
0.9782900662309917
0.9779981282863861
0.9778520814100122
0.9774139290250828
0.9768294674926092
0.9768133168484016
0.9766969459054853
0.97634782563625
0.9758821666968273
0.9756404159431582
0.9755194872747549
0.9751566930508552
0.9746727895863788
0.9743277979084182
0.9741551939618828
0.973637365750307
0.9729465638989296
0.972889595697166
0.9726655188635945
0.9719932605233239
0.971096304655768
0.9706549105137716
0.9704340369755995
0.9697713884214771
0.9688872664546686
0.9687184754303461
0.9681248258997046
0.9678501399706896
0.9677127291267015
0.96730048551645
0.9667505998959246
0.9664737066554211
0.9663351915669506
0.9659196349165204
0.9653653281084229
0.9650028952605684
0.9648215616054009
0.9642775408013161
0.9635517845688553
0.9631863136039359
0.9630034594394912
0.9624548766293588
0.961723030570997
0.9613438387370883
0.9611541149988777
0.9605849216794261
0.9598255656586026
0.9593278834820751
0.9590788236439405
0.9583316055621138
0.957334574866057
0.9566958592935817
0.9563761438921654
0.9554169337012075
0.9541367615641294
0.9532928717011477
0.9528703027381165
0.9516024824507857
0.9499099240488361
0.9492968748820422
0.9480946145348338
0.9478303421144422
0.9474404639370175
0.9462707261720432
0.9447092851855121
0.9442412844598197
0.9431110445008999
0.9424972984025958
0.9421901041151409
0.9412684541113607
0.9400384787191787
0.9392386042000107
0.9388381242403055
0.9376365685339891
0.9360326141338239
0.935968356525825
0.9350584014583172
0.9338440565224149
0.9330863019548884
0.9327069446947739
0.9315687633867942
0.9300495125506182
0.9291127783409989
0.928643681797599
0.9272362205494129
0.9253570577966002
0.9244835891074016
0.924046226638886
0.9227339838829465
0.9209821209945644
0.9198762646087687
0.9193223406908989
0.9176603126780563
0.9154407511773569
0.913972603467142
0.9132367960262352
0.911028905669418
0.9080788546720455
0.9076835538581652
0.9058787828668173
0.903468307343039
0.9031958044583482
0.9014357074188935
0.8990850170993183
0.8979057664218939
0.897315059042184
0.8955425899495028
0.8931753564839792
0.8920594521825503
0.891500538576744
0.8898234717138486
0.8875838721484345
0.8863300762410797
0.8857019834510128
0.8838172764903126
0.8812999010633953
0.8801610787891769
0.8795906874455136
0.8778791407809596
0.8755934303156467
0.8743426619155403
0.8737161103476068
0.8718359864872384
0.8693247477261142
0.8677377457486666
0.8669423832535363
0.8645555055242681
0.8613658649199831
0.860990781288233
0.8602468437220334
0.858014301094998
0.8550313120193187
0.8536662222480269
0.852982308836135
0.8509299147752581
0.8481880634407591
0.8468309011726479
0.846150974041643
0.8441105123728992
0.8413845850775431
0.8400722606357015
0.839414838757387
0.8374419045724317
0.8348063004526162
0.833369416216929
0.8326494602110452
0.8304887513081793
0.8276016817701127
0.8258648582925743
0.8249942173812816
0.8223809996618182
0.8188875325140318
0.8182078695380669
0.815856808643985
0.812714495278584
0.8112182518734853
0.8104684184580327
0.8082178529210596
0.8052099815142519
0.8037852166380751
0.8030712488034988
0.8009283301112968
0.7980644683339175
0.7964211972746624
0.7955974066541673
0.7931246167715117
0.7898184013075612
0.7882946598925488
0.787530862694512
0.7852381884774919
0.7821731227843245
0.7805236179405658
0.7796965359737857
0.7772137129973681
0.7738932962790344
0.7723602674368816
0.7715916474289237
0.7692843606240813
0.7661989945435101
0.7645906108022197
0.7637840111200496
0.7613625717296225
0.7581236472180548
0.7565213844126405
0.7557177489018884
0.7533051447706353
0.7500776101227753
0.7484177069684921
0.7475849428893419
0.7450847539377583
0.7417391077735127
0.7400981491812393
0.739274783154637
0.7368027605083881
0.7334944063197644
0.7318495818574343
0.7310241339367753
0.7285457885718603
0.7252284028899608
0.7235560070762644
0.7227165299735326
0.7201959621735292
0.7168212808271432
0.7151255512988896
0.7142741701620448
0.7117177650017502
0.7082943490305077
0.7066015157237577
0.7057514561568732
0.7031989639808701
0.6997803033013633
0.6980819554660986
0.6972289915569909
0.6946677175220842
0.691236787811345
0.6895247137554255
0.6886647180987642
0.6860822620684456
0.6826224363502451
0.6808849865333624
0.6800120982839019
0.6773908482149325
0.6738784850930042
0.6721153292971991
0.6712294039996042
0.6685689295462028
0.6650035385203861
0.663238627468861
0.6623517914653888
0.6596885511238297
0.6561193691540099
0.6543322373879454
0.6534342023354818
0.6507372747205231
0.6471227983185194
0.6453188076777024
0.6444123288355201
0.6416900025873472
0.6380415721609781
0.6362256608278292
0.6353132892785439
0.6325732393994489
0.6289013899536918
0.6270886422573235
0.6261780530723655
0.623443358182668
0.6197793712573436
0.6179472426199036
0.6170271256283565
0.6142637876770286
0.6105621020927744
0.6087169051426498
0.6077905167731005
0.6050083276727652
0.6012823643465385
0.5994312740676859
0.5985023060443595
0.5957123646057177
0.5919772872234746
0.5901194415575676
0.5891875338596411
0.5863887559711267
0.5826433347620601
0.5807769492608046
0.5798412808574746
0.5770311942278341
0.5732723434019185
0.5714040683905834
0.5704680577726167
0.5676569328035117
0.5638986587378085
0.5620336872385532
0.5611000091947704
0.5582958779713454
0.554549138139509
0.5526898491341813
0.5517597565250609
0.5489663739443841
0.5452363589204644
0.543383253946615
0.542457054449456
0.5396753314446575
0.5359634081143151
0.5341236875855995
0.5332050276948709
0.5304459105458955
0.5267668139757538
0.5249391100505307
0.5240273492120069
0.5212888935938197
0.5176401244400147
0.5158325370181223
0.5149317416801364
0.5122261528815532
0.5086240268364612
0.5068387669559573
0.5059500574321187
0.5032806819413796
0.49972967234969545
0.4979705224270772
0.49709578909789987
0.4944682876191065
0.4909759098283724
0.48924485987495053
0.4883850968776221
0.4858024341610647
0.48237260152909067
0.48067410739237704
0.47983151849525857
0.4773002964536407
0.47394170911190964
0.4722777887878523
0.4714533678336653
0.4689765492732676
0.46569307523736353
0.46406669396741096
0.4632618973655012
0.46084383599144135
0.45764116844345565
0.45605576879803095
0.45527228208062087
0.45291802114857527
0.44980274754408944
0.44825991250730524
0.4474985105318388
0.4452103527400952
0.4421854585185934
0.4406876885764459
0.43994959724307775
0.4377312016294651
0.43480146086676197
0.43335072784306916
0.43263691893307477
0.4304911782887557
0.4276603712685249
0.4262583550377769
0.4255696648560007
0.4234990616029718
0.42077044857050316
0.4194192031601683
0.41875665537592294
0.41676423324729595
0.41414182088660895
0.41284292550736384
0.41220732132980886
0.4102954497602114
0.40778238126362565
0.40654117157577396
0.4059351103628
0.404111579723475
0.40171800650867
0.40052961288378963
0.39995082756965966
0.3982087397844754
0.3959258502201163
0.39479344432263286
0.39424352758493153
0.3925876167815752
0.3904216637429886
0.38934931214583396
0.388830267873565
0.38726650906623133
0.3852252966808044
0.38421447660727526
0.38372708220783225
0.3822577384132427
0.38034428819003185
0.379396609907815
0.3789417117110129
0.37756924293830646
0.3757868279547736
0.37490399921104367
0.37448249522929306
0.37320950493207045
0.3715615789353402
0.3707454348240365
0.3703582886915591
0.3691875644885095
0.36767781150753237
0.3669306266337759
0.3665790055239837
0.3655139397569064
0.3641467885193335
0.3634705517473265
0.36315549895632226
0.3621990896557365
0.3609784669252695
0.3603752867964204
0.36009790817068127
0.35925332340245697
0.35818336227720865
0.357655388390322
0.3574168198747619
0.35668729484108663
0.3557722103643826
0.3553216630186731
0.35512308758456984
0.3545119713573174
0.35375612245590904
0.35338534032110486
0.35322801110153323
0.35273883298630765
0.35214680337272847
0.3518581966124535
0.35174342524898644
0.3513798485111281
0.35095640282357116
0.3507525402258605
0.3506817390596963
0.35044768222336725
0.35019791398249706
0.3500815387803809
0.3500562385939614
0.34995591476625226
0.34988530556194963
0.34985939545474054
0.34988129091034287
0.34991932240959545
0.3500339054774616
0.35010180031119614
0.35017282411470546
0.3503544418366014
0.35066105974145373
0.350826645245489
0.3509490976122455
0.3512804767396825
0.35178725452209236
0.35205537320567837
0.35223218953227065
0.3527211607666901
0.353438487915459
0.35381580620801467
0.35405111833920794
0.35470866525951805
0.35565126235004096
0.3561484787001988
0.3564490630954757
0.35729318471656196
0.35848547161628685
0.3591240536649924
0.35950378716263454
0.36057135358177356
0.36206393339625625
0.36290917265217354
0.36341157486328646
0.36481778768700596
0.3667705120070883
0.36789580444019165
0.36856858173319246
0.3704368245270417
0.3730124706263015
0.373851696244317
0.3758845170819269
0.37590652780549055
0.37638404399777314
0.3777440695044567
0.3795856348498374
0.3798745508194866
0.38032003743918125
0.3815946327310176
0.3833130683518669
0.3840816820858748
0.3844974702376172
0.38569146011689837
0.38729554090465806
0.38802398295512786
0.38841497235840766
0.38954071103796273
0.39104908421504914
0.39173735365455387
0.3921044226958697
0.39316361353984935
0.3945798513595154
0.3952243037381089
0.3955660478504344
0.3965542547744292
0.39787340715355046
0.39847018197818584
0.3987849839216502
0.39969727176896575
0.40091357288360085
0.4014581080451582
0.4017438995146196
0.40257410370262287
0.4036800252347191
0.4038487383377259
0.404103036223161
0.40484384779623533
0.4058302864092241
0.4058450692428546
0.4060612267998213
0.4066933050843487
0.4075348990530471
0.4079911217460972
0.4082289257888921
0.4089222401374304
0.4098447890401511
0.4103392909375875
0.41059808102121736
0.41135026737784014
0.41235053091568613
0.4128844599198764
0.4131651616153506
0.4139782921181888
0.41505899058867113
0.41564806858417186
0.4159598565419159
0.416858845712536
0.4180529890275804
0.4187285574309531
0.41909000526948625
0.4201248073441764
0.42149848636821996
0.42230026257613573
0.42273630454409644
0.42397183351235684
0.4256107957987601
0.42659558795979646
0.42714454813131464
0.4286768967150128
0.4307074954487139
0.43183501849085
0.43247715171449164
0.4342466631057379
0.43658989992580843
0.4379467428124987
0.43874617854791165
0.4409062940153697
0.44375856758144316
0.44550315651318007
0.44658954511344395
0.44943252138570683
0.4531545388764288
0.4553407870538912
0.4567891564878569
0.46043932267166077
0.4651438736666895
0.4682980518128041
0.4707490727994866
0.4764449896172731
0.4834057836906542
0.48697189430544924
0.4922285497492638
0.4946855648299414
0.49641990892586996
0.5005401378798615
0.5056786873693055
0.5087013620043999
0.5112599377300396
0.5168817681206185
0.5234774723664715
0.5268299918897014
0.5299060027821775
0.5362849934598137
0.543358460158732
0.546648522228257
0.5496320562917845
0.555657488237152
0.562229296913247
0.5652814853419217
0.568170313191704
0.5738634857499312
0.5799873186936626
0.5828324201645253
0.5856497481524824
0.5910754310523719
0.5968365211190901
0.5995127681863948
0.6022795086344346
0.607496141073113
0.6129689102970922
0.6155095624962282
0.6182423257737901
0.6232964667544995
0.6285370323723677
0.6309662906027951
0.6336760719340292
0.6385982339294632
0.6436405904924439
0.6459720323525687
0.6486645178540914
0.653470042781297
0.6583295881790524
0.6605685185278701
0.6632457461925829
0.6679398838997301
0.6726211349081677
0.6747685989892018
0.6774308552288398
0.6820144055823968
0.6865180001548251
0.6885739668600688
0.6912211070753198
0.6956941655658964
0.7000208579050835
0.7019857715884325
0.7046178063171111
0.7089812902184274
0.7131332249682707
0.7150083231236236
0.7176255065829024
0.7218812634336369
0.7258617583619273
0.7276488176805403
0.7302515279371697
0.7344018949953678
0.738214768346488
0.7399157403258602
0.7425043345938911
0.7465516692925658
0.7502006515295822
0.7518173912033714
0.7543921096343736
0.7583384856309369
0.7618268791645604
0.763361007608817
0.7659219348084266
0.7697690177489593
0.7730995832946405
0.7745524560600802
0.7770995250239427
0.7808485767049134
0.7840235690333904
0.7853963084138675
0.7879293281372189
0.7915812813813885
0.7946025612252315
0.7958961177770145
0.798414810071371
0.8019703709877789
0.8048395417803883
0.806054762636613
0.8085587991110859
0.8120185501426159
0.8147370896932312
0.8158747814216293
0.8183638158262572
0.8217283058550943
0.8242976785548523
0.8253586592077558
0.8278323530170274
0.8311021689915956
0.833523913761029
0.8345090528389579
0.8369670933600729
0.84014291244582
0.842418706894463
0.843330821532401
0.8457684251611671
0.8488464322703918
0.8509780701108474
0.8518121273267449
0.8542377850564168
0.857227957041038
0.8592178133142702
0.8599816580746963
0.8623908093748222
0.8652896921006015
0.8671398488172203
0.8678322812883824
0.870224774452783
0.8730336271272117
0.8747466183889113
0.8753689894877188
0.877744788192949
0.8804650915130282
0.8820436619140634
0.8825974541177586
0.8849565847429367
0.8875899799936977
0.889037069815508
0.8895238599500024
0.8918664081748153
0.8944146846826504
0.8957334116624405
0.8961548607392587
0.898480967804149
0.9009460486563174
0.9021396872048113
0.9024975295351786
0.9048073879047819
0.9071913142715649
0.9082632732901342
0.908559305077612
0.9108531537039812
0.9131580684571965
0.9141118685728044
0.914347936379486
0.9166260558057977
0.9188541870003104
0.91969343789519
0.9198714272913476
0.9221341347249912
0.9242877793301331
0.92501615772764
0.9251379823297118
0.9273856267575881
0.9294671349066062
0.9300883635557528
0.9301559545162038
0.9323889120557022
0.934400672200547
0.9349184999161018
0.9349337964460046
0.9371524656171261
0.9390968902814958
0.9395150736870466
0.9394800135380589
0.9416848114439863
0.9435643246347337
0.9438866109608822
0.9438031228090582
0.9459944807562201
0.9478115056643311
0.9480416177018203
0.9479116131494778
0.950089973230143
0.9518469217206067
0.9519885436915878
0.951813911093394
0.9539797226277063
0.9556789853160804
0.9557357509444929
0.9555183487634984
0.9576720658627866
0.9593160039910693
0.9592914852740183
0.9590331382327266
0.9611752160390138
0.9627661533396923
0.962663851623942
0.962366344966806
0.9644972382222046
0.9660374548327421
0.9658607927268921
0.965525868914421
0.9676460296414302
0.9691377568071657
0.9688900709252872
0.9685194285380031
0.9706293022263578
0.9720747156408849
0.9717592533443716
0.9713545392919687
0.9734545672065877
0.9748557867429904
0.9744756976329779
0.9740385126292023
0.9761291260005591
0.9774882087556336
0.9770465458754989
0.9765784348188126
0.9786600581906054
0.9799789994248446
0.979478712560376
0.9789811716991318
0.9810542173437612
0.9823349451569121
0.981778884135937
0.9812533524994631
0.9833182227918432
0.9845626006588701
0.9839535079018943
0.9834013744759945
0.9854584597610108
0.9866682829553841
0.9860087994462663
0.9854313960342793
0.9874810762790592
0.9886580728313924
0.9879507359980401
0.9873493449250818
0.9893919838105059
0.9905378140377449
0.989785056863869
0.9891609051058701
0.9911968560586575
0.9923131158940094
0.9915172664327785
0.9908715355083528
0.9929011369746897
0.9939893472197926
0.9931526487356273
0.9924864474104571
0.9945100349587608
0.99557166760351
0.9946962378196376
0.9940106591179841
0.9960285411289918
0.9970649844022939
0.9961528840179162
0.995448937631549
0.9974614143767332
0.9984740153888664
0.997527155347502
0.9968058557668136
0.9988132059666849
0.9998032254581583
0.99882349234675
0.9998579177921288
0.999900467739149
0.9999453306551461
0.9999999996160558