20000.
19997.098478896
19995.647876092
19991.296699233
19985.496603496
19984.774934645
19984.108749496
19983.964961173
19983.328198506
19983.027379827
19982.876972175
19982.425756033
19981.824150419
19981.482179951
19981.311196898
19980.798256546
19980.114356627
19979.772745247
19979.601941734
19979.089539982
19978.406358156
19978.046177611
19977.866089761
19977.325835976
19976.605520394
19976.232595941
19976.046136311
19975.486767892
19974.740967773
19973.609914362
19973.044411632
19971.347999588
19969.086341217
19968.733654319
19967.926447694
19967.522856588
19966.312132273
19964.697947542
19964.317845802
19963.860177308
19963.631346979
19962.944871762
19962.029608283
19961.495388224
19961.228283536
19960.426990955
19959.35865099
19958.836530087
19958.575474738
19957.792329217
19956.748183094
19956.213610635
19955.946329756
19955.144508636
19954.07546403
19953.443162127
19953.127018665
19952.178618381
19950.914154917
19950.262344811
19949.936447719
19948.958788433
19947.655317377
19946.968454773
19946.625032315
19945.594800467
19944.221240912
19943.439405638
19943.048499465
19941.875826976
19940.312371075
19939.458036597
19939.030883053
19937.749477389
19936.041064773
19935.211650782
19934.796956695
19933.552926256
19931.894339932
19931.118635242
19930.730794189
19929.567316369
19928.016118414
19927.050229852
19926.567303092
19925.118593101
19923.18714381
19922.233318954
19921.756423614
19920.32580616
19918.418476221
19917.296265923
19916.735184443
19915.052034919
19912.808057039
19911.640108137
19911.056159332
19909.304415754
19906.968997615
19906.75748426
19906.263254663
19904.780639568
19902.803991409
19901.507447715
19900.859207493
19898.91461361
19896.322117597
19894.789953861
19894.023916183
19891.725980231
19888.662478822
19888.492491775
19886.580048507
19884.030410463
19879.868360769
19877.787662473
19871.546874443
19863.228872325
19860.804043495
19859.331888791
19858.595852305
19856.387906629
19853.444361217
19851.962191368
19851.221147883
19848.998183506
19846.034618519
19844.544246183
19843.799101931
19841.563837159
19838.583876088
19837.938701204
19837.230612176
19835.106496842
19832.274697143
19830.879995392
19830.182681246
19828.090886027
19825.302169247
19820.125645203
19817.537889869
19809.776651254
19799.433062144
19797.948840326
19796.727345052
19793.063311577
19788.178988973
19785.94621591
19784.829923771
19781.481425385
19777.017642859
19774.981693338
19773.9637971
19770.910422896
19766.839991102
19764.672824124
19763.589329656
19760.339202781
19756.006532117
19753.90869942
19752.859866531
19749.713702135
19745.51959618
19743.334277514
19742.241708798
19738.964365566
19734.595421326
19732.07025801
19730.807797427
19727.020900479
19721.972835622
19719.470904282
19718.220057544
19714.46799356
19709.466352657
19706.658345378
19705.254491659
19701.043530725
19695.43031647
19692.412859167
19690.904303768
19686.379331144
19680.347652399
19677.231766546
19675.674008504
19671.001474496
19664.773155805
19661.82442809
19660.350229937
19655.928298856
19650.033938395
19644.880402586
19642.304141361
19634.577385022
19624.279772163
19619.210239866
19616.675964653
19609.075103385
19598.945203772
19594.026833686
19586.343627816
19582.697728185
19580.875032741
19575.407964522
19568.120915327
19563.959679028
19561.879392574
19555.639860641
19547.32358129
19543.37412001
19541.399688474
19535.477590917
19527.584253309
19523.711642367
19521.77562476
19515.968724032
19508.228877329
19503.856162862
19501.670173029
19495.113673779
19486.375104441
19481.369005066
19478.866437493
19471.360663853
19461.357465433
19456.275517459
19453.735040949
19446.115601937
19435.960992979
19431.032330734
19428.568468136
19421.178755062
19411.330177288
19405.552118084
19402.66373327
19394.0011585
19382.457075797
19377.073773393
19374.382682703
19366.311653261
19355.555511663
19348.631424153
19345.170309057
19334.790678621
19320.959835398
19311.483515115
19306.747097702
19292.544815073
19273.624690257
19264.056797769
19259.274632466
19244.935258922
19225.832702284
19222.838396504
19218.767239981
19206.558943607
19190.293279282
19188.297847289
19184.658571098
19173.74488392
19159.202959567
19151.723211055
19147.984431626
19136.772472611
19121.833407088
19114.391561847
19110.671725104
19099.516558349
19084.653132383
19076.385275038
19072.252689331
19059.86030359
19043.349648788
19035.490564836
19031.562238927
19019.78212521
19004.086650232
18995.584575496
18991.334964293
18978.591834698
18961.614296869
18952.909194029
18948.558141062
18935.510975164
18918.128729299
18906.863891405
18901.233987665
18884.354333796
18861.871577441
18848.325038394
18841.555417209
18821.261139553
18794.236104193
18790.748758492
18784.401858133
18765.374017755
18740.033545512
18726.49677431
18719.732055479
18699.452558497
18672.447402103
18667.236262209
18660.286561484
18639.452980483
18611.711052954
18598.890460928
18592.483476595
18573.275764057
18547.696347023
18534.957360401
18528.591148029
18509.505628494
18484.088849095
18470.264667898
18463.356454414
18442.647313905
18415.071257377
18398.308975707
18389.933556804
18364.830170732
18331.412289782
18307.692987785
18295.844847428
18260.346414648
18213.122292466
18204.628107497
18167.999827974
18150.172825067
18123.076254549
18106.562129283
18098.310709898
18073.579007858
18040.655972541
18019.180189576
18008.45188607
17976.305286598
17933.532405095
17909.39992239
17897.345860689
17861.232334023
17813.194298438
17786.886488028
17773.74715541
17734.38736769
17682.043207667
17652.152934975
17637.22675065
17592.523884285
17533.096267421
17531.455401345
17519.65392992
17484.297161674
17437.265779217
17412.904125372
17400.736063918
17364.282875531
17315.797393977
17281.320897462
17264.108398041
17212.57369776
17144.09999043
17138.459346844
17116.331720931
17050.120114094
16962.236230788
16919.172211257
16897.681216636
16833.371886472
16748.006680891
16731.76595221
16674.789953284
16648.499467359
16635.369771697
16596.042781732
16543.751384335
16517.489222064
16504.373777663
16465.089897975
16412.856808922
16378.802594943
16361.801992376
16310.905990004
16243.290850846
16209.359098115
16192.419810659
16141.708089342
16074.339434779
16039.555759404
16022.192156595
15970.214051063
15901.172126336
15856.099730101
15833.611462664
15766.337849735
15677.08412415
15620.19850678
15591.8331482
15507.045761579
15394.712707571
15321.150494304
15284.501306452
15175.078913428
15030.399992541
14978.387292259
14876.985760042
14854.783258403
14822.143928775
14724.655610841
14595.667893601
14557.26051621
14464.982980786
14415.144711033
14390.290004419
14315.982720917
14217.502878542
14153.858837432
14122.14373179
14027.424174631
13902.118950908
13897.125275257
13826.637483748
13733.209602708
13675.262158927
13646.380190697
13560.099765195
13445.907192046
13376.02565702
13341.221201649
13237.350266451
13100.112602494
13036.858986778
13005.34680094
12911.266532208
12786.884004431
12709.046319626
12670.305338221
12554.789525589
12402.40504935
12302.725402564
12253.186405701
12105.763075422
11911.954067678
11886.253162006
11769.727949749
11616.136047534
11598.916414296
11488.40429762
11342.690988342
11270.363462054
11234.372831207
11127.0890691
10985.63606627
10919.647404052
10886.801862732
10788.856838458
10659.632837072
10588.036815402
10552.419333804
10446.28417305
10306.429330673
10243.845079782
10212.695609145
10119.814366227
9997.2854088192
9930.9320640548
9897.9207209286
9799.5436352517
9669.8935188295
9588.937766019
9548.7144010903
9429.0538500807
9271.8358220926
9253.5139235975
9217.392822541
9109.8733178034
8968.4624345669
8904.5671157752
8872.7903642689
8778.1388864192
8653.5057157243
8592.5463941052
8562.2279552962
8471.9129988256
8352.9732259951
8296.3801465262
8268.2275535507
8184.3416742367
8073.8162378538
8014.2639064564
7984.6526629839
7896.4737703076
7780.4148747965
7711.516302337
7677.2961486499
7575.5441197622
7441.969461592
7416.3003776091
7328.3085925248
7212.6080653846
7158.2445344128
7131.2166181634
7050.7436414345
6944.857184231
6895.3336345163
6870.7044471996
6797.3434656015
6700.7458539755
6646.0253399788
6618.8328844411
6537.9212563579
6431.5756028723
6383.234910547
6359.200984736
6287.640799279
6193.4782976737
6143.4778284008
6118.6291679504
6044.6846013741
5947.4800783647
5903.2167321423
5881.2087451266
5815.6758573396
5729.4331664903
5685.0699016857
5663.0172494157
5597.3712294518
5511.0254186039
5468.8935727161
5447.9485894583
5385.5937105983
5303.5626456676
5261.9541813749
5241.272521056
5179.7139913898
5098.7591596288
5059.6092675676
5040.1471917547
4982.2089883536
4905.9927622297
4868.6267452254
4850.0505941931
4794.7463248075
4721.9870328093
4685.8192551852
4667.8393823842
4614.3126502349
4543.8972591931
4509.0156018798
4491.6753154075
4440.0535461543
4372.1462215512
4339.0455545414
4322.5893132401
4273.5941169663
4209.1299752492
4177.5597359343
4161.8635226855
4115.1278490597
4053.6289875018
4023.3761761462
4008.3345428528
3963.546209326
3904.6059557907
3875.4296166884
3860.9233034114
3817.7293492875
3760.8881725221
3732.7648089106
3718.7820880071
3677.1474140397
3622.3587124982
3595.6643064473
3582.3909633863
3542.8642034463
3490.8394430221
3465.0414320663
3452.2140086379
3414.0159568951
3363.7418777726
3339.1140295659
3326.8678051693
3290.3979541976
3242.3926283759
3218.833504546
3207.1182121566
3172.2275509547
3126.2964167691
3103.7972916981
3092.6085214443
3059.2836352972
3015.4083842204
2993.8104352118
2983.0695403196
2951.0775153872
2908.9545595095
2888.3101854782
2878.0430040101
2847.4599253719
2807.1874275387
2787.4230568856
2777.5931148381
2748.3107953217
2709.7473492414
2690.8489370031
2681.449213518
2653.4465977757
2616.564148749
2598.4525304266
2589.4437875864
2562.6045255858
2527.251080346
2509.9055185649
2501.2774318744
2475.5707257815
2441.7056269451
2425.0873676534
2416.8206996073
2392.1893899054
2359.7376994499
2343.8417915212
2335.9340370346
2312.3704921309
2281.3217685164
2266.0833200091
2258.50230815
2235.9111048311
2206.1406268928
2191.4792892908
2184.18519856
2162.448269822
2133.8018339835
2119.7721482268
2112.7919346225
2091.9889035209
2064.5698088676
2051.0985152121
2044.3958663326
2024.4190534638
1998.086625108
1985.1697842894
1978.7427105749
1959.5860687181
1934.3320640229
1921.9205871992
1915.7447442853
1897.3360332062
1873.065959155
1861.1458322426
1855.2142458183
1837.5326726027
1814.2191058893
1802.7665726351
1797.0674451204
1780.0779364676
1757.6748495798
1746.663707003
1741.1840300604
1724.8479303565
1703.3046344902
1692.6982943375
1687.4199164405
1671.6833364645
1650.929282946
1640.7231074765
1635.6437045686
1620.4996518813
1600.5254716174
1590.6896335177
1585.7944042365
1571.1989200438
1551.9470283394
1542.4660380395
1537.7472848023
1523.6774636871
1505.1177525298
1495.9689698625
1491.4154532709
1477.8378970791
1459.9265740254
1451.093864483
1446.6975691963
1433.5884379087
1416.2941918477
1407.762989518
1403.5166781626
1390.8544405671
1374.1489809445
1365.900006234
1361.7941065733
1349.5503139865
1333.3963277838
1325.4127242117
1321.4388655029
1309.5886338341
1293.9534688634
1286.2225411822
1282.3744154564
1270.8989782003
1255.7579759637
1248.2747413813
1244.5498630681
1233.4417868015
1218.7850903536
1211.5206612051
1207.9046995776
1197.121440695
1182.8933600365
1175.8274196763
1172.3102930121
1161.8219101846
1147.9832245825
1141.1238321833
1137.7095208279
1127.5277600448
1114.0936816141
1107.4200282617
1104.0982075544
1094.1924113228
1081.122793565
1074.6220312011
1071.3863228429
1061.737537685
1049.0075279668
1042.6726692181
1039.5195999391
1030.1174870995
1017.7134876477
1011.5297969185
1008.4520553101
999.27490418715
987.168483361
981.12777740368
978.12130003536
969.15703216691
957.33234336994
951.42339118642
948.48260593547
939.71467692751
928.15005751947
922.3639699739
919.48446650019
910.89978100594
899.57808328086
893.90462061066
891.08132123459
882.6648134393
871.5663349557
865.99643993845
863.22485474085
854.96320814208
844.07054649789
838.59495908263
835.87049990766
827.75011581052
817.04552096351
811.65495546401
808.97302407881
800.98028432425
790.4460048034
785.13030446266
782.48587456682
774.60590625528
764.22258509199
758.97062078211
756.35818887187
748.57472290573
738.32122257864
733.11952821726
730.53243983506
722.82582340985
712.67665326598
707.50737107833
704.93680728715
697.28101796361
687.2024782759
682.03845452874
679.47101275203
671.82653113908
661.76750842473
656.56067680738
653.97264390103
646.26959396807
636.13981704789
630.78489092984
628.1243553148
620.20988966004
609.81217763779
603.95822939378
601.05236221217
592.41837957426
581.09902329892
574.61496013298
571.40011059237
561.86307891456
549.39418939958
545.66425339275
536.57509510285
536.33532380872
534.39274843783
528.60713613939
520.99030667313
519.72519078407
518.03352137531
512.99147936531
506.34501261704
503.36743902647
501.88522470448
497.46471773224
491.63121514828
488.97149831444
487.64704055837
483.69515368061
478.47574507776
476.08150168791
474.88887636345
471.32889642523
466.62373578242
464.4690356024
463.39541941969
460.18943802567
455.94927294734
454.01745101626
453.05461151771
450.17832727451
446.37166718234
444.65480956197
443.79885857749
441.24087919368
437.85316036749
437.32333205179
436.57234705353
434.32712100193
431.35143807151
431.26625462256
430.6317588346
428.7338670434
426.21634987844
424.83752336219
424.14978366492
422.09323747039
419.36667890652
417.88990280084
417.15346598316
414.95193331884
412.03461951765
410.4581758072
409.67221713937
407.32335960595
404.21248546591
402.49193928724
401.63441442494
399.07278634536
395.68267934835
393.7309420498
392.75868646575
389.85630113593
386.01979034746
383.73323874593
382.59504695019
379.20068766179
374.72167431742
371.95904225833
370.5853733423
366.49473021653
361.11069294926
358.04010022024
356.51460884999
351.9770220189
346.01661710393
342.44044042268
340.66623620593
335.3985871027
328.50154132748
324.08633525765
321.90103553381
315.43315218251
307.01101210463
301.7679458166
299.18008614261
291.54890350903
281.67591900646
274.53501465721
271.03273903862
260.79171371797
247.73640775563
241.69615972503
232.45333273316
227.89495560331
225.64939816749
219.04461551342
210.53798084647
204.99799120236
202.28290449878
194.35150507261
184.25794090752
178.47730252505
175.65535044627
167.45439566096
157.11227382553
152.24376664499
149.86638197113
142.95466482813
134.2323353544
130.13219755358
128.1293350194
122.30381337827
114.94636340423
111.46842519734
109.76911932212
104.82506101025
98.577632830209
95.611325124809
94.161813236699
89.943801828702
84.612231156588
82.072945871476
80.832025003177
77.220706472359
72.655337095374
70.476610167725
69.411870655714
66.313198459199
62.395741074227
60.523928164572
59.609185355264
56.947075514196
53.581608630547
51.972413210813
51.186030319574
48.897555837521
46.004617362699
44.62084428833
43.944645288497
41.976913628188
39.489644758641
38.299710803987
37.718258106224
36.02633052951
33.887892964518
32.864792439083
32.364884153206
30.91032326345
29.072086567071
28.192632391524
27.762932726822
26.512731785378
24.932930766726
24.177168263373
23.80792158659
22.73367441543
21.376364276931
20.727099550387
20.409900080426
19.487131482996
18.321342797165
17.763752330003
17.491353354733
16.698963911504
15.698000763786
15.219302263107
14.985455218816
14.305252719391
13.446099778059
13.035271555701
12.834588800868
12.250888540643
11.513704983811
11.161245147475
10.989082189617
10.488363870704
9.8560488543383
9.5537678881896
9.4061219349219
8.9767341012798
8.4345523807153
8.1753941122142
8.0488165048497
7.6807214188226
7.2159801858274
6.9938670792429
6.8853876257134
6.5699408168332
6.17171046422
5.9814098618099
5.8884714169996
5.6182310932831
5.277103821297
5.1141122734031
5.0345141687292
4.8030764171901
4.510957522603
4.3714648054419
4.3033444561439
4.1052866083159
3.855316010726
3.735861757075
3.6775298302315
3.5079421802561
3.2939276736584
3.1917165605812
3.1418065843842
2.9967107938096
2.8136194034008
2.726188128189
2.6834966513157
2.5593917460614
2.4028004847847
2.3280327922709
2.2915259735545
2.1854046229501
2.0515146589058
1.9875936919111
1.9563839976936
1.8656646345744
1.751215335153
1.6965818837042
1.669907677984
1.592375076333
1.4945688304495
1.4478853037896
1.4250932371549
1.3588472429028
1.2752846083931
1.2354039625127
1.2159337844133
1.1593451048866
1.0879688932158
1.0539078458463
1.0372793133469
0.98895141267968
0.92799850333129
0.89891445409616
0.8847160522678
0.84345232274679
0.79141215559337
0.76658331011178
0.75446253885781
0.71923803357935
0.6748168735337
0.65362513266765
0.64328014537752
0.6132172470288
0.57530742919981
0.55722366487514
0.54839607375588
0.52274356013298
0.49039703235226
0.47496842675719
0.46743711672862
0.44555216218889
0.4179577409071
0.40479689991631
0.39837270973653
0.37970541117002
0.35616923037866
0.34494483036966
0.33946598317614
0.32354606716371
0.30347478526978
0.29390353968742
0.28923171851104
0.27565712557793
0.25854350548823
0.25038326711983
0.24640024540446
0.23482732943041
0.22023786044905
0.21328170284488
0.20988645341161
0.2000215732022
0.18758585241786
0.18165699148316
0.1787632060319
0.17035551145732
0.1597571348907
0.15470457879473
0.15223854319441
0.14507379623335
0.13604255716738
0.13173736937805
0.12963613860727
0.12353140651661
0.11583659653827
0.11216870288651
0.11037854163611
0.10517766248156
0.098622347232075
0.095497795763224
0.093972840293132
0.089542532302318
0.083958640979403
0.081297256740885
0.079998369642018
0.076224901579231
0.071469024854253
0.069202405559409
0.068096196979694
0.064882542507803
0.060832341283113
0.058902137249667
0.057960125030317
0.055223521282791
0.051774646341332
0.050131093845832
0.049328987368976
0.046998853044913
0.044062318094584
0.042662981867079
0.04198006808514
0.039996218824665
0.037496149162621
0.036304850532124
0.035723470622467
0.034034597733744
0.031906310982668
0.030892210483767
0.030397311949583
0.028959680555429
0.027148044467972
0.026284856079658
0.025863609153356
0.024639943375175
0.023097969875761
0.022363296280257
0.022004769341278
0.020963308739569
0.019650963390111
0.019025716588777
0.018720593404609
0.017834271555207
0.016717438353478
0.016185357269874
0.01592570144073
0.015171461142342
0.014221078411788
0.013768314714905
0.013547367456907
0.012905572959947
0.012096891891114
0.011711644795867
0.011523646781287
0.010977566496848
0.010289499823885
0.010230936974105
0.010201780657633
0.010114809307334
0.0099999997764826