0.9993475411654638
0.9993229667347998
0.9993106789477906
0.9992738155087971
0.9992246623590094
0.9992185454311961
0.9992128985348446
0.9992116796902782
0.999206281945086
0.9992037318832535
0.9992024568458114
0.99919863173142
0.9991935315604056
0.9991906323974813
0.9991891828077151
0.9991848340359866
0.9991790356491694
0.9991761392456219
0.9991746910353646
0.9991703464021942
0.9991645535334689
0.9991614993864185
0.9991599723035337
0.9991553910522344
0.9991492826901203
0.9991461201518703
0.9991445388728118
0.9991397950328552
0.9991334698840569
0.9991238769123296
0.9991190803391481
0.9991046906040285
0.9990855040128489
0.99908251179581
0.999075663200456
0.9990722388576097
0.999061965820222
0.9990482682952344
0.9990450426729806
0.9990411587151892
0.9990392167214786
0.9990333907366072
0.9990256227127106
0.9990210885002776
0.9990188213741839
0.9990120199912311
0.9990029514190527
0.9989985192182604
0.9989963030983827
0.9989896547341817
0.998980790190704
0.9989762516050991
0.9989739822922882
0.9989671743491882
0.998958097030631
0.9989527278689674
0.9989500432602726
0.9989419894280674
0.9989312508987023
0.9989257150722435
0.9989229471291354
0.9989146432934136
0.9989035714210686
0.9988977367907259
0.9988948194426861
0.9988860673915715
0.9988743978885162
0.9988677551695633
0.9988644337677274
0.9988544695537068
0.9988411838024985
0.9988339234562162
0.9988302932324661
0.9988194025513659
0.9988048814839613
0.9987978311846581
0.9987943059869508
0.9987837303844694
0.9987696294315179
0.9987630341089747
0.9987597364057151
0.998749843287551
0.9987366523320831
0.9987284381174832
0.9987243309454116
0.9987120094172512
0.9986955805080572
0.9986874666267034
0.9986834096224603
0.9986712385979585
0.9986550103669377
0.9986454614110069
0.9986406868461767
0.9986263631363645
0.9986072645775862
0.9985973231963853
0.9985923524104514
0.9985774400360624
0.9985575565709391
0.9985557556695402
0.998551547434546
0.9985389227170333
0.9985220895447184
0.9985110471629222
0.9985055258553079
0.9984889619124551
0.9984668762859693
0.9984538222041159
0.9984472950017315
0.998427713368419
0.9984016040043204
0.9984001551188412
0.9983838533867473
0.9983621173852286
0.9983266289798636
0.9983088835856851
0.9982556472412029
0.9981846615531907
0.9981639616602227
0.9981513930512851
0.9981451085969295
0.9981262552090266
0.9981011168737577
0.9980884573599251
0.9980821274491871
0.9980631376918233
0.9980378175247981
0.9980250824765184
0.998018714797275
0.9979996117349057
0.9979741404829844
0.9979686253317346
0.9979625720003804
0.9979444119835188
0.9979201981779124
0.9979082711337917
0.9979023074751227
0.9978844164764132
0.9978605613779492
0.9978162711778008
0.9977941242229956
0.9977276831175699
0.9976390888463277
0.9976263721405079
0.9976159052711472
0.9975845046019447
0.9975426356860779
0.9975234923259281
0.9975139202944945
0.9974852041487807
0.9974469148194609
0.9974294477325218
0.9974207138961143
0.9973945123437816
0.9973595759924665
0.9973409720651681
0.9973316697688985
0.9973037628306483
0.9972665525135582
0.9972485324401112
0.9972395220941312
0.9972124910095037
0.9971764485635501
0.9971576654788807
0.9971482736006442
0.9971200979161263
0.9970825292443992
0.9970608111348769
0.9970499516300615
0.9970173730499609
0.9969739334877097
0.996952399343037
0.996941631829738
0.9969093292251664
0.9968662576634603
0.9968420712676928
0.9968299775178123
0.9967936961899783
0.9967453192737779
0.9967193073544834
0.9967063007514976
0.9966672808486098
0.9966152522469748
0.9965883680371559
0.9965749252562843
0.9965345968148879
0.9964808233560991
0.9964553583130327
0.9964426251875685
0.9964044257238756
0.9963534910995645
0.9963089445306452
0.9962866693707924
0.996219843641297
0.9961307364879978
0.9960868499433938
0.9960649048379285
0.9959990692750105
0.9959112825894386
0.9958686406388748
0.9958020031245783
0.9957703716135592
0.9957545549127588
0.9957071046724916
0.995643834626054
0.995607692888313
0.9955896207961266
0.9955354043463401
0.9954631117234881
0.9954287675055056
0.9954115942862326
0.995360074478434
0.9952913777026922
0.9952576626949827
0.9952408040970525
0.9951902281491212
0.9951227900610592
0.9950846771043885
0.995065619261824
0.9950084455464389
0.9949322094117475
0.9948885187923211
0.994866671673895
0.9948011300719429
0.9947137353270239
0.9946693170235325
0.9946471059937875
0.9945804726589552
0.9944916220741511
0.9944484789079384
0.9944269055571044
0.9943621852599702
0.9942758857963828
0.9942252323517087
0.9941999032222447
0.9941239155007432
0.9940225905661568
0.9939753173568789
0.9939516786326432
0.9938807621605166
0.9937861999866924
0.9937252966282959
0.9936948414719002
0.9936034755084207
0.9934816428825101
0.9933981129113916
0.9933563414161782
0.9932310260813504
0.9930639172080328
0.9929793415562052
0.9929370469611217
0.9928101622691792
0.9926409604357931
0.9926144229288192
0.9925783288960262
0.9924700461538394
0.9923256529855657
0.9923079312178865
0.9922755998939597
0.9921786053810893
0.9920492665298397
0.9919826977966197
0.9919494093073732
0.9918495432724572
0.9917163748570843
0.9916499945624841
0.9916168002819484
0.9915172168883547
0.9913844253652745
0.991310510144078
0.9912735473943753
0.9911626584634414
0.9910147895633495
0.9909443541630685
0.9909091317701305
0.9908034639759968
0.9906625581360914
0.9905861774833988
0.9905479816531682
0.9904333934224185
0.9902805910658717
0.9902021842693047
0.9901629751105941
0.9900453468253239
0.9898884903452613
0.9897867523189076
0.9897358737173837
0.989583236625983
0.9893796882420974
0.9892569157767265
0.9891955153697415
0.9890113122587769
0.9887656612115087
0.988733938185699
0.9886761698446039
0.9885028630767031
0.9882717465451921
0.9881481433875893
0.988086327702482
0.9879008787363925
0.9876535659028303
0.9876058019131234
0.9875420631874597
0.9873508449959386
0.9870958367881446
0.9869778462282661
0.9869188378007562
0.9867418107355997
0.9865057316634324
0.9863880261419732
0.9863291604658995
0.9861525616140354
0.9859170539919231
0.98578881131302
0.9857246747773871
0.9855322630024743
0.9852756634287023
0.9851194812188718
0.9850413675297144
0.984807023357106
0.9844944887453532
0.98427228074685
0.9841611308188976
0.9838276747019348
0.9833829143056264
0.9833027751195061
0.9829567059959349
0.9827879844110672
0.9825311654675425
0.9823744390174832
0.9822960531415368
0.9820608922085214
0.9817472688664618
0.9815423531679556
0.9814398566183841
0.9811323613273951
0.9807222392868041
0.9804903720406107
0.9803743891500111
0.9800264332174287
0.9795623274191304
0.9793075767878222
0.9791801419805669
0.9787978286882557
0.9782878793086761
0.9779959346126293
0.9778498843529788
0.9774117217872338
0.9768272466082748
0.9768110955853971
0.9766947219164561
0.9763455934492847
0.9758799235331307
0.9756381670610891
0.9755172355282158
0.9751544326892464
0.9746705176876755
0.9743255177510182
0.9741529096642555
0.9736350689873571
0.9729442504116714
0.9728872808237203
0.9726631985409188
0.9719909237767669
0.9710939458331644
0.9706525407567401
0.9704316617329974
0.9697689966467556
0.9688848524614191
0.968716057174256
0.9681223925971518
0.9678476996767876
0.9677102853298495
0.9672980311809083
0.9667481314394287
0.9664712310599529
0.9663327123945183
0.965917144982529
0.965362823754393
0.9650003814360608
0.9648190430326872
0.9642750079307592
0.9635492325106302
0.9631837518325174
0.9630008927980928
0.962452295323084
0.9617204295836952
0.9613412274978844
0.9611514986190983
0.9605822898178733
0.9598229130149103
0.9593252171351139
0.9590761504197343
0.9583289116008937
0.957331853010042
0.9566931194270076
0.9563733949772145
0.9554141574637248
0.9541339484822898
0.9532900340833304
0.9528674527749853
0.9515995951327221
0.9499069861772433
0.9492939185043789
0.9480916215614755
0.9478273410349227
0.9474374508814019
0.9462676769044803
0.9447061869717155
0.9442381714390908
0.9431078954587698
0.9424941296389626
0.9421869254461479
0.941265245542686
0.9400352298556819
0.9392353288806893
0.9388348356153171
0.9376332396713785
0.9360292308708853
0.9359649710667315
0.9350549847654701
0.9338405977456872
0.9330828166750129
0.9327034460900605
0.9315652245055928
0.9300459192613512
0.9291091511200282
0.9286400374952734
0.9272325245260994
0.9253532916943453
0.9244797900165934
0.9240424109496742
0.9227301179688319
0.9209781871078669
0.919872287247157
0.9193183414188447
0.917656246959295
0.9154365951833178
0.9139683867444917
0.9132325486201953
0.9110245648891924
0.9080743862706236
0.9076790681016205
0.9058742171131232
0.9034636327583708
0.9031911174247295
0.901430939267183
0.8990801386576962
0.8979008317743122
0.8973100960590633
0.8955375409974452
0.8931701906462923
0.892054230389688
0.8914952885887786
0.8898181362409562
0.8875784205844024
0.8863245586781493
0.88569643260213
0.8838116245973172
0.8812941116568431
0.8801552261750892
0.8795848029804013
0.8778731597399384
0.8755873181064087
0.8743364768205654
0.8737098884986528
0.8718296530881818
0.869318262567111
0.8677311629746087
0.8669357511468659
0.8645487232391436
0.8613588772548109
0.8609837690636406
0.860239782705852
0.8580070917042686
0.8550239000869765
0.8536587159181623
0.8529747548788695
0.8509222161584119
0.8481801677662049
0.8468229062790689
0.8461429290946227
0.8441023154246257
0.8413761811349635
0.8400637553698652
0.8394062823956224
0.8374331931219803
0.8347973779888939
0.833360376783229
0.8326403617482547
0.8304794734987374
0.8275921595217821
0.8258551862190064
0.8249844695608903
0.8223710211264976
0.818877238171006
0.8181975127511943
0.8158462333396174
0.8127036217172763
0.8112072336888121
0.8104573272842858
0.8082065399591432
0.8051983662119291
0.8037734556519974
0.8030594143339811
0.8009162725181047
0.7980521069752823
0.7964086585944896
0.7955847784233951
0.7931117161702512
0.7898051288160424
0.7882812128903921
0.787517327637818
0.7852243859131952
0.7821589557106886
0.7805092512755156
0.7796820685381551
0.7771989391593488
0.7738781043226418
0.7723448790473152
0.7715761599470208
0.7692685721830624
0.7661827962199015
0.7645741952518351
0.7637674859576581
0.761345713518665
0.7581063351068433
0.7565038439994562
0.7557000933126917
0.7532871393140371
0.750059128062549
0.748398975747509
0.7475660859530652
0.7450655150300514
0.7417193483397319
0.7400781302642802
0.7392546333547311
0.736782213183977
0.7334733176416491
0.7318282197840602
0.7310026339897447
0.7285238699538013
0.7252059143452507
0.7235332267830737
0.7226936025632857
0.7201725880433738
0.7167972986632384
0.7151012589753163
0.7142497214566957
0.7116928414894996
0.7082687793934552
0.7065756218722863
0.705725398880749
0.7031724106607502
0.6997530753312787
0.6980543875716225
0.6972012523586757
0.6946394584914111
0.6912078221097023
0.6894953905655945
0.6886352147901531
0.6860522122877856
0.6825916439786148
0.6808538162658629
0.6799807376457244
0.67735891008173
0.6738457624432445
0.6720822077060377
0.6711960814699889
0.6685349975593632
0.6649687788631011
0.6632034529444307
0.6623164080384677
0.6596525342860029
0.6560824926205023
0.654294925171266
0.653396670776239
0.6506990782301573
0.6470836997031644
0.6452792535148888
0.6443725453777058
0.6416495241993816
0.6380001513757612
0.6361837656551013
0.635271155380465
0.6325303821949255
0.6288575523632258
0.6270443153601046
0.62613348000546
0.6233980395270746
0.6197330426456445
0.6179004036539482
0.6169800299446018
0.6142159146490676
0.6105131765279013
0.6086674495120658
0.6077407945519877
0.6049577984416455
0.6012307429047886
0.5993791045652478
0.5984498609433089
0.5956590854909491
0.5919228798987841
0.590064467564916
0.5891322749444907
0.5863326350931322
0.5825860483849085
0.5807190765259365
0.5797831133210436
0.576972135106209
0.573212079202494
0.5713431995553162
0.5704068849604269
0.5675948409492774
0.5638353251897585
0.5619697317678488
0.5610357410604032
0.5582306648425972
0.5544826487075907
0.5526212104536302
0.551690040844022
0.5488934156027756
0.5451590528868048
0.5433049828191063
0.5423782996497085
0.5395951178467652
0.535881234484501
0.5340400246071398
0.5331206200991854
0.5303592598051338
0.5266771591356736
0.5248481290989819
0.5239357059666567
0.5211952547975934
0.5175438148063904
0.5157362516461121
0.5148354655435071
0.5121299004109678
0.508527789512172
0.5067413395717675
0.5058520362244069
0.5031808713577227
0.4996274680376492
0.49786833085737153
0.49699359901653156
0.4943660984697196
0.49087369980812423
0.48914171915032817
0.4882814906617166
0.48569742482050077
0.4822657107405917
0.4805667812504917
0.479723970674543
0.4771920790121076
0.47383257840873805
0.4721673798783422
0.4713423224668934
0.4688635868136826
0.4655775536257711
0.46395013999211976
0.46314482791792927
0.4607252134596343
0.4575204670748029
0.455933214316006
0.4551488113137379
0.4527917911309583
0.4496728561230489
0.4481298571025478
0.4473683633591197
0.445079927826361
0.44205462709391535
0.44055553831909583
0.4398167922087916
0.4375964242195977
0.43466405638348304
0.4332125853882379
0.432498403578553
0.4303515393479693
0.42751921360170575
0.4261164493906866
0.4254273804156537
0.4233556360687483
0.42062547857686045
0.41927336917839364
0.41861038565696357
0.4166166510702975
0.41399246839609044
0.4126927972836753
0.412056798587046
0.4101437390789277
0.4076290582079671
0.4063843660610259
0.40577661864354353
0.4039480024433723
0.4015477836864233
0.40035969630399015
0.3997810311809669
0.39803930874475946
0.3957568061484316
0.3946230511289182
0.39407246654425915
0.3924145417827078
0.39024590897296785
0.38917354544710775
0.38865446015074523
0.3870905833580879
0.385049108623531
0.384037279759284
0.3835493726935252
0.38207848529292526
0.38016294178210497
0.3792141408733515
0.3787586747384294
0.37738449537707536
0.3755997673594764
0.37471571192577924
0.37429358954727426
0.3730187359287299
0.3713682960168022
0.37055090858853984
0.3701631333654442
0.36899051393715154
0.36747819714119706
0.36672977566236403
0.3663775239402781
0.3653105596942594
0.36394082690759
0.36326316281076537
0.36294739013299265
0.3619888106391877
0.3607652571065431
0.3601606906310569
0.35988260320474746
0.35903588499534494
0.35796301795532504
0.3574335014966894
0.3571941496584131
0.35646226454829333
0.35554397836625196
0.35509184097140434
0.3548924513982649
0.35427888522862166
0.35351969679140643
0.3531471687274154
0.35298895015992526
0.3524970934875594
0.3519014232274209
0.3516109613619796
0.351495241327436
0.3511288094129737
0.35070147509312355
0.3504956062813
0.3504237800518503
0.3501866377665642
0.3499326694754932
0.3498141256974929
0.349787718743079
0.349684062815515
0.34960892061321297
0.3495806705766263
0.3496013695245427
0.3496358006629249
0.34974548216099
0.349810840076289
0.3498805664789165
0.35005828087827834
0.35035958540515394
0.3505224128790687
0.350643453998233
0.3509705886134606
0.3514715886260568
0.351736696111076
0.3519119705307639
0.3523963062304697
0.3531073233830432
0.3534813456030172
0.35371497149136744
0.3543674483269077
0.3553031475859712
0.3557967204526625
0.35609544062801624
0.3569339578834029
0.358118621046323
0.3587531275837411
0.35913078120428027
0.3601920877446511
0.3616761560697106
0.3625167803063063
0.36301687387704845
0.36441606875317206
0.36635926868125673
0.36747815639762543
0.3681475603778096
0.37000577084973785
0.3725676889292525
0.3733974305486592
0.3754182714031911
0.3754418555367946
0.3759168053929603
0.37726924071748813
0.37910054065547444
0.3793883144540601
0.379831451350594
0.3810990871516692
0.3828081388738384
0.3835725248331567
0.3839861328791481
0.3851736621690202
0.38676905334658823
0.38749354446416917
0.38788250460151186
0.389002224402978
0.3905025173357045
0.39118705118591174
0.39155220538727253
0.39260571666135535
0.39401434131910595
0.39465527837882447
0.3949952237940645
0.39597809559621105
0.3972901058597657
0.39788359673508455
0.39819672104645215
0.39910403271010414
0.40031367968054876
0.400855178600807
0.4011394211562772
0.401965030744646
0.40306481420622847
0.4032321935808858
0.40348507567919106
0.4042216880041859
0.40520252091386644
0.40521663742736125
0.40543154175379076
0.40605990293428235
0.40689653782081586
0.40735043805122517
0.4075870700654313
0.4082768867249036
0.409194766880294
0.40968670431588633
0.4099441974961844
0.41069251892665426
0.41168762518986296
0.4122187756374375
0.41249807139150385
0.4133070145381125
0.4143821270215767
0.4149681574683195
0.41527840362296514
0.41617280124255573
0.41736082072312736
0.4180329258212837
0.4183926223121605
0.4194222083734076
0.4207889322940316
0.4215865920696602
0.4220205502901002
0.42324987958476695
0.42488057881300934
0.4258603179398231
0.4264067176441272
0.427931457611306
0.4299519209969774
0.43107348800184436
0.431712572577467
0.4334730873083613
0.43580435373290793
0.4371542376520438
0.43795012691329027
0.4400997604661404
0.4429380899158381
0.44467356032587707
0.445755215912273
0.4485843735583392
0.4522880604885271
0.4544634656556931
0.4559063217904721
0.4595402611187761
0.46422326650074863
0.46734880507001336
0.4697761395579083
0.47541757027080933
0.4823149557952918
0.4858933341810086
0.49111298518386604
0.49354954163435544
0.4952688520221874
0.49935402875595253
0.5044506161481075
0.507424286850334
0.5099235386331545
0.5154301380381562
0.5219117111431707
0.5252367933430799
0.528301292769681
0.5346573831804422
0.5417102412653699
0.5449931101957668
0.5479716189984268
0.5539913818434351
0.5605693362551617
0.563628757092526
0.5665218871851111
0.5722373446345269
0.5784106732241999
0.5812858933498856
0.5841205426802956
0.58960647458536
0.59546796060511
0.5981988651846564
0.6009943188148257
0.6063033840173429
0.6119126379501683
0.6145230793822803
0.6172899543102951
0.6224501667882982
0.6278357527519258
0.6303356847198384
0.6330783558083676
0.6381004218293906
0.6432719289816745
0.6456637907137203
0.6483835316195039
0.6532702229265899
0.6582302089880063
0.6605144573361492
0.6632117647772935
0.6679645361371429
0.6727156873897919
0.6748936376272335
0.6775693149309406
0.6821911387386317
0.6867386813393298
0.6888131369580135
0.6914684743399166
0.6959640905022858
0.7003154413474243
0.7022902349246476
0.7049267849990514
0.7093018781722873
0.7134653762644732
0.7153446652127664
0.7179639543486765
0.7222242278133273
0.7262079678281433
0.7279956830339726
0.7305990054316573
0.7347495436679248
0.7385606544569672
0.7402601967041416
0.7428485169347185
0.7468934869014975
0.7505378416293825
0.752151984354301
0.7547259240546442
0.7586685308595045
0.7621507561338816
0.7636816792382722
0.7662415540890917
0.7700841460519167
0.7734077950081331
0.7748571845312501
0.7774030640940045
0.7811473046845948
0.7843150953614807
0.7856842649814645
0.788216037616871
0.7918630916178839
0.7948771506478444
0.7961671598167912
0.7986845929130156
0.8022352982645685
0.8050973790300274
0.8063091356810597
0.8088119267581593
0.8122669395003305
0.8149786024530192
0.8161129461688252
0.8186007635405875
0.8219606725409083
0.8245234258606116
0.8255811917054607
0.8280537048902373
0.8313191177284276
0.8337345216885365
0.8347165869366577
0.8371734875537803
0.8403450908676973
0.8426148314073123
0.8435238877749327
0.8459607132200588
0.8490350246016644
0.8511609075716792
0.8519923473747286
0.8544169600404847
0.8574032981217679
0.859387659995166
0.8601488542087076
0.8625569999217905
0.8654522305954286
0.8672971700410904
0.8679870864083765
0.8703786163794347
0.8731839977329451
0.8748920407850875
0.875512027909472
0.8778869048409615
0.8806039119032912
0.8821777940131856
0.8827293296434456
0.8850875787060547
0.8877178465576809
0.8891604983017013
0.8896451543095871
0.8919868598409101
0.8945321713098232
0.8958467004359438
0.8962661327693232
0.8985914345990629
0.9010537061408459
0.9022433769677559
0.9025993148550023
0.9049084039886488
0.9072896701036728
0.9083578814518227
0.9086521160447694
0.9109452299556764
0.9132476268921523
0.9141978893828211
0.9144322622959017
0.9167096800358832
0.9189354292859809
0.9197713428172997
0.9199477347203596
0.9222097720363447
0.9243611641541959
0.9250863958531091
0.9252067155835489
0.9274537200675922
0.9295330989659655
0.9301513622360199
0.9302175364726136
0.9324498826548983
0.9344596305565337
0.9349746652125749
0.9349886284657244
0.9372067136891298
0.9391492373876565
0.9395647912357821
0.9395284771945167
0.94173271702894
0.9436104347020805
0.9439302465694047
0.9438455795964316
0.9460364041692249
0.9478517335578452
0.9480795182132354
0.9479484059780879
0.9501262560225676
0.9518816037092445
0.9520210374854607
0.9518453642944632
0.9540106882859322
0.9557084400992065
0.9557631490629915
0.9555447704675043
0.9576980206951708
0.959340532621477
0.9593140819347198
0.9590548184862042
0.9611964493773993
0.9627860406301686
0.9626819249796363
0.9623835583602118
0.9645140238645106
0.9660529705597451
0.9658746054327648
0.9655388759651544
0.9676586264524824
0.9691491551459243
0.9688998713368856
0.9685284735777292
0.9706379543278862
0.9720822371768618
0.9717652760053501
0.9713598549200303
0.9734595055814561
0.9748596578707635
0.9744781645140239
0.9740403159108258
0.9761305680313029
0.9774886448150422
0.9770456641191905
0.9765769342228006
0.9786582099045377
0.9799762015411864
0.9794746809749086
0.9789765604197479
0.981049271863777
0.9823291041062192
0.9817718867587765
0.9812458154906245
0.9833103628271458
0.9845538943140331
0.9839437213942308
0.9833910814775195
0.9854478564372804
0.9866568814647101
0.9859963867124336
0.9854185131148464
0.9874678920232323
0.9886441357967017
0.987935851195261
0.9873340229956118
0.9893763708558825
0.9905214874784062
0.9897678512519489
0.9891432875627802
0.9911789581963459
0.9922945412890113
0.9914978781410362
0.9908517619412037
0.9928810878307425
0.9939686628157233
0.9931311966993748
0.9924646450194116
0.9944879632732141
0.9955489899022233
0.9946728548232027
0.9939869335156888
0.9960045654153147
0.9970404425223874
0.9961276707185237
0.9954234234092874
0.9974356507297341
0.9984477104195038
0.9975002406387451
0.9967786255986155
0.9987857596846296
0.9997752815008112
0.9987949632911284
0.9998223291257242
0.9998809089359019
0.9999358160399041
0.9999999996170841