20000.
19997.098478896
19995.647876092
19991.296699233
19985.496603496
19985.12856654
19983.992658809
19983.881878511
19983.168025544
19982.738209849
19982.523305452
19981.878606161
19981.019039546
19980.619497027
19980.419728749
19979.820435927
19979.021406871
19978.565183726
19978.337076043
19977.652768656
19976.740395357
19976.325723655
19976.118391016
19975.496406042
19974.66712295
19974.523781566
19974.331351163
19973.754071106
19972.984390391
19972.578853494
19972.376088119
19971.767804373
19970.956788277
19970.508431267
19970.28425652
19969.611747412
19968.715103918
19968.220744937
19967.973570018
19967.232063654
19966.243431434
19966.136846227
19965.571780192
19964.818383763
19964.431208164
19964.237623166
19963.656879463
19962.882580881
19962.36856488
19962.111561823
19961.340572545
19960.312633262
19959.71094579
19959.410108833
19958.507625211
19957.304377312
19956.683186779
19956.37259874
19955.440863672
19954.198618039
19953.591129222
19953.287391727
19952.376207027
19951.161358941
19950.450439156
19950.094988737
19949.02867553
19947.607013384
19946.853547893
19946.476825791
19945.346702233
19943.839970573
19943.014110322
19942.60119299
19941.362492352
19939.711011349
19939.593867405
19938.511482537
19937.068394254
19936.29598403
19935.909790112
19934.7512533
19933.206642433
19932.38398134
19931.972663495
19930.738760948
19929.093676537
19928.265052536
19927.850753425
19926.607907831
19924.950901112
19924.059690768
19923.614100511
19922.277389598
19920.495248063
19919.942978654
19919.395219359
19917.752031927
19915.561326422
19914.395544332
19913.812678834
19912.064184782
19909.733098424
19908.676020713
19908.147502865
19906.562033581
19904.448271158
19903.273514228
19902.686161719
19900.924208278
19898.575179894
19897.495923875
19896.956317776
19895.337587362
19893.179485211
19892.141575
19891.622640163
19890.065916954
19887.990475725
19886.704380942
19886.061364691
19884.132440777
19881.560833528
19880.247541815
19879.590928441
19877.621218537
19874.995242509
19874.874277211
19874.250323715
19872.378580849
19869.883198152
19868.670485418
19868.064156761
19866.2452819
19863.820374677
19862.520231838
19861.870192282
19859.920201351
19857.320511503
19855.837207361
19855.095596786
19852.87093136
19849.905098824
19848.287429613
19847.478644385
19845.052486556
19841.818071103
19840.176613161
19839.355935051
19836.894104521
19833.612139332
19833.307818059
19831.473957683
19829.029074523
19827.305584477
19826.443895566
19823.859053647
19820.413122305
19818.137516595
19816.999811632
19813.587088772
19809.037706278
19808.480858891
19805.711193869
19802.018909935
19800.337649995
19799.497073493
19796.975558213
19793.614037688
19791.882559297
19791.016876837
19788.420056765
19784.958160369
19782.898573702
19781.868860693
19778.780043392
19774.662370963
19772.631801394
19771.616594726
19768.571287611
19764.511608151
19762.176350165
19761.008824558
19757.506661749
19752.838077275
19750.678713343
19749.59911982
19746.36069347
19742.043618113
19739.924434934
19738.864928573
19735.686750838
19731.449976943
19728.949198972
19727.698928751
19723.948593653
19718.949256373
19716.390643439
19715.111461376
19711.274413308
19706.159511366
19703.145802667
19701.639121045
19697.119767655
19691.095576326
19688.226496912
19686.792113865
19682.48959192
19676.754359233
19671.790425813
19669.30892854
19661.866315103
19651.947212059
19651.860600626
19645.654522022
19641.852317656
19639.951491293
19634.250116123
19626.650857804
19622.991384788
19621.161904024
19615.67448533
19608.36031497
19607.504304709
19605.871389782
19600.973461136
19594.444793578
19591.17682668
19589.543047502
19584.642527648
19578.110408748
19573.261616503
19570.837670545
19563.567633967
19553.87845362
19549.185463559
19546.839390746
19539.802861814
19530.424764283
19524.266098812
19521.187494156
19511.954592964
19499.650851813
19491.555385809
19487.508912933
19475.374534531
19459.207117541
19452.281227218
19441.154137812
19435.135849728
19432.127404141
19423.104861677
19411.081322546
19402.84920158
19398.734450079
19386.395431129
19369.955615444
19360.553411768
19347.786972069
19341.569615219
19338.461685826
19329.140894203
19316.72016116
19309.820436281
19306.37149783
19296.028378651
19282.246173552
19275.036927133
19271.433314491
19260.626518931
19246.226885851
19239.426728148
19236.027550095
19225.833619369
19212.25011596
19205.04680485
19201.446161875
19190.648283364
19176.26055843
19168.774509998
19165.032581478
19153.811178669
19138.859529532
19129.467752157
19124.773591528
19110.698020581
19091.946707861
19083.35606799
19079.06219739
19066.186382241
19049.032146326
19040.568082441
19036.337460603
19023.651234893
19006.749419232
18995.877177047
18990.44338795
18974.151345733
18952.450364958
18941.668520295
18936.279897908
18920.123227701
18898.602444309
18897.671546142
18893.014009324
18879.048285835
18860.44338044
18850.931733038
18846.177707968
18831.922825772
18812.933088834
18801.878535657
18796.353694783
18779.788911761
18757.725242601
18746.229525442
18740.484308646
18723.259221485
18700.317066276
18689.340845825
18683.855151377
18667.407727924
18645.500352364
18631.818760685
18624.981729497
18604.485686549
18577.192713369
18561.351207291
18553.435520137
18529.708708473
18498.120155792
18495.857588193
18488.669372065
18467.121482145
18438.43002518
18420.301222085
18411.243505099
18384.09707015
18347.964079642
18343.928260937
18335.244385092
18309.217416348
18274.572256364
18253.925895346
18243.611462957
18212.703123349
18171.573449173
18150.787800232
18140.403892603
18109.287800926
18067.882691929
18044.53010355
18032.865129567
17997.915435128
17951.421192173
17929.435934174
17918.453403494
17885.546160165
17841.763829575
17821.592180428
17811.514908886
17781.317272208
17741.133385495
17719.93518268
17709.345580722
17677.614731981
17635.395359758
17616.256084334
17606.694236594
17578.039823722
17539.906472756
17516.781112764
17505.229867968
17470.621819242
17424.584167383
17388.634542029
17370.687551211
17316.957644626
17245.576211253
17207.089169639
17187.877868791
17130.372567064
17053.998008607
17015.928012724
16996.924894401
16940.042781764
16864.495981458
16854.535440577
16806.980025674
16743.781468826
16713.201202208
16697.932018172
16652.208116941
16591.437626359
16558.018975958
16541.33490007
16491.383473702
16425.016144391
16386.497800655
16367.272514152
16309.73188687
16233.32560729
16194.283668812
16174.79792391
16116.481256425
16039.052639835
16001.843638919
15983.271520042
15927.684397575
15853.868849427
15813.644385172
15793.570439343
15733.501367492
15653.764520817
15615.360460072
15596.193774614
15538.834759642
15462.684094767
15421.729864449
15401.293442274
15340.146525746
15258.994784581
15210.082314209
15185.684904217
15112.727231757
15015.995300171
14959.522187908
14931.365325053
14847.212323493
14735.745647192
14679.911943848
14596.594457046
14551.772527203
14529.413200268
14462.541147206
14373.856943365
14322.894827713
14297.481564881
14221.512006383
14120.846821896
14059.61392971
14029.097126077
13937.943570617
13817.326146907
13749.649759891
13715.935968527
13615.28978129
13482.242767571
13414.2620123
13380.400281201
13279.327095028
13145.74951155
13070.962957173
13033.729377405
12922.663811157
12776.047238165
12759.116732402
12722.033364125
12611.428691999
12465.450171517
12395.419878593
12360.552403013
12256.537357691
12119.210939282
12050.712061873
12016.607943386
11914.87359932
11780.566354812
11696.868786772
11655.243257178
11531.253361899
11367.982896294
11367.738562984
11250.213817017
11095.402032197
10992.385430886
10941.236359682
10789.212750566
10589.795340745
10581.889207107
10436.503929413
10368.814184819
10335.134123346
10234.748922626
10102.417093646
10029.877606418
9993.8034182003
9886.3574762175
9744.8910286256
9672.5409151762
9636.5675396984
9529.4481666735
9388.4723061854
9291.9479389742
9244.0585353099
9101.8661415167
8915.6727947182
8807.401823146
8626.4723944959
8603.8800748794
8475.9505535305
8412.1355858878
8380.4084987063
8285.9434067764
8161.6442763306
8105.156738734
8077.0597458145
7993.3518208645
7883.0891851802
7827.9725291916
7800.5588788799
7718.8926058663
7611.3326831629
7556.6538216857
7529.4618680552
7448.4716911544
7341.8383232169
7275.4815300617
7242.528375001
7144.5617505387
7015.9978415088
7013.6408473824
6936.6917048615
6835.4045108468
6781.3839802655
6754.5340220514
6674.6203216871
6569.5375232158
6521.502686933
6497.6171350321
6426.4840994159
6332.8499473812
6286.8453398778
6263.9685107135
6195.8362868579
6106.1447006825
6059.8872102416
6036.8900396701
5968.4208510478
5878.3350712479
5831.5233797281
5808.2575113891
5739.0153690995
5647.9748636721
5604.780452048
5583.3072808358
5519.3801220224
5435.2810505752
5393.1805008873
5372.2526710855
5309.955178662
5228.0141641406
5188.5844229482
5168.9812088003
5110.6148334857
5033.816912552
4994.7065117548
4975.265408964
4917.3949548922
4841.2800887595
4804.7552725102
4786.5963282657
4732.530237811
4661.3908970239
4625.6216342146
4607.840062024
4554.9044279356
4485.2683647725
4451.4257106858
4434.6002604025
4384.5045313268
4318.5894289153
4285.9331680548
4269.6977558605
4221.3595958759
4157.7589218486
4126.5752037331
4111.071159153
4064.907656576
4004.1616760909
3974.2948751151
3959.4451181701
3915.2279333301
3857.0388653249
3828.2907788905
3813.9971864184
3771.4358205675
3715.4252364725
3687.9250720432
3674.2514128934
3633.533871877
3579.9448638706
3553.5987733839
3540.4985254471
3501.4868343923
3450.1390994094
3424.8892079131
3412.3336428713
3374.9424457305
3325.7240860164
3301.4872362763
3289.4351276851
3253.542139814
3206.2933203373
3183.1479340384
3171.6379707855
3137.3571949649
3092.2251773106
3070.0245359117
3058.9840571987
3026.1002758973
2982.8044653768
2961.5355344597
2950.9580078922
2919.4515649364
2877.9656210329
2857.598736835
2847.4694077977
2817.2963461022
2777.5623680292
2758.0662607351
2748.3695837958
2719.4836220702
2681.4407208553
2662.7692226311
2653.4822848106
2625.8153615113
2589.3743494244
2571.4934396078
2562.5993411634
2536.1011955614
2501.196069577
2484.0663098341
2475.5454729265
2450.1579316664
2416.7124184903
2400.3005447767
2392.1364495743
2367.8103979607
2335.7600369798
2320.0320591048
2312.207828743
2288.8931048813
2258.172094185
2243.0952183472
2235.5945702418
2213.2427795758
2183.7876379979
2169.3297343586
2162.136716508
2140.7004506895
2112.4489992486
2098.5798729076
2091.6794929482
2071.1141915266
2044.0079770304
2030.6981041294
2024.0757035284
2004.3378008563
1978.3196811178
1965.5407116758
1959.1822145781
1940.2298761697
1915.244978378
1902.9698273489
1896.8617855933
1878.655041138
1854.650934525
1842.8535689627
1836.9830566264
1819.4834874396
1796.4097753304
1785.0652881512
1779.4199380264
1762.590784869
1740.3992447369
1729.4838297957
1724.0518210073
1707.8579472538
1686.5024823298
1675.9934347082
1670.7634928279
1655.1713846934
1634.608023994
1624.4836982261
1619.4450745627
1604.4227796688
1584.6095976868
1574.8493920491
1569.9918558547
1555.5089600922
1536.4060464985
1526.9903522557
1522.3041655779
1508.3317185697
1489.9010809129
1480.8112421429
1476.2871399217
1462.797596041
1445.003082779
1436.2213355735
1431.8504955238
1418.8176246579
1401.6248087409
1393.1342129054
1388.9082216857
1376.3070090055
1359.6830571405
1351.4674172713
1347.3782313932
1335.1847615504
1319.0982831765
1311.1530384931
1307.198379955
1295.4058286257
1279.8477476221
1272.1161809359
1268.2679298936
1256.7928841419
1241.6541660581
1234.1699710062
1230.4448071376
1219.3366436471
1204.6815977362
1197.4213973409
1193.8077214139
1183.0319964923
1168.8155145078
1161.7517757468
1158.2359309105
1147.7521088665
1133.9211462325
1127.0482031881
1123.6273691304
1113.4270393085
1099.9704981927
1093.2704826509
1089.9357940943
1079.9926336205
1066.8760464832
1060.3360085111
1057.0810387926
1047.3759592393
1034.5743167211
1028.1792671209
1024.9965811183
1015.5075129199
1002.9919326361
996.7306637943
993.61470188118
984.32514127965
972.07402190581
965.92947809777
962.87178637174
953.75666471677
941.73725660837
935.69554223604
932.68923563511
923.72814621622
911.91381258533
905.95746012686
902.99388902604
894.16121607663
882.51856924361
876.62962063844
873.69989866085
864.96934968091
853.46417619585
847.62262943765
844.7168664441
836.05920946282
824.65354100371
818.83586866977
815.94244112751
807.32335960482
795.97271313215
790.14990483346
787.25449342352
778.63176361502
767.28152543785
761.41501573209
758.49860255038
749.81621607866
738.3941047163
732.42613868998
729.46026811218
720.63452207374
709.03274461952
702.86048223034
699.79452914823
690.67668135494
678.70408304361
672.08029718694
668.79268530707
659.02602783
646.22532177678
637.77490367906
633.59122354546
621.20412962168
605.06390196339
603.42899510708
593.56298816517
580.6587804092
578.4849345928
570.48549472935
559.99138390636
555.25732878191
552.90533004069
545.90894212494
536.71794717462
532.44726226128
530.3246798474
524.00756772858
515.70164970139
511.748902776
509.78390509445
503.93406738921
496.2385719532
492.55826839525
490.72836464295
485.27934238828
478.10798366635
474.67055860318
472.96112477512
467.86967210456
461.16622668244
457.95329369994
456.35523101974
451.59442480702
445.32385210685
442.3270793187
440.83626377449
436.39389747312
430.54030138178
427.76386428057
426.38236704344
422.2645878727
416.83601004734
414.30582346653
413.04649524122
409.2914314473
404.33772975361
403.40944358996
402.30572203937
399.01264310822
394.66376428468
392.30585887663
391.13219406735
387.63222540386
383.01427055685
380.44545274295
379.16751173082
375.35938737512
370.34131670314
367.60400075537
366.2429392078
362.18991635514
356.85557136842
353.95738291988
352.51712714369
348.23142722169
342.59810072485
339.5242792359
337.99772587288
333.45912441877
327.50231627728
324.20583616714
322.57005973468
317.71208405481
311.34840068291
307.70958286749
305.90615299174
300.55903365153
293.5746495286
289.34385017402
287.25136984017
281.0642867412
273.02164359168
268.73017314068
266.60980010457
260.34853712223
252.22832341283
250.05860862415
244.42697781642
241.67238681421
240.30675433298
236.25598407319
230.96097525903
228.10710796397
226.69342549192
222.50472879076
217.0399463381
214.09968003285
212.64451772357
208.33810402557
202.73157678067
199.69835392305
198.19880345185
193.76737612139
188.01254711367
184.86920451517
183.31729569549
178.73929914256
172.81265023104
169.53131373889
167.91408438684
163.15437381334
157.01730389162
153.52125460918
151.80252939669
146.76094519582
140.29832675616
136.47098827157
134.59665242971
129.1266921292
122.17763595389
118.3331823237
116.45655986035
111.00337822566
104.12759822395
100.8567160124
99.260008584426
94.619961203659
88.768874062391
85.991328029367
84.635317551799
80.694241678217
75.723457649901
73.362355110737
72.209556650132
68.858716089219
64.63155126182
62.622233702208
61.641122893493
58.78905824461
55.190516041334
53.478491917973
52.642499261182
50.212118444192
47.14524972542
45.684721074446
44.971512665454
42.898000608715
40.281267476071
39.033947591555
38.424847079054
36.653982497592
34.419128099415
33.353079648817
32.832501898245
31.319014757861
29.40899918775
28.497491216791
28.052386864055
26.758353922442
25.125352411921
24.34585859253
23.965227788253
22.858670140299
21.462328070207
20.795737371429
20.470246437117
19.524023108098
18.330077659928
17.76009958234
17.481791726872
16.672763075621
15.651997290316
15.164707720362
14.926781784302
14.235168221887
13.362606090051
12.94608722514
12.742722031152
12.151594057996
11.405858513661
11.049903562012
10.876113750021
10.370972966367
9.7337574421122
9.4296231541215
9.2811383163782
8.8495659523084
8.305190655015
8.045387450989
7.9185496077506
7.5499083037358
7.0849435340413
6.8630564160663
6.7547325212319
6.4399117952267
6.0428563763763
5.8533916401131
5.760898688874
5.4920970541702
5.1531030420873
4.9913568797785
4.9123977113905
4.6829359082834
4.3935726107377
4.2555691388
4.1882015337638
3.9924302251321
3.7455622729573
3.6277500098398
3.5702408635287
3.4031258579359
3.1924100768436
3.0918961125268
3.0428321958963
2.9002626697437
2.7205065459923
2.6347679634871
2.5929173462557
2.4713119600532
2.3179964734101
2.2448750867823
2.2091839756737
2.1054794061846
1.9747395245862
1.9123900465036
1.8819574588477
1.7935347081557
1.6820662596043
1.6289113178604
1.6029671082127
1.527587593735
1.432566553928
1.3872581142019
1.3651441310123
1.3008948822151
1.2199081695073
1.1812944639101
1.1624483961408
1.1076950769468
1.0386812346958
1.0057784166946
0.98971994951507
0.94306659805497
0.88426496333944
0.85623282017741
0.84255177287103
0.8028063073846
0.75271346370914
0.72883461016975
0.71718077472905
0.68332544645397
0.64065792515994
0.62031998473355
0.61039442378167
0.58156051451442
0.54522285724248
0.52790320482882
0.51945080079678
0.49489695977366
0.46395437709055
0.44920708026406
0.4420101584538
0.42110386241323
0.39475883620407
0.38220348011049
0.3760763517923
0.35827804068277
0.33585030498868
0.32516243151411
0.31994672546445
0.30479623098414
0.28570564767
0.2766085790383
0.27216924921621
0.25927418944295
0.24302610581068
0.23528395307804
0.23150586497961
0.22053172164849
0.20670445208415
0.20011613855329
0.19690115120924
0.18756278810938
0.17579691469364
0.17019106960945
0.16745554255695
0.15950995944331
0.14949919172784
0.14472978532101
0.14240244761646
0.13564258677782
0.12712595019959
0.12306856824542
0.12108869971525
0.11533816011373
0.10809332930843
0.10464198877052
0.10295786550065
0.098066385190176
0.091903986984728
0.088968421492844
0.087535990669579
0.083375595704873
0.078134352537004
0.07563769149223
0.074419438478828
0.070881150782956
0.066423729673204
0.06430051952633
0.06326450197576
0.060255532622636
0.056465006266626
0.054659521958443
0.053778545591643
0.051219899849048
0.047996727113668
0.04646153237614
0.045712448245803
0.043536883664515
0.04079633529185
0.039491056215981
0.038854162066548
0.0370044490294
0.034674414642982
0.033564689803302
0.033023217671872
0.031450650764614
0.029469762613803
0.028526352547223
0.02806603409834
0.026729169159994
0.025045209968454
0.024243237489281
0.023851933224587
0.022715510042309
0.021284055005603
0.020602351389644
0.020269731614627
0.019303747317928
0.01808699677907
0.017507557304274
0.017224836317521
0.016403772820302
0.015369577835552
0.014877087895461
0.014636792749486
0.013938945121566
0.013059961323188
0.012641389310817
0.012437161205609
0.011844061021809
0.011097022570906
0.010868388979625
0.010755844753124
0.01042515644301
0.0099999997764826