0.9993452965731875
0.9993207215467469
0.9993084334617919
0.9992715691287261
0.9992224147862977
0.999216297710024
0.9992106506766126
0.9992094318024618
0.9992040339262487
0.9992014838025154
0.9992002087341221
0.999196383526875
0.9991912832320472
0.9991883839987391
0.9991869343737801
0.99918258549647
0.9991767869688701
0.9991738904949957
0.9991724422495742
0.9991680975109081
0.999162304501514
0.9991592502802962
0.9991577231603269
0.99915314179777
0.9991470332873044
0.9991438706722431
0.9991422893547783
0.9991375453995982
0.9991312200971599
0.9991216268923967
0.9991168302026886
0.9991024401179533
0.999083253060536
0.999080260770778
0.9990734120089757
0.9990699875829006
0.9990597142958085
0.9990460164378394
0.9990427907371654
0.9990389066849452
0.9990369646440188
0.9990311385174944
0.9990233703047131
0.9990188359820208
0.9990165688007953
0.9990097672524401
0.9990006984597061
0.9989962661511115
0.9989940499773307
0.9989874014514127
0.9989785366922953
0.9989739979962766
0.9989717286282569
0.9989649205195225
0.9989558429801005
0.9989504736877877
0.9989477890137657
0.9989397349855674
0.998928996194852
0.9989234602336531
0.9989206922231724
0.9989123881853198
0.9989013160434395
0.9988954812710459
0.9988925638519771
0.998883811587763
0.9988721418005442
0.9988654989198194
0.9988621774370935
0.9988522129803858
0.9988389269055546
0.9988316663824021
0.9988280360702119
0.9988171451237703
0.9988026237025297
0.9987955732314125
0.9987920479477936
0.9987814720875579
0.9987673707908885
0.9987607753075646
0.9987574775239105
0.9987475841645457
0.9987343928874372
0.9987261784725253
0.9987220712002913
0.9987097493716169
0.9986933200616765
0.9986852059823788
0.998681148879157
0.9986689775576943
0.9986527489306657
0.9986431997416872
0.9986384250603247
0.9986241010008793
0.9986050019758407
0.9985950603519019
0.9985900894445896
0.9985751767060264
0.9985552927552479
0.9985534918098563
0.9985492834720625
0.9985366584461237
0.9985198248625098
0.9985087822108676
0.9985032607683189
0.9984866964206144
0.998464610254216
0.9984515558531818
0.9984450284911908
0.9984254463789912
0.998399336376222
0.9983978874552965
0.9983815853243524
0.9983598487909262
0.9983243595168599
0.9983066136882099
0.9982533760398192
0.9981823886121172
0.9981616882116184
0.9981491192944655
0.9981428346859873
0.9981239808356538
0.9980988418836673
0.9980861820592003
0.9980798519931298
0.9980608617697055
0.9980355409811205
0.9980228056201609
0.9980164377845621
0.9979973342530624
0.9979718623754862
0.9979663470887447
0.997960293608672
0.9979421331455983
0.9979179187449086
0.9979059914076134
0.9979000276023435
0.9978821361637753
0.9978582804787031
0.997813989189056
0.9977918416893123
0.9977253989482985
0.9976368024944804
0.9976240854752164
0.9976136183478463
0.9975822169044437
0.9975403469559095
0.9975212031234578
0.9975116308558378
0.9974829140014208
0.9974446237268274
0.9974271562085468
0.9974184221564389
0.997392219956885
0.9973572827423284
0.9973386783552225
0.9973293758290158
0.9973014682008167
0.9972642569634778
0.997246236444253
0.9972372258753528
0.9972101941218354
0.9971741507837313
0.9971553672340008
0.9971459751231995
0.9971177987408475
0.9970802291383509
0.997058510490599
0.9970476507166229
0.9970150713288537
0.9969716306892774
0.9969500960103725
0.9969393282299127
0.9969070248236737
0.9968639521926513
0.9968397651962176
0.9968276711459475
0.9967913889167117
0.9967430107981039
0.9967169982320427
0.9967039913056076
0.9966649704321028
0.9966129405356884
0.996586055656568
0.9965726125409753
0.9965322830951275
0.9964785082964036
0.9964530426185452
0.9964403091756219
0.9964021087592927
0.9963511728642013
0.9963066251833419
0.9962843494673254
0.9962175220685465
0.9961284126877004
0.9960845250452676
0.9960625793906999
0.9959967421797037
0.995908953294909
0.9958663102754096
0.9957996710897787
0.9957680387850214
0.9957522216872536
0.9957047702556835
0.9956414986199122
0.9956053559738454
0.9955872834273678
0.9955330656141833
0.9954607711722518
0.9954264260896161
0.9954092524379003
0.995357731332299
0.9952890328250548
0.9952553169671223
0.9952384579439688
0.9951878807199097
0.9951204409292829
0.9950823270098921
0.9950632686858245
0.9950060935253432
0.9949298554624995
0.9948861637373932
0.9948643160659382
0.9947987728041291
0.9947113758442793
0.9946669564143097
0.9946447448211304
0.9945781097951963
0.9944892569537382
0.994446112691041
0.9944245387917799
0.9943598168486095
0.9942735151885579
0.9942228604537873
0.9941975306790202
0.9941215410205665
0.99402021350096
0.9939729390847466
0.9939492997568202
0.9938783814727125
0.9937838168808037
0.9937229119638131
0.9936924560277502
0.9936010877237555
0.9934792519736468
0.9933957198583395
0.9933539472903334
0.9932286287342705
0.9930615155593483
0.9929769377276977
0.9929346420419843
0.9928077540752137
0.9926385478685743
0.9926120096749905
0.992575914708193
0.9924676291618462
0.992323232249714
0.9923055100221321
0.9922731778591011
0.9921761808271903
0.9920468386132157
0.9919802681475691
0.99194697879166
0.9918471101549213
0.9917139382661941
0.9916475562385185
0.9916143610909973
0.9915147750946169
0.9913819800969099
0.9913080629396533
0.9912710992213639
0.9911602073823937
0.9910123345996412
0.9909418973478988
0.9909066740287233
0.9908010034538037
0.9906600939013752
0.9905837112340617
0.9905455143959229
0.9904309231390019
0.9902781167418883
0.9901997078696222
0.9901604976724296
0.9900428662691283
0.9898860056256933
0.9897842648954784
0.9897333849409555
0.9895807437861877
0.989377189974341
0.9892544142297081
0.98919301218153
0.9890088041405913
0.9887631465051866
0.9887314226272922
0.9886736527343255
0.988500341305125
0.988269218545355
0.988145612050979
0.9880837946958857
0.9878983407132966
0.9876510211758873
0.987603255889414
0.9875395154328177
0.9873482920415111
0.9870932768844541
0.9869752831032595
0.9869162730636211
0.9867392411560575
0.9865031556133772
0.9863854468601729
0.9863265795667555
0.9861499758568383
0.9859144617433493
0.9857862155232954
0.9857220772153316
0.9855296601162408
0.9852730534268905
0.9851168668772288
0.9850387510155372
0.9848044003146064
0.9844918569735378
0.9842696427520928
0.9841584897073323
0.9838250242180744
0.983380251274555
0.9833001098219274
0.982954030890933
0.9827853045127913
0.9825284782584094
0.9823717473377089
0.982293359223744
0.9820581915656253
0.9817445592311147
0.9815396376420448
0.981437138142547
0.9811296339827514
0.9807195000728832
0.9804876260950615
0.9803716398326481
0.9800236737600396
0.9795595543845763
0.9793047962743506
0.9791773577203229
0.978795033157715
0.9782850686813857
0.9779931153084519
0.9778470607006471
0.977408885050617
0.9768243923333282
0.9768082408237879
0.9766918636513863
0.9763427246483091
0.9758770406249687
0.9756352768037326
0.9755143415894711
0.9751515276785014
0.9746675978495737
0.9743225872989235
0.9741499738911833
0.9736321171939812
0.9729412771243894
0.9728843057549244
0.9726602164688295
0.9719879205968801
0.9710909142813796
0.9706494951521467
0.970428609078409
0.9697659227452688
0.9688817500049269
0.9687129492392087
0.9681192653245608
0.9678445634189943
0.9677071445701042
0.96729487687696
0.9667449589873929
0.9664680494329929
0.9663295261704856
0.9659139449278663
0.9653596051672669
0.9649971506775893
0.9648158061718781
0.964271752694534
0.9635459526146455
0.9631804594532555
0.9629975941599925
0.9624489778378653
0.9617170868046659
0.9613378715432394
0.9611481360578509
0.960578907359647
0.9598195038477447
0.9593217903566844
0.9590727148027586
0.95832544933298
0.9573283548921082
0.9566895981621459
0.9563698620835016
0.9554105894554675
0.9541303331221782
0.9532863871899262
0.9528637900155607
0.9515958843652776
0.9499032104391497
0.9492901189825612
0.9480877750074269
0.9478234840629605
0.9474335785179457
0.9462637580019952
0.9447022051643104
0.9442341706020556
0.9431038483276188
0.9424900571620625
0.942182840239044
0.9412611219090138
0.9400310544357923
0.9392311194602315
0.9388306090946478
0.9376289614380273
0.9360248827232124
0.9359606200966
0.9350505936542912
0.9338361525490875
0.9330783374170674
0.9326989497072864
0.9315606763602496
0.9300413011918258
0.9291044894421523
0.9286353538647824
0.9272277744248465
0.9253484515290932
0.9244749074551508
0.9240375070563176
0.9227251495275155
0.9209731313096857
0.9198671755759925
0.9193132015888775
0.9176510217335512
0.9154312539379212
0.9139629674521544
0.9132270898943199
0.9110189861611511
0.9080686435271239
0.9076733030537756
0.9058683492550866
0.9034576250337639
0.9031850937010795
0.901424811292863
0.8990738689419926
0.8978944898243819
0.8973037176931508
0.8955310521468802
0.8931635515779782
0.8920475194095734
0.8914885413732293
0.8898112791629813
0.8875714143099926
0.8863174675842194
0.8856892987302492
0.8838043608671025
0.8812866711991798
0.8801477044854386
0.8795772403570039
0.8778654730008406
0.8755794627950068
0.8743285278393009
0.8737018922826467
0.8718215135125191
0.8693099279558967
0.8677227029126982
0.866927227684819
0.8645400067743785
0.8613498968449763
0.8609747570911822
0.8602307080287303
0.8579978263432514
0.85501437442943
0.8536490689456744
0.8529650466980728
0.8509123220686098
0.8481700204283193
0.8468126314302942
0.8461325899199226
0.8440917809064156
0.8413653805995629
0.8400528246197686
0.839395285980075
0.837421997395803
0.8347859110815148
0.8333487595534357
0.8326286686580541
0.8304675499238896
0.8275799218104285
0.8258427559625384
0.8249719419598777
0.8223581970270274
0.8188640082186389
0.8181842025506806
0.8158326423170851
0.8126896473983599
0.8111930735115958
0.8104430733074626
0.8081920009585403
0.8051834386692004
0.8037583408892173
0.8030442051367684
0.8009007765823362
0.7980362206681139
0.7963925444103863
0.795568549157409
0.7930951368801642
0.789788071609823
0.7882639314210133
0.7874999330098956
0.7852066475127361
0.7821407488823845
0.7804907879545174
0.7796634757181564
0.7771799525861012
0.7738585804330091
0.7723251027255306
0.771556256283896
0.7692482817647037
0.7661619790728209
0.7645530989533273
0.7637462488003202
0.7613240483721522
0.7580840866706041
0.7564813021819206
0.7556774034874896
0.7532639998903176
0.7500353761793924
0.7483749036812627
0.7475418523370981
0.745040790564858
0.741693954979219
0.7400524034592941
0.7392287383610937
0.7367558073600888
0.7334462161655663
0.7318007669898288
0.7309750040255254
0.7284957019914298
0.7251770140221245
0.7235039515619265
0.7226641382964575
0.7201425497420816
0.7167664790429009
0.7150700408035592
0.7142183023366584
0.7116608122512158
0.7082359199005497
0.7065423457735029
0.7056919127866078
0.7031382871680483
0.699718084942293
0.698018960396324
0.6971656050667884
0.6946031432438283
0.6911705988342146
0.6894577079423999
0.6885973007273111
0.6860135960500688
0.6825520735738588
0.6808137602991656
0.6799404370706283
0.6773178674825386
0.6738037118242263
0.6720396444928856
0.6711532600746394
0.6684913930864292
0.6649241109428539
0.6631582519778657
0.6622709386622393
0.6596062510711802
0.6560351048331092
0.6542469776037372
0.6533484413911007
0.6506499945262474
0.6470334569376737
0.6452284254603528
0.6443214227251969
0.641597508705604
0.6379469251072236
0.6361299299067288
0.6352170129256351
0.6324753104645711
0.6288012210834332
0.6269873554631578
0.6260762038532823
0.6233398055159425
0.6196735111976281
0.6178375291559306
0.6169154702613244
0.6141462815717736
0.6104367078224117
0.6085901998327659
0.607663152232783
0.6048789686052908
0.6011503088516005
0.5992972040961733
0.5983672231020426
0.5955742238457072
0.5918350222393562
0.5899748457507403
0.5890417666426622
0.5862394548029456
0.5824892728269194
0.5806264122332194
0.5796925163545136
0.5768877463195006
0.5731360124723881
0.5712678489851222
0.5703318935663181
0.5675209226980222
0.5637628318840509
0.5618969095356129
0.5609627521752244
0.5581571685191313
0.5544084564520665
0.5525481255037017
0.5516175071639411
0.5488225330411928
0.5450903580916999
0.5432347774879576
0.5423073352733517
0.5395218656358279
0.5358049033472263
0.5339601696825783
0.5330390027351016
0.5302723381863356
0.5265831403996911
0.5247545503397266
0.5238423408880797
0.5211025268554549
0.5174519089460947
0.5156422959340548
0.5147404848334102
0.5120318329546192
0.5084255892403013
0.5066403182221998
0.5057515913630427
0.5030821554504531
0.4995310125230443
0.4977695295997862
0.4968936275135697
0.4942626039446365
0.49076549902804906
0.48903338142176606
0.48817307426994055
0.4855887683417192
0.48215669412456746
0.4804567495437642
0.479613426032464
0.4770799886671356
0.4737183992801618
0.4720516372490331
0.4712257970586565
0.46874470428628645
0.4654555120191397
0.4638271752201888
0.46302139430252093
0.46060036747104677
0.4573937054108053
0.4558063049121159
0.4550218106740361
0.4526645149763767
0.44954515330878436
0.44800028991120555
0.4472378658284689
0.4449466298819667
0.441917587595328
0.44041810154037603
0.4396791383374439
0.4374581174745118
0.4345248167420617
0.43307165123888663
0.4323566210921445
0.4302072037481529
0.4273714584991892
0.4259676857902705
0.425278099553134
0.42320479971029434
0.42047252048799516
0.41911925998036403
0.4184556882973581
0.41646018528080764
0.413833598249616
0.412532603314111
0.41189593149131576
0.40998084808557
0.4074634258577
0.40622134874793225
0.40561480371961506
0.4037898242159639
0.4013941619663957
0.40020612400735245
0.3996274245091024
0.3978856118769782
0.3956028217852785
0.39446696924233776
0.3939153268554554
0.3922542233552342
0.39008131648204447
0.3890059887678446
0.3884854382827232
0.38691715067353905
0.38486982564953676
0.3838559511923886
0.3833670088451227
0.3818930113747017
0.3799732745398987
0.37902277169255066
0.3785664247960884
0.37718960571453913
0.37540126755111103
0.3745152714479603
0.3740921515097848
0.3728143067883649
0.37115979528049486
0.37034052629358777
0.3699517718090272
0.36877622121683223
0.36725988514864655
0.36650895238215053
0.36615543079401563
0.3650846527267364
0.36370978374964913
0.3630298128997465
0.36271285195572733
0.3617507130739523
0.3605223124970022
0.35991515611065406
0.3596357460334778
0.3587850618406569
0.35770682310492535
0.3571746340084783
0.3569339104424333
0.3561979162149442
0.3552740499581178
0.3548190232793062
0.3546181561530029
0.35400016216423114
0.35323497473574683
0.3528594146273815
0.3526996403010356
0.3522031253591847
0.3516011344309343
0.35130743137061937
0.3511900497578695
0.35081864323900724
0.35038456455418193
0.35017524634696845
0.3501016499758342
0.34985921077096405
0.34959806018599876
0.3494758366349674
0.3494475383381767
0.3493382268151075
0.349255413679519
0.34922322181416715
0.3492418924573628
0.349270262611265
0.3493717234964846
0.3494328462139317
0.34950039153669543
0.349671592916133
0.3499640658766704
0.3501223292083801
0.3502410171697994
0.3505611308921849
0.35105261282860695
0.35131277922690973
0.35148550213847013
0.3519622333930744
0.35266294343554533
0.3530315685892882
0.35326239907843976
0.3539065587614212
0.3548309839912522
0.35531857453347054
0.3556141825707576
0.35644346267603294
0.35761560278603277
0.35824326126655387
0.3586173230064269
0.35966801320576985
0.3611376800146724
0.3619694206645586
0.3624647136474516
0.3638499093688984
0.3657740476462716
0.36688351936221514
0.36754807355954505
0.3693918960023496
0.3719344447217389
0.3727691620307649
0.37477810345261453
0.37479744940359394
0.3752695642140614
0.3766134745946863
0.3784333616483443
0.37871808264720824
0.3791585635178447
0.38041823813612663
0.3821166329581511
0.38287613758998795
0.3832872854985623
0.38446745050957243
0.3860529889574486
0.3867728453633804
0.3871594634016187
0.3882721868029535
0.3897631239045911
0.39044333487318633
0.3908063064576012
0.39185329831046406
0.39325321032875354
0.3938901467556792
0.3942280744249664
0.3952049178612871
0.39650887571863214
0.3970987063379818
0.3974099871510132
0.3983117879303476
0.3995140763130532
0.4000522895412359
0.4003348804424118
0.40115554748483584
0.4022487325863177
0.4024158640702617
0.40266732578637754
0.4033996778618399
0.4043748231305669
0.40439044551077796
0.40460425064386635
0.40522929766646665
0.40606150650309414
0.4065120794328793
0.4067470163080917
0.40743180702471754
0.40834298603716607
0.4088313509739781
0.4090870236896682
0.4098299510937983
0.41081786676216486
0.4113451023933239
0.4116223975739411
0.41242542495758383
0.41349265364966936
0.4140742331181482
0.41438219264558945
0.41526985307519954
0.4164488978018112
0.41711571127093994
0.4174726662174214
0.41849421987338237
0.41985024959952333
0.42064148159877396
0.4210720732129665
0.42229160736265164
0.42390927372418374
0.42488089319185113
0.4254229652763749
0.4269352503791647
0.42893916360841
0.43005166277364426
0.43068588283137904
0.432432463468828
0.43474523401970216
0.4360836459481256
0.4368731800536295
0.43900496751793927
0.44181972417217147
0.4435404694431871
0.44461368105447563
0.44741966853366133
0.4510930488452038
0.4532490340758678
0.4546799333500589
0.45828249261305093
0.462925329160745
0.46603048885973114
0.4684474593426647
0.4740594575462158
0.48091862706054783
0.48435585190129393
0.4895273265955954
0.4919354280933096
0.4936324799593229
0.49766789546580104
0.5027070987169586
0.5056311978255532
0.5080726800417203
0.5134692353525341
0.5198478800366547
0.5231546663836849
0.5262148912001433
0.5325729329318054
0.5396535436303381
0.5429576878685664
0.5459503171128629
0.5520234679964776
0.5587005272967333
0.5618157198786652
0.5647398504991492
0.5705573207695167
0.5768889311976486
0.5798465969404161
0.5827228168363151
0.5883395907205885
0.5943855167137844
0.597207731201193
0.6000464402320835
0.6054880795854467
0.6112723877443402
0.6139659556340754
0.6167707405574038
0.622044706116354
0.6275733600368115
0.630138803827061
0.6329107056957018
0.6380187689920296
0.643294282461344
0.6457322205290911
0.6484723232721068
0.653417633223151
0.6584460080489962
0.6607595759085354
0.6634698756492875
0.6682589627710113
0.6730507611712285
0.6752454700335149
0.6779287286487637
0.6825707095778796
0.6871393774047138
0.6892220010050626
0.6918812600400256
0.6963862214828822
0.7007459051861407
0.7027233626162412
0.7053614980595404
0.7097391097937656
0.7139030002247813
0.7157816013739356
0.7184010474927532
0.7226597248427596
0.7266391525530935
0.7284242311528829
0.7310268683091703
0.7351734372955957
0.7389775823412535
0.7406734139118945
0.7432605705436731
0.7473002745109363
0.7509362670011329
0.7525461546574468
0.7551186726753282
0.7590553654268448
0.7625285849375079
0.7640550231051201
0.7666133495155049
0.7704497638816169
0.773764207695986
0.7752090666516589
0.7777533486488749
0.7814913734357443
0.7846500185097198
0.7860147186220322
0.7885448902588805
0.7921858210217299
0.7951909430733011
0.7964766047060399
0.7989924601703612
0.8025372097577788
0.8053906463606075
0.8065982113539842
0.8090994637883092
0.8125487301151041
0.8152520874599352
0.816382413292058
0.8188687399752674
0.8222231341166536
0.8247779431369557
0.8258318731680916
0.8283029486028757
0.831563088531536
0.8339709183386915
0.8349493322992786
0.837404850712987
0.8405714262943125
0.8428339631052586
0.8437386444122855
0.8461763349505953
0.8492481063174913
0.8513671838441443
0.8521965269404186
0.8546198961267455
0.8576016726224026
0.8595794717454116
0.8603375280195084
0.8627444599180548
0.865635336267699
0.8674740599406692
0.8681609939569206
0.8705513640338075
0.873352617061691
0.8750547796637448
0.8756719483134968
0.8780457180252474
0.880758814954544
0.8823271391783719
0.8828760138597068
0.8852332066284497
0.8878597739828841
0.8892971771994405
0.8897793230920155
0.8921200213750421
0.8946618331855154
0.8959714097358624
0.896388476038893
0.8987128177140924
0.9011717815542528
0.9023567823409337
0.902710491559142
0.9050186656414834
0.9073968071601392
0.9084606176903236
0.9087527543560532
0.911044996320109
0.9133444430142612
0.9142905608378726
0.9145229600608721
0.9167995469749881
0.9190225117594226
0.9198545239828417
0.9200290601165285
0.9222903057634712
0.9244390708194126
0.9251606321577246
0.9252792079387049
0.927525457917857
0.9296023589749303
0.9302171708117464
0.9302817069014598
0.9325133339614115
0.9345207454769848
0.9350325359549047
0.935044961250394
0.9372623608923787
0.9392026820594858
0.9396151878448874
0.9395774305772367
0.9417810165489297
0.9436566582131649
0.9439736075296778
0.9438875868031131
0.9460777874302342
0.9478911603446433
0.9481162576028408
0.9479838759786265
0.9501611305819747
0.9519146347424539
0.9520515465764583
0.9518746837712049
0.954039439003161
0.9557354537231278
0.9557877969548311
0.9555683035190472
0.9577210106197933
0.9593618860898342
0.9593332167891063
0.9590729093196968
0.9612140211317672
0.9628020708573731
0.9626958750465536
0.9623965314781614
0.9645265003329075
0.9660639945478225
0.9658836804598007
0.9655470370252243
0.9676663115121225
0.9691554714330767
0.9689043622506248
0.968532108739326
0.9706411341641538
0.9720841281141058
0.9717654566211057
0.9713592368401647
0.9734584503071234
0.9748573877881869
0.9744742936855987
0.9740356982789702
0.9761255311469266
0.9774824629688242
0.9770379853131835
0.9765685567331659
0.978649430349119
0.9799663430227231
0.9794634219430018
0.9789646489009726
0.9810369744384202
0.9823157902549032
0.9817572632434848
0.9812305836152256
0.983294759480689
0.9845373334779717
0.9839259352912738
0.9833727307543978
0.9854291459826492
0.9866372669861183
0.9859756290463457
0.985397223383221
0.987446260713438
0.9886216535293327
0.987912300023365
0.98730998045456
0.9893519959163314
0.9904963097612339
0.9897416756364699
0.9891166490636272
0.9911520042849122
0.99226683432426
0.9914692323113558
0.9908226891679832
0.9928517127889606
0.9939385773947363
0.9931002370597265
0.9924332961828447
0.9944563130524887
0.9955166665461883
0.9946397184775276
0.9939534374583615
0.9959707731827523
0.99700601523128
0.9960924890119701
0.9953878930520801
0.9973998480457593
0.9984113092974608
0.9974631381340765
0.9967412146850918
0.998748068082808
0.9997370158611972
0.998756056460269
0.9997691723657282
0.99985452785217
0.9999242349592916
0.9999999996183979