0.2351534160333522
0.2351645689323396
0.23517014637459036
0.23518687910656916
0.23520919322863398
0.23521200660299893
0.23521456174249042
0.2352151250682457
0.23521756603094252
0.2352187377591423
0.2352193165269008
0.2352210563055045
0.23522337140140417
0.235224687829425
0.235225346021287
0.23522732060339632
0.2352299619532556
0.23523126997439878
0.2352319290462828
0.235233910208986
0.23523653018513832
0.2352379289761709
0.23523862466564233
0.2352406992763914
0.23524349941281775
0.23524491766424527
0.2352456364636314
0.2352477928694911
0.2352506681381692
0.23525502894557407
0.2352572095003031
0.23526377732434098
0.2352724177288681
0.23527382653310977
0.23527696260467415
0.23527852109883035
0.23528314074752793
0.2352894912796213
0.23529089534934564
0.23529263648672583
0.2352935195347876
0.23529616869035547
0.23529968958415962
0.23530175637951903
0.2353027863059685
0.23530587610062348
0.235310022579381
0.23531202380944174
0.23531303263996495
0.23531605914617632
0.23532006858463594
0.23532214457339062
0.2353231769168097
0.2353262677958587
0.23533039735433584
0.2353328392352144
0.235334060287547
0.23533770887867017
0.23534262363883032
0.23534511743573544
0.23534637774688905
0.23535015870295095
0.23535520016557268
0.23535784442802002
0.23535917023799344
0.2353631476928275
0.23536846829176195
0.23537147978041767
0.23537298409409918
0.2353775151047418
0.23538353256281214
0.2353868536380884
0.23538850538468242
0.2353934409541017
0.23540008931599865
0.23540327080436743
0.23540487493668036
0.23540968736986692
0.23541606291663805
0.23541908971216216
0.23542059047803363
0.2354250928077082
0.23543109618060246
0.23543483095003737
0.23543670262380736
0.2354423288343868
0.23544974565818977
0.23545347087573373
0.23545532633085967
0.23546085973737174
0.23546828222871652
0.2354726073593858
0.23547478101978916
0.23548130206700738
0.23548996939599737
0.23549451289812506
0.2354967711668128
0.23550358645811856
0.23551250590304115
0.23551342645663503
0.23551533852371723
0.2355210861782019
0.23552873488167744
0.23553377499091074
0.23553628963457746
0.23554380374531728
0.23555392540686662
0.23555982385337337
0.23556279052459278
0.2355717790176828
0.23558342341402488
0.23558426508064842
0.23559169201683264
0.23560159532596928
0.23561776527303935
0.23562585231706235
0.2356502103304218
0.23568216045246002
0.23569180688717215
0.23569762151314122
0.23570048682501074
0.23570904891804834
0.23572061860995405
0.23572629831301506
0.23572919130517261
0.23573785330237237
0.23574935266683295
0.23575520588323978
0.23575811024083976
0.2357667890546266
0.2357785534164147
0.23578095031486404
0.23578371516086802
0.23579202613536873
0.23580294814524017
0.23580848724356213
0.23581120558953353
0.2358193607297066
0.2358302351303906
0.23585042606367265
0.23586054715113233
0.23589061334083494
0.2359319955258219
0.23593712522722093
0.23594188864688231
0.2359562919183757
0.23597510945562855
0.23598407326138887
0.23598843614640969
0.2360014993196941
0.23601917168149383
0.23602699916540115
0.23603099970428107
0.23604290762780245
0.23605906064804394
0.2360673827177403
0.2360716447745917
0.23608433122998201
0.23610164815324503
0.2361096454661281
0.23611375573696983
0.23612615935172024
0.2361425019709177
0.2361511947469727
0.23615548549849252
0.23616840840017525
0.23618546909658986
0.2361954829013659
0.23620043957025028
0.23621539726234098
0.2362349802225788
0.2362450455540161
0.23624995102441926
0.23626478315952962
0.23628435030646516
0.23629549178345255
0.2363010343811452
0.2363176302115967
0.23633973506785466
0.23635168299709292
0.2363576186321268
0.23637563476015014
0.23639901709669656
0.23641164305096043
0.23641781612002444
0.2364362639860912
0.23646080670161806
0.23647256309371215
0.23647837857541998
0.2364959614706683
0.23651908620516587
0.2365396648784916
0.23654983357673198
0.2365806975439086
0.23662089154297786
0.23664146937771885
0.23665152825999652
0.23668147253530566
0.23672258682983618
0.23674140082897271
0.23677265820214247
0.23678668092360672
0.23679392166318342
0.23681585473012395
0.23684447492269006
0.23686142250317332
0.2368697159192706
0.2368946450763959
0.2369278278640197
0.23694359110121016
0.236951502791018
0.23697501108920094
0.23700714377631477
0.23702222394955133
0.2370299518680299
0.2370532257253077
0.23708424146757925
0.23710176724047793
0.23711052899257742
0.23713691607708529
0.23717176389810785
0.2371920375855615
0.2372020541389646
0.2372323359626312
0.23727229984701176
0.23729285977845574
0.23730311834529058
0.23733377829352856
0.23737457459645153
0.23739458700482055
0.23740451260992976
0.23743446116066383
0.23747381773735077
0.2374974724226297
0.23750917298965232
0.23754394361596068
0.23759160653811923
0.23761269855093486
0.23762363666494193
0.2376562665134025
0.23770029364650494
0.2377282260140746
0.237742252849274
0.2377844956321916
0.23784062895422578
0.23787937011652205
0.23789865211669814
0.23795661234073445
0.23803355484480943
0.23807290996136657
0.2380924996347173
0.23815127380519532
0.23822920878933576
0.23824188641832417
0.23825860635080975
0.23830914517076648
0.23837487698344814
0.2383838065919198
0.238398797079112
0.23844377155822333
0.23850376403463897
0.23853463661083643
0.23855010052090472
0.23859666776028973
0.23865782526791124
0.23868915604959703
0.23870460954568626
0.23875105889597648
0.23881236393160796
0.23884711052113428
0.2388643363751342
0.23891611306781713
0.23898424973842605
0.2390176759833685
0.23903414266599837
0.23908318421730568
0.23914966049580222
0.23918461642297192
0.23920245592821898
0.23925588073719492
0.23932728224320948
0.23936385229672816
0.23938218639028053
0.2394368924032769
0.23951047530227165
0.2395577939003591
0.23958154027851855
0.2396529167301441
0.23974769801383258
0.2398053593924904
0.2398340970723647
0.23992000926010684
0.24003639365969476
0.2400501774880142
0.2400773124655634
0.2401585809029014
0.24026690493457048
0.24032515512353697
0.24035421081990557
0.24044170073695073
0.24055671616652072
0.24058008306416123
0.24061015234123548
0.2406995717716777
0.24082164841686998
0.24087570510051717
0.24090354567348377
0.24098752018075276
0.24109744072461323
0.24115406107490428
0.24118199402122178
0.2412647766581568
0.24137815111590427
0.24143740253827375
0.2414678259355344
0.2415586310571921
0.24168111078972318
0.24175440574522777
0.24179139256828897
0.24190256422985215
0.24205069405635982
0.24215628622289787
0.24220922162702851
0.2423667005776213
0.24258226419004184
0.24261672335431528
0.24278485906630556
0.24286349632926152
0.24298588474616262
0.24306103745854293
0.2430983957696381
0.2432112493863195
0.2433604865604859
0.24345930964063153
0.24350838423298857
0.24365588712549252
0.24385303714920362
0.24396449726257968
0.24402015550851267
0.24418828187752709
0.2444107672132652
0.24453433371320749
0.24459581028374047
0.24478013880903327
0.24502684779399042
0.24516789689260984
0.24523845311515466
0.24545087580144775
0.24573523832217703
0.24574226915211728
0.2457988960779248
0.24596813958688438
0.24619678541149817
0.24631320286146366
0.24637232043533025
0.2465490180047325
0.2467862282172756
0.2469545741254486
0.24703904742065036
0.24729414609264486
0.24762921978066765
0.24766005593216872
0.2477702022842432
0.24810181994216213
0.24854402880033571
0.2487627439394398
0.2488720733668095
0.249201702832585
0.249638515985397
0.2497235780264099
0.25002360052813394
0.25015755775899406
0.25022631054278377
0.2504315718838288
0.25070973088436793
0.25084625797480414
0.2509158045308126
0.25112420469164265
0.2514036409147077
0.2515855032218618
0.25167706418709307
0.2519508761492543
0.2523202446953198
0.25250313428040116
0.2525960382726166
0.2528742745908753
0.25324615167389836
0.25343954680372294
0.25353638509289705
0.25382681978069227
0.25421579615919243
0.2544702446914998
0.2545982657065277
0.25498279698751386
0.2554958750671511
0.2558265409548392
0.25599205931834296
0.2564902755846172
0.25715514630902414
0.2575962581827256
0.25781796342505703
0.2584845473138117
0.2593712665391996
0.2596985718050596
0.2603408990862194
0.26047767317209986
0.26068575474391836
0.26130790908223467
0.26215190262990834
0.2623980833503441
0.2630088927889259
0.2633393004082
0.2635058867794713
0.26400599438254874
0.26467572044737175
0.2651120372866575
0.26533156832948435
0.265992233848903
0.2668707719798004
0.2669104784281274
0.2674147751879085
0.26808785265743706
0.26851095523602625
0.2687231345647378
0.2693602321732131
0.27021431990842776
0.2707423610183681
0.271008239716534
0.2718075611956743
0.2728760238872673
0.27337908683998413
0.273630656281164
0.2743872459227131
0.2753994071238655
0.27604275006777645
0.27636668418232857
0.2773402252848928
0.2786467236689142
0.2795169136739212
0.27995633207028087
0.2812766679887548
0.2830558295384666
0.28329625225439037
0.2843935644498941
0.28587633629127746
0.28604096942046525
0.2871298210229126
0.2885899471146251
0.28932969504011447
0.28970182800015604
0.29081924441327217
0.29232435964010783
0.29303512627580175
0.293394358074495
0.29447299503304775
0.295923921948652
0.29673925871772844
0.2971509777049374
0.298387499874606
0.30005477636192973
0.30081029453258623
0.30119226711081865
0.3023393275726011
0.3038834003484676
0.30473087639103863
0.3051590622445829
0.30644694063503963
0.30817673628903997
0.30927921644726997
0.3098364145621054
0.311511363561308
0.3137721033702789
0.31403773464427215
0.3145712723792721
0.3161749316550885
0.318338836904531
0.31933458153151145
0.3198378729548131
0.32135071682550354
0.3233901276008589
0.32440457810275136
0.3249175690449091
0.32645912088512596
0.3285382595886413
0.32954332438160466
0.3300516445614513
0.3315793892093585
0.33363797464317924
0.3347662881134099
0.33533701746861966
0.3370537345525152
0.3393663165968022
0.3407686784093592
0.3414792599159623
0.34361602625318555
0.3465064155308291
0.3470723732940524
0.34904323790500025
0.35170522654188013
0.3529812380595452
0.35362717727723597
0.3555692259767024
0.35819224036378855
0.35944160789365026
0.3600741766122729
0.36197630818270754
0.3645418096183497
0.3660245033471359
0.3667759593053383
0.3690360632142498
0.37209245383455314
0.373511164969927
0.37423003167214064
0.37639214578764907
0.37931224408155934
0.38089603875661404
0.3816991956796636
0.3841152555536911
0.3873848255223515
0.38890547293855304
0.38967657978051173
0.39199620948706315
0.39513200728277903
0.3967793976422095
0.3976153566824927
0.4001304288582926
0.40353461749451847
0.4052323078228434
0.4060942604697898
0.4086878049166369
0.41219895271959384
0.41402053964760294
0.41494614521120693
0.4177317680666035
0.421507406488704
0.42337600134700604
0.42432598343432054
0.42718502295779237
0.43106165216197057
0.4330064769697732
0.43399587214748675
0.4369737202465556
0.44101337534906376
0.4430690754122181
0.4441156093005244
0.4472659362110526
0.4515424333688896
0.4537125341367066
0.45481796816567066
0.45814598621350866
0.46266689405281697
0.4649248293132315
0.4660754495061016
0.46953955412795484
0.47424694679048274
0.47660887905572
0.4778129307347383
0.48143813519302037
0.48636590792988044
0.48884970283599016
0.49011623461036574
0.49393000152574007
0.4991153405329732
0.5017461565118598
0.5030879937277108
0.5071290671173605
0.512625236176338
0.5154134431040568
0.5168357977581861
0.5211198193358046
0.5269486635866371
0.5298646524723755
0.5313521436174268
0.5358327332928393
0.5419287667952424
0.5450138118835912
0.5465875995720115
0.551328839908645
0.557780621261155
0.5610358252607496
0.5626963649415783
0.5676994662584505
0.5745085401758029
0.5779349240787562
0.579682634391318
0.5849488699732824
0.5921169286998311
0.5956946672513127
0.5975192428598601
0.6030175525378592
0.6105003181622308
0.6142837578972208
0.6162131296319314
0.6220280098317937
0.6299426067134996
0.6339329322797667
0.635967592026801
0.6421005174727721
0.650448686694635
0.654644449951186
0.6567835361701254
0.6632319137223348
0.6720094135174558
0.6764273259886436
0.6786793107388165
0.6854688449144526
0.6947106231279565
0.6993721866194067
0.7017480011926348
0.708911781029068
0.7186632709657517
0.7235709607108337
0.7260716987826397
0.7336129640835686
0.7438781125095609
0.74903750527179
0.7516658701559801
0.7595928018477831
0.7703820782531187
0.7758111319715897
0.7785761378551235
0.7869161207807917
0.7982665925784092
0.8039782356744923
0.8068862812325652
0.8156586299867693
0.8275963255837964
0.833596655517156
0.8366506332631993
0.8458641502847337
0.8584000299345776
0.8647156560022741
0.8679289406913178
0.8776240764728362
0.8908135873741622
0.8974378026009955
0.9008066679598037
0.9109721856349048
0.9247982807493333
0.9317573059683749
0.9352948847033088
0.9459705340608127
0.960487428702651
0.967783297765967
0.9714902952852388
0.9826783025251143
0.9978875119901652
1.0055472311750635
1.0094371034465945
1.0211782560937679
1.037135250688109
1.0451600209840035
1.0492330291946756
1.0615281422402214
1.0782325193880602
1.0866458327923678
1.090913572771695
1.1037978504561161
1.121297053425009
1.1301057945538149
1.134571380124016
1.1480542671972296
1.1663599017503827
1.1755775971796805
1.180247481582371
1.1943485602631665
1.2134864012072057
1.2231144515680954
1.227988905274846
1.2427090874663032
1.2626784699948446
1.2727435317770308
1.2778355670924653
1.2932143693616465
1.314068394873346
1.324570490505385
1.329879579697645
1.3459154861698033
1.3676500802916995
1.378604533593718
1.3841378149393333
1.400852577438162
1.4234957642951043
1.4349104681358473
1.4406712509423427
1.4580750114321546
1.4816386183008383
1.4935206832883148
1.4995117973950718
1.517613289999534
1.5421069726434253
1.55445391460395
1.5606732191235497
1.579466072171971
1.6048786502243593
1.6176928434763103
1.6241406314991544
1.6436259379854283
1.669956312197052
1.6832837706327963
1.6899822629991244
1.710227902714538
1.7375661303621313
1.7513472598368631
1.7582652329206858
1.7791764730104733
1.8073900285455775
1.8216510525423473
1.8288005330368875
1.8504143985996053
1.8795508271520172
1.8942763704189287
1.9016483549477277
1.9239378910032296
1.9539573526323257
1.969139153258197
1.976728160345253
1.9996772674633017
2.030554641961806
2.0461790648633222
2.053976848708672
2.077561092056183
2.109259998664099
2.1253030009376848
2.133296104230265
2.1574752879433214
2.189938063221561
2.206382235705156
2.2145604566899495
2.23930443002226
2.2724871569891945
2.289300392561387
2.2976462367431765
2.3229027440738137
2.3567318267804387
2.3738888204264774
2.382388127364759
2.408115220597822
2.4425311778317975
2.459994943538124
2.4686278043962853
2.4947661383821846
2.5296863491011083
2.5474222642256747
2.5561699219011205
2.5826638128676014
2.618010862680521
2.6359770304559946
2.644817187835843
2.671600315544632
2.7072827881578005
2.72543777151839
2.734348337597159
2.761355129016203
2.797283047427358
2.8155827042779853
2.8245403079328266
2.8517014595042616
2.8877801317705396
2.9061804521001546
2.915161751747162
2.942408222294164
2.978543617642326
2.9970034301390043
3.0059864020730958
3.0332533486357565
3.069357276571283
3.0878419152389864
3.096807511317487
3.124039458755659
3.160036171200034
3.1785262051821657
3.1874622861013973
3.2146252893243514
3.2504672264445253
3.2689741812315574
3.2778824989102167
3.3049858912043297
3.34068154326504
3.359287609915583
3.368201295362394
3.395352247064605
3.431035939721562
3.4500176044136985
3.459055074878653
3.486627273968446
3.5227745169268716
3.543237842099072
3.552876243870102
3.582368154778278
3.6208898314454347
3.643130771271928
3.653458803275601
3.685186397602238
3.7264409679047947
3.7386541469549828
3.7681618266050068
3.768982495124562
3.77503250234942
3.79348487243584
3.8176119893568807
3.821670983165632
3.8268224868713556
3.842512098911337
3.863047573157044
3.8722401761999516
3.8766391567798872
3.8900191030716855
3.9075451754104793
3.915526446287177
3.9193533775239597
3.930979983223697
3.946214112346551
3.953188858192867
3.956538019732455
3.9667013848920782
3.980015465522604
3.986090935682938
3.989010706372336
3.9978598982265567
4.009442196126966
4.014687247480783
4.017207720160202
4.024836161066112
4.034802791787162
4.039254840975674
4.041391749003569
4.04784969134435
4.056262943198812
4.05759069292816
4.059371875716396
4.064747506662647
4.071730196624453
4.0718811503819845
4.073299480529419
4.07757502809065
4.0831178598083495
4.086098991494153
4.087502843012417
4.0917315840973
4.097146008137052
4.099986680036977
4.101291799690927
4.1052179035441405
4.110139573567763
4.112653694061034
4.113758504761966
4.117076796908928
4.121072361827979
4.12307013915021
4.123862947158072
4.126241745544736
4.128824679996274
4.130015741154351
4.130323975170455
4.131252370332815
4.131669757921121
4.131516837623912
4.1310431908845695
4.12963810991925
4.126632847322213
4.124250221718717
4.12252591234662
4.117384285838878
4.10900803361156
4.103613784421361
4.1003812318921184
4.090692288922488
4.0761811634695855
4.066823965823797
4.061632871651414
4.045979856233428
4.023480574769573
4.008222478147476
4.000214494103057
3.9758469274023485
3.941796601242057
3.919493799185951
3.9084775844004906
3.8744151523726806
3.82817792200788
3.791451771736745
3.7749092996492033
3.721703119328526
3.65208673170414
3.6210021345182097
3.570597858913196
3.5443549254801634
3.5331374348520557
3.4964827680486485
3.4493313572812228
3.4151406568024423
3.401849477817449
3.3556571634030488
3.297949169363068
3.259966013550059
3.2468438737852034
3.1976856922791046
3.1380246270823973
3.1033949250659556
3.0923106239421765
3.049007917238592
2.9966488339806836
2.9655114974295604
2.9560001443091504
2.9174699970803837
2.870911966712171
2.8425445310625017
2.8342111701062893
2.799358410521193
2.7572671314957855
2.7311112725850117
2.723691218827978
2.691771321870771
2.653278175795588
2.628960050903957
2.6222849804329975
2.5928171648823093
2.557368834551731
2.5346439279008792
2.52860429968098
2.501270135574571
2.4684896458675225
2.44718732440614
2.4417039631509554
2.4162700465961633
2.385866945242287
2.36585226089054
2.3608606143192628
2.3371342481865405
2.3088605477093713
2.2900152730164445
2.2854590313094465
2.263269601694184
2.2369042227451397
2.2191206169208306
2.214949982239015
2.1941439880999813
2.169489665250756
2.1526698205268766
2.1488412510577026
2.1292820207222514
2.1061652644444524
2.0902216728855763
2.08669769143984
2.068265429103606
2.046535842026114
2.0313914759159664
2.028140186921863
2.0107310914778385
1.990259413839174
1.9758470689877643
1.9728414483844758
1.9563660141633594
1.9370413679234475
1.9233025326693873
1.9205196410310152
1.9049005889321384
1.8866275134819162
1.8735110753610007
1.8709313092336626
1.8561015232379627
1.8387972059848388
1.8262582088950965
1.8238646501371925
1.8097653323536127
1.7933572272355276
1.7813557851147857
1.7791336665153665
1.765712792522386
1.750136674570447
1.7386370739210686
1.7365733557404694
1.723784432874134
1.7089828588245135
1.6979528421742707
1.6960358838438987
1.6838369773231192
1.6697580901857019
1.6591682954461437
1.6573876040270485
1.6457405835888137
1.632337193080415
1.62216071971964
1.6205067579165346
1.6093767186110917
1.5966055955609413
1.5868176710658732
1.5852817102378056
1.5746365277782128
1.562457861439266
1.5530468212771302
1.5516201843428037
1.5414419812781908
1.5298281388144526
1.5207540738195529
1.5194304610165463
1.509668460458878
1.4985670045915918
1.4898148695190492
1.4885868709449568
1.4792273370530264
1.4686159061211932
1.460170595403404
1.4590317898362457
1.4500508920388357
1.43989986929336
1.4317441162500635
1.4306885297347713
1.4220638913404484
1.4123455260938167
1.4044631443997395
1.4034852055578322
1.3951959090153725
1.3858842636882727
1.3782601014199114
1.377354609101303
1.369381086392994
1.3604519007653626
1.3530717661475757
1.3522338614957188
1.3445577964880817
1.3359883672884187
1.3288389620113024
1.3280641038581527
1.3206683454081005
1.3124374184852385
1.3055062777848174
1.3047902207026691
1.2976587041381213
1.2897463774021933
1.2830218152364614
1.282360589677737
1.2754782654728267
1.26786590001319
1.2613369590461572
1.2607268532424416
1.254079621368938
1.2467497604113382
1.2404061651895748
1.2398437085126575
1.2334183578409648
1.226354650979625
1.2201867650817841
1.2196687126506194
1.2134528646535805
1.2066399978446187
1.2006387838179897
1.2001621021436935
1.1941441586184582
1.1875677892705252
1.1817247706403848
1.1812866243824462
1.1754557182898908
1.1691024136606305
1.1634096407353374
1.1630073800644243
1.1573533300106473
1.1512105109361124
1.1456605266565891
1.1452916757793965
1.1398049425472458
1.1338608289573073
1.1284466389147432
1.1281088849506604
1.1227805313919836
1.1170240927046877
1.1117391362191604
1.1114303188320438
1.1062519726555715
1.1006728806748758
1.095511002406248
1.095229104682742
1.0901929205503809
1.0847815068635036
1.0797369297743207
1.0794800683015222
1.0745786982151257
1.0693259041888048
1.0643932140070096
1.0641596307575873
1.0593861904136943
1.0542835388870473
1.0494576506092999
1.0492457054848
1.044593742660944
1.0396332989622965
1.0349094396367846
1.0347176018558268
1.0301810735811023
1.0253554063214552
1.0207290965548097
1.0205559383909424
1.0161291808659163
1.0114313293323518
1.0068983658712658
1.0067425552125606
1.0024202625787957
0.9978437095525697
0.9934001441178608
0.9932604398868574
0.9890376356823197
0.9845762850277038
0.9802184050724339
0.9800936495309689
0.9759656714957702
0.9716138069413477
0.9673381311821517
0.9672272454646279
0.9631897239931656
0.9589419908618483
0.9547452480808325
0.9546472257603512
0.9506960642772142
0.9465474604012102
0.9424265583612045
0.9423404623596405
0.9384718206954783
0.9344176104901913
0.9303696923989648
0.9302946489337613
0.926504924849722
0.9225407185228697
0.9185630507178767
0.918498248047107
0.914784055542397
0.9109057323352671
0.9069957571833388
0.9069404388101124
0.9032985846479006
0.8995023927497968
0.8956576273909265
0.8956110774738596
0.8920386451520024
0.8883207303891616
0.8845390760685888
0.8845006476071484
0.8809947941528055
0.8773518945012967
0.8736310866942454
0.8736001706369475
0.8701582536339826
0.866587262943256
0.865733471479431
0.8656033646422595
0.865154358733981
0.8645585616163761