0.9992885315666928
0.9992639414742255
0.9992516458548035
0.9992147589124002
0.9991655744104287
0.9991594535798809
0.9991538030804981
0.9991525834582153
0.9991471822687386
0.9991446305796542
0.9991433547285697
0.9991395271731851
0.9991344237473595
0.9991315227341815
0.9991300722192674
0.999125720672009
0.9991199185842867
0.9991170203319859
0.9991155711973307
0.9991112237908815
0.9991054272242526
0.999102371127486
0.9991008430697201
0.9990962588936813
0.9990901466316938
0.999086982074232
0.9990853997855424
0.9990806529165907
0.9990743237288955
0.9990647246311158
0.9990599249946773
0.999045526068846
0.9990263272212009
0.9990233330925179
0.9990164801215612
0.9990130535907956
0.9990027739891711
0.9989890677107549
0.9989858400269908
0.998981953586854
0.9989800103519326
0.9989741806432754
0.9989664076539728
0.9989618705430419
0.9989596019676472
0.9989527962365824
0.9989437218664335
0.9989392868317307
0.9989370692948485
0.9989304166794328
0.9989215464672031
0.9989170049790402
0.9989147342148983
0.9989079219175954
0.9988988387929448
0.9988934661967732
0.9988907798707521
0.9988827208862725
0.9988719754865234
0.9988664361180182
0.9988636664038101
0.9988553572544736
0.9988442782965814
0.9988384399319955
0.9988355207167487
0.9988267630636642
0.9988150860905068
0.9988084391188997
0.9988051155906257
0.9987951449968391
0.9987818507382272
0.9987745857423714
0.9987709531937022
0.9987600555373037
0.9987455251682488
0.9987384703522991
0.9987349428961442
0.9987243605178088
0.9987102505292034
0.99870365098005
0.9987003511633757
0.9986904517045214
0.9986772522937655
0.9986690328133568
0.9986649230082112
0.9986525935801359
0.9986361541361164
0.9986280350512005
0.9986239754450101
0.9986117966139917
0.9985955579727149
0.9985860028904258
0.9985812252621871
0.9985668923612122
0.9985477815453792
0.9985378337830767
0.9985328598063433
0.9985179378585396
0.9984980416265089
0.9984962395686324
0.9984920286312433
0.9984793958058187
0.9984625518212663
0.9984515023457595
0.998445977490983
0.9984294029053885
0.9984073030856733
0.9983942406131924
0.9983877092150648
0.9983681149927682
0.9983419888392921
0.9983405390219948
0.9983242268049256
0.9983024768206217
0.9982669655788349
0.9982492087632682
0.9981959381416372
0.9981249067206599
0.9981041934857243
0.9980916167744246
0.9980853282684888
0.9980664627242151
0.9980413081766735
0.9980286404968903
0.9980223065027717
0.9980033044936114
0.9979779679870225
0.9979652247190174
0.997958852929501
0.9979397375346372
0.9979142498355069
0.9979087311224487
0.9979026738815916
0.9978845021347076
0.9978602726855601
0.9978483379344717
0.9978423704219588
0.9978244678602464
0.9978005973410358
0.9977562785001622
0.9977341172200243
0.9976676331182851
0.9975789814715296
0.9975662565258918
0.9975557828739936
0.9975243618526357
0.9974824657900313
0.9974633100140253
0.9974537317737328
0.9974249969976398
0.997386682819
0.997369204392966
0.9973604648862353
0.9973342463197649
0.9972992872755891
0.9972806712608846
0.9972713629200315
0.9972434378444331
0.9972062033358751
0.9971881715438374
0.9971791553377353
0.9971521066693636
0.9971160407705896
0.9970972454604101
0.9970878474685195
0.9970596534393669
0.9970220602996147
0.9970003280411357
0.9969894614606387
0.99695686164858
0.9969133937656605
0.9968918455771176
0.9968810710406999
0.9968487473619358
0.996805647690097
0.9967814455040567
0.996769343857545
0.9967330388337102
0.9966846303086878
0.9966586013872227
0.9966455862814209
0.9966065408630146
0.9965544782242961
0.9965275764199206
0.9965141248399196
0.9964737699935726
0.9964199613106536
0.9963944795802181
0.9963817381094063
0.9963435136028786
0.9962925455723778
0.9962479697728602
0.9962256799926155
0.996158810381126
0.9960696446702402
0.99602572926601
0.9960037697257801
0.995937890838324
0.9958500463397678
0.9958073762891237
0.9957406948389406
0.9957090424622035
0.9956932153259641
0.9956457337688377
0.9955824219421472
0.9955462563264308
0.9955281722918832
0.99547392000123
0.9954015795586018
0.9953672126107036
0.9953500280234221
0.9952984740991324
0.995229731805843
0.9951959944475707
0.9951791246714163
0.9951285151767828
0.9950610323318958
0.9950228940673566
0.9950038235670902
0.9949466118632012
0.9948703250414787
0.9948266053560759
0.9948047436997032
0.994739158463642
0.9946517054929211
0.9946072575767231
0.9945850317354913
0.9945183539452073
0.9944294440378075
0.9943862720473595
0.9943646842795552
0.994299920711671
0.9942135635077557
0.9941628761492258
0.994137530056131
0.9940614914163337
0.9939600985271557
0.9939127935901464
0.9938891389961955
0.9938181748910065
0.9937235491509813
0.9936626048205358
0.9936321291683841
0.9935407016778488
0.9934187869235925
0.9933352005864314
0.993293400889839
0.9931680008757982
0.9930007789227402
0.9929161459681684
0.9928738227028318
0.9927468519228883
0.9925775351263447
0.9925509795699208
0.9925148609842221
0.9924065045268937
0.9922620129409155
0.9922442790834232
0.9922119257013117
0.9921148649684984
0.9919854377187359
0.9919188234438979
0.9918855121720414
0.9917855777410456
0.9916523180190122
0.9915858921657646
0.9915526750941402
0.9914530232791663
0.9913201404160128
0.9912461743001886
0.9912091860885438
0.9910982207119491
0.9909502497455551
0.9908797656745858
0.9908445189329811
0.9907387780383454
0.9905977746047271
0.9905213409922803
0.9904831186664577
0.9903684508846429
0.9902155423109161
0.9901370809490214
0.9900978444910311
0.9899801342399563
0.9898231683145099
0.9897213592099459
0.9896704450412369
0.9895177011334108
0.9893140100611584
0.9891911513917022
0.989129707841615
0.9889453751332723
0.9886995508995081
0.9886678054744147
0.9886099963383048
0.988436567035936
0.9882052867783927
0.9880815959050147
0.9880197363199953
0.9878341554822078
0.9875866664207016
0.9875388683421453
0.987475084114465
0.9872837292332186
0.9870285383462566
0.9869104631058614
0.9868514122994403
0.9866742579393001
0.9864380087733025
0.9863202182972544
0.9862613101052177
0.9860845835471957
0.9858489052829557
0.9857205695160438
0.985656386390265
0.9854638346560664
0.9852070480316575
0.9850507517386277
0.9849725809390525
0.9847380651534178
0.9844253010702176
0.9842029294865186
0.9840916976256926
0.9837579951352617
0.9833129049053495
0.9832327061386713
0.9828863792036124
0.9827175316161726
0.9824605204894942
0.9823036765181197
0.9822252318106033
0.9819898940925106
0.9816760343629429
0.9814709638173253
0.9813683897221313
0.9810606612941648
0.9806502272425116
0.9804181830401911
0.9803021115138457
0.97995388902786
0.9794894263234798
0.9792344790922551
0.979106945792821
0.9787243362360243
0.9782139900055631
0.9779218172188393
0.9777756526586252
0.9773371461445591
0.976752209933654
0.976736046117827
0.9766195803531093
0.976270174927748
0.9758041341751625
0.9755621845145297
0.9754411562088829
0.9750780623200009
0.9745937575516826
0.9742484786052005
0.9740757306460686
0.9735574688442215
0.9728660852599023
0.9728090688414692
0.9725848024638245
0.9719119728416551
0.9710142490906567
0.9705724746108567
0.9703514102654105
0.9696881866670175
0.9688032918641964
0.9686343525639308
0.968040179667098
0.96776525055584
0.9676277178677102
0.9672151076873511
0.9666647308943169
0.9663875893374644
0.9662489498307628
0.9658330188591701
0.9652782104769105
0.9649154482164607
0.9647339494040598
0.9641894312773107
0.9634630076400272
0.9630971988214323
0.962914175264741
0.9623650823674115
0.9616325517464654
0.961253003322422
0.9610631007805804
0.9604933689620856
0.9597332900818495
0.9592351312689807
0.9589858322220629
0.9582378928528749
0.9572398919051037
0.9566005498808964
0.9562805197549392
0.9553203592213196
0.9540389055532602
0.9531941622750072
0.952771163915491
0.9515020443461404
0.9498077275940312
0.9491940347519218
0.9479905015417682
0.9477259471752927
0.9473356524492066
0.9461646551746545
0.9446015117657109
0.9441329960343849
0.9430015032038676
0.942387071167418
0.9420795323597828
0.941156842411313
0.9399254655238704
0.9391246708465537
0.9387237281041698
0.9375207729015098
0.9359149264224886
0.935850592430965
0.9349395510372965
0.9337237424067395
0.9329650660515335
0.9325852453502212
0.9314456632191142
0.9299245200687731
0.9289866057179361
0.9285169150880355
0.9271076549983718
0.9252260549323457
0.9243514389215884
0.9239134991720584
0.9225995096337243
0.9208452827247547
0.9197379143308414
0.9191832283948616
0.9175188894565018
0.9152961883266492
0.913825928586793
0.9130890540382185
0.9108779163292906
0.907923426986035
0.9075275226082655
0.9057199695459917
0.903305709225419
0.9030327734079575
0.9012698553649809
0.8989153295807651
0.8977341242878678
0.8971424315167151
0.8953669727995439
0.8929956745989749
0.8918778244536287
0.8913179303655154
0.8896378907868152
0.8873942542195437
0.88613816325789
0.885508912983053
0.8836206923387107
0.8810985351007278
0.8799575149207763
0.8793860160312088
0.8776711113192452
0.8753808388154086
0.8738110968706821
0.8730243811983575
0.8706634310474548
0.8675083886009699
0.8658510158575424
0.8650202819842565
0.8625271285275778
0.8591949653882969
0.8591532010013438
0.85832089480714
0.8558229712968465
0.8524843677628758
0.8521654653476335
0.8514378389482075
0.8492541476269676
0.8463363772884857
0.8449037644704734
0.8441859463932617
0.8420316581747761
0.8391531915036978
0.8377354811810415
0.837025143457732
0.8348932695919897
0.832044732317796
0.8306069830019106
0.8298865761248062
0.8277244242657021
0.8248352359844776
0.8233199870312643
0.8225606452448695
0.8202815314089451
0.8172355397956579
0.8157594786362606
0.8150197919841988
0.812799644184891
0.8098324736610006
0.808303247048731
0.8075368249880466
0.8052363312542755
0.8021613046885501
0.8006329902857522
0.7998669814871167
0.7975676663057364
0.7944939734006214
0.7929287458301553
0.7921441351861342
0.7897888837943118
0.7866399205538006
0.7851261245603419
0.7843672935869527
0.7820894089730197
0.7790438593002227
0.7774647600667782
0.7766730346546158
0.7742962740586966
0.771117775258948
0.7694587001042318
0.7686266608508731
0.7661287130358428
0.7627871720731411
0.76120397894257
0.7604099947808667
0.7580263030057366
0.7548376466283941
0.7532544129432552
0.7524603047882569
0.7500761710730804
0.7468864665363026
0.745223540204695
0.7443892049754719
0.7418841257199553
0.7385314873257316
0.7368865698888042
0.7360611622879203
0.733582837033177
0.7302656025832626
0.7285694864414223
0.7277181529370702
0.7251618413117492
0.7217392251488396
0.7200683409467065
0.7192295747444233
0.7167109648505559
0.7133384945172049
0.7116394973553473
0.7107864265003578
0.7082247583120621
0.7047938484491598
0.7030813519180915
0.7022213406368429
0.6996387509067138
0.6961791957925019
0.6944623218015351
0.693599983321294
0.691010344480175
0.6875408676448391
0.6858075672154492
0.6849368411417315
0.6823219410158177
0.6788180932073695
0.6770534720766466
0.6761668600724483
0.6735041609525375
0.6699356651007088
0.6681685580010968
0.6672806431874301
0.6646139940114212
0.6610400274830205
0.6592623827817599
0.6583691409572009
0.6556864507362262
0.6520908622323959
0.6502943880190561
0.649391675555692
0.6466804929622775
0.6430466620019308
0.6412374207009093
0.6403283487725129
0.6375980345706912
0.6339387510506108
0.6320922617026057
0.631164531059344
0.6283781100203759
0.6246437655663718
0.6227832241041713
0.6218486116659588
0.6190414994670118
0.6152800370312362
0.6134282921661605
0.6124983952301076
0.6097054667746543
0.6059640599810054
0.6040935018838715
0.6031544661353193
0.6003340662387769
0.596556867850354
0.5946857746456542
0.5937468842031137
0.590926928291002
0.5871517236586347
0.5852664450854361
0.5843209021110033
0.5814809485591736
0.5776804907450444
0.5757984817689975
0.57485514036659
0.5720218065771449
0.5682320659035468
0.5663474963939251
0.5654034939338385
0.5625681655703785
0.558777773666719
0.5568928822097375
0.5559494100735122
0.5531156595091673
0.54932959941394
0.5474487122739043
0.5465080016094317
0.5436825248259441
0.5399099323269294
0.5380377613154408
0.5371022238467407
0.5342922573009434
0.5305429452893423
0.5286826036300636
0.5277538396714156
0.524964177840427
0.5212446535820088
0.5194010198644406
0.51848149764747
0.5157195427303535
0.5120397474049447
0.5102134074475887
0.509303447657178
0.5065701425327626
0.502931380691758
0.5011293125296474
0.5002324012619807
0.49753820590183795
0.4939543992589978
0.49217669762395916
0.49129289443759067
0.4886379635721164
0.4851093115587694
0.4833615336632726
0.48249359443855466
0.47988619074212835
0.4764236165034367
0.47470787133233405
0.47385683737692497
0.47130006655144346
0.4679076338007797
0.46622754186663784
0.46539519341227176
0.46289438354075035
0.45957907452188623
0.4579375051783907
0.45712524667942334
0.4546845955841674
0.45145188395871627
0.44985017630527835
0.4490586615243162
0.44668010764115496
0.4435324932033569
0.4419737682869369
0.4412045240886907
0.43889263267539275
0.43583607159830107
0.4343221934135473
0.43357613405243783
0.4313336257579206
0.428371657890898
0.4269042379571346
0.4261821605183057
0.4240114011891438
0.42114711725212844
0.4197283751996471
0.419031377332244
0.41693563563014296
0.4141733193696506
0.41280475561111557
0.41213359260724974
0.4101151026545001
0.40745770130704745
0.40614110158227307
0.40549667307552584
0.40355809966292155
0.40100913375873587
0.3997477858175165
0.39913171273075276
0.3972778929184985
0.39484369421146387
0.3936338040860292
0.39304433712276826
0.3912699284258448
0.38894369558748754
0.38779250404635657
0.38723315764260424
0.38554870012504594
0.383344128548689
0.3822518154004962
0.3817227387368855
0.38012860684580146
0.37804626336711356
0.3770142878308068
0.37651624450916316
0.37501465808026413
0.37305748627485286
0.37208616040942244
0.37161938919831655
0.3702109635485926
0.36837987444489795
0.3674717479601544
0.36703753599305866
0.36572604961586336
0.3640259730203144
0.3631837987430729
0.3627835149731214
0.36157299019109457
0.3600091168137915
0.3592338147294244
0.35886799470810854
0.35775990360027554
0.35633420756620104
0.35562778452725835
0.35529746567968745
0.3542947899398257
0.35301113110726895
0.3523754769837999
0.3520816485152095
0.3511872043365116
0.35004922124383375
0.34948596738331544
0.3492295197375142
0.34844579229274714
0.34745672168685365
0.34696797155695724
0.3467500101275341
0.3460801199752007
0.34524396359121395
0.3448315746990012
0.34465312094105294
0.34409989073941066
0.34342030018450165
0.3430863096184838
0.3429484857929477
0.34251500555188785
0.34199596536526566
0.3417425135283302
0.3416465178094376
0.34133605703074954
0.3409817867767327
0.3408111379498031
0.3407582675958451
0.34057432853434555
0.340389366479182
0.34030400034303726
0.34029570819369803
0.3402421770839953
0.3402315840355068
0.34023431223243505
0.34027228813424015
0.34035364673590546
0.3405233040555155
0.34061749531288327
0.3407038190905844
0.34092554690322663
0.34128272090221723
0.34147275515349945
0.34161020296264694
0.3419795863329268
0.3425340632284902
0.3428263401778181
0.34301906498738977
0.34354699583640974
0.344313604476945
0.34471914571482215
0.34497444998153065
0.34568009887443935
0.346685272231443
0.3472284553570203
0.347562870684244
0.34848960896204495
0.3497938030456865
0.3505688796375988
0.35104956082942895
0.35237176318504904
0.3542208465497609
0.3550971847939794
0.3556206867800858
0.3570715178223805
0.3590735825607679
0.3600703824837928
0.36173029974074467
0.3618786737036075
0.36228075620790956
0.36342222267076585
0.3649718532654971
0.3652442253331633
0.3656238472648419
0.366707066644654
0.36817169553167406
0.36882978721985277
0.36918841182900225
0.3702160262093684
0.37160091705637305
0.3722300443980842
0.37256996115249813
0.37354713677577933
0.3748608059041843
0.37545622128698974
0.3757755011794057
0.3766961182478783
0.3779313382725556
0.37848803780737617
0.37878450856845775
0.3796418878242194
0.38079049823356353
0.38130286461639956
0.38157394055942906
0.3823602881721092
0.38341250239205105
0.3835537641961771
0.383796382894828
0.38450253035532866
0.3854466753729014
0.38545232598293067
0.3856600837348473
0.38626724677099245
0.3870785578427746
0.38751461036046947
0.387743123824561
0.3884092813726837
0.3892992232736621
0.389772558772981
0.3900215073116157
0.39074544373681275
0.39171236589331804
0.3922205846246772
0.39248881635493404
0.39326699267340026
0.394306209915973
0.3948581234960183
0.3951507918384299
0.39599736224695176
0.39712791205684284
0.39774659724169265
0.3980771397578154
0.39902903827616953
0.4003004879458616
0.40102662216993046
0.40141933737491353
0.4025424327754527
0.40404319633937114
0.4049284095436247
0.40541587872957846
0.40679609302886677
0.40864168282136754
0.40967779431147117
0.41025779149538855
0.41188532765538916
0.4140632024296945
0.4152773167736585
0.415969563638253
0.4178929177151364
0.4204671356447461
0.42195903340296353
0.4228330905127687
0.42522591049355374
0.4284240296116696
0.4303636740216349
0.43154755186379135
0.4347153773010967
0.4389276361643599
0.44145251046886075
0.4430680607425754
0.44727029278410707
0.45279438464245636
0.45689727285984333
0.45995894752129457
0.46734201405781706
0.4765878906012553
0.47761081320523197
0.4836436347504175
0.49126971146392795
0.4949977290118048
0.4975800336654582
0.5038130451956396
0.5115637512013985
0.5158560455369646
0.5191677371906034
0.5267324992205544
0.5356998801878883
0.5401660041904588
0.5437741836949658
0.5516554067356434
0.5606217082007432
0.5647947966721456
0.5682293917653072
0.5755003237637331
0.5836002087764135
0.5873527272810685
0.5906135060379601
0.5972924062537378
0.6045819492267375
0.6079486766330171
0.6110576343958345
0.6172134620965083
0.6237945973541567
0.626825079321481
0.62980701897608
0.6355163584118575
0.6414945858408304
0.6442392787920502
0.6471181865353658
0.6524545198152394
0.6579274523438269
0.6604323780346315
0.6632295131957191
0.6682576576342144
0.6733095168045108
0.6756139031307531
0.6783470201483369
0.6831210102250417
0.6878210186307024
0.6899567907127294
0.6926400840071112
0.6972031748221721
0.7016062419231756
0.7035985243043247
0.7062429589009629
0.710628726336709
0.7147772416899929
0.7166453083212806
0.7192591094314049
0.7234929791483937
0.727418966719692
0.7291773062703591
0.7317664754961748
0.7358672995580751
0.7395945227012118
0.7412538464691988
0.7438226376176358
0.7478041301933591
0.7513499557866268
0.7529180735107759
0.7554694007515259
0.7593413595935109
0.7627183173559651
0.7642008607478228
0.7667366336523941
0.7705059363136666
0.7737229760668992
0.7751239770896431
0.7776453677132129
0.7813167611938943
0.7843802410401194
0.7857025834318874
0.7882102348364396
0.7917869487036789
0.7947013970995203
0.7959471627222046
0.7984413492147336
0.801925564038205
0.8046942585598987
0.8058649891824508
0.8083457378174638
0.8117389381292761
0.8143643390630089
0.8154612315600633
0.8179284130955173
0.821231649785467
0.8237157205690334
0.8247397704496224
0.827193166449204
0.8304072489528874
0.8327516894453015
0.8337037947337875
0.8361431460890081
0.8392687805431502
0.8414751937408728
0.8423562287348338
0.8447812696054363
0.8478191555360406
0.8498891639084228
0.8507000303087086
0.8531105103405437
0.8560614054465798
0.8579967295082014
0.8587395005547929
0.8611328568373373
0.8639953273799652
0.8657980246481827
0.866470345028574
0.868850787802253
0.8716301626396888
0.8733020195324508
0.8739086071522074
0.8762737795369406
0.878968978125657
0.8805123542602524
0.8810531582834228
0.8834029687463685
0.8860152656496235
0.887432614219417
0.8879089513642081
0.8902433921513297
0.8927742363953629
0.8940681914368895
0.8944814831563701
0.8968006022130316
0.8992515834872171
0.9004249492917489
0.900776698802376
0.9030805968649549
0.9054534342981394
0.9065091687968273
0.9068009519221866
0.9090897790754068
0.9113863081414273
0.9123275039801032
0.9125609592103857
0.9148349108330956
0.9170570689914134
0.917886933257106
0.918063751359752
0.9203230638113816
0.9224728755553183
0.9231947091782415
0.9233166226371846
0.9255615688340805
0.9276411307455958
0.9282583079104374
0.9283270808111559
0.9305579655902007
0.9325694314784775
0.9330853798047783
0.9331027977822823
0.9353199535831863
0.9372655203859185
0.9376837019655289
0.9376515629509442
0.9398553454732914
0.9417372397277136
0.9420611334226026
0.9419812387414973
0.9441720230179583
0.9459924884757775
0.9462255732433669
0.9460997198030332
0.9482778963259033
0.9500391822226945
0.9501849223365746
0.9500148951221378
0.9521808662508623
0.9538852167745667
0.9539470479264676
0.953734613565804
0.9558887902783304
0.9575384349764428
0.9575197523252063
0.9572666531488397
0.959409451973929
0.961006597244062
0.9609107444065957
0.9606186932676459
0.9627505338607317
0.9642973553771412
0.9641276154953478
0.9637982913535065
0.9659195935975646
0.9674182296825906
0.9671778166399184
0.966812860441255
0.968924043170521
0.9703765894326492
0.9700686414693489
0.9696696538559709
0.9717711316735398
0.9731796357180968
0.972807209366829
0.9723757463267564
0.9744679299678937
0.9758343879269193
0.9754004538330668
0.9749380267547723
0.9770213190085312
0.9783476717960431
0.9778551098710359
0.9773631830612134
0.9794379793383147
0.9807261095128197
0.9801777089258787
0.9796576965740934
0.9817243836243303
0.9829761151206378
0.9823745681604966
0.9818278375564757
0.983886791830173
0.9851038868066152
0.9844517918513976
0.983879659359251
0.9859312466429594
0.9871154042090649
0.9864152636692657
0.9858189917730503
0.9878635709498496
0.9890164312366282
0.9882706465384173
0.9876514570876036
0.9896893699037358
0.9908125063721062
0.990023388808413
0.9893824463407008
0.9914140266348015
0.9925089517284588
0.991678717681421
0.991017147442154
0.9930427069228289
0.9941108684524153
0.993241637085997
0.9925604917735652
0.9945803600509057
0.9956231560962804
0.9947169496806957
0.9940172736085678
0.9960317306118714
0.9970504834088122
0.9961092462014138
0.9953920127430623
0.99740134395953
0.9983973232640505
0.9974229107596783
0.9966890449148323
0.9986935281032485
0.9996679443157989
0.9986621325546122
0.9983947735923061
0.9999141045965159
1.0006161264071656
0.9999999996488641