20000.
19997.098478896
19995.647876092
19991.296699233
19985.496603496
19985.488035708
19984.354786292
19983.940594453
19983.729139172
19983.259052298
19983.007478243
19982.881692394
19982.504339615
19982.001213712
19981.722595738
19981.583288197
19981.165371422
19980.608162709
19980.28212111
19980.119102294
19979.63005385
19978.978007943
19978.620886697
19978.442328454
19977.906663328
19977.192465572
19976.785166846
19976.581520582
19975.970594277
19975.156055014
19974.002258236
19973.425384796
19971.694864524
19969.387737621
19968.709572039
19967.642377478
19967.522150416
19967.288707079
19966.58839348
19965.654680316
19965.140519647
19964.88344426
19964.112237995
19963.084009418
19962.559794117
19962.29769161
19961.511404773
19960.463070605
19959.829575321
19959.512835195
19958.562645021
19957.29579528
19956.63342809
19956.302252714
19955.308759609
19953.984179205
19953.3101434
19952.973134011
19951.962140045
19950.614227909
19949.972037768
19949.650950425
19948.687719451
19947.403483957
19946.724167625
19946.384518109
19945.365604313
19944.007133683
19943.229020495
19942.839975256
19941.672885133
19940.116871368
19939.265286659
19938.839507911
19937.562226282
19935.859311557
19935.050082972
19934.645480967
19933.431724283
19931.813497157
19931.04827861
19930.665680325
19929.517929592
19927.987698248
19927.032195057
19926.554460606
19925.121326043
19923.210640482
19922.845788863
19922.398627252
19921.057202701
19919.26877731
19918.352401901
19917.894229972
19916.519777487
19914.687321891
19914.514762184
19914.129468118
19912.973630702
19911.432618657
19910.579320304
19910.152684809
19908.872833236
19907.166492618
19906.072828158
19905.526018419
19903.885679406
19901.698771208
19900.315638869
19899.624108695
19897.549662456
19894.784070799
19893.377696444
19892.674546496
19890.565245875
19887.753193234
19886.341464083
19885.635637035
19883.518306304
19880.69554963
19879.319911924
19878.632128715
19876.568921964
19873.818313006
19872.498822578
19871.839110167
19869.860104435
19867.221736962
19865.877858791
19865.205953745
19863.190375054
19860.503255185
19859.162476881
19858.492121623
19856.481191715
19853.800268863
19852.228382347
19851.4424857
19849.08498254
19845.942080811
19843.811625786
19842.74648396
19839.551401665
19835.292092639
19833.597905321
19830.665759565
19829.131223296
19828.363999635
19826.062506872
19822.994265699
19821.54592892
19820.82180016
19818.649572707
19815.753640039
19814.279342708
19813.542235121
19811.331076993
19808.383250295
19807.033753568
19806.359039632
19804.335035822
19801.636686079
19799.897093706
19799.027354765
19796.418367292
19792.940252458
19791.173932296
19790.29083126
19787.641764706
19784.110227904
19782.069762502
19781.049608644
19777.989462864
19773.910005295
19771.889396563
19770.879169552
19767.848798359
19763.809026345
19761.544024364
19760.411620632
19757.014798934
19752.486612082
19749.933409941
19748.656932538
19744.827995506
19739.723901406
19736.861494241
19735.430446207
19731.13792485
19725.416015898
19721.86776113
19720.093872972
19714.773166022
19707.681123861
19703.977513107
19702.125968604
19696.57237922
19689.170029152
19685.786999985
19684.09570326
19679.022685132
19672.260695349
19669.083938994
19667.495753076
19662.73196495
19656.382042934
19652.370274646
19650.364697406
19644.349193948
19636.331387936
19632.62520077
19630.772369374
19625.214924563
19617.80744617
19613.785572274
19611.774944385
19605.744297602
19597.706320597
19593.739662155
19591.756633872
19585.808753419
19577.881055743
19576.823266192
19574.95045098
19569.333080529
19561.845761483
19557.658737193
19555.565560976
19549.287376684
19540.919600346
19537.143295567
19535.255416712
19529.592874913
19522.045373075
19516.883040994
19514.302386698
19506.562471405
19496.247360509
19490.092909185
19487.016411882
19477.78983386
19465.494526196
19459.932462238
19457.152026069
19448.813101361
19437.700095302
19430.072385348
19426.25965263
19414.825943457
19399.591466887
19392.232136043
19388.553517338
19377.521848145
19362.822720613
19362.43893189
19358.826389885
19347.992807958
19333.557463748
19326.859640003
19323.511598067
19313.470952294
19300.091541098
19293.257705849
19289.841695428
19279.597293221
19265.946554247
19257.731833281
19253.625786074
19241.312897157
19224.907961476
19223.420636483
19219.975751791
19209.644801779
19195.878840613
19188.544619721
19184.878559895
19173.884582936
19159.235748046
19150.561519547
19146.225877788
19133.22484174
19115.903860467
19107.041912395
19102.612478765
19089.330338627
19071.635184857
19062.170105243
19057.439326766
19043.254035278
19024.356738513
19000.071593321
18987.940647556
18951.594263644
18903.240625819
18889.62547651
18884.309387174
18867.364544729
18844.795072896
18832.529633317
18826.399907081
18808.022697531
18783.547655568
18769.46972765
18762.434720344
18741.345516315
18713.26344949
18698.078130335
18690.490091749
18667.744448353
18637.459979743
18619.30902408
18610.240175581
18583.060125642
18546.881802209
18546.656647689
18520.768778314
18486.307823709
18484.635274358
18477.213600126
18454.966452787
18425.34525456
18411.320652301
18404.312354261
18383.303463439
18355.328912494
18340.342676646
18332.854147114
18310.40690045
18280.519989857
18261.385847544
18251.826287346
18223.177623411
18185.049346447
18149.813240575
18132.220797705
18079.545718745
18009.550247446
18006.42721121
17966.770111248
17914.029812524
17892.668177645
17856.501756463
17836.28722878
17826.188547285
17795.926797831
17755.657700046
17734.371967039
17723.73867077
17691.877021764
17649.483907233
17628.107793943
17617.429447067
17585.433203243
17542.861925075
17522.022500419
17511.612072452
17480.417886532
17438.912064041
17415.030187102
17403.101515015
17367.364502423
17319.829286073
17294.302291986
17281.552906161
17243.36111607
17192.569995438
17169.528428936
17158.019227574
17123.537894097
17077.670555255
17052.540259552
17039.988981658
17002.390551777
16952.38833454
16927.449486614
16914.99382303
16877.681798392
16828.060435613
16796.722949895
16781.076096606
16734.222938975
16671.955495327
16635.731601981
16617.649179127
16563.519757353
16491.621375577
16459.362315335
16443.256454818
16395.033373694
16330.955859191
16294.118429309
16275.730884784
16220.692659876
16147.597775261
16104.839816254
16083.503311698
16019.66325751
15934.937196774
15896.417812961
15877.193050917
15819.658155108
15743.26915815
15701.943586018
15681.321495589
15619.617588811
15537.723239642
15493.500656154
15471.436584105
15405.43271908
15317.865386285
15274.772533541
15253.271588381
15188.950175604
15103.610025987
15086.585094972
15064.741131549
14999.398829495
14912.716428249
14860.045429206
14833.77973064
14755.260864501
14651.215192368
14600.830994547
14575.703906059
14500.581799369
14401.020925496
14340.631842059
14310.532327671
14220.612313585
14101.597265061
14048.361371607
14021.8188358
13942.491745323
13837.419973096
13784.177621185
13757.633315474
13678.306708263
13573.248960387
13526.040567393
13502.497977254
13432.115785825
13338.843228022
13293.647400982
13271.106944415
13203.714633972
13114.390280484
13062.6592301
13036.870275274
12959.808495805
12857.767582982
12811.205422111
12787.987609439
12718.586336528
12626.636854305
12581.708864772
12559.304852329
12492.331900712
12403.589855656
12353.113754718
12327.952783916
12252.776946923
12153.255124891
12085.127422831
12051.206917579
11950.015586594
11816.414316783
11751.593783615
11719.316979957
11623.017507236
11495.848020884
11429.104616578
11395.878366706
11296.778063945
11165.983607064
11103.366347395
11072.189519356
10979.183300519
10856.389164012
10794.051143568
10763.016490481
10670.446888398
10548.258057173
10479.023003922
10444.576074562
10341.913213162
10206.597411415
10140.531588564
10107.659211044
10009.680073433
9880.5170560206
9812.7602090465
9779.0562267725
9678.6372761845
9546.3475793149
9481.0971888807
9448.6394300044
9351.9313367219
9224.5251913888
9157.5913895982
9124.3068357205
9025.1772860997
8894.6778375194
8832.253194796
8801.2053545777
8708.7151562366
8586.9050761071
8525.2139678721
8494.5348143619
8403.1581894602
8282.849901129
8222.9092460313
8193.1017781169
8104.3261133384
7987.4530890225
7925.2489517357
7894.3287781839
7802.2901873079
7681.239118679
7625.6970926776
7598.0768660157
7515.8149837434
7407.5162276943
7353.4519784064
7326.5680040728
7246.5043704685
7141.1122057233
7089.0564321218
7063.171016204
6986.0805105626
6884.6004326794
6833.2062705218
6807.6532403182
6731.5660645216
6631.4377121024
6579.8120860654
6554.1501814849
6477.7634151734
6377.2974649422
6326.0034421697
6300.5113503804
6224.6497822149
6124.9199965465
6078.0694137757
6054.7786805868
5985.4406084584
5894.223461429
5849.9377429312
5827.919815024
5762.3620130131
5676.0973337048
5632.9066713779
5611.43473805
5547.5087843221
5463.4055843757
5422.1373613182
5401.6202917687
5340.5337249516
5260.1582392866
5220.9547472122
5201.4627037607
5143.4221230353
5067.0408882761
5027.877899912
5008.4100594567
4950.4576490997
4874.2295389593
4836.9527757243
4818.4214352872
4763.2523135117
4690.6748304381
4654.6785759023
4636.7841684431
4583.5126505063
4513.4347970426
4479.6753426901
4462.8904250023
4412.912081643
4347.1438404053
4314.053669811
4297.6031585338
4248.6270494602
4184.192691563
4152.6235430748
4136.9283996027
4090.1980011457
4028.7108964636
3998.3862720469
3983.309662908
3938.4200749038
3879.3532333382
3850.3717863187
3835.9623548967
3793.0568069262
3736.5949999439
3708.7306210853
3694.8764486444
3653.6236790319
3599.3355609122
3572.7807058416
3559.576835673
3520.2572904452
3468.5060270232
3443.1163793151
3430.4913348719
3392.893282279
3343.4027711048
3319.0165050745
3306.8901535936
3270.7762829068
3223.2372131848
3199.9082691087
3188.307191084
3153.75570347
3108.2688054957
3085.923844609
3074.811673896
3041.7146719134
2998.1388479228
2976.7376663634
2966.0944299904
2934.3925061093
2892.6497255694
2872.1610046227
2861.971128631
2831.6178999188
2791.6471015987
2772.0256337292
2762.2666768614
2733.1954636133
2694.9092256568
2676.1190237235
2666.7731096735
2638.9307479344
2602.2592573611
2584.2624765997
2575.3108129896
2548.6414409864
2513.5114035847
2496.270291395
2487.694134201
2462.1420441984
2428.4803917401
2411.9610010842
2403.7434920889
2379.2585665555
2346.9995296854
2331.1664774009
2323.2900499753
2299.820084343
2268.8951988735
2253.7152538683
2246.1634086655
2223.6593655506
2194.0043104083
2179.4454102526
2172.2022283513
2150.6167961795
2122.1695157558
2108.2005833904
2101.2506354353
2080.5379589785
2053.2383110239
2039.8294467994
2033.1578879598
2013.2738490116
1987.0639692008
1974.1864577553
1967.7790310429
1948.681257891
1923.5055713491
1911.1318709674
1904.9749018957
1886.6227532199
1862.4279528653
1850.5316788274
1844.6120671077
1826.9666071564
1803.7016208013
1792.2575445019
1786.562763563
1769.5867605486
1747.2027483831
1736.1867742993
1730.7048598482
1714.3627519326
1692.8130618638
1682.2022078776
1676.9217481309
1661.1796143979
1640.4197439802
1630.1921013728
1625.1022172282
1609.9277188851
1589.9152385018
1580.0499310822
1575.1402558675
1560.5025762206
1541.1970507229
1531.6741759619
1526.9348262747
1512.8045843306
1494.1674603249
1484.9680195175
1480.3895606358
1466.7387086337
1448.7331808486
1439.8389941809
1435.4123979998
1422.2140968184
1404.8049456557
1396.1985509081
1391.9151457771
1379.1436163683
1362.2970142355
1353.9615500802
1349.8129630177
1337.4433152913
1321.1266036066
1313.0523857321
1309.0338003317
1297.05168735
1281.2459733087
1273.4249746104
1269.5323961189
1257.925908351
1242.6154854945
1234.99458607
1231.2016810073
1219.8927158163
1204.9755172477
1197.554543404
1193.8612124202
1182.8494223494
1168.3248713726
1161.1006683049
1157.5053350691
1146.7859955249
1132.6478032911
1125.5919266283
1122.0804882685
1111.611763599
1097.8052395943
1090.9110838968
1087.4802584186
1077.2523848467
1063.7647003702
1057.0113198487
1053.6507242465
1043.6329089683
1030.4238278054
1023.7831566587
1020.4788867994
1010.6299275137
997.64568817066
991.09932406974
987.84226794289
978.13518156319
965.34061883004
958.86086832833
955.63732163015
946.03155889086
933.37390368747
926.92382158516
923.71551458608
914.15706879752
901.56615707497
895.10057576221
891.88519367338
882.30818387702
869.69861674574
863.14720320676
859.89002634667
850.1920586895
837.43136187538
830.66899292881
827.30831348306
817.30763465249
804.16119604584
796.8911145662
793.28075797207
782.54753408031
768.46213133097
759.09281817678
754.45108622189
740.69549857394
722.74405708346
722.05405064977
711.32612543305
697.26975659652
694.34797476497
685.5549630598
674.00391861337
668.65882099192
666.00218877344
658.09545493971
647.69896842247
642.73272826182
640.26390581497
632.91419173924
623.24564656512
618.58382039401
616.26599976217
609.3645171145
600.28261829548
595.90393498786
593.72658517383
587.24215427583
578.70627810146
574.63899197715
572.61608105188
566.58997610136
558.65370433719
555.03739290795
553.23802505184
547.87484623663
540.80473029374
536.5427020655
534.42430011976
528.11914644934
519.82783898826
514.98631709808
512.58249200066
505.43813047216
496.06697457333
490.37623478584
487.55539264944
479.18985355961
468.2586554117
461.47482861199
458.1198593145
448.20058972282
435.30818330298
429.22739716792
426.21893168813
417.31946399668
405.74189049248
400.30008326783
397.60661049962
389.6344459802
379.25298619265
373.95291798794
371.33072443708
363.57395177087
353.4830521803
348.15984861117
345.52838388469
337.75272487198
327.65668988085
322.1542166764
319.43772945975
311.42493394383
301.05298899899
295.09349478279
292.15813369375
283.5260841197
272.41210720242
265.85506883797
262.63597520493
253.21068208099
241.16767887606
235.80462759496
233.16799244498
225.43366073843
215.51882237308
210.81311037062
208.49892537043
201.70768103666
192.99553390404
188.58460469061
186.41708973601
180.06287836133
171.92623111793
167.69415289506
165.61734117923
159.53995804434
151.78226500547
147.6966660959
145.69529368897
139.85243007375
132.42480574425
128.49737527635
126.57755787319
120.98849658186
113.91840784423
110.30138621277
108.53617242414
103.4082282873
96.945851015972
93.870278416342
92.369277100138
88.008751922724
82.513236367061
79.899711897887
78.6241582147
74.918383124261
70.247614628526
68.025866198308
66.941483012525
63.790951075177
59.819678832821
57.930527491978
57.008443747029
54.329323090164
50.951985013699
49.345407864784
48.561216750648
46.282628079541
43.409949780108
42.04352503154
41.376527462109
39.438355342378
36.994611704514
35.832267461013
35.264862879706
33.615991535674
31.536795605227
30.547787430701
30.064975729711
28.661845576926
26.892337115734
26.050427997114
25.639409604434
24.444856616026
22.93824190883
22.221072948533
21.870941193957
20.853301251715
19.569720021595
18.958328753079
18.659833675044
17.792252132176
16.697897916205
16.176300839739
15.921644450739
15.181477530159
14.247834774895
13.80260673631
13.585237516178
12.953454422153
12.156543025751
11.776393506729
11.590800141633
11.051385878263
10.371013046379
10.046402917552
9.8879280353094
9.4273452742014
8.8464339206866
8.5692632516477
8.4339516641036
8.0407021982158
7.5447433929604
7.3081091533116
7.1925899317728
6.8568733530299
6.4334989431668
6.2315058011138
6.1329000654678
5.8463463731448
5.4849930738069
5.3126011998928
5.2284478640501
4.9839018389347
4.6755396806252
4.5283315940106
4.4564748275139
4.2476739039479
3.984410891455
3.8589297141039
3.7976789110846
3.619698245135
3.3952977769094
3.288268689128
3.2360260620501
3.0842257034078
2.8928439726095
2.8015693214623
2.7570176973749
2.627568806202
2.4643751728398
2.3865499156004
2.3485638425439
2.2381949726221
2.0990622231095
2.0327162284453
2.000333806494
1.9062490350931
1.7876501200855
1.7310998665583
1.7034991555666
1.623309472257
1.522230873307
1.4740380741606
1.4505168850614
1.3821814225049
1.2960489501218
1.2549851048652
1.2349436863392
1.1767193733584
1.1033346039198
1.0683506314148
1.0512768389423
1.001675274364
0.93916110778122
0.90936133945208
0.89481793425729
0.85256845586391
0.79932249771127
0.77394240845013
0.76155618223926
0.72557424614906
0.68022889652213
0.65861604148375
0.64806850713521
0.61742862158282
0.57881691530336
0.56041461444308
0.55143403882011
0.52534660119615
0.49247297673657
0.47680635611154
0.46916094396207
0.44695242528427
0.41896772001987
0.40563176974109
0.39912383256341
0.38021982627337
0.35639988807804
0.34504925115031
0.33951022138345
0.32342095011713
0.30314835167062
0.29348859314615
0.28877476130654
0.27508268578105
0.25783109235376
0.24961123673082
0.24560010789475
0.23394933654918
0.21927014658877
0.21227630042173
0.20886348065432
0.19895072005789
0.18646165031001
0.18051155532863
0.17760809247399
0.16917491859481
0.15855025589314
0.15348863426041
0.15101874555982
0.14384499969418
0.13480727212653
0.13050185437867
0.12840098739342
0.12229914086631
0.11461201096616
0.11095014413905
0.10916332096613
0.10397366335256
0.097435860343421
0.094321611329171
0.092802014629782
0.088388544925779
0.082828683911647
0.080180371158285
0.078888139271575
0.075135064615656
0.070407231773198
0.068155316332622
0.067056513866232
0.063865258420853
0.059845239994077
0.057930528453555
0.056996269111981
0.054282925308793
0.050864994332983
0.049237106333075
0.048442804911491
0.046135960073646
0.043230136494894
0.041846196319814
0.041170930104508
0.039209811097184
0.036739523126736
0.035563048071889
0.034989014251588
0.033321910958798
0.031222007623725
0.030221955481616
0.029734006293416
0.028316921221461
0.026531970566394
0.025681931803462
0.025267180258135
0.024062683041181
0.022545528264215
0.021823040333032
0.021470525524399
0.020446780438743
0.019157313874407
0.018543268079902
0.018243665781509
0.017373591273255
0.016277695745292
0.015755840606092
0.015501220860176
0.0147617852008
0.013830446077081
0.013386960626353
0.013170579515397
0.012542195949764
0.01175073900483
0.011377638793279
0.011195554861091
0.010666601359811
0.0099999997764826