20000.
19997.098478896
19995.647876092
19991.296699233
19985.496603496
19984.774934645
19984.108749496
19983.964961173
19983.328198506
19983.027379827
19982.876972175
19982.425756033
19981.824150419
19981.482179951
19981.311196898
19980.798256546
19980.114356627
19979.772745247
19979.601941734
19979.089539982
19978.406358156
19978.046177611
19977.866089761
19977.325835976
19976.605520394
19976.232595941
19976.046136311
19975.486767892
19974.740967773
19973.609914362
19973.044411632
19971.347999588
19969.086341217
19968.733654319
19967.926447694
19967.522856588
19966.312132273
19964.697947542
19964.317845802
19963.860177308
19963.631346979
19962.944871762
19962.029608283
19961.495388224
19961.228283536
19960.426990955
19959.35865099
19958.836530087
19958.575474738
19957.792329217
19956.748183094
19956.213610635
19955.946329756
19955.144508636
19954.07546403
19953.443162127
19953.127018665
19952.178618381
19950.914154917
19950.262344811
19949.936447719
19948.958788433
19947.655317377
19946.968454773
19946.625032315
19945.594800467
19944.221240912
19943.439405638
19943.048499465
19941.875826976
19940.312371075
19939.458036597
19939.030883053
19937.749477389
19936.041064773
19935.211650782
19934.796956695
19933.552926256
19931.894339932
19931.118635242
19930.730794189
19929.567316369
19928.016118414
19927.050229852
19926.567303092
19925.118593101
19923.18714381
19922.233318954
19921.756423614
19920.32580616
19918.418476221
19917.296265923
19916.735184443
19915.052034919
19912.808057039
19911.640108137
19911.056159332
19909.304415754
19906.968997615
19906.75748426
19906.263254663
19904.780639568
19902.803991409
19901.507447715
19900.859207493
19898.91461361
19896.322117597
19894.789953861
19894.023916183
19891.725980231
19888.662478822
19888.492491775
19886.580048507
19884.030410463
19879.868360769
19877.787662473
19871.546874443
19863.228872325
19860.804043495
19859.331888791
19858.595852305
19856.387906629
19853.444361217
19851.962191368
19851.221147883
19848.998183506
19846.034618519
19844.544246183
19843.799101931
19841.563837159
19838.583876088
19837.938701204
19837.230612176
19835.106496842
19832.274697143
19830.879995392
19830.182681246
19828.090886027
19825.302169247
19820.125645203
19817.537889869
19809.776651254
19799.433062144
19797.948840326
19796.727345052
19793.063311577
19788.178988973
19785.94621591
19784.829923771
19781.481425385
19777.017642859
19774.981693338
19773.9637971
19770.910422896
19766.839991102
19764.672824124
19763.589329656
19760.339202781
19756.006532117
19753.90869942
19752.859866531
19749.713702135
19745.51959618
19743.334277514
19742.241708798
19738.964365566
19734.595421326
19732.07025801
19730.807797427
19727.020900479
19721.972835622
19719.470904282
19718.220057544
19714.46799356
19709.466352657
19706.658345378
19705.254491659
19701.043530725
19695.43031647
19692.412859167
19690.904303768
19686.379331144
19680.347652399
19677.231766546
19675.674008504
19671.001474496
19664.773155805
19661.82442809
19660.350229937
19655.928298856
19650.033938395
19644.880402586
19642.304141361
19634.577385022
19624.279772163
19619.210239866
19616.675964653
19609.075103385
19598.945203772
19594.026833686
19586.343627816
19582.697728185
19580.875032741
19575.407964522
19568.120915327
19563.959679028
19561.879392574
19555.639860641
19547.32358129
19543.37412001
19541.399688474
19535.477590917
19527.584253309
19523.711642367
19521.77562476
19515.968724032
19508.228877329
19503.856162862
19501.670173029
19495.113673779
19486.375104441
19481.369005066
19478.866437493
19471.360663853
19461.357465433
19456.275517459
19453.735040949
19446.115601937
19435.960992979
19431.032330734
19428.568468136
19421.178755062
19411.330177288
19405.552118084
19402.66373327
19394.0011585
19382.457075797
19377.073773393
19374.382682703
19366.311653261
19355.555511663
19348.631424153
19345.170309057
19334.790678621
19320.959835398
19311.483515115
19306.747097702
19292.544815073
19273.624690257
19264.056797769
19259.274632466
19244.935258922
19225.832702284
19222.838396504
19218.767239981
19206.558943607
19190.293279282
19188.297847289
19184.658571098
19173.74488392
19159.202959567
19151.723211055
19147.984431626
19136.772472611
19121.833407088
19114.391561847
19110.671725104
19099.516558349
19084.653132383
19076.385275038
19072.252689331
19059.86030359
19043.349648788
19035.490564836
19031.562238927
19019.78212521
19004.086650232
18995.584575496
18991.334964293
18978.591834698
18961.614296869
18952.909194029
18948.558141062
18935.510975164
18918.128729299
18906.863891405
18901.233987665
18884.354333796
18861.871577441
18848.325038394
18841.555417209
18821.261139553
18794.236104193
18790.748758492
18784.401858133
18765.374017755
18740.033545512
18726.49677431
18719.732055479
18699.452558497
18672.447402103
18667.236262209
18660.286561484
18639.452980483
18611.711052954
18598.890460928
18592.483476595
18573.275764057
18547.696347023
18534.957360401
18528.591148029
18509.505628494
18484.088849095
18470.264667898
18463.356454414
18442.647313905
18415.071257377
18398.308975707
18389.933556804
18364.830170732
18331.412289782
18307.692987785
18295.844847428
18260.346414648
18213.122292466
18204.628107497
18167.999827974
18150.172825067
18123.076254549
18106.562129283
18098.310709898
18073.579007858
18040.655972541
18019.180189576
18008.45188607
17976.305286598
17933.532405095
17909.39992239
17897.345860689
17861.232334023
17813.194298438
17786.886488028
17773.74715541
17734.38736769
17682.043207667
17652.152934975
17637.22675065
17592.523884285
17533.096267421
17531.455401345
17519.65392992
17484.297161674
17437.265779217
17412.904125372
17400.736063918
17364.282875531
17315.797393977
17281.320897462
17264.108398041
17212.57369776
17144.09999043
17138.459346844
17116.331720931
17050.120114094
16962.236230788
16919.172211257
16897.681216636
16833.371886472
16748.006680891
16731.76595221
16674.789953284
16648.499467359
16635.369771697
16596.042781732
16543.751384335
16517.489222064
16504.373777663
16465.089897975
16412.856808922
16378.802594943
16361.801992376
16310.905990004
16243.290850846
16209.359098115
16192.419810659
16141.708089342
16074.339434779
16039.555759404
16022.192156595
15970.214051063
15901.172126336
15856.099730101
15833.611462664
15766.337849735
15677.08412415
15620.19850678
15591.8331482
15507.045761579
15394.712707571
15321.150494304
15284.501306452
15175.078913428
15030.399992541
14978.387292259
14876.985760042
14854.783258403
14822.143928775
14724.655610841
14595.667893601
14557.26051621
14464.982980786
14415.144711033
14390.290004419
14315.982720917
14217.502878542
14153.858837432
14122.14373179
14027.424174631
13902.118950908
13897.125275257
13826.637483748
13733.209602708
13675.262158927
13646.380190697
13560.099765195
13445.907192046
13376.02565702
13341.221201649
13237.350266451
13100.112602494
13036.858986778
13005.34680094
12911.266532208
12786.884004431
12709.046319626
12670.305338221
12554.789525589
12402.40504935
12302.725402564
12253.186405701
12105.763075422
11911.954067678
11886.253162006
11769.727949749
11616.136047534
11598.916414296
11488.40429762
11342.690988342
11270.363462054
11234.372831207
11127.0890691
10985.63606627
10919.647404052
10886.801862732
10788.856838458
10659.632837072
10588.036815402
10552.419333804
10446.28417305
10306.429330673
10243.845079782
10212.695609145
10119.814366227
9997.2854088192
9930.9320640548
9897.9207209286
9799.5436352517
9669.8935188295
9588.937766019
9548.7144010903
9429.0538500807
9271.8358220926
9253.5139235975
9217.392822541
9109.8733178034
8968.4624345669
8904.5671157752
8872.7903642689
8778.1388864192
8653.5057157243
8592.5463941052
8562.2279552962
8471.9129988256
8352.9732259951
8296.3801465262
8268.2275535507
8184.3416742367
8073.8162378538
8014.2639064564
7984.6526629839
7896.4737703076
7780.4148747965
7711.516302337
7677.2961486499
7575.5441197622
7441.969461592
7416.3003776091
7328.3085925248
7212.6080653846
7158.2445344128
7131.2166181634
7050.7436414345
6944.857184231
6895.3336345163
6870.7044471996
6797.3434656015
6700.7458539755
6646.0253399788
6618.8328844411
6537.9212563579
6431.5756028723
6383.234910547
6359.200984736
6287.640799279
6193.4782976737
6143.4778284008
6118.6291679504
6044.6846013741
5947.4800783647
5903.2167321423
5881.2087451266
5815.6758573396
5729.4331664903
5685.0699016857
5663.0172494157
5597.3712294518
5511.0254186039
5468.8935727161
5447.9485894583
5385.5937105983
5303.5626456676
5261.9541813749
5241.272521056
5179.7139913898
5098.7591596288
5059.6092675676
5040.1471917547
4982.2089883536
4905.9927622297
4868.6267575547
4850.0506126166
4794.7463612343
4721.9870925993
4685.4809119055
4667.3337944057
4613.3130652862
4542.2567875974
4507.973036824
4490.9283193348
4440.179873686
4373.4062255978
4340.3844529698
4323.9671835628
4275.0870237243
4210.771946451
4179.1675001098
4163.4543414507
4116.6684574203
4055.1040886521
4024.7827217747
4009.7071645863
3964.8184594638
3905.7475967162
3876.5470620079
3862.0287628386
3818.7992940284
3761.9117836737
3733.7882401167
3719.8054087388
3678.1703225826
3623.3808868058
3596.6514872376
3583.360820394
3543.7827736775
3491.691205656
3466.0965899179
3453.3697219184
3415.4688183608
3365.5805502681
3341.0687485578
3328.8798738358
3292.5794075992
3244.7938037008
3221.3609364576
3209.7080378209
3175.0016522781
3129.3095393977
3106.8071025475
3095.6166356895
3062.2864994691
3018.4038823228
2996.809396452
2986.0701568031
2954.0827963977
2911.9653696726
2891.2755209379
2880.9857876675
2850.3357887375
2809.9757572985
2790.1709859395
2780.3210053528
2750.9792113786
2712.3379432795
2693.3941804688
2683.9719720657
2655.902655745
2618.9330098783
2600.7655194347
2591.729088655
2564.8077456143
2529.3471222381
2511.9679384599
2503.3231770824
2477.566987078
2443.6371543349
2427.0158741427
2418.7476774803
2394.1117104633
2361.6536471753
2345.6916910268
2337.7512144558
2314.0906996358
2282.9154380106
2267.6535362675
2260.0608887839
2237.4351392804
2207.6194312436
2192.9673313951
2185.6777889368
2163.9542257338
2135.3249685949
2121.2747599547
2114.2843615509
2093.4510799263
2065.9923519786
2052.5096201802
2045.8012855349
2025.8075475875
1999.4528578668
1986.5145412873
1980.0768125572
1960.8885341811
1935.5931049822
1923.1783166392
1917.0008144209
1898.5871116358
1874.3103509783
1862.3736665986
1856.43386167
1838.7278718043
1815.3823005632
1803.9135251355
1798.2063361509
1781.192879522
1758.7584073997
1747.7312434975
1742.2436153235
1725.8838976203
1704.3096547795
1693.6954637747
1688.4131825302
1672.6649801854
1651.8956327663
1641.6828000309
1636.6000855263
1621.4461657359
1601.4589858495
1591.6171486019
1586.7189341917
1572.1145520232
1552.8509291696
1543.3616499633
1538.6387776345
1524.5566999188
1505.9808791459
1496.8282658644
1492.2728394726
1478.6895758534
1460.7706939941
1451.9321335541
1447.5329277975
1434.415124614
1417.1094536464
1408.5702778934
1404.3200047894
1391.6459810335
1374.9250353625
1366.6708366889
1362.5623380933
1350.3108005454
1334.1466076361
1326.1683655002
1322.1971533186
1310.3547258134
1294.7296545682
1286.9853257911
1283.1305492685
1271.6353569697
1256.4684700424
1248.9743314855
1245.2440405242
1234.1198823785
1219.4421035915
1212.1762444149
1208.5595654069
1197.7741451068
1183.543161494
1176.4873491291
1172.9752323709
1162.501664932
1148.6822393596
1141.8136637183
1138.3947925876
1128.1994788332
1114.7476214296
1108.0682775318
1104.7436283397
1094.8294133088
1081.7487244794
1075.246584511
1072.0101850708
1062.359317732
1049.626511491
1043.2880589696
1040.1332006235
1030.7257516796
1018.3147094226
1012.1278796273
1009.0485744719
999.8667565364
987.75416853113
981.71047426123
978.70250823138
969.73379625702
957.90323272323
951.99204790286
949.05014851258
940.27888582353
928.70984195345
922.92127146926
920.04052997863
911.45214421642
900.12554487469
894.4499625327
891.62560518041
883.20593092823
872.10324803511
866.53150557085
863.75899727922
855.49458399767
844.5982397555
839.12102219469
836.39574754682
828.2729155544
817.56505378012
812.17295906015
809.49026214656
801.49522228275
790.95786818068
785.64076111463
782.99562626476
775.11353690675
764.72737380566
759.47429092437
756.8612965457
749.07613069754
738.82033552755
733.61783683179
731.03034123153
723.3224832929
713.17161251541
708.00191716104
705.43113925474
697.77467792788
687.69517447275
682.53139255357
679.96405987445
672.31985897737
662.26110398486
657.05579570263
654.46850398451
646.76759684427
636.6404920273
631.29019854274
628.6319366398
620.72412407371
610.33489799669
604.49945243509
601.60268528021
592.99540649619
581.7102918194
575.21497819071
571.99456919992
562.44111853497
549.95093070741
546.06285821641
536.92758231887
536.73785696527
534.78846152152
528.98265314428
521.33950335614
520.08406153226
518.3874066226
513.3305796604
506.66479496228
503.67927795416
502.19312288064
497.76091644059
491.91209785212
489.24657010993
487.91922743481
483.95876730836
478.7281159405
476.3287941718
475.1336463782
471.56616543638
466.85115692146
464.69201212886
463.61618723824
460.4036337549
456.15483085939
454.21921233947
453.25448524486
450.3725807475
446.55852542485
444.83853444895
443.98102480101
441.41840130769
438.02456417693
437.49378867588
436.74142709743
434.4920966307
431.51099985024
431.45555708449
430.821856872
428.92633534427
426.41194035362
425.03640123948
424.35029650588
422.29862042629
419.578474744
418.10538020557
417.37077347125
415.1746884877
412.26453965173
410.69309305098
409.90961735299
407.56814675455
404.46697838699
402.75381530272
401.89995672796
399.34922712873
395.97341924559
394.03254361434
393.0656761191
390.17928536043
386.36370868032
384.09114057578
382.95987403012
379.58602690221
375.13375547636
372.39206825045
371.02874788293
366.96866050021
361.62423824651
358.57413623433
357.05874594644
352.5508928136
346.62882706565
343.08745025589
341.33035275716
336.11286949098
329.28007483956
324.9080875518
322.74391041372
316.3374879573
307.99296915054
302.83315562097
300.28575568093
292.77140745635
283.04396581642
275.54154244923
271.86523606183
261.12800661821
247.46844212212
243.10402284221
233.78120737323
229.09303473267
226.78432263172
219.9968490599
211.26183025122
205.59570367709
202.81988543712
194.71527762403
184.4106607896
178.66340096495
175.85729257335
167.70064820989
157.41056902058
152.57185208166
150.20855988582
143.33606442921
134.65935707745
130.57413981833
128.57824435201
122.7717499879
115.43558869968
111.95964668138
110.26112450584
105.31860853521
99.071493242204
96.099173975666
94.646623912203
90.419384273113
85.075290137912
82.526173248029
81.280401640779
77.654788836769
73.070954740179
70.881243223556
69.811118779958
66.696710377448
62.7592153173
60.87670067576
59.956725702602
57.279380228103
53.894632679328
52.275675446117
51.484526250822
49.18219702958
46.271779379299
44.87940868347
44.199014744752
42.219100510337
39.716487190062
38.51912669143
37.934051817602
36.2316103238
34.079941794987
33.050495790852
32.547493235548
31.083953203051
29.234422365944
28.34957929588
27.917252109666
26.659427561072
25.070039853107
24.309716141371
23.938245627653
22.857546580997
21.492124229695
20.839005787307
20.519927465847
19.591708046328
18.41906618472
17.858222743846
17.584237814478
16.787247323788
15.780499476351
15.299056261392
15.063871054771
14.379786361949
13.515752456518
13.102608708419
12.900797027915
12.313821556801
11.572520080484
11.218106781831
11.044991408823
10.541509919407
9.9057206634463
9.6017915318406
9.4533419998232
9.0216227573826
8.4765095631934
8.2159605163999
8.0887048110899
7.7186423295085
7.2514272321178
7.0281403414296
6.9190885797439
6.6019812709836
6.2016628709285
6.0103714390574
5.9169498821004
5.6453078208114
5.3024178186057
5.1385897151246
5.0585837127991
4.8259624297439
4.5323551456399
4.3920907272955
4.3235948130284
4.1244499838521
3.8731184861706
3.7530755002618
3.6944565197035
3.5240359995995
3.3089741501342
3.2062664753037
3.1561143755469
3.010316037413
2.8263410975889
2.7384903830622
2.6955943839255
2.5708960213079
2.4135583750471
2.3384363142922
2.3017566995809
2.1951339395145
2.0606133325135
1.9963929171212
1.9650372043121
1.8738941233679
1.7589118756776
1.704025338038
1.6772277190814
1.5993369881429
1.5010802730857
1.4541828062273
1.4312864135721
1.3647376721999
1.28079421594
1.2407326895305
1.2211743052886
1.1643296521312
1.092631442615
1.058417439925
1.0417143178476
0.99316995437325
0.93194473945349
0.90273132817071
0.88846984124057
0.84702303192028
0.79475254632467
0.769814275631
0.75764014097982
0.72226076642153
0.67764477087882
0.65636045481697
0.64597032076458
0.61577639678018
0.57770173500483
0.55953963975702
0.55067384797277
0.5249104658455
0.4924244495726
0.47692955609554
0.46936591818436
0.44738713795437
0.41967466700112
0.40645772226627
0.40000617056804
0.38125945898965
0.35762335944387
0.34635146928877
0.34084946111724
0.32486232254117
0.30470645780434
0.29509500801263
0.29040357900099
0.2767720753419
0.25958684544935
0.25139256722365
0.24739294389049
0.23577184190847
0.22112173979273
0.21413675813724
0.21072745075489
0.20082176697451
0.18833470129526
0.18238143107884
0.17947574071292
0.17103349134769
0.16039163197459
0.15531840173253
0.15284228284033
0.14564826815618
0.13658019869291
0.132257499791
0.13014772834225
0.12401820582157
0.11629219900626
0.11260947207407
0.11081207614033
0.10559019713668
0.099008454672672
0.095871335897538
0.094340250899871
0.089892150819592
0.084285868778998
0.081613838260904
0.080309758538423
0.076521217731184
0.071746372061415
0.069470731885671
0.068360123428341
0.065133697229148
0.061067422641866
0.059129574877141
0.058183834449879
0.055436408560168
0.05197391360561
0.050323882919072
0.04951861671273
0.047179310369992
0.044231232049777
0.042826405140666
0.042140813278571
0.040149190096738
0.037639336567208
0.036443386295551
0.035859737516091
0.03416427843851
0.032027702370528
0.031009658989831
0.030512837280805
0.029069623170397
0.027250960665106
0.026384431081813
0.025961554440415
0.024733157749762
0.023185229759027
0.022447723254659
0.02208781452481
0.021042342713574
0.019724948719817
0.01909729942828
0.01879100440276
0.017901280833739
0.016780166169993
0.016246049205979
0.015985400341395
0.015228277329674
0.014274266264122
0.013819773355266
0.013597982679866
0.012953739935949
0.012141977674177
0.011755266944836
0.011566555022153
0.011018402328727
0.010327727249899
0.010261333576861
0.01022829696872
0.010129823953411
0.0099999997764826