20000.
19997.098478896
19995.647876092
19991.296699233
19985.496603496
19985.488035708
19984.354786292
19983.940594453
19983.729139172
19983.259052298
19983.007478243
19982.881692394
19982.504339615
19982.001213712
19981.722595738
19981.583288197
19981.165371422
19980.608162709
19980.28212111
19980.119102294
19979.63005385
19978.978007943
19978.620886697
19978.442328454
19977.906663328
19977.192465572
19976.785166846
19976.581520582
19975.970594277
19975.156055014
19974.002258236
19973.425384796
19971.694864524
19969.387737621
19968.709572039
19967.642377478
19967.522150416
19967.288707079
19966.58839348
19965.654680316
19965.140519647
19964.88344426
19964.112237995
19963.084009418
19962.559794117
19962.29769161
19961.511404773
19960.463070605
19959.829575321
19959.512835195
19958.562645021
19957.29579528
19956.63342809
19956.302252714
19955.308759609
19953.984179205
19953.3101434
19952.973134011
19951.962140045
19950.614227909
19949.972037768
19949.650950425
19948.687719451
19947.403483957
19946.724167625
19946.384518109
19945.365604313
19944.007133683
19943.229020495
19942.839975256
19941.672885133
19940.116871368
19939.265286659
19938.839507911
19937.562226282
19935.859311557
19935.050082972
19934.645480967
19933.431724283
19931.813497157
19931.04827861
19930.665680325
19929.517929592
19927.987698248
19927.032195057
19926.554460606
19925.121326043
19923.210640482
19922.845788863
19922.398627252
19921.057202701
19919.26877731
19918.352401901
19917.894229972
19916.519777487
19914.687321891
19914.514762184
19914.129468118
19912.973630702
19911.432618657
19910.579320304
19910.152684809
19908.872833236
19907.166492618
19906.072828158
19905.526018419
19903.885679406
19901.698771208
19900.315638869
19899.624108695
19897.549662456
19894.784070799
19893.377696444
19892.674546496
19890.565245875
19887.753193234
19886.341464083
19885.635637035
19883.518306304
19880.69554963
19879.319911924
19878.632128715
19876.568921964
19873.818313006
19872.498822578
19871.839110167
19869.860104435
19867.221736962
19865.877858791
19865.205953745
19863.190375054
19860.503255185
19859.162476881
19858.492121623
19856.481191715
19853.800268863
19852.228382347
19851.4424857
19849.08498254
19845.942080811
19843.811625786
19842.74648396
19839.551401665
19835.292092639
19833.597905321
19830.665759565
19829.131223296
19828.363999635
19826.062506872
19822.994265699
19821.54592892
19820.82180016
19818.649572707
19815.753640039
19814.279342708
19813.542235121
19811.331076993
19808.383250295
19807.033753568
19806.359039632
19804.335035822
19801.636686079
19799.897093706
19799.027354765
19796.418367292
19792.940252458
19791.173932296
19790.29083126
19787.641764706
19784.110227904
19782.069762502
19781.049608644
19777.989462864
19773.910005295
19771.889396563
19770.879169552
19767.848798359
19763.809026345
19761.544024364
19760.411620632
19757.014798934
19752.486612082
19749.933409941
19748.656932538
19744.827995506
19739.723901406
19736.861494241
19735.430446207
19731.13792485
19725.416015898
19721.86776113
19720.093872972
19714.773166022
19707.681123861
19703.977513107
19702.125968604
19696.57237922
19689.170029152
19685.786999985
19684.09570326
19679.022685132
19672.260695349
19669.083938994
19667.495753076
19662.73196495
19656.382042934
19652.370274646
19650.364697406
19644.349193948
19636.331387936
19632.62520077
19630.772369374
19625.214924563
19617.80744617
19613.785572274
19611.774944385
19605.744297602
19597.706320597
19593.739662155
19591.756633872
19585.808753419
19577.881055743
19576.823266192
19574.95045098
19569.333080529
19561.845761483
19557.658737193
19555.565560976
19549.287376684
19540.919600346
19537.143295567
19535.255416712
19529.592874913
19522.045373075
19516.883040994
19514.302386698
19506.562471405
19496.247360509
19490.092909185
19487.016411882
19477.78983386
19465.494526196
19459.932462238
19457.152026069
19448.813101361
19437.700095302
19430.072385348
19426.25965263
19414.825943457
19399.591466887
19392.232136043
19388.553517338
19377.521848145
19362.822720613
19362.43893189
19358.826389885
19347.992807958
19333.557463748
19326.859640003
19323.511598067
19313.470952294
19300.091541098
19293.257705849
19289.841695428
19279.597293221
19265.946554247
19257.731833281
19253.625786074
19241.312897157
19224.907961476
19223.420636483
19219.975751791
19209.644801779
19195.878840613
19188.544619721
19184.878559895
19173.884582936
19159.235748046
19150.561519547
19146.225877788
19133.22484174
19115.903860467
19107.041912395
19102.612478765
19089.330338627
19071.635184857
19062.170105243
19057.439326766
19043.254035278
19024.356738513
19000.071593321
18987.940647556
18951.594263644
18903.240625819
18889.62547651
18884.309387174
18867.364544729
18844.795072896
18832.529633317
18826.399907081
18808.022697531
18783.547655568
18769.46972765
18762.434720344
18741.345516315
18713.26344949
18698.078130335
18690.490091749
18667.744448353
18637.459979743
18619.30902408
18610.240175581
18583.060125642
18546.881802209
18546.656647689
18520.768778314
18486.307823709
18484.635274358
18477.213600126
18454.966452787
18425.34525456
18411.320652301
18404.312354261
18383.303463439
18355.328912494
18340.342676646
18332.854147114
18310.40690045
18280.519989857
18261.385847544
18251.826287346
18223.177623411
18185.049346447
18149.813240575
18132.220797705
18079.545718745
18009.550247446
18006.42721121
17966.770111248
17914.029812524
17892.668177645
17856.501756463
17836.28722878
17826.188547285
17795.926797831
17755.657700046
17734.371967039
17723.73867077
17691.877021764
17649.483907233
17628.107793943
17617.429447067
17585.433203243
17542.861925075
17522.022500419
17511.612072452
17480.417886532
17438.912064041
17415.030187102
17403.101515015
17367.364502423
17319.829286073
17294.302291986
17281.552906161
17243.36111607
17192.569995438
17169.528428936
17158.019227574
17123.537894097
17077.670555255
17052.540259552
17039.988981658
17002.390551777
16952.38833454
16927.449486614
16914.99382303
16877.681798392
16828.060435613
16796.722949895
16781.076096606
16734.222938975
16671.955495327
16635.731601981
16617.649179127
16563.519757353
16491.621375577
16459.362315335
16443.256454818
16395.033373694
16330.955859191
16294.118429309
16275.730884784
16220.692659876
16147.597775261
16104.839816254
16083.503311698
16019.66325751
15934.937196774
15896.417812961
15877.193050917
15819.658155108
15743.26915815
15701.943586018
15681.321495589
15619.617588811
15537.723239642
15493.500656154
15471.436584105
15405.43271908
15317.865386285
15274.772533541
15253.271588381
15188.950175604
15103.610025987
15086.585094972
15064.741131549
14999.398829495
14912.716428249
14860.045429206
14833.77973064
14755.260864501
14651.215192368
14600.830994547
14575.703906059
14500.581799369
14401.020925496
14340.631842059
14310.532327671
14220.612313585
14101.597265061
14048.361371607
14021.8188358
13942.491745323
13837.419973096
13784.177621185
13757.633315474
13678.306708263
13573.248960387
13526.040567393
13502.497977254
13432.115785825
13338.843228022
13293.647400982
13271.106944415
13203.714633972
13114.390280484
13062.6592301
13036.870275274
12959.808495805
12857.767582982
12811.205422111
12787.987609439
12718.586336528
12626.636854305
12581.708864772
12559.304852329
12492.331900712
12403.589855656
12353.113754718
12327.952783916
12252.776946923
12153.255124891
12085.127422831
12051.206917579
11950.015586594
11816.414316783
11751.593783615
11719.316979957
11623.017507236
11495.848020884
11429.104616578
11395.878366706
11296.778063945
11165.983607064
11103.366347395
11072.189519356
10979.183300519
10856.389164012
10794.051143568
10763.016490481
10670.446888398
10548.258057173
10479.023003922
10444.576074562
10341.913213162
10206.597411415
10140.531588564
10107.659211044
10009.680073433
9880.5170560206
9812.7602090465
9779.0562267725
9678.6372761845
9546.3475793149
9481.0971888807
9448.6394300044
9351.9313367219
9224.5251913888
9157.5913895982
9124.3068357205
9025.1772860997
8894.6778375194
8832.253194796
8801.2053545777
8708.7151562366
8586.9050761071
8525.2139678721
8494.5348143619
8403.1581894601
8282.849901129
8222.7169500207
8192.8143813634
8103.7575579302
7986.5191838447
7926.7805889441
7897.0790639328
7808.6405737505
7692.2613194813
7636.5952711572
7608.9134906017
7526.4687590416
7417.9303814549
7359.7905079102
7330.8916750119
7244.8742421627
7131.7522992882
7076.6633842086
7049.2787051541
6967.758858913
6860.5303042175
6808.314724885
6782.3561529027
6705.0727779073
6603.3964131362
6552.3896626616
6527.0342234834
6451.5550921303
6352.2722734451
6306.1840453583
6283.2654772245
6215.0083242371
6125.1508448499
6078.5367608425
6055.3629160851
5986.3701277381
5895.6009937003
5850.2203555077
5827.661195152
5760.5043220818
5672.1641383636
5629.5382045916
5608.3455111489
5545.2449197808
5462.2138006134
5419.5556518334
5398.3516689098
5335.2361890244
5252.2286089874
5211.7571258638
5191.6384795698
5131.7473227325
5052.9658220673
5013.9887691977
4994.6131331487
4936.9343130873
4861.0640302301
4824.2736693859
4805.983035922
4751.526167508
4679.8756675271
4644.7788596404
4627.3292815364
4575.3728946989
4507.0040562468
4472.7555212383
4455.7289713684
4405.0372306131
4338.3442139934
4305.6661177265
4289.4194886417
4241.0465011496
4177.3967055317
4145.7813051641
4130.0634442655
4083.2665068823
4021.694384547
3991.5697644279
3976.5921776994
3931.9957798139
3873.3109405324
3844.4373826377
3830.0814173034
3787.3343732008
3731.0795444862
3703.3779866088
3689.6044291215
3648.5903559764
3594.6132574192
3568.1401915234
3554.9768594028
3515.7775164838
3464.1832726192
3438.6945822119
3426.0206500911
3388.2784400077
3338.6014755013
3314.2968540721
3302.2109737151
3266.2171256266
3218.8348838009
3195.5325900129
3183.9447788982
3149.4328603468
3103.9981845093
3081.6945036595
3070.6028329745
3037.5667759489
2994.0709315165
2972.7032563664
2962.0766714133
2930.424297893
2888.746652071
2868.2926496039
2858.1200217026
2827.8180963362
2787.9146849856
2768.3280505963
2758.5863958404
2729.5666342655
2691.3479495436
2672.5901135737
2663.2602780416
2635.4657374557
2598.8570521477
2580.8920020033
2571.9561000068
2545.3336015136
2510.265112996
2493.0549075576
2484.4941018867
2458.9876624397
2425.3859451705
2408.8967444712
2400.6942300004
2376.2538895853
2344.0533801788
2328.250352695
2320.3888359108
2296.9631985977
2266.0964863949
2250.9470419282
2243.4103407989
2220.9513087459
2191.3552968311
2176.8271676038
2169.5992616402
2148.0592229461
2119.6714653388
2105.734015356
2098.7996936326
2078.1334400273
2050.8946378954
2037.5182669523
2030.8628329627
2011.026685672
1984.8795478281
1972.0357978889
1965.6451221177
1946.5970871295
1921.4865314188
1909.148141233
1903.0086881228
1884.7085357381
1860.5817919947
1848.7226521487
1842.8214577817
1825.2306562777
1802.0371792954
1790.6323119492
1784.9569739637
1768.0386595284
1745.7300894009
1734.7556452115
1729.2943212399
1713.0132931941
1691.5434487249
1680.9766836906
1675.7180798633
1660.0407664949
1639.365600381
1629.18483882
1624.1181914096
1609.0125955153
1589.0901231359
1579.2747247281
1574.389783811
1559.8254342409
1540.6156703313
1531.1459786042
1526.4329825365
1512.3808585397
1493.8457184302
1484.7030021758
1480.1526485703
1466.5850937886
1448.6882811729
1439.8546623772
1435.4580724022
1422.3486890888
1405.0555580229
1396.5139292662
1392.2626067314
1379.5861345369
1362.8635313367
1354.5974625971
1350.4832477954
1338.2154270334
1322.0315119681
1314.0497982305
1310.0770302734
1298.2306470857
1282.6019360783
1274.8597073427
1271.0061358985
1259.5151715045
1244.3553280883
1236.8268315398
1233.0796808589
1221.9062071949
1207.165581416
1199.8473790992
1196.20493145
1185.3438004312
1171.0155404808
1163.8987051519
1160.3565233767
1149.7945285936
1135.8612686253
1128.9247696766
1125.4724211287
1115.1785924124
1101.5997948506
1094.8315890911
1091.4630958579
1081.4196727236
1068.1720566133
1061.5623308306
1058.2728211328
1048.4653263625
1035.5299073672
1029.0613623823
1025.8422578767
1016.245238847
1003.5887311275
997.24308038591
994.08531690842
984.67189461435
972.25918182642
966.0194830462
962.91466629393
953.65996217404
941.45857379059
935.30766983481
932.24730389489
923.12615744747
911.10329926276
905.02047759905
901.9943126156
892.97639537606
881.0925980462
875.05563264285
872.05267873693
863.10550806873
851.31858068667
845.30115966113
842.30841773882
833.3936163139
821.65381281674
815.62418226837
812.62598007898
803.6973396807
791.94490417978
785.86058180134
782.83597204247
773.83181063385
761.9871591072
755.78629588904
752.70481270422
743.53554163816
731.48336467062
725.05980787643
721.86921359563
712.38142479402
699.9247370757
693.03919929434
689.62187323495
679.47066713352
666.16778529289
657.7432039739
653.57095014599
641.21231363195
625.09689167258
617.83321119235
614.23308397838
603.55808272233
589.61278476454
587.595743055
579.03201493369
567.80754458336
562.65426798526
560.09519480062
552.48759941881
542.50463473175
537.76300499241
535.40775380892
528.40371212767
519.20731055514
514.75261034476
512.53961331751
505.95754312239
497.31274944684
493.09748452484
491.00326924938
484.77383835773
476.59069895616
472.58202734614
470.5903532378
464.66555273848
456.88169209883
453.05658626685
451.15605922921
445.50217988423
438.07373884567
434.41735462747
432.60062261284
427.1958852821
420.09446169651
416.60146373165
414.86587109213
409.70235670799
402.91750274182
399.59804509285
397.94858559521
393.04094684292
386.5914462743
383.49099102886
381.95010038768
377.36447764716
371.33583989591
368.40295931078
366.94521704541
362.60650830324
356.90125927026
353.43008296549
351.7071753644
346.5886824152
339.87971265153
335.83884809428
333.83646736975
327.90067426054
320.15013473893
314.77703853418
312.12440178204
304.29986314777
294.17141572101
289.20929572164
286.7597124676
279.53474844915
270.18383241341
266.01495244074
263.95469655022
257.86917451195
249.97283342338
245.92050061919
243.91903581467
238.01184799946
230.35753364373
226.45867872128
224.53406725454
218.85781880195
211.51207497972
207.91776113222
206.14357424972
200.91133429863
194.141011256
190.95259977758
189.37808444196
184.73200811555
178.71406301075
175.32088840105
173.64853730631
168.72659040161
162.38032267672
158.52897776617
156.63769669893
151.09816031092
144.0156524917
139.54965255803
137.36885888556
131.02883655378
123.02829720329
119.11744999013
117.20889576301
111.66475972014
104.678354468
101.36027319929
99.740884373725
95.036304938227
89.106895988543
86.290108251335
84.915283227351
80.920845077
75.885676211201
73.492817722748
72.324833604784
68.931079185502
64.652490664204
62.618860124802
61.626159827311
58.741489091061
55.104205959796
53.375230185119
52.531193328701
50.078323867886
46.985062745187
45.514441022349
44.796482523787
42.709847114326
40.078072201283
38.826403614686
38.215305445448
36.439117204897
34.198616108414
33.132397916062
32.611819974334
31.09865026897
29.189739234954
28.280623194668
27.836738837606
26.546452603632
24.918621699736
24.142775279351
23.763958157144
22.662798693255
21.273546321801
20.611005067126
20.287512851697
19.347182246054
18.160854470225
17.59486627881
17.318521622296
16.51525767544
15.501893205345
15.018326083578
14.782228923525
14.095974540204
13.230269374881
12.817132558837
12.615427441094
12.029158667295
11.289628050953
10.936704433632
10.764401687201
10.26361038295
9.6319416401951
9.3305039521741
9.1833414003096
8.7556343699911
8.2161836229575
7.9587680566274
7.8331005858308
7.4678789573665
7.007267471783
6.7874874714053
6.6801961278821
6.368391171975
5.9751721942801
5.7875621854053
5.6959778576244
5.429829082684
5.0942077394418
4.9340905262271
4.8559291740321
4.6287959481212
4.342391362379
4.2057909333769
4.1391106750828
3.9453461816022
3.7010295686264
3.584469322385
3.5275731134685
3.3622460561655
3.1537997974935
3.0543793396346
3.0058506561245
2.8648420150527
2.6870663127764
2.6022811318543
2.5608970896551
2.4406520496429
2.2890618531555
2.2167705549726
2.1814856057995
2.0789649881021
1.9497261198552
1.8880984262395
1.8580189537296
1.7706253187369
1.6604611276031
1.6079330325088
1.5822954484679
1.5078093938016
1.4139203178285
1.3691556523133
1.3473076240254
1.2838331912118
1.2038278277015
1.1656853273359
1.147069692972
1.0929875936223
1.0248236469955
0.99232873844362
0.97646972787089
0.93039727590562
0.87233097633013
0.84465161493311
0.83114304941069
0.79189984917177
0.7424426409078
0.7188686198784
0.70736380758454
0.67394237441521
0.63182383365826
0.61174907241377
0.60195215915903
0.57349277221505
0.5376288693971
0.52053625495617
0.51219482192764
0.48796400368841
0.45742994526905
0.44287836238965
0.43577709292864
0.4151491975665
0.38915619303584
0.3767694301128
0.3707246926202
0.3531661584162
0.33104155057089
0.32049881127825
0.31535402635549
0.30040990856622
0.28158018264621
0.27260797551522
0.26822965602284
0.25551211627889
0.23948837855706
0.23185358249196
0.22812794790294
0.21730641348013
0.20367197769395
0.19717591881825
0.19400600340299
0.18479876212013
0.1731985474354
0.16767193728083
0.16497511891564
0.15714213695343
0.14727360932153
0.14257222185369
0.1402781115944
0.13361490007031
0.12522033688008
0.12122131808325
0.11926995859027
0.11360233789938
0.10646222524133
0.10306094064556
0.10140126728857
0.096580895096083
0.090508288657461
0.087615635730128
0.0862041646212
0.082104723316148
0.076940440865238
0.074480554415826
0.073280262337004
0.069794204293496
0.065402721912424
0.063311013156792
0.062290380424945
0.059326146986358
0.055592093165554
0.053813584846428
0.052945782615452
0.050425442489
0.047250620376759
0.04573851864331
0.045000711890906
0.042857936140123
0.040158771163282
0.038873253617471
0.038246009586441
0.036424352810465
0.034129725810061
0.03303690772183
0.032503691342936
0.030955125651945
0.029004524853416
0.028075573776317
0.027622315584159
0.026305975432692
0.024647914732347
0.023858304769722
0.023473036877296
0.022354161243498
0.020944846390394
0.020273710456118
0.019946250514923
0.018995265097124
0.017797437697336
0.017227029253797
0.016948717682438
0.016140471227608
0.015122445635173
0.014637669639545
0.014401140763418
0.013714240427184
0.012849066586131
0.012437087473184
0.012236078172088
0.011652333500633
0.01091709592714
0.0107271832361
0.010633469387396
0.010357211475224
0.0099999997764826