20000.
19997.098478896
19995.647876092
19991.296699233
19985.496603496
19984.774934645
19984.108749496
19983.964961173
19983.328198506
19983.027379827
19982.876972175
19982.425756033
19981.824150419
19981.482179951
19981.311196898
19980.798256546
19980.114356627
19979.772745247
19979.601941734
19979.089539982
19978.406358156
19978.046177611
19977.866089761
19977.325835976
19976.605520394
19976.232595941
19976.046136311
19975.486767892
19974.740967773
19973.609914362
19973.044411632
19971.347999588
19969.086341217
19968.733654319
19967.926447694
19967.522856588
19966.312132273
19964.697947542
19964.317845802
19963.860177308
19963.631346979
19962.944871762
19962.029608283
19961.495388224
19961.228283536
19960.426990955
19959.35865099
19958.836530087
19958.575474738
19957.792329217
19956.748183094
19956.213610635
19955.946329756
19955.144508636
19954.07546403
19953.443162127
19953.127018665
19952.178618381
19950.914154917
19950.262344811
19949.936447719
19948.958788433
19947.655317377
19946.968454773
19946.625032315
19945.594800467
19944.221240912
19943.439405638
19943.048499465
19941.875826976
19940.312371075
19939.458036597
19939.030883053
19937.749477389
19936.041064773
19935.211650782
19934.796956695
19933.552926256
19931.894339932
19931.118635242
19930.730794189
19929.567316369
19928.016118414
19927.050229852
19926.567303092
19925.118593101
19923.18714381
19922.233318954
19921.756423614
19920.32580616
19918.418476221
19917.296265923
19916.735184443
19915.052034919
19912.808057039
19911.640108137
19911.056159332
19909.304415754
19906.968997615
19906.75748426
19906.263254663
19904.780639568
19902.803991409
19901.507447715
19900.859207493
19898.91461361
19896.322117597
19894.789953861
19894.023916183
19891.725980231
19888.662478822
19888.492491775
19886.580048507
19884.030410463
19879.868360769
19877.787662473
19871.546874443
19863.228872325
19860.804043495
19859.331888791
19858.595852305
19856.387906629
19853.444361217
19851.962191368
19851.221147883
19848.998183506
19846.034618519
19844.544246183
19843.799101931
19841.563837159
19838.583876088
19837.938701204
19837.230612176
19835.106496842
19832.274697143
19830.879995392
19830.182681246
19828.090886027
19825.302169247
19820.125645203
19817.537889869
19809.776651254
19799.433062144
19797.948840326
19796.727345052
19793.063311577
19788.178988973
19785.94621591
19784.829923771
19781.481425385
19777.017642859
19774.981693338
19773.9637971
19770.910422896
19766.839991102
19764.672824124
19763.589329656
19760.339202781
19756.006532117
19753.90869942
19752.859866531
19749.713702135
19745.51959618
19743.334277514
19742.241708798
19738.964365566
19734.595421326
19732.07025801
19730.807797427
19727.020900479
19721.972835622
19719.470904282
19718.220057544
19714.46799356
19709.466352657
19706.658345378
19705.254491659
19701.043530725
19695.43031647
19692.412859167
19690.904303768
19686.379331144
19680.347652399
19677.231766546
19675.674008504
19671.001474496
19664.773155805
19661.82442809
19660.350229937
19655.928298856
19650.033938395
19644.880402586
19642.304141361
19634.577385022
19624.279772163
19619.210239866
19616.675964653
19609.075103385
19598.945203772
19594.026833686
19586.343627816
19582.697728185
19580.875032741
19575.407964522
19568.120915327
19563.959679028
19561.879392574
19555.639860641
19547.32358129
19543.37412001
19541.399688474
19535.477590917
19527.584253309
19523.711642367
19521.77562476
19515.968724032
19508.228877329
19503.856162862
19501.670173029
19495.113673779
19486.375104441
19481.369005066
19478.866437493
19471.360663853
19461.357465433
19456.275517459
19453.735040949
19446.115601937
19435.960992979
19431.032330734
19428.568468136
19421.178755062
19411.330177288
19405.552118084
19402.66373327
19394.0011585
19382.457075797
19377.073773393
19374.382682703
19366.311653261
19355.555511663
19348.631424153
19345.170309057
19334.790678621
19320.959835398
19311.483515115
19306.747097702
19292.544815073
19273.624690257
19264.056797769
19259.274632466
19244.935258922
19225.832702284
19222.838396504
19218.767239981
19206.558943607
19190.293279282
19188.297847289
19184.658571098
19173.74488392
19159.202959567
19151.723211055
19147.984431626
19136.772472611
19121.833407088
19114.391561847
19110.671725104
19099.516558349
19084.653132383
19076.385275038
19072.252689331
19059.86030359
19043.349648788
19035.490564836
19031.562238927
19019.78212521
19004.086650232
18995.584575496
18991.334964293
18978.591834698
18961.614296869
18952.909194029
18948.558141062
18935.510975164
18918.128729299
18906.863891405
18901.233987665
18884.354333796
18861.871577441
18848.325038394
18841.555417209
18821.261139553
18794.236104193
18790.748758492
18784.401858133
18765.374017755
18740.033545512
18726.49677431
18719.732055479
18699.452558497
18672.447402103
18667.236262209
18660.286561484
18639.452980483
18611.711052954
18598.890460928
18592.483476595
18573.275764057
18547.696347023
18534.957360401
18528.591148029
18509.505628494
18484.088849095
18470.264667898
18463.356454414
18442.647313905
18415.071257377
18398.308975707
18389.933556804
18364.830170732
18331.412289782
18307.692987785
18295.844847428
18260.346414648
18213.122292466
18204.628107497
18167.999827974
18150.172825067
18123.076254549
18106.562129283
18098.310709898
18073.579007858
18040.655972541
18019.180189576
18008.45188607
17976.305286598
17933.532405095
17909.39992239
17897.345860689
17861.232334023
17813.194298438
17786.886488028
17773.74715541
17734.38736769
17682.043207667
17652.152934975
17637.22675065
17592.523884285
17533.096267421
17531.455401345
17519.65392992
17484.297161674
17437.265779217
17412.904125372
17400.736063918
17364.282875531
17315.797393977
17281.320897462
17264.108398041
17212.57369776
17144.09999043
17138.459346844
17116.331720931
17050.120114094
16962.236230788
16919.172211257
16897.681216636
16833.371886472
16748.006680891
16731.76595221
16674.789953284
16648.499467359
16635.369771697
16596.042781732
16543.751384335
16517.489222064
16504.373777663
16465.089897975
16412.856808922
16378.802594943
16361.801992376
16310.905990004
16243.290850846
16209.359098115
16192.419810659
16141.708089342
16074.339434779
16039.555759404
16022.192156595
15970.214051063
15901.172126336
15856.099730101
15833.611462664
15766.337849735
15677.08412415
15620.19850678
15591.8331482
15507.045761579
15394.712707571
15321.150296952
15284.501011131
15175.078327014
15030.399024503
14972.627252571
14865.823659104
14845.874273499
14820.30283012
14743.852475356
14642.531788825
14582.763808711
14552.971364266
14463.958732244
14346.121568146
14288.244937058
14259.394237825
14173.191204597
14059.063936017
13999.991253939
13970.548054251
13882.589468572
13766.172209576
13698.81652011
13665.262359097
13565.092205737
13432.673288363
13371.459797599
13340.957737102
13249.868400904
13129.382691037
13062.181801502
13028.710448833
12928.810131751
12796.800270792
12791.544357789
12708.53681687
12598.697412216
12543.732442115
12516.339944934
12434.520846992
12326.260111086
12272.16271259
12245.203109914
12164.679136391
12058.136948023
11963.996032522
11917.201549182
11777.913402047
11594.725037692
11529.837158172
11408.308308143
11339.811716923
11305.717796023
11204.04984077
11069.913340456
11008.53045343
10977.966764342
10886.783895457
10766.383781658
10697.222048227
10662.807964724
10560.228577982
10424.989523176
10344.292232447
10304.178133924
10184.766783659
10027.701488588
9957.2515314776
9922.2123739324
9817.8329805144
9680.3665429621
9590.3886075256
9545.7137496467
9412.9339613118
9238.7628459007
9134.817089257
8980.5015868311
8979.3616489685
8948.7875693101
8857.6885334315
8737.6641394017
8676.4501570097
8646.0041707586
8555.3057348223
8435.8527977214
8343.8426453735
8298.2145870135
8162.8220623673
7985.7287603753
7882.6714129798
7828.3677951466
7801.3564320464
7720.8802690439
7614.8686138608
7556.2628890057
7527.1293830149
7440.4010918214
7326.3158410389
7271.147975386
7243.7200188414
7162.0553699639
7054.5995464171
6999.7626196482
6972.5042091613
6891.3642265441
6784.6445038608
6732.9797644435
6707.2951147894
6630.8275593919
6530.2252101969
6476.940752138
6450.4617873236
6371.6726346208
6268.1154252836
6220.6183691665
6197.0049773146
6126.7012623853
6034.2020993262
5989.3601150503
5967.06423935
5900.673369973
5813.2998531289
5770.2868938622
5748.8999060361
5685.2133838981
5601.3941539869
5558.2010314917
5536.7295301801
5472.8114193765
5388.7336413673
5347.4207181623
5326.8831798708
5265.7426216358
5185.3121095995
5145.5244458722
5125.7452455993
5066.8626627402
4989.4034237592
4951.8155902759
4933.1279942903
4877.4872948068
4804.2746983409
4767.731448462
4749.5641907017
4695.4767198025
4624.317015789
4589.1037553522
4571.5978050712
4519.4796161193
4450.9117954883
4417.3026560634
4400.593374562
4350.8438131415
4285.3848586623
4253.2170981447
4237.2238791808
4189.6041532905
4126.9426379591
4095.6658321212
4080.1164295619
4033.8215330789
3972.9110858569
3943.1738334104
3928.3887792953
3884.3654106004
3826.4340619641
3797.843619646
3783.6286060036
3741.3020050372
3685.6021780235
3658.1250142724
3644.4633457397
3603.7837066731
3550.2496430644
3524.2038100225
3511.2526357876
3472.6839833391
3421.9173231957
3396.8445116223
3384.3770811174
3347.2486753409
3298.3769715256
3274.3331284269
3262.3770122944
3226.7699726949
3179.8977273625
3157.033814233
3145.6635789338
3111.7979885593
3067.2103331819
3045.2157257538
3034.2776373907
3001.6985405818
2958.8032357852
2937.6978864829
2927.2017330689
2895.9377502531
2854.7712497424
2834.576796343
2824.5332025331
2794.6154400048
2755.2174560878
2735.8984337797
2726.2897793218
2697.665821045
2659.9674913467
2641.4953474002
2632.3074354921
2604.9350067204
2568.8806934624
2551.2023135633
2542.4087972048
2516.2096895175
2481.6970327027
2464.7327115184
2456.2940865726
2431.1511680219
2398.0271707414
2381.7828437022
2373.7019911715
2349.6235620839
2317.898504679
2302.3430279207
2294.6044803155
2271.5445522982
2241.158071698
2226.232705347
2218.8073373337
2196.6795035015
2167.5186231523
2153.1992935235
2146.0751416329
2124.8438026504
2096.8617284667
2083.1298775028
2076.2977109003
2055.9353655819
2029.095871221
2015.9211549268
2009.365909383
1989.8277922971
1964.0721756831
1951.4244853167
1945.1312144397
1926.3729145147
1901.6429480395
1889.4960222561
1883.4516860827
1865.4344431298
1841.6792761723
1830.0065401918
1824.197944732
1806.8825471504
1784.0507518046
1772.8280279413
1767.2431674802
1750.5939278052
1728.6386812993
1717.8431706154
1712.4707233668
1696.453984348
1675.3311211808
1664.9397054354
1659.7681924121
1644.3498349157
1624.0145961564
1614.0058835304
1609.0246818408
1594.1731268303
1574.5840754067
1564.9379415878
1560.1370571127
1545.8225921328
1526.9407342798
1517.6374369357
1513.0070656193
1499.2005447374
1480.9876336139
1472.0086652157
1467.5396155759
1454.2137114469
1436.6338809051
1427.9616276473
1423.6451517932
1410.773854886
1393.7929659935
1385.4106118543
1381.2383579578
1368.7968357151
1352.3822929884
1344.2738243392
1340.2378389307
1328.2024426188
1312.3232030624
1304.4781463226
1300.5732218542
1288.928444957
1273.5641015752
1265.9527821927
1262.1641973368
1250.8663357176
1235.95967712
1228.5865183712
1224.9164494695
1213.9718924141
1199.5311160472
1192.375311553
1188.813432978
1178.1915112682
1164.1764347445
1157.219794597
1153.7570785848
1143.4309754575
1129.806458109
1123.0416889262
1119.6745084159
1109.6334206609
1096.385238448
1089.803920382
1086.528090694
1076.7595644923
1063.8713438281
1057.4572016384
1054.2646466246
1044.7446973457
1032.1850212152
1025.9267314182
1022.8118300496
1013.5237560974
1001.2707283201
995.16101554785
992.12015364213
983.05320571424
971.09270910812
965.11945679858
962.14662277437
953.28295129138
941.59161342629
935.74488467916
932.83514848832
924.16011553967
912.71877017657
906.98810794036
904.13628361976
895.63449998909
884.42301688123
878.79885184814
876.00019518049
867.65758840412
856.65757323817
851.12965926386
848.37909311861
840.18061373124
829.37241938176
823.93016247926
821.22244033345
813.15254853778
802.51591491303
797.14801694504
794.47754718286
786.51969543321
776.0330817896
770.7266560275
768.08706527241
760.22241020742
749.86132807024
744.60069578455
741.98423535674
734.18988939559
723.92464523684
718.68908066214
716.08551457802
708.33127116525
698.12274045172
692.8812884784
690.27533797329
682.51614595141
672.30606168053
667.00475461933
664.36979737141
656.52721701781
646.21426528488
640.73472416196
638.01240191005
629.91463800567
619.27727180394
613.20669404704
610.19375701517
601.2434785725
589.5136580068
582.79689184468
579.46726165871
569.5920743712
556.68644867092
554.28744249659
545.1811945492
544.73925977917
542.78202220493
536.95240269247
529.27685685445
528.00345058063
526.29923695891
521.21952907993
514.52276985722
511.51066264827
510.0112279262
505.53924500363
499.63753883655
496.94616730562
495.60592288274
491.60683836609
486.32487726068
483.91503545731
482.71459614831
479.13111631697
474.39449088638
472.24193773631
471.16932653962
467.9660884278
463.72895467683
461.82283756595
460.87271905327
458.0340757794
454.27639714391
453.746395733
452.9165631632
450.43616029867
447.150074532
446.62914123681
445.8996245791
443.71821641473
440.82626399374
439.25278105605
438.46814692655
436.12264416244
433.01481312418
431.36683852277
430.54520461279
428.08968099183
424.83742087237
423.14207699189
422.29694369992
419.77165827835
416.4280860554
414.69235025351
413.82719723023
411.24255280093
407.82145435943
406.03391435289
405.14308457496
402.48230499969
398.9617622338
397.08854440448
396.15523620264
393.36845288648
389.68321315121
387.65907485013
386.65095180087
383.64228553646
379.66711724694
377.38768966443
376.25311285554
372.86980753038
368.40601154346
365.83978665936
364.56338530735
360.76083924347
355.75240332233
353.04362939297
351.69698661284
347.68779982206
342.41322116331
339.50471148146
338.05973418613
333.76159801812
328.11563656339
324.87165488579
323.26171092488
318.47959105079
312.21329597621
308.49314546432
306.64972590515
301.18529738999
294.05056462571
289.6111676296
287.41666631754
280.93243140763
272.51377055288
267.09854728503
264.43142307829
256.58878584133
246.49256232997
240.05996975061
236.90690029214
227.69400778469
215.96504215735
210.6593430418
208.05557550927
200.43578381058
190.70838765101
185.64961429554
183.17077345722
175.93107813545
166.72129676834
161.83129882282
159.44035007864
152.4773722731
143.66410811213
139.30879257277
137.18090104932
130.99026513994
123.16846167866
119.43663105258
117.61333314106
112.30875131524
105.60625829421
102.40634563116
100.84293441718
96.294458170631
90.54734529386
87.801847749949
86.460475925664
82.558068080647
77.627462596543
75.271279079898
74.120142948821
70.771289012843
66.540325131568
64.518165106221
63.530248130371
60.656337634752
57.025665788588
55.290293606534
54.442512751368
51.976371581022
48.8610757001
47.372014173907
46.644588208226
44.528647352529
41.855945611333
40.578453936302
39.954404738438
38.139252015146
35.84667263657
34.750908502328
34.215651912944
32.658842501143
30.692722777141
29.753040397282
29.294043288949
27.959102176947
26.273328356903
25.467683468508
25.074172999246
23.929748947508
22.484686892903
21.7941292765
21.456844873229
20.475988574212
19.237571076842
18.645810242282
18.356791322525
17.51633749982
16.455282852473
15.948315594939
15.700719517827
14.980756975588
14.071898677664
13.637689276376
13.425635019309
12.809051557328
12.030762662406
11.658968032763
11.477401839004
10.949493117806
10.28319144895
9.9649247724697
9.8095046065633
9.3576377629353
8.7873603782311
8.5149877243329
8.3819838550335
7.995308069997
7.5073451252752
7.2743103991628
7.1605198298275
6.8297172139762
6.4122968353141
6.2129710731193
6.1156438748997
5.8327150107307
5.4757320187314
5.3052836286745
5.2220595139121
4.9801388149666
4.6749211781234
4.528874771749
4.4575715333488
4.2503270574709
3.9889114038477
3.8644150394726
3.8036316253006
3.6269578529699
3.4040917515546
3.2977207262955
3.2457882339208
3.0948464460887
2.9044529199998
2.8135869743856
2.7692256525251
2.6402943775737
2.4776751219131
2.4000720625332
2.3621868195044
2.2520816070236
2.1132163821012
2.046955244085
2.0146079142649
1.9206007877826
1.8020459523757
1.7454814426302
1.7178685254136
1.6376232063984
1.536429846662
1.4881532034747
1.4645867380888
1.3961029968571
1.3097465954386
1.26855194069
1.2484430656561
1.1900088869198
1.1163288751844
1.0811842969398
1.0640291215204
1.0141795994091
0.95132741950018
0.92135012818577
0.90671759470737
0.86419962223297
0.81059411570611
0.78502910724285
0.77255056728002
0.73629251365188
0.69058161607165
0.66878335206843
0.65814361701181
0.62722929561514
0.58825715514829
0.56967384060319
0.56060350149725
0.53424983128637
0.50102859554723
0.48518868917793
0.47745752748908
0.45499536869147
0.42668098336747
0.41318162819981
0.40659296482332
0.38745068444131
0.36332214141956
0.35181924585619
0.34620509650405
0.32989447980537
0.30933602942561
0.29953576508874
0.29475268785461
0.28085686351777
0.26334277086843
0.25499428936046
0.25091982774089
0.23908292506338
0.22416441408089
0.21705360649687
0.21358324182777
0.20350152978875
0.19079559926752
0.18473975749241
0.18178430182949
0.17319860897473
0.16237846565476
0.15722170709337
0.15470506906397
0.14739428838411
0.13818115072413
0.13379050852219
0.13164778415794
0.1254233228112
0.11757941719709
0.11384149185156
0.1120173296562
0.10671835634525
0.10004092074024
0.096859019729299
0.095306224050105
0.090795609191505
0.085111771015809
0.082403460840601
0.081081796678833
0.07724263840599
0.07240503214526
0.070100048722125
0.06897522150912
0.065707880257375
0.061590906680443
0.059629368095597
0.058672151141677
0.055891713649425
0.052388341131847
0.050719222104695
0.049904711826905
0.047538826554148
0.044557860959227
0.043137687919509
0.042444666817932
0.040431692691302
0.03789544281487
0.036687183465079
0.036097578014009
0.034385008900495
0.032227299399416
0.031199410925613
0.030697826973453
0.029240941638106
0.027405410830244
0.026531031528999
0.026104359670514
0.024865074930953
0.023303728508526
0.02255998415438
0.022197061169735
0.021142948193578
0.019814919128409
0.019182332163928
0.018873652644835
0.017977099066086
0.016847591336329
0.016309585254401
0.016047059599877
0.015284566004799
0.014323966919192
0.013866426771212
0.01364316679108
0.012994724236611
0.012177820717406
0.011788732467575
0.011598875301678
0.011047453512891
0.010352786471404
0.010281247247435
0.010245663226681
0.010139648416832
0.0099999997764826