0.2351867462443042
0.2351979103911644
0.23520349345888708
0.23522024307291894
0.23524257971795315
0.23524539590139038
0.23524795362831505
0.2352485175142524
0.23525096095022727
0.23525213384957303
0.23525271320191207
0.23525445473481077
0.23525677216925633
0.23525808992673966
0.23525874878334926
0.23526072535977993
0.23526336937013315
0.23526467871870183
0.23526533845503683
0.23526732161173128
0.23526994424365522
0.2352713444374405
0.23527204082778344
0.23527411753946384
0.2352769204821617
0.23527834018211974
0.2352790597071686
0.23528121829011037
0.2352840964617889
0.23528846167246775
0.23529064442906855
0.2352972188632922
0.2353058680667997
0.23530727825218203
0.2353104174725421
0.23531197753984828
0.23531660190049003
0.23532295874335463
0.23532436428635628
0.23532610720496916
0.23532699114545738
0.23532964297844616
0.23533316744086138
0.23533523632104938
0.23533626728946702
0.23533936021021923
0.23534351086135805
0.23534551412721424
0.23534652397685007
0.23534955354058326
0.23535356705247643
0.23535564513028256
0.23535667851747077
0.23535977252714255
0.23536390626142295
0.23536635061238492
0.2353675728998422
0.23537122519453216
0.2353761449005227
0.2353786412416539
0.2353799028269023
0.235383687605536
0.23538873416561096
0.23539138111281896
0.23539270826577602
0.23539668974988048
0.23540201572438224
0.2354050302709246
0.23540653611344795
0.23541107171360165
0.2354170952885699
0.23542041971168942
0.23542207313107427
0.23542701371655003
0.2354336687773078
0.23543685351195087
0.2354384592694265
0.23544327657856828
0.23544965862183576
0.2354526884627146
0.23545419074956195
0.23545869764257366
0.23546470710089915
0.2354684456598363
0.23547031922912684
0.2354759511284938
0.23548337552670245
0.23548710449456065
0.23548896182397547
0.23549450084925902
0.23550193084010446
0.2355062603782818
0.23550843624423717
0.23551496390897037
0.2355236400593781
0.23552818815874593
0.23553044872435644
0.23553727091314192
0.23554619953287664
0.23554712093370805
0.23554903494640103
0.23555478844001723
0.2355624449284193
0.23556749014864609
0.23557000734731975
0.23557752911994864
0.2355876610147324
0.2355935654990899
0.23559653519213128
0.23560553276495577
0.2356171892225625
0.2356180315866376
0.23562546607804513
0.2356353794634923
0.23565156586845942
0.23565966114467363
0.23568404388030223
0.2357160269171495
0.23572568300297483
0.2357315034840827
0.23573437171785527
0.23574294257321624
0.235754523973761
0.23576020955355723
0.23576310549210228
0.23577177632752552
0.23578328747260066
0.2357891466256541
0.23579205394875524
0.23580074165563497
0.23581251790617624
0.235814917357703
0.23581768502538336
0.23582600446865906
0.235836937750486
0.23584248242530784
0.23584520355248306
0.2358533670376193
0.23586425256816856
0.23588446417495343
0.23589459560747886
0.2359246928079418
0.23596611657079278
0.2359712521269626
0.23597602044442223
0.23599043842979692
0.23600927553921397
0.23601824834944202
0.2360226157203301
0.23603569235098465
0.23605338270095144
0.2360612183597958
0.23606522299944765
0.23607714321458342
0.23609331267038802
0.23610164345463605
0.23610590988424174
0.23611860944669627
0.2361359439120278
0.23614394966665614
0.2361480641753529
0.23616048051732716
0.23617684008491552
0.2361855417221457
0.23618983689700004
0.236202773079404
0.2362198514665445
0.23622987552410227
0.23623483731318504
0.2362498103831257
0.23626941380507105
0.23627948933629514
0.236284399889154
0.2362992472929203
0.2363188347778656
0.2363299877028563
0.23633553602183777
0.2363521490170636
0.23637427676934886
0.23638623702464184
0.23639217881871447
0.23641021346091304
0.23643362040457422
0.23644625915990333
0.2364524386107491
0.23647090561862308
0.23649547386470282
0.23650724237288367
0.23651306390499177
0.23653066497766773
0.2365538139163902
0.2365744138234747
0.23658459312563507
0.23661548897622273
0.2366557253900308
0.23667632424767313
0.23668639361216773
0.23671636931839546
0.23675752573943232
0.23677636004737143
0.23680764945376193
0.236821687269996
0.23682893559327
0.23685089145215382
0.236879541964202
0.2368965069638691
0.23690480906601136
0.23692976430116103
0.23696298188068537
0.23697876165774492
0.23698668162481043
0.23701021473252598
0.23704238064287833
0.23705747702961605
0.2370652130855305
0.23708851137956807
0.23711955972759224
0.2371371039398978
0.23714587491506783
0.2371722896981247
0.23720717443360087
0.23722746933814975
0.23723749648679476
0.23726781014952675
0.2373078164679114
0.2373283980219195
0.23733866740166473
0.2373693597906137
0.23741019938037056
0.2374302328558732
0.23744016898701845
0.23747014915994208
0.23750954785577952
0.2375332273681533
0.23754494033596465
0.23757974814001254
0.2376274608878743
0.23764857599629544
0.23765952572279658
0.23769219040293832
0.23773626410857984
0.23776422643747824
0.2377782682716969
0.23782055611301264
0.23787674956987548
0.2379155320548374
0.23793483472023041
0.23799285702673126
0.2380698824181597
0.2381092796161359
0.23812889033465903
0.23818772771301597
0.23826574707554418
0.2382784380254116
0.23829517600051603
0.23834576905892102
0.23841157305754035
0.2384205116681388
0.23843551838150875
0.23848054158177343
0.23854059912229314
0.2385715052274428
0.2385869859174646
0.2386336035687584
0.23869482825267077
0.23872619269377554
0.2387416629979181
0.23878816283100007
0.23884953518411625
0.23888431939115565
0.2389015640449049
0.23895339720812028
0.239021609162713
0.2390550714702838
0.23907155615842704
0.23912065172103003
0.2391872003040837
0.23922219531073424
0.2392400544274949
0.23929353811640133
0.23936501829599477
0.2394016287682454
0.2394199830948045
0.23947474982365213
0.23954841392731252
0.23959578521826164
0.23961955798353868
0.23969101372605287
0.23978590092109392
0.23984362639432583
0.2398723961460984
0.2399584046593586
0.24007491815651408
0.2400887184880413
0.24011588385487062
0.24019724357887579
0.24030568964969146
0.2403640053061197
0.2403930937655437
0.24048068218645208
0.24059582906822155
0.24061922159146537
0.24064932490048166
0.24073884647197827
0.24086106017748982
0.2409151800323697
0.24094305236134828
0.24102712236116006
0.24113717024277773
0.24119385452521958
0.24122181941304885
0.2413046978569849
0.24141820090584262
0.2414775221015736
0.24150798056280537
0.24159889097890272
0.24172151175958337
0.24179489258343362
0.24183192246453164
0.24194322360478404
0.24209152668270462
0.24219724249917884
0.24225023988921396
0.24240790512318608
0.24262371935767713
0.24265822308029927
0.24282655503841175
0.2429052877155201
0.24302782221787628
0.24310306439695673
0.24314046747366688
0.24325345580247135
0.24340287303443275
0.24350181438159285
0.24355094816954986
0.2436986291822061
0.24389601791879695
0.2440076135455537
0.24406333969213448
0.24423167059605203
0.2444544298189173
0.24457814760644456
0.24463969995788476
0.24482425657779386
0.24507127166359685
0.2452124968678778
0.24528314140494473
0.24549583020056656
0.2457805501547756
0.24578759075656018
0.24584428916709578
0.2460137476743438
0.24624268227039767
0.24635924988795602
0.24641844289593237
0.24659536737028115
0.24683288212676266
0.2470014461604219
0.24708602894919518
0.2473414579259687
0.247676974578709
0.24770784809236313
0.24781813929396268
0.2481501943105913
0.24859299239716273
0.24881200018473512
0.24892147657126837
0.24925154981935402
0.2496889602035776
0.24977413735016746
0.2500745667874935
0.2502087123534415
0.2502775599232822
0.2504831064483354
0.2507616490354956
0.2508983695573984
0.2509680133601999
0.2511767062765748
0.25145653566724974
0.2516386563651761
0.2517303471213169
0.25200455013135553
0.25237444536132453
0.2525576013518637
0.25265063934189713
0.2529292795111896
0.2533016997143558
0.2535145726137987
0.25362126086437137
0.2539421328556979
0.25436755963679153
0.25457063525474916
0.2546716045135517
0.2549736241171486
0.2553818127531506
0.25557119379578314
0.2556674502291662
0.25595595771771085
0.25634212576652676
0.2566051421800411
0.2567370474831024
0.2571335045954075
0.25766276619318634
0.2579535324866579
0.2580987568134894
0.25853635988522183
0.2591164162828166
0.2593857480691685
0.25951923773071356
0.2599201839366939
0.26045636188919696
0.26075841117628124
0.26091002695667936
0.2613665397880905
0.2619729810850046
0.26227414230886975
0.2624238886512259
0.2628749973541384
0.2634745493652806
0.2638108604809185
0.2639788570115017
0.2644817694260238
0.26515959477217094
0.26551480540758465
0.26569474456111125
0.26623347792202606
0.26695839700451196
0.26735104738714355
0.26754943436806283
0.2681431775800876
0.2689448017372262
0.269311090083477
0.26949657927166165
0.2700537710458535
0.2708017048153498
0.2711773082737344
0.2713666905986148
0.2719347159767797
0.2726983022922168
0.2731106301201855
0.2733185415507636
0.27394464751492775
0.2747775400089897
0.2751802419326507
0.27538091772387346
0.27598259337603914
0.27679178577779173
0.27722506390698576
0.277443858580745
0.278100234553287
0.2789803032324747
0.2795555433999226
0.279845009190167
0.2807157887312706
0.28188168685388443
0.282569012124386
0.28291471548000235
0.2839533080766938
0.28535155160169007
0.2859840773907173
0.2863032388754946
0.28726293369918093
0.28855103134862176
0.28933043659187824
0.28972352565503057
0.2909064821955634
0.29249268936890654
0.29327827528429096
0.2936733251169762
0.29486015426295686
0.2964583054588368
0.29724524111698036
0.2976425667200875
0.29883746375862585
0.30044291056969136
0.30159258767956587
0.3021746898646263
0.30392423508308114
0.30629088470705385
0.30668671953406873
0.30824614028439856
0.30905855963137574
0.30946907671245333
0.31070295775656076
0.31236259071858585
0.313311191211483
0.3137903363693986
0.3152312161885915
0.31717095240820503
0.31828870326223696
0.3188538823171123
0.32055299502241785
0.3228469001578793
0.3237517016063994
0.324554589896036
0.32697198652890613
0.3302452471133857
0.332444751942501
0.33570024364073064
0.3376810353453361
0.3412130019051785
0.3414779397581073
0.34392975616947696
0.34524650687419234
0.3459131389238461
0.3479183059717698
0.35062587903042497
0.3519569080582518
0.3526306303295675
0.3546571012601815
0.3573939639179297
0.3587206418468258
0.359392331711228
0.36141186573706874
0.36414062625611754
0.36545625268687426
0.36612256794845704
0.36812635566753943
0.3708315952763827
0.3722675399382221
0.3729950571635285
0.37518377378372003
0.3781401931878115
0.3797091089413888
0.3805045784895555
0.38289772123310395
0.3861351533678572
0.387713574802593
0.38851406989650056
0.3909225568741818
0.3941801424720605
0.3958560590414591
0.396706558161288
0.39926566453950363
0.40273060406087885
0.4044396325089716
0.4053073464328727
0.40791854747082834
0.4114541601370226
0.413285054384521
0.4142153667864333
0.4170153352710175
0.42081162864549193
0.42265246359004777
0.42358820653485146
0.4264041843885244
0.43022291357909703
0.43211460283904424
0.43307673340767383
0.43597252355508875
0.4398998487197477
0.44191683989025954
0.44294339015628575
0.44603366132619415
0.450227877163376
0.45238617132811854
0.4534854732670867
0.4567952271869946
0.46129191043878576
0.4635275066492063
0.4646665609997603
0.46809627898511746
0.4727564726759476
0.47513428294398663
0.47634643094154383
0.47999676257455076
0.48495994691398053
0.4874537776146755
0.4887253734851718
0.49255525991968574
0.4977633850033726
0.5004149245694112
0.5017673429876411
0.5058411279708627
0.5113838415270259
0.5141617426229923
0.5155787088530629
0.5198472630868377
0.5256555955370479
0.5285799336297824
0.5300716525477326
0.5345658676145698
0.5406822587488358
0.5437552330665353
0.5453227392171079
0.5500457332610588
0.5564739791767869
0.5597138616446342
0.5613664438640514
0.566346558057438
0.5731249583559578
0.5765682838760857
0.5783246727712182
0.5836184576532
0.590825678859685
0.5944548775405942
0.596305896052796
0.6018855096879212
0.609482701362978
0.6132910401170163
0.6152331294626591
0.6210878735756598
0.629059335575344
0.6330781848653734
0.6351274273285533
0.641306027324982
0.6497190064676024
0.6539599986791961
0.6561222595365676
0.6626423854894371
0.6715212235444536
0.6759804017003386
0.6782535154552809
0.6851087299758638
0.6944434638002487
0.6991528048847987
0.7015530852647759
0.7087927875677777
0.7186515849868113
0.723616366742752
0.7261463516754898
0.7337782526865024
0.7441710220996031
0.7494062918179794
0.7520735357915151
0.760120472464139
0.7710783250595313
0.7765881929360514
0.7793946022039476
0.7878623690016225
0.7993923360309939
0.8051957863442519
0.8081508862164338
0.8170683397333618
0.8292096324240897
0.8353172523384282
0.8384262240368061
0.8478090693474071
0.8605824114965431
0.8670110630618902
0.8702822853679935
0.8801559407568664
0.893595507882792
0.9003595388601422
0.9038000655646666
0.9141859351649338
0.928320219918308
0.9354361845870393
0.939054178360727
0.9499770146754545
0.9648391755166156
0.9723194847955835
0.9761209610091451
0.9875990178757666
1.0032130626163875
1.011073070143492
1.0150655278810594
1.0271215736718105
1.0435177131710998
1.0517730728772223
1.0559641369047574
1.068621325955744
1.0858302594964364
1.094495623758748
1.0988923810369815
1.1121722452478715
1.1302223318811935
1.1393132999400246
1.1439232896513183
1.1578487441257523
1.1767701846806862
1.1863019866421167
1.1911325234785473
1.205725812860875
1.2255477752764556
1.235535806312819
1.2405942453153467
1.2558777478373584
1.2766294708108492
1.287088735825218
1.2923821816773517
1.3083775282774783
1.3300870742805952
1.3410322804947359
1.3465676243130889
1.3632958133446773
1.3859902040240104
1.39743554436705
1.4032193431185114
1.4207003763131247
1.4444050685479328
1.4563639060617402
1.4624022123486116
1.4806545814439085
1.505392739299795
1.517877323104589
1.5241755318524646
1.5432157572445007
1.5690076030626718
1.5820287101144475
1.5885913784184966
1.6084334440697057
1.6352955024440845
1.6488715577704864
1.6557069900191062
1.6763764143220239
1.7043407014615324
1.718460485465924
1.7255618613655286
1.7470380629772668
1.7760731563444245
1.7907426018903427
1.7981117047815718
1.8204004057787964
1.8505108009740938
1.8657470193328645
1.8733911272247252
1.8965148789503605
1.927727795602782
1.9435060309161099
1.9514112177321175
1.9753280087276963
2.007582157143405
2.0239125975046375
2.0320823623736377
2.056803416670552
2.090110002901276
2.1069760362436303
2.115400292395237
2.1408955086570858
2.1752090669930495
2.1925963152690415
2.2012659224804922
2.2275082123384915
2.2627871020534447
2.2806709275732167
2.2895714524967534
2.316517712506744
2.3526982073070917
2.371051297670512
2.380166755924361
2.407769307933912
2.444781065803037
2.4635673926143555
2.472877223263019
2.5010745933723806
2.538828104497374
2.5580004981120945
2.567478349474853
2.596191577883721
2.634573162006954
2.6540800026664426
2.663696959400849
2.692839489716513
2.7317244935172056
2.7515007067783643
2.7612208399536593
2.7906849505253577
2.82991942775399
2.8498890317345773
2.859670578171086
2.8893310266403107
2.928736537073533
2.948811162881019
2.9586057325646244
2.988317384741048
3.0276876874237937
3.0477663127625387
3.057518646565373
3.087115806369409
3.1262157597338613
3.146183942977657
3.155831377075808
3.185126245766292
3.223689431596182
3.24342165668342
3.2528949183646665
3.281680193035812
3.3194116415849098
3.338776298770221
3.3480011888033383
3.3760555153716325
3.412637271715225
3.4315117409117453
3.440414550779134
3.467519805844901
3.5026294144915573
3.5209418726193085
3.5294640465413125
3.555452192526648
3.588811553595048
3.60670901097849
3.614865531353084
3.6398053157402956
3.6713740243505217
3.690794105427643
3.699203666482384
3.725104030869834
3.7568109905037645
3.757305317028489
3.7631818015409544
3.781276131712556
3.803184806668918
3.803140455542564
3.8150297309890258
3.8294146700138927
3.8311474795607414
3.833807701168271
3.8419832349878966
3.851740435157016
3.853644819527508
3.855419876773747
3.8608855258053993
3.867253489905326
3.869949605220269
3.871002014788472
3.8742601665708007
3.877851809577409
3.879321239479605
3.879818778931959
3.8813827338086457
3.882850273367572
3.883371735098806
3.883443609085843
3.8837078059414933
3.883555741604159
3.883359267818935
3.883112635891807
3.882403842287395
3.8810515356947564
3.8803380623845123
3.8798676549313327
3.878474361188322
3.876295256450198
3.8760869213979574
3.8755115563582048
3.873794720057453
3.8712627600023426
3.8699686325437685
3.8692467091370935
3.867085112383808
3.8639797981867243
3.862210866555822
3.8612406351470265
3.8583293308389983
3.8541854109547904
3.851907079541688
3.8506759736037197
3.846974772800639
3.8417485569314884
3.8389148821486723
3.8374009258818482
3.8328416890620307
3.8264427187091967
3.822982346783183
3.8211487495924317
3.8156187989087207
3.807891077495676
3.80367965579487
3.8014611362141686
3.7947619076517665
3.785428821268388
3.780262882116696
3.7775535836796643
3.7693643332850146
3.7579826221683272
3.7516229220651396
3.7483033988689165
3.7382640282993616
3.7243498263098753
3.7159389734806725
3.7115630077924897
3.698317399237591
3.679994243870772
3.669006130268425
3.663338868870992
3.6461716446011474
3.622538905603545
3.6093052379147186
3.602578215878675
3.5821798570731316
3.5543436507014903
3.5386178594269446
3.530748410578929
3.5068312335116705
3.4744953733751474
3.4555045966995888
3.446174672502467
3.4177019693104236
3.379577153061287
3.3564216742256296
3.345312374315983
3.311175582122566
3.265975818057905
3.2371867253198143
3.2238395635902997
3.1823211287844977
3.128150409767028
3.091423236389565
3.075330564276982
3.024044082030007
2.958635861823622
2.915124262745101
2.8975930081101264
2.839312205419582
2.7673305597747713
2.7308807232862935
2.71685503794313
2.6692023616589036
2.6106997479382725
2.577244798995546
2.5650949739497455
2.5221413817871774
2.4701240002761655
2.4385224726318526
2.427986336112955
2.388479548702966
2.3415364387841198
2.3136329776190663
2.3050469549866985
2.2710730850819743
2.2310546748715714
2.207029088811691
2.200101772088178
2.171329480073562
2.13751728623479
2.116559601353426
2.1108682437320128
2.0860319454955314
2.0568950376076574
2.0382817385320955
2.033512798242193
2.0116613409153414
1.986062545685626
1.9692536220125605
1.9651779388958621
1.9456116377000112
1.9227209317677614
1.9073192199962963
1.903770971369736
1.885980401546014
1.865197445028515
1.8509140546072804
1.847774332110889
1.8313919208432134
1.812285553090891
1.7989118793196937
1.7960958298270797
1.780857524901359
1.7631186080934398
1.750504105323734
1.747951077610289
1.7336666736284159
1.7170722945183212
1.7051074556001293
1.702773709507066
1.6893047102361938
1.673691979649274
1.6622958414392748
1.6601493392171316
1.64739305740848
1.6326405741311012
1.6217518824592856
1.6197686670038223
1.6076471447982406
1.593662199792386
1.5832333275275448
1.5813950445631326
1.5698474796321051
1.556557341579842
1.5465501640158172
1.5448423776386282
1.5338199896701878
1.5211659943527789
1.5115491051621386
1.5099601518871995
1.4994227043736221
1.4873562362385584
1.478103063551304
1.4766232689680538
1.4665367013693535
1.4550164452509249
1.446103968266374
1.444725108065656
1.4350599121788972
1.4240499597694565
1.4154578269516687
1.4141727535317654
1.4049028511347097
1.3943713863061729
1.3860813040078463
1.3848836860296656
1.3759856467112899
1.3659040257517407
1.3578993306009854
1.3567834700783636
1.3482359617866202
1.3385780649982344
1.3308434223865073
1.3298041252474802
1.3215875253074594
1.3123292961861965
1.3048504863885715
1.3038829699936232
1.2959790877297894
1.2870982026650402
1.2798615280537953
1.2789613965762838
1.2713528206267979
1.262828123004506
1.2558222416339269
1.2549852385462628
1.247657342425391
1.2394702207864225
1.2326833886731343
1.2319056663915997
1.224843029734332
1.216974757868399
1.2103957973073778
1.2096737068170873
1.2028622300133611
1.1952954814668806
1.188913983498826
1.18824408979891
1.1816704817425703
1.174388919693202
1.1681950577577425
1.1675741238258526
1.161225839733046
1.1542140447421414
1.1481985356533986
1.147623508940201
1.1414887026700866
1.1347321150549832
1.1288861866859314
1.12835418773958
1.1224216705632344
1.115906540297133
1.1102219030544422
1.1097302156529951
1.1039894196647773
1.0977027622437971
1.0921715830008467
1.0917176453325088
1.0861585905751403
1.0800881462387797
1.074703024682254
1.0742844213753335
1.0688976850260394
1.0630318818139022
1.0577858278416197
1.0574002825098439
1.052176970606141
1.0465048892480255
1.0413913020545127
1.0410366703618694
1.0359683907996142
1.0304797315288694
1.0254923797333888
1.0251666427812391
1.0202454796821518
1.0149305310882009
1.010063533506107
1.0097647915166754
1.0049832809389019
0.9998328897554193
0.9950806974033345
0.9948071637026779
0.9901582703579708
0.9851638126432992
0.9805211909947393
0.980271186203359
0.9757482806768173
0.9709016337564157
0.9663636467653882
0.9661355932353813
0.9617324310655532
0.9570259483003022
0.9525879409309447
0.9523803574527546
0.9480910575382927
0.943517542041146
0.9391751258486789
0.9389866223532786
0.934805648486008
0.9303583276878311
0.9261073675078643
0.925936640209198
0.921858781614918
0.9175312854615463
0.9133678829105816
0.9132137095728092
0.9092340619088026
0.9050204006488384
0.900940880974517
0.9008021163396985
0.8969160659962657
0.892810606246577
0.8888115088708458
0.888687080228454
0.8848902868429495
0.8808877348524039
0.8769657961873439
0.8768546996829609
0.8731430794000762
0.8692384612079971
0.8653906050714129
0.8652919008129974
0.8616616152449714
0.8578502478058107
0.854073582870465
0.8539863919434759
0.8504338276707768
0.8467113273858806
0.8430031127753583
0.8429266131711861
0.8394483767348283
0.8358106003880136
0.8321682733241451
0.8321016967835633
0.8286945907064002
0.8251376702942899
0.8215587967032637
0.8215014258452271
0.8181624441634098
0.8146827381097934
0.8111650241607018
0.811116188544136
0.8078425094029263
0.8044365835057489
0.8009778765891602
0.8009369517032975
0.7977259090138857
0.7943905516683257
0.7909888098115566
0.7909552104012166
0.7878043046649451
0.7845365074507054
0.7811897948936315
0.7811629765176497
0.7780698667931135
0.7748667233737093
0.7715732816226122
0.7715527351063899
0.7685151733915229
0.7653741450265734
0.7621321561999365
0.7621174063591645
0.7591333609918199
0.7560517741420566
0.7528597531738553
0.7528503613133175
0.7499178194897596
0.7468934352343457
0.7437497230401345
0.7437452755553849
0.7408624100664098
0.7378928694730543
0.7374263789515147
0.737423561803194
0.7374150849776255
0.7374037834714031