0.999093354033418
0.999068712153065
0.9990563906347075
0.9990194259751014
0.9989701378029233
0.9989700650141511
0.9989604329340201
0.9989569123435689
0.9989551149618787
0.9989511191174183
0.9989489806392631
0.9989479113955149
0.9989447036624465
0.9989404266717861
0.998938058135711
0.9989368738620078
0.9989333210388227
0.9989285839247113
0.9989258120129736
0.9989244260493848
0.9989202681559882
0.9989147242755787
0.9989116878447246
0.9989101696201883
0.998905614943569
0.998899542013972
0.998896078586011
0.9988943468601699
0.9988891516790319
0.998882224734799
0.9988724121835867
0.9988675058160351
0.9988527866930863
0.998833160893427
0.9988273915160503
0.9988183120784048
0.9988172891885678
0.9988153030135827
0.998809344484069
0.9988013997304924
0.9987970246794897
0.9987948371352978
0.9987882744974563
0.9987795242551081
0.9987750629836293
0.9987728323282
0.998766140356457
0.9987572176671813
0.9987518255474662
0.9987491294594462
0.998741041188182
0.9987302567361628
0.9987246178305624
0.9987217983463755
0.9987133398859832
0.9987020618404941
0.9986963224941023
0.9986934527886653
0.9986848436642122
0.9986733647299433
0.9986678954831197
0.9986651608303875
0.9986569568647133
0.9986460181512347
0.9986402316356587
0.9986373383450182
0.998628658464887
0.9986170851880039
0.998610455784658
0.9986071410402946
0.9985971967969608
0.9985839376696144
0.9985766806507244
0.998573052090273
0.9985621663967362
0.9985476519763646
0.9985407542118879
0.9985373052838331
0.9985269584885711
0.9985131626135528
0.9985066384635934
0.9985033763469602
0.9984935899868687
0.9984805413756146
0.9984723930357214
0.998468318801943
0.9984560960860692
0.998439798923865
0.9984366867492556
0.9984328723268353
0.9984214290464813
0.9984061711590322
0.9983983525478062
0.9983944431832729
0.9983827150761551
0.9983670774072908
0.9983656047671028
0.998362316512988
0.9983524517406663
0.9983392985756158
0.9983320148460024
0.9983283729293407
0.9983174471672238
0.9983028793197752
0.9982935414608569
0.9982888724475456
0.9982748653890726
0.9982561890387739
0.9982443758255112
0.9982384690850525
0.9982207488358764
0.9981971213969238
0.9981851048455618
0.9981790964303594
0.9981610711560782
0.9981370370014638
0.998124969766339
0.9981189360081556
0.998100834704676
0.9980766991753098
0.9980649356293168
0.998059053723235
0.9980414079768715
0.9980178798816272
0.9980065919728114
0.9980009478961037
0.9979840156402823
0.9979614388977147
0.9979499379403693
0.9979441873340028
0.9979269354880979
0.9979039326095307
0.9978924536964582
0.9978867141122956
0.9978694953328523
0.9978465365476732
0.9978330736944747
0.9978263420945656
0.9978061472595711
0.9977792202383964
0.9977609647632142
0.9977518367056655
0.9977244524720504
0.9976879390917541
0.9976734129903636
0.9976482691171132
0.997635108453075
0.9976285279540674
0.997608786423692
0.9975824638325879
0.9975700369167773
0.9975638233085686
0.9975451824521011
0.9975203274952404
0.9975076724771137
0.997501344815524
0.9974823617991323
0.9974570506022554
0.9974454619047743
0.9974396674249054
0.9974222839582628
0.997399105577148
0.9973841609277745
0.997376688388013
0.9973542707259524
0.9973243797991341
0.9973091978205001
0.9973016066079012
0.9972788329256906
0.9972484672901089
0.9972309197840642
0.9972221457370404
0.99719582353804
0.9971607262952403
0.9971433392045304
0.9971346453682502
0.9971085638019058
0.9970737874252172
0.9970542857197049
0.9970445345036153
0.9970152807848218
0.9969762746245862
0.9969542767813503
0.9969432773985231
0.9969102791608974
0.9968662799824963
0.9968415994652507
0.9968292586275443
0.9967922360027024
0.9967428705807478
0.996712250287149
0.9966969392504155
0.9966510059795438
0.99658975859411
0.9965577642951329
0.9965417661538315
0.9964937715450959
0.9964297754926679
0.9964005190392399
0.9963858899997631
0.9963420027294602
0.9962834836399492
0.9962559839007393
0.996242233305362
0.996200981385245
0.9961459764045701
0.9961112151663686
0.9960938333900392
0.9960416878514908
0.9959721566256525
0.9959400055272665
0.9959239289951388
0.9958756992179906
0.995811389546433
0.995776461520498
0.9957589963403493
0.9957066005819749
0.9956367357135806
0.9956022463854578
0.9955850005966526
0.9955332630191939
0.9954642758046015
0.9954550688657751
0.9954387653763351
0.995389854718264
0.9953246371336499
0.9952881544179805
0.9952699117959852
0.9952151836964904
0.9951422086627605
0.9951092642902211
0.9950927910692345
0.9950433712087418
0.9949774746380765
0.9949323866116022
0.9949098406768001
0.9948422025235824
0.9947520118341548
0.9946981750025163
0.9946712538336694
0.9945904898251691
0.9944827952345131
0.9944340522831294
0.994409678544456
0.9943365569174253
0.994239053868996
0.9941720945365765
0.9941386106302529
0.9940381581474108
0.9939042071315513
0.9938394575644608
0.9938070787728817
0.9937099416676175
0.9935804123237586
0.9935770303599814
0.9935451766937051
0.9934496150176856
0.9933221864200799
0.9932630252926873
0.9932334413765433
0.9931446890236671
0.9930263413479296
0.9929658575858642
0.9929356122183084
0.9928448754831649
0.9927238815248843
0.9926510243458226
0.9926145907407892
0.9925052890218387
0.9923595364672723
0.992346316485863
0.9923156872994818
0.9922237990772488
0.9921012696130526
0.9920359485675124
0.9920032840510445
0.9919052897546227
0.9917746171333525
0.9916971880000719
0.991658467780425
0.9915423060860528
0.991387404686527
0.9913080922264502
0.9912684300369381
0.9911494423794733
0.9909907722026067
0.9909058330197157
0.9908633566475649
0.9907359262814972
0.9905659961643661
0.9903473493385128
0.9902379809338345
0.9899098676168887
0.9894722314614021
0.9893487704340482
0.9893005364120173
0.9891466884068886
0.9889415241472101
0.9888299131055747
0.988774095827944
0.988606641802215
0.9883833302072116
0.9882547366056432
0.9881904242956109
0.9879974845017255
0.9877401787797477
0.9876008631023779
0.9875311870430918
0.9873221554641078
0.9870433849853817
0.986876064412824
0.9867923779122222
0.9865413134150868
0.9862064724907412
0.9862043857210105
0.9859643183111921
0.9856441470182735
0.9856285978184183
0.9855595391979176
0.9853523599674879
0.9850760603749037
0.984945069978084
0.9848795587213633
0.9846830218485964
0.9844209184757868
0.9842803248044102
0.9842100096031899
0.9839990604406121
0.9837177323748638
0.9835373544286466
0.9834471352250677
0.983176471708653
0.9828154839785948
0.9824811436137565
0.9823138696134945
0.9818120273988487
0.9811425508901046
0.9811126097802536
0.9807318938659494
0.9802240668004245
0.9800178898564775
0.979668168154986
0.9794723564087857
0.9793744149651967
0.9790805835058756
0.9786886867118674
0.97848113701636
0.9783773222704337
0.9780658698814165
0.977650464344493
0.9774405812443061
0.9773355992159128
0.9770206448727847
0.9766005661320132
0.9763945172811906
0.9762914535679561
0.9759822543413235
0.9755698546131291
0.9753320730880269
0.9752131303579682
0.9748562911870402
0.9743803280414645
0.9741241311068454
0.9739959727039276
0.9736114848095943
0.9730986274847635
0.9728654113632546
0.9727487535084124
0.9723987692700966
0.9719319525953527
0.9716755983070752
0.9715473612090861
0.9711626370381502
0.9706494641097321
0.9703928884869029
0.9702645404482738
0.9698794832544918
0.9693658663358177
0.9690406391819505
0.9688779293433892
0.9683897786718709
0.9677385784292497
0.9673585057488284
0.9671683383520884
0.9665978070332615
0.9658366433541952
0.9654939273662564
0.9653224624411437
0.9648080434310916
0.9641217835906848
0.9637259095332354
0.9635278314976565
0.9629335646703241
0.962140719162436
0.9616750877917577
0.9614420779130701
0.9607430023839717
0.9598102261143103
0.9593843226846033
0.9591712095968756
0.9585318310487158
0.9576787605183021
0.9572153430384183
0.9569834431779379
0.9562876969084634
0.9553593637878691
0.9548558108523766
0.9546038089543436
0.953847746474893
0.9528388746821049
0.9523400399533325
0.9520904031133334
0.9513414355923594
0.9503420427369591
0.9501419829100108
0.9498846936546076
0.9491127643021919
0.9480827077442038
0.9474535694184902
0.9471386552960862
0.9461938196335049
0.9449328127868417
0.9443185832597675
0.9440111403105839
0.9430887200338361
0.9418576623734377
0.9411063581476825
0.9407302196083919
0.9396016642048624
0.9380951826792023
0.9374167313045761
0.9370771102584087
0.9360581290468163
0.9346980754913342
0.9340045083148901
0.9336573161088622
0.9326156129549459
0.9312252048469741
0.930596494967041
0.9302818070745159
0.9293376369898178
0.9280775341943649
0.9274634073427118
0.9271560268903087
0.9262337807900753
0.9250029724704746
0.9242858980615289
0.9239269337510827
0.9228498960356916
0.9214122750812282
0.9207520419342907
0.9204215624598097
0.919429996750515
0.9181065865844557
0.9174560299849578
0.9171304042336355
0.9161534003118762
0.9148494460791463
0.9141031242192297
0.9137295092607302
0.9126084938329718
0.9111121204194554
0.9100799289257885
0.909562972048553
0.908011766380999
0.905940262695179
0.9049257662805107
0.9044176909899563
0.9028931292557308
0.9008572631824768
0.8997786851054865
0.8992384701762761
0.8976174304894918
0.8954525268029774
0.8944060211787777
0.8938819054425977
0.8923091706584484
0.8902088814936769
0.8891324487658724
0.8885933281337699
0.8869755393286463
0.8848149870389231
0.883578317272876
0.8829588018002599
0.8810996694806346
0.8786161934221326
0.8773902145947122
0.8767760730256291
0.8749330448356222
0.8724711097252444
0.8711651309026418
0.8705108453403118
0.8685472726520943
0.8659239680421804
0.8646149451036471
0.8639591377350415
0.8619909608919027
0.8593614640371884
0.8579635957943891
0.8572631932498798
0.8551610834413698
0.8523522142205021
0.8509920642345753
0.8503105995480778
0.8482653075241858
0.8455324616039527
0.8441316030729856
0.8434297023073317
0.8413230008649913
0.8385078442138236
0.8370832941635679
0.8363694933548306
0.8342270059078883
0.8313638219994125
0.8297320561704333
0.828914162677978
0.8264589864179428
0.8231766504714659
0.8228247682091036
0.8220909545222737
0.8198882517090619
0.8169441323259549
0.8154778251878274
0.8147430074272856
0.8125372273318289
0.8095888084513317
0.8080217167067181
0.8072362376134248
0.8048782113376275
0.8017254981329183
0.8002048656327453
0.7994426821627059
0.7971545620693831
0.7940953136159573
0.7926073688718078
0.7918615624794811
0.789622571469802
0.7866289235150724
0.7851219081957747
0.7843664644891771
0.782098450453343
0.7790655892116783
0.7774871301616605
0.7766957059639612
0.774319507357155
0.7711411643153586
0.7694499579644934
0.7686017381321414
0.7660547707633812
0.7626467441736979
0.7610107844796012
0.7601902435450211
0.7577263707651658
0.7544294384395984
0.7527652797199393
0.7519304388284642
0.749423497216554
0.746068206626496
0.7444197608625108
0.7435927052920567
0.7411090792800501
0.7377845945799758
0.7360918004165796
0.7352422872408999
0.7326910666198111
0.7292751765765183
0.727601244864025
0.7267610959662314
0.7242379470813461
0.7208592610918868
0.719147747035306
0.7182885293568292
0.715707972276893
0.7122515213908002
0.7105553595365288
0.7097037465250362
0.7071459847992901
0.7037197000325573
0.7019696760092061
0.7010907801862601
0.698450912861734
0.694913610621359
0.6931640714495308
0.692285300705022
0.6896457507790388
0.6861084444962995
0.6843458347756579
0.6834603731070301
0.6808006509322881
0.6772358184339845
0.6754365053784815
0.6745324434459419
0.6718167369100618
0.6681761986812694
0.6663632112160941
0.665452198416023
0.6627155527343954
0.6590466458486828
0.6572254518853577
0.6563102881462325
0.6535611348900535
0.6498753642873115
0.6480324542840281
0.6471063614509227
0.6443243215299593
0.6405943700840523
0.6387324422141516
0.6377968317836601
0.634986159748767
0.6312179430830817
0.629340916762563
0.6283978252255675
0.6255646555516935
0.6217666427840186
0.6198728158208708
0.6189214472311612
0.6160633931665351
0.6122325824683672
0.610323314226775
0.6093644229940808
0.6064837601465229
0.6026234471601998
0.6007006773005661
0.5997353142097063
0.5968352079815756
0.5929498925722787
0.5910164920851436
0.5900461784295666
0.5871312073822621
0.5832272888606423
0.5812847065292918
0.5803102462505663
0.5773828285688262
0.573463790650672
0.5715146349322179
0.5705374136777307
0.5676017146220562
0.563673377336136
0.5617204009465774
0.5607418723417095
0.5578022587260772
0.5538706912898377
0.5519167642199577
0.5509384344226851
0.5479994280936868
0.5440708809428397
0.5421191102834476
0.5411425964061655
0.5382090499970544
0.5342901853516566
0.5323438315087942
0.5313708179704925
0.5284477837270591
0.5245454951192676
0.5226079678020907
0.5216402029912377
0.5187329229375813
0.5148543186050737
0.512929055914918
0.511968290876746
0.50908201268126
0.5052341676680322
0.5033246039272973
0.5023725760231044
0.49951250419678417
0.49570239547336925
0.4938119284139811
0.49287034518116274
0.4900415929268393
0.4862760371492793
0.4844079593336683
0.4834784652167544
0.48068595477317405
0.47697147966112247
0.4751289433429381
0.4742131037911337
0.47146151899214406
0.46780430650912497
0.4659902944662099
0.46508958369370895
0.4623833334745882
0.458789179589865
0.4570064841385604
0.45612227760372775
0.45346547357254685
0.4499397684465798
0.44819098872718277
0.44732456518633706
0.4447210278072944
0.44126877506462403
0.4395563259989859
0.4387088756698211
0.4361621585803344
0.43278801898703634
0.43111415718450236
0.43028679835503647
0.4278002378049722
0.42450860564422865
0.4228754676852036
0.42206926922186816
0.419646050955827
0.41644115199851783
0.41485080344781144
0.4140668121110355
0.411710052415198
0.40859605833045015
0.40705054989294687
0.40628982047195855
0.40400265542915986
0.4009838062022502
0.39948523303537914
0.3987488592167192
0.3965345359320105
0.39361526184130274
0.3921658221628274
0.3914549662318502
0.38931693034540366
0.3865019661776239
0.3851034898924935
0.3844191579719442
0.38236037331832423
0.3796538763697268
0.3783137274168659
0.37765958722664883
0.375691037312434
0.3731075629641152
0.37182016888258473
0.37119373526481486
0.36930781817167635
0.36683796505925825
0.36561314362595243
0.3650192844617174
0.36323057673044395
0.360893575801487
0.35972932170923677
0.35916733280072705
0.35747355256540225
0.35526703748000665
0.35417035655574924
0.3536438077147471
0.3520555658138719
0.3499937066994165
0.3489681420700329
0.34847900801631715
0.347002056687815
0.34509286988147064
0.3441432001796394
0.34369407535365964
0.3423359989135173
0.3405898971581403
0.3397214685242908
0.33931526355245784
0.3380845492109547
0.33651317339013426
0.3357315185342903
0.3353713197347534
0.3342769055169169
0.3328926303790557
0.33220475023058266
0.3318944136673074
0.3309474768894892
0.3297656519293797
0.32917934371861474
0.3289232531255627
0.3281364232863851
0.32717452078746456
0.3266992642738486
0.3265027925597139
0.3258914958138913
0.3251708877419491
0.32481827547151204
0.3246881179276106
0.3242714686467269
0.32381880023017684
0.3236038796290538
0.32354885680173023
0.323351912095427
0.3232022481412573
0.32314542253840006
0.32317781308457805
0.32323519980124726
0.32343740463224085
0.32356907945128277
0.3237077952862136
0.32407238533503846
0.3247018388135533
0.3250755093558782
0.3253556692613908
0.32612442556214355
0.3273217574829312
0.32808424852798374
0.3286129946615593
0.33007555685391016
0.3322743397576012
0.3334573363094966
0.3342156781420229
0.33633330245925525
0.33940848570398086
0.3394546597821109
0.34146439117854493
0.344298752605289
0.3456251919812747
0.34638590965198124
0.3485576425607632
0.3515753078230515
0.3530489143239803
0.35388064326916696
0.3562602526790938
0.3595375419635246
0.36115166707066143
0.36205297103771783
0.364633877707548
0.36816496681450356
0.36990963116340625
0.370876462699874
0.37364527437589606
0.37741328834595905
0.379275344456328
0.3803014552890378
0.38323883965957467
0.3872181387882513
0.3891781855553112
0.39025349397574416
0.3933296394611286
0.39748019241570454
0.39950179458039453
0.40060612041095434
0.4037636472037712
0.40800858157393405
0.4100743331165806
0.41119920725671066
0.4144130605043317
0.4187200802821156
0.42145784010719256
0.4229868168948089
0.4272880231858319
0.43302951845913906
0.43715933449098365
0.43958826156818603
0.4462042252086457
0.45494241136839564
0.4564463425742744
0.45863910635701977
0.464632202598741
0.4725286148333814
0.4731612693857847
0.4750591566437636
0.4802786695372363
0.48715372161421266
0.49057326117522265
0.4925351680818229
0.4978896956886809
0.504910196678452
0.5086153036718585
0.5107843002895934
0.5166157049095335
0.5242008751696634
0.5281521981749244
0.5305142121803248
0.5367537390368317
0.5447890076561847
0.5490782190090909
0.5517338196860719
0.558567311957688
0.5672323786366728
0.5718819840289509
0.5749096185443258
0.5824207386443603
0.5917229445475509
0.5967431588589455
0.6002816500496351
0.6086068815991048
0.6185197098389326
0.6233577020357554
0.6269698410898672
0.6350692874950596
0.644380331247323
0.6485784838235497
0.6518164201692345
0.6588254011267843
0.6667479684958766
0.6704407912306963
0.6736226763652479
0.6801456330079506
0.6872431270875634
0.6905555527816019
0.6938404203329421
0.7001220865820333
0.7065523171833782
0.7094753570562988
0.71273649234556
0.7185713573452287
0.7241895990403457
0.7267133842284925
0.7297644549632077
0.7349388753661529
0.7397202261921934
0.7418575069870249
0.744745978261722
0.7494070378571105
0.753540007227909
0.7553765765649478
0.7581415898566147
0.7624064171952601
0.7660371378057119
0.7676392249395185
0.7703097554452916
0.7742658717507691
0.7775035275233824
0.7789203489253328
0.7815174082163149
0.7852291651982339
0.7881543247245438
0.7894219977748471
0.7919607269641539
0.7954751076197509
0.7981468110182368
0.7992916199437333
0.801783134632458
0.8051345810394944
0.8075959494839682
0.8086369151597277
0.8110898405894459
0.8143040555212427
0.8165865127573086
0.8175373909338843
0.8199589276886902
0.8230555829225449
0.8251819111669945
0.8260527428616004
0.8284491086122023
0.8314434530798769
0.8334299867992416
0.8342282317899357
0.836604579610011
0.8395082173600984
0.8413664881498374
0.8420977456039425
0.8444579444619879
0.8472792970244124
0.8490173458471335
0.8496857722826953
0.8520323964109072
0.8547772483861726
0.8564006823799719
0.8570092918691605
0.8593438625123737
0.8620160381655567
0.8635288389464197
0.8640797939299233
0.8664031118840889
0.8690051258402883
0.8704102291993692
0.8709051157954217
0.8732175440466862
0.8757511057278445
0.8770508009591976
0.8774908507288198
0.8797925064027413
0.8822588630747343
0.8834550640821329
0.8838413105486698
0.8861321826099317
0.8885323389328694
0.8896267672970273
0.8899601487625849
0.8922401676462247
0.8945750232384271
0.8955693307328716
0.8958499992283995
0.898120256235646
0.900391695283151
0.9012871344911502
0.9015182625291668
0.9037762926530912
0.9059831796463395
0.9067822731965753
0.9069626099247374
0.9092094882715848
0.9113537862604099
0.9120579915238013
0.9121892387930339
0.9144249540392257
0.9165077386956011
0.917118975313388
0.9172021979395181
0.919426758245999
0.9214491808448595
0.9219694839633705
0.9220057918788769
0.9242192408738106
0.926182541156448
0.9266140538105587
0.9266046087984425
0.9288070254298448
0.9307125278046258
0.9310574933981912
0.931003504684182
0.9331950017375978
0.9350441084320711
0.93530486006927
0.9352075784218322
0.9373883002814756
0.9391824826675742
0.939361430518413
0.9392221415295152
0.9413922614942986
0.9431330503837849
0.9432326679959389
0.9430526850173139
0.9452124023259162
0.9469013777567894
0.946924188010246
0.9467048449833053
0.9488543817371639
0.9504931627214815
0.9504417238550885
0.9501843683273868
0.9523239663920726
0.9539142008360493
0.9537910930236545
0.9534970794602194
0.9556269973724361
0.9571703524044534
0.9569781650082161
0.9566488483074499
0.9587693585476469
0.9602675116197273
0.9600088311180721
0.9596455611116829
0.9617569471409089
0.9632115774209838
0.9628889767533767
0.9624930925697567
0.9645956463657267
0.9660084271475183
0.965624455703759
0.9651972811148394
0.967291300743831
0.9686638925383549
0.96822106714343
0.9677639064029205
0.9698496938607304
0.9711837380706777
0.9706845354570474
0.9701986691408239
0.9722765286618484
0.9735736423167622
0.9730204919961337
0.9725071743807794
0.9745774102265069
0.9758391810691796
0.9752344595824693
0.97469491577207
0.9767578306779057
0.9779858128816854
0.9773318391710224
0.9767672619115216
0.9788231565172251
0.980018867705667
0.9793178985052051
0.9787294475834329
0.9807786181881094
0.9819435361696092
0.9811977627773286
0.9805865628969738
0.9826293011055794
0.9837648617412289
0.9829764078948114
0.9823435479850829
0.9843801389905814
0.9854877340462593
0.9846586536947668
0.9840051854750379
0.9860359082414667
0.9871168840602507
0.9862491607714021
0.9855760982918321
0.9876012242677126
0.988656881743719
0.9877524256766931
0.9870607454511325
0.989080539706587
0.9901121316970338
0.9891727837068188
0.9884634223639598
0.9904781418330844
0.9914868764816586
0.9905144000727334
0.9897882607625105
0.9917981539742154
0.9927851906943433
0.9917812817625018
0.9910392296297235
0.9930445345110295
0.9940109860163711
0.9929772692839413
0.9922201369028402
0.9942210785936464
0.9951680082102393
0.994106044949854
0.9933346142206966
0.9953314198306873
0.9962598501335931
0.9951711238750169
0.9943861535623064
0.9963790364157035
0.9972899437875556
0.9961758748187497
0.9953780868176972
0.9973672509501599
0.998261568276433
0.9971235069109754
0.9963135898152544
0.9982992325627875
0.9991778539866745
0.998017081556723
0.997195701564039
0.9991780092966576
1.000041779738994
0.9988595341757334
0.9998999807714557
0.9999369202248726
0.9999660970294859
0.9999999997245083