0.2351687785653399
0.2351799366486871
0.23518551668382548
0.23520225719706553
0.23522458170039795
0.2352273963695181
0.23522995270160704
0.23523051628556094
0.23523295838823893
0.23523413065624232
0.23523470969344515
0.23523645028063703
0.23523876645441724
0.23524008349521272
0.2352407419934697
0.2352427174947998
0.23524536007093172
0.23524666870391073
0.23524732808205284
0.23524931016382478
0.23525193136407307
0.2352533308016612
0.23525402681417773
0.2352561023932862
0.23525890382317674
0.23526032274225975
0.2352610418761177
0.23526319928543624
0.23526607589216275
0.23527043872912096
0.23527262029873472
0.23527919116953377
0.2352878356296793
0.2352892450705151
0.23529238259341967
0.2352939418126708
0.23529856363319362
0.23530491707404214
0.2353063218228282
0.2353080637812127
0.23530894724061083
0.23531159763025325
0.23531512016889844
0.23531718792519532
0.23531821833190786
0.2353213095674409
0.2353254579693288
0.2353274601377266
0.2353284694379783
0.23533149735346
0.235335508669443
0.2353375856210816
0.2353386184455938
0.2353417107676067
0.23534584225079153
0.23534828527017876
0.2353495068918039
0.23535315718997196
0.23535807422975996
0.23536056919934756
0.2353618300977558
0.2353656128157142
0.23537065662784967
0.23537330212775456
0.23537462855673486
0.23537860786873677
0.235383930945373
0.23538694384346717
0.23538844886182114
0.23539298198785727
0.23539900226532287
0.23540232488368412
0.2354039774012995
0.23540891528271518
0.23541556673224528
0.23541874971688392
0.2354203545982655
0.23542516927887314
0.23543154782000372
0.2354345760191901
0.2354360774861085
0.23544058191911246
0.2354465880968984
0.2354503246129874
0.23545219716043908
0.23545782599308956
0.235465246308081
0.23546897325421662
0.2354708295732381
0.2354763655695494
0.2354837915175576
0.23548811867973168
0.23549029335671617
0.2354968174540736
0.23550548884902386
0.23551003447010757
0.23551229379749095
0.23551911226797703
0.23552803594174615
0.23552895688584793
0.23553086984969948
0.23553662019555155
0.2355442724872487
0.23554931495223672
0.23555183077355507
0.2355593484158061
0.2355694747940489
0.2355753760235167
0.23557834408755168
0.23558733676566498
0.23559898672127486
0.23559982870936708
0.2356072591278983
0.23561716708139924
0.23563334461422897
0.23564143545262642
0.23566580486095276
0.23569777015405627
0.2357074210371512
0.23571323836186575
0.2357161050204963
0.23572467115225637
0.2357362462408979
0.23574192865265858
0.2357448230028626
0.23575348907376859
0.2357649938681399
0.23577084982086075
0.2357737555453169
0.23578243845810049
0.23579420829964237
0.2357966063748539
0.2357993725214226
0.23580768739934366
0.23581861460467513
0.23582415627331263
0.23582687590119406
0.2358350348877203
0.2358459144183722
0.23586611488046724
0.2358762407361657
0.23590632121932115
0.23594772256834112
0.23595285496831608
0.23595762064546644
0.2359720306988692
0.23599085725730706
0.23599982521339888
0.2360041901660417
0.2360172595420856
0.2360349401949757
0.23604277144686794
0.23604677387587206
0.23605868746483374
0.2360748480605408
0.2360831741469407
0.2360874382192782
0.23610013071596522
0.2361174557247033
0.23612545692854822
0.23612956915269842
0.23614197863366992
0.236158329064705
0.23616702592504518
0.2361713187153646
0.2361842477383858
0.23620131658879454
0.23621133511927372
0.23621629414815562
0.23623125892819158
0.23625085131962195
0.23626092135233617
0.2362658291653404
0.23628066833806646
0.2363002448591798
0.23631139161277098
0.23631693684751512
0.23633354058953965
0.23635565599901465
0.23636760960956738
0.23637354808342004
0.23639157274498102
0.23641496642341744
0.23642759827793727
0.2364337742884866
0.23645223097737855
0.23647678546042578
0.2364885474370561
0.23649436570750923
0.2365119569810817
0.23653509287176966
0.2365556813321411
0.23656585491793106
0.23659673358078195
0.23663694712961594
0.23665753465421444
0.23666759836794646
0.2366975571303674
0.23673869084181076
0.23675751420166297
0.23678878633955708
0.23680281601848963
0.23681006025353754
0.23683200382572087
0.2368606379931164
0.23687759360243485
0.23688589102209634
0.23691083219908213
0.2369440310229586
0.2369598018836912
0.2369677173886455
0.23699123712201675
0.23702338512235688
0.23703847276870635
0.23704620443788488
0.23706948955853285
0.23710052032941964
0.23711805460139387
0.23712682060458296
0.2371532204558821
0.23718808529148266
0.23720836875830142
0.23721839019525437
0.23724868669415541
0.23728867013718033
0.23730924003487788
0.23731950358559006
0.23735017848637252
0.23739099474102543
0.2374110168596395
0.2374209473164001
0.23745091044240643
0.23749028643261574
0.23751395256117777
0.2375256588439612
0.2375604466062011
0.2376081324939796
0.23762923515200174
0.23764017861842957
0.2376728245214784
0.23771687312075532
0.23774481929807464
0.2377588530466091
0.23780111659780456
0.23785727763713194
0.2378960378458355
0.2379153293710055
0.23797331821003756
0.2380502989184798
0.2380896734311682
0.2381092728046416
0.23816807610884042
0.23824604998459437
0.23825873375343076
0.23827546200210462
0.23832602582159995
0.23839179090616153
0.2384007246638857
0.23841572263003374
0.2384607195656569
0.23852074203136306
0.2385516300616961
0.2385671017059661
0.23861369218116443
0.23867488065162384
0.23870622694757987
0.23872168819082257
0.2387681608095975
0.2388294968731457
0.23886426080130352
0.2388814953204677
0.23893329804149957
0.23900146941193715
0.23903491227883508
0.23905138726055056
0.2391004537066975
0.23916696331174803
0.23920193725139818
0.23921978579596706
0.2392732377438297
0.23934467551200214
0.2393812641952878
0.23939960761462012
0.23945434161271406
0.23952796194049308
0.23957530482572867
0.23959906336621553
0.23967047636452882
0.23976530646478628
0.23982299738585972
0.2398517498482857
0.23993770643430218
0.24005415033742922
0.24006794177239285
0.24009509075694282
0.24017640127005244
0.24028478155189933
0.24034306191607166
0.24037213271355942
0.24045966803292
0.240574744051324
0.24059812276029535
0.24062820772334287
0.24071767423255147
0.2408398140514676
0.24089389985194465
0.24092175506186486
0.24100577358347403
0.24111575281974332
0.241172402637586
0.24120035030635736
0.24128317710257247
0.24139661083042321
0.24145589441267004
0.24148633397158592
0.24157718762546562
0.24169973236978773
0.24177306690365594
0.2418100735729902
0.24192130491375874
0.24206951459515766
0.24217516375431727
0.24222812772893743
0.24238569254110418
0.2426013716700325
0.24263585137210153
0.24280407753768463
0.24288275877884913
0.24300521452933177
0.24308040847862605
0.24311778742304974
0.2432307031311263
0.24338002329737574
0.24347890088905133
0.24352800276579314
0.24367558775728357
0.24387284780832855
0.2439843703824148
0.24404005992505562
0.24420828056812055
0.24443089214367633
0.2445545283749613
0.2446160398743645
0.2448004735328304
0.24504732360552453
0.245188453874613
0.24525905080301097
0.24547159614418565
0.24575612341284506
0.2457631587468153
0.24581981862130187
0.24598916122708647
0.24621794015198256
0.24633442681706494
0.24639357915995613
0.24657038131418998
0.2468077318968617
0.24697617834324498
0.24706070210612902
0.24731595302191636
0.2476512308808534
0.24768208425328575
0.24779229736927794
0.2481241166141948
0.24856659705901163
0.2487854470853945
0.24889484424905464
0.24922467826258848
0.24966176669078588
0.2497468817861617
0.25004709185229124
0.25018113589039703
0.25024993236289145
0.2504553251507026
0.25073366095365524
0.2508702772003556
0.25093986857927175
0.2511484036767342
0.2514280211182737
0.25161000252267895
0.25170162331102397
0.2519756155146345
0.2523452268189707
0.2525282391855198
0.25262120493484636
0.25289962736852867
0.2532717547889684
0.2534652806102434
0.2535621845036041
0.2538528169774404
0.2542420595548183
0.25449668389328395
0.2546247933249553
0.2550095916411232
0.25552302989377573
0.25585392911485005
0.25601956489794453
0.25651813656029765
0.2571834881917115
0.2576249216580105
0.2578467891581638
0.2585138653843076
0.2594012536058981
0.25972880535614956
0.2603716214982705
0.26050850357053773
0.2607167456487726
0.2613393861610664
0.2621840413037081
0.2624304219659476
0.26304172104490003
0.2633723972951527
0.2635391189591131
0.26403963572834227
0.26470991537393335
0.26514659690181724
0.26536631188796334
0.2660275352570288
0.26690683046847286
0.2669465681691853
0.26745130221602414
0.2681249708690301
0.2685484473209655
0.2687608150477465
0.2693984834804522
0.27025334610333673
0.270781872519547
0.27104799634279875
0.27184806236719733
0.272917539349912
0.2734210827981727
0.2736728945185076
0.274430219483842
0.2754433810646169
0.27608736741529444
0.27641162702724775
0.27738615883222256
0.27869401269323196
0.27956512084971685
0.2800050055517718
0.2813267672230112
0.283107896527052
0.2833485886488415
0.2844471470635349
0.2859316292784796
0.2860964583231111
0.2871865957880122
0.28864848314784647
0.28938913522185367
0.28976172579243104
0.29088053586130086
0.29238756163249474
0.2930992482892164
0.29345887272110605
0.29453890279557765
0.2959918948292787
0.29677034648907324
0.2971633579906385
0.2983452446897307
0.2999322215568989
0.3010360342749207
0.30159417214551404
0.30327257630097765
0.30553823361897725
0.3059034410447115
0.3074030377139392
0.30942078884643864
0.3107746284814914
0.3114609831217487
0.3135244231169013
0.316318944656864
0.3170773702932936
0.3192579348933516
0.3203419180011488
0.3208900337711496
0.3225374121504075
0.32476069981870503
0.32579568309721635
0.32631912604569446
0.3278926599401392
0.33001288709138416
0.3312121647418665
0.3318190612942523
0.3336439131209823
0.3361066443520416
0.3373253768586797
0.33794197172901286
0.3397965004825333
0.3422983855063507
0.34358981165599
0.3442435243968035
0.34620872600360414
0.34886514685690506
0.3493045714635279
0.34995800770858987
0.3519228296324364
0.3545768950079785
0.35582721930133737
0.35646022156091234
0.3583639205409885
0.3609314113267501
0.36242062464670577
0.36317527127178845
0.36544567008720225
0.36851491872120495
0.36997584086140023
0.3707158398171038
0.37294196248489214
0.3759504607768102
0.37744745575066696
0.378206125090225
0.38048851656913374
0.3835732557649774
0.385159265791465
0.38596355953635775
0.38838286328982824
0.39165700953218546
0.3932256940437269
0.3940214411505927
0.3964153558009443
0.3996532746927205
0.4013253459656778
0.40217406377983017
0.404727478840633
0.408185298546514
0.40987873864334173
0.41073875257380876
0.4133262367771317
0.41682999968863743
0.41864691479739147
0.419570360294614
0.4223492196344715
0.42611621051015997
0.4280101058115588
0.4289732386823418
0.4318720420329688
0.43580352037607345
0.43778119809691185
0.4387875184796451
0.4418165703242542
0.44592655575293727
0.44803795085486664
0.4491131419762759
0.4523500868807296
0.45674587842561915
0.45896777178726333
0.4600998129933238
0.4635084272721437
0.4681394849410454
0.4704924687121644
0.47169191288636947
0.47530378593427425
0.4802143431044044
0.48266043038638157
0.4839076211090377
0.4876633203115779
0.49277027279312435
0.49534165075310554
0.4966530233902034
0.500602477050554
0.505974120421903
0.508686139428723
0.5100694657104471
0.5142361381862229
0.5199044710867026
0.5227681739129426
0.524229004255563
0.5286294901200067
0.5346177912984106
0.5376065911906318
0.5391311312814201
0.5437239318305054
0.5499732837932104
0.5531356904757961
0.5547488226164519
0.5596091071173347
0.5662238727600727
0.5695481115494033
0.5712436492735442
0.5763527934124468
0.5833063004737455
0.5868247724386174
0.5886193014863017
0.5940276907068288
0.601389227700365
0.6051136609641183
0.607013123647937
0.6127384696396532
0.6205328350121249
0.6244529990043075
0.6264520567752888
0.632478203389592
0.6406825037248476
0.6448026287519312
0.6469033437781965
0.6532365991873914
0.6618589112307196
0.6661996457957019
0.6684125177255579
0.6750847570116435
0.6841686870848277
0.6887447704266919
0.6910772553973429
0.6981109976408012
0.707687246300939
0.7125146425696335
0.7149748092134529
0.7223944753667855
0.732496554127372
0.7375673446722385
0.7401509250475103
0.7479435739574624
0.7585525889972562
0.7638895665470788
0.7666080967372506
0.7748087176381022
0.7859723586709618
0.7915918383629251
0.7944534835401039
0.8030868099143827
0.8148385601948019
0.8207506588583179
0.8237603674373047
0.8328413981836685
0.8452010117672094
0.8514244082726352
0.8545914999005888
0.8641484913273685
0.8771541958555966
0.8836969912769911
0.8870253245812276
0.8970699771536892
0.9107368274584774
0.917614761840815
0.9211121057539958
0.9316679641855954
0.9460274025663604
0.9532582626544427
0.9569334041163514
0.9680270630378938
0.9831149946164918
0.9906989247116066
0.9945515974079925
1.006182293000498
1.0219961527241885
1.0299560628883897
1.033997622936772
1.0461998301900415
1.0627860452744875
1.0711379405298043
1.0753761724632966
1.0881735381148456
1.1055635227867637
1.1143172217811594
1.1187567370353164
1.1321632817836174
1.1503749283119724
1.159547124045455
1.1641960086031076
1.178236263957501
1.1973021534243515
1.2069001410654743
1.211761665227207
1.2264456120608989
1.2463778440345532
1.2564192821749276
1.261501931184772
1.2768553953620163
1.2976879254176783
1.308187517711305
1.3134982177397287
1.3295422841745594
1.3513024331164343
1.3622706570917988
1.36781412881945
1.384563201462327
1.4072688750862672
1.4187165276124398
1.424497580409147
1.441966369881825
1.4656356675517035
1.4775748640999018
1.4835988865083205
1.5018038721056641
1.5264572042836206
1.5388959679232423
1.5451661952058924
1.5641173484453583
1.5897659923275391
1.6027446603462923
1.6092806298595816
1.6290376055179265
1.6557606130504607
1.6692129278754804
1.6759799948305383
1.6964375120543185
1.724087660549207
1.7380653002709323
1.745088548481196
1.7663232755727638
1.7950027526184231
1.8094917661132408
1.8167629730837487
1.838750209808268
1.868422084473117
1.883434177772023
1.8909579551155062
1.9137121872913403
1.9443930007717187
1.9598953176157077
1.9676538324005601
1.9911212333986494
2.0227343233119104
2.0387326997666517
2.046727469434094
2.0709132921737723
2.1034625701302643
2.1199481544367957
2.1281732677167615
2.1530602370323453
2.1865188797760244
2.2034738729610877
2.2119188941204766
2.2374760615079765
2.2717987373010318
2.289196740205279
2.2978469334442564
2.3240303584655053
2.359154302970108
2.3769731977951163
2.3858159152766616
2.4125881650822647
2.448459589687923
2.466670746178156
2.475690096273586
2.5030039814630807
2.539556094201675
2.5581271004435244
2.5673053005011788
2.595108005524278
2.6322666354922273
2.6511604368772326
2.6604774035506003
2.6887092334220606
2.7263911722087917
2.7455697275258184
2.7550048509599327
2.7836046565858887
2.8217249073103656
2.8411481273384243
2.8506797302107554
2.8795832601370965
2.918052751138273
2.9376775885659856
2.9472824527639183
2.9764209069649112
3.01514446604874
3.034928615092789
3.0445836929968504
3.073888976657087
3.1127721312525165
3.1326768255841624
3.1423604470212587
3.171768910275845
3.210722495344611
3.230717397588851
3.240411356502358
3.2698702863389517
3.3088184372669516
3.32889364831314
3.338588412099756
3.3680722415014004
3.4069726828148763
3.4271654471742474
3.4368716769599286
3.466417929124794
3.5053069801388843
3.52577742993202
3.53555857649739
3.565369723928433
3.604490094240465
3.6258237765030703
3.635925405565131
3.666773772682674
3.7070825319586
3.7325584864941317
3.7443501686008274
3.78054533249049
3.827408628300702
3.8277776655966145
3.8553858756796986
3.8911586590155047
3.892964895845103
3.914131575675796
3.9416045146742396
3.944751217637739
3.950471764999961
3.9678948691540863
3.990510415208378
3.9947530027615947
3.999556943249702
4.014170195697175
4.033133516407018
4.04164833091665
4.045680948747004
4.057934423137153
4.073822944100754
4.0809998167906505
4.08439927953435
4.094718049548144
4.108082824430275
4.114095554929193
4.116943406597743
4.125578179472568
4.136745539766209
4.141725004384692
4.144082494147662
4.151221805670195
4.160437501948395
4.162159696386188
4.164105570352408
4.169991165876447
4.1775748952167335
4.178484130461504
4.180054424240405
4.184798072704001
4.190900988061942
4.193670951477769
4.194975254888192
4.198911573162051
4.203948401547762
4.20662553692378
4.207859498855617
4.211581037515694
4.216262412551552
4.218631137805659
4.219688795130792
4.222872862268597
4.226761072576989
4.2286566501669585
4.229449679359051
4.231828483677062
4.234546633531104
4.2357880447606995
4.236214368752364
4.2374813768476525
4.238587428404843
4.238912849144628
4.238821082264527
4.238524555448097
4.2373595423170585
4.236302568703592
4.2354266347783875
4.232772489812712
4.2281849298868215
4.22490740043438
4.22279454997496
4.216427974644027
4.206507378333581
4.200381454766904
4.196828519916783
4.1861307144877475
4.1703277453910035
4.160701616684668
4.155408214189731
4.139437349065141
4.116569695654464
4.102326521168558
4.094788331409795
4.071955730592071
4.039968584674303
4.019402432698692
4.008901197188579
3.976883683538804
3.932867508186707
3.90276511024345
3.888051374412077
3.8426321872600244
3.781461693173075
3.733885631124095
3.7123541313046933
3.6438376070921765
3.5545862547845806
3.5125955956079133
3.494511531473936
3.4359980534463297
3.361328538627492
3.3204682366748752
3.3037475278297714
3.248300631952193
3.178685228060466
3.13501119800696
3.118562487275898
3.0612510711921064
2.991201042240308
2.9497042458611324
2.935370446860945
2.882786713386459
2.8197370070200867
2.783909986430672
2.7723009242476135
2.7279913668551465
2.6751302235448313
2.6442150925231247
2.634716485334521
2.596947994508414
2.55202816527004
2.5249863359365574
2.517100574410129
2.484406085198975
2.4456056606036376
2.42160287851274
2.4149506779555194
2.3861991673956897
2.352136494052506
2.3305275488520336
2.3248234149329705
2.299156052284876
2.2687933379644645
2.2490875310278833
2.2441188372721714
2.2208909121505527
2.1934553151189733
2.175283975419523
2.1708937662038683
2.1496256687739006
2.124545544435178
2.1076338764004396
2.103706927694297
2.084043707771299
2.06089739957752
2.0450410720202177
2.041492834766817
2.023171694030556
2.0016472706646264
1.9866936868732727
1.983461779120254
1.9662867976223317
1.9461513659786287
1.9319852681173453
1.9290231380976743
1.912846308003453
1.8939233601364094
1.8804561665498554
1.8777285034639244
1.862435929001354
1.8445890531634572
1.8317511880255355
1.8292306645047554
1.8147327455215572
1.7978541199344256
1.785589602112264
1.7832545887513995
1.7694791325562025
1.7534814748256895
1.7417441399261502
1.7395771095194197
1.726464526375899
1.7112754780740238
1.700026349134516
1.6980127626102453
1.6855127161416263
1.6710709209948498
1.6602763753891518
1.658403901893172
1.646472966626217
1.6327253207624626
1.6223558060423928
1.6206137745398361
1.6092137892059228
1.5961135024955007
1.5861426307824111
1.5845216423122392
1.5736185446171487
1.5611237646908716
1.5515276690313833
1.5500193207314317
1.5395823165155014
1.5276551445287905
1.5184120175964404
1.5170087046840612
1.5070096704744125
1.495615450710188
1.4867052115609267
1.4853999837721186
1.4758130332851451
1.4649198351524788
1.4563442432597633
1.455129241608051
1.4459516503912793
1.4355459558837207
1.4272532314435653
1.4261252203440469
1.4172919706602647
1.4073135622730069
1.3992957547569786
1.398247960638876
1.3897600043023108
1.3801999863942822
1.3724484354244062
1.371475682229275
1.3633137350491589
1.35414816153607
1.3466487007101453
1.3457461625339948
1.3378919037200698
1.329098137983742
1.321837388295591
1.3210005442894268
1.3134367714836421
1.3049935610026386
1.2979589444504211
1.2971835548638673
1.2898941052645048
1.281781483966906
1.2749611700453012
1.2742432560975057
1.2672129359522497
1.2594121378447924
1.2527949953531445
1.2521308218140035
1.2453453440657583
1.2378387265347135
1.2314142806086403
1.230800340362181
1.2242462688063873
1.2170172441391742
1.210775636673165
1.2102086368448208
1.2038733351975235
1.196906307596901
1.1908382611591222
1.1903151104192893
1.1841866954886056
1.1774670030671384
1.171563787471775
1.1710815843237146
1.1651488824428209
1.1586627438117494
1.1529161440750313
1.1524721659626822
1.1467246720630095
1.1404591353327982
1.1348614225539315
1.134453115585648
1.1288809551477195
1.122823850630048
1.1173677539536941
1.1169927232761387
1.111586616033011
1.1057265108856402
1.100405191375705
1.1000611921471575
1.094812417470987
1.0891385749365745
1.0839455996959333
1.0836305282859082
1.0785308940453033
1.0730332305158052
1.0679625509583242
1.0676744369363511
1.0627162473090057
1.0573852968215547
1.0524312237084592
1.0521682220624529
1.0473442489763194
1.0421711262567523
1.0373283106176405
1.037088694148409
1.032392151338425
1.0273685163658388
1.0226319281312513
1.022414081127347
1.0178385939465011
1.0129566216977655
1.0083215308013493
1.0081239414764684
1.0036635277464316
0.9989158743468949
0.9943778358186773
0.9941990908245639
0.9898481322523228
0.9852279149211052
0.9807827421710297
0.9806215203644213
0.9763747433611025
0.9718754967893534
0.9675192593761802
0.9673743258402183
0.9632267823139288
0.9588424392631667
0.9545714431057906
0.9544416447037904
0.9503886843246712
0.9461135671481958
0.941924326958451
0.9418085864701291
0.937845846509413
0.933674627252387
0.9295638658685237
0.9294611778740879
0.9255845627140138
0.9215122311207442
0.9174768719168773
0.917386297945329
0.9135919598564364
0.909613826284327
0.9056509720622489
0.9055716354966827
0.9018559634578937
0.8979676480075603
0.8940745470143878
0.8940056326476146
0.8903652376800317
0.886562559024456
0.8827366866110441
0.8826774293709182
0.879109132024915
0.875388245101306
0.8716271564187261
0.8715768464486033
0.8680776522165926
0.8644349050432496
0.8607363349845787
0.8606943109052553
0.8572613955235878
0.8536934280054942
0.8500551875396447
0.850020828978015
0.8466515850145057
0.8431550471400249
0.8395752206774899
0.839547956588743
0.8362398500908482
0.8328119218460712
0.8292884474654242
0.8292677361055883
0.8260184991296039
0.822656138336237
0.8205809574014078
0.8203273705951228
0.8184645449344161
0.8161825847314967