0.23516221567870618
0.23517337154729048
0.2351789504747451
0.23519568766382382
0.23521800773226992
0.23522082184826953
0.2352233776708798
0.2352239411445311
0.23522638276020813
0.23522755479760699
0.235228133719703
0.2352298739614653
0.235232189674774
0.23523350645379168
0.23523416482115644
0.23523613992979464
0.23523878198206188
0.23524009035366408
0.23524074960097252
0.23524273129011747
0.23524535196743096
0.23524675112880997
0.2352474470033214
0.23524952216874592
0.23525232304606744
0.23525374167992746
0.2352544606708988
0.23525661765153885
0.23525949368664992
0.23526385565658123
0.23526603679263536
0.2352726063618555
0.23528124908943743
0.23528265825831973
0.23528579516121054
0.23528735407070053
0.23529197496341764
0.23529832716164356
0.2352997316203339
0.23530147322798456
0.2353023565116596
0.23530500637410426
0.23530852821007195
0.23531059555585554
0.23531162575739936
0.23531471637738802
0.235318863957713
0.2353208657252524
0.23532187482483574
0.23532490213827595
0.2353289126521794
0.23533098919247314
0.23533202181146193
0.2353351135170395
0.23533924417798754
0.2353416867110029
0.2353429080894258
0.23534655765834273
0.23535147372427187
0.23535396819288854
0.23535522884042112
0.23535901080569577
0.23536405361411708
0.23536669858537904
0.23536802474991902
0.23537200326853727
0.23537732528669722
0.23538033758267823
0.23538184229999545
0.23538637452233366
0.23539239359535125
0.23539571555450528
0.23539736774273964
0.23540230463646847
0.2354089547669592
0.23541213711239006
0.23541374167376883
0.23541855539427634
0.235424932656214
0.2354279602557547
0.2354294614231852
0.23543396495764513
0.23543996993717892
0.23544370570709586
0.23544557788131001
0.23545120559380953
0.2354586244173623
0.23546235062504206
0.23546420657500666
0.23546974146495359
0.23547716593627224
0.23548149223058573
0.23548366647328592
0.23549018926762133
0.23549885892558986
0.23550340364145378
0.23550566251656146
0.2355124796288991
0.23552140149610137
0.23552232227337788
0.2355242348541288
0.23552998405022643
0.23553763480903234
0.2355426762676399
0.2355451915858644
0.23555270771945092
0.23556283208271825
0.23556873212330276
0.2355716995923258
0.23558069048259364
0.23559233806327962
0.23559317991404014
0.2356006088449098
0.23561051481433443
0.23562668910652118
0.23563477832395863
0.23565914286434553
0.23569110167635712
0.23570075065909915
0.23570656683090735
0.2357094329142004
0.2357179973206149
0.2357295701037663
0.23573525135836823
0.23573814512841362
0.23574680945902893
0.23575831193373772
0.235764166717503
0.23576707185803697
0.23577575301972567
0.2357875205203121
0.23578991809280986
0.2357926836837762
0.23580099689415285
0.23581192187997937
0.23581746245057594
0.2358201815308243
0.23582833887418522
0.23583921621331042
0.23585941260468862
0.23586953642339134
0.23589961080037172
0.23594100396250062
0.23594613520964178
0.23595089992239082
0.23596530707855615
0.23598412978313624
0.23599309596620285
0.23599746003555586
0.2360105267617756
0.23602820387270496
0.23603603351491081
0.2360400351364523
0.23605194630513313
0.23606810366459485
0.23607642803505566
0.23608069124637587
0.23609338116221573
0.23611070271683202
0.23611870225845477
0.23612281364814997
0.23613522062306685
0.23615156771687834
0.23616026283240837
0.23616455475175094
0.2361774811597311
0.2361945465267467
0.23620456303840154
0.23620952105909052
0.2362244828111503
0.2362440711735672
0.23625413919789198
0.236259046010135
0.23627388217638576
0.23629345469284244
0.23630459919226404
0.23631014330045758
0.23632674366265138
0.23634885456378316
0.23636080574727347
0.2363667430083804
0.2363847640244069
0.23640815285757835
0.23642078219150384
0.23642695694544816
0.23644540986522178
0.23646995932117432
0.23648171891208605
0.2364875359911848
0.23650512368553014
0.23652825481028422
0.23654883908962146
0.23655901058744608
0.2365898829722925
0.23663008816945053
0.23665067155453368
0.2366607332042643
0.23669068577777883
0.2367318111943007
0.23675063055524734
0.23678189638563868
0.2367959230923349
0.23680316583411457
0.23682510491844927
0.23685373311578592
0.2368706852951792
0.2368789810045147
0.23690391704660588
0.23693710901978168
0.23695287662373068
0.23696079049885116
0.23698430534710024
0.2370164468056172
0.23703153125944654
0.23703926132632286
0.2370625416352496
0.2370935659858993
0.23711109662706123
0.2371198608141813
0.2371462552114964
0.2371811127784549
0.23720139206752067
0.23721141141821692
0.2372417016478455
0.23728167673540104
0.2373022423755066
0.23731250379710223
0.23734317231014504
0.23738398004140204
0.23740399801179124
0.23741392639592226
0.23744388329536004
0.23748325099209616
0.23750691223207798
0.23751861607308358
0.23755339651483906
0.23760107259168534
0.23762217070206632
0.23763311188193545
0.2376657509264506
0.23770979035535963
0.23773773063314224
0.23775176142829418
0.23779401610726375
0.23785016530574013
0.2378889173778024
0.23790820483388703
0.23796618144856868
0.23804314583607297
0.2380825120627176
0.23810210729229045
0.2381608981505392
0.23823885541176298
0.23825153655765122
0.23826826125364237
0.23831881439331376
0.23838456526410015
0.23839349724926018
0.23840849202039188
0.23845347936257427
0.2385134890168302
0.23854437044514354
0.23855983878535597
0.23860641933419527
0.23866759457730422
0.2386989342455509
0.2387143921792031
0.23876085485766171
0.23882217766605768
0.2388569341871375
0.2388741650045362
0.23892595660623542
0.23899411315287683
0.2390275489188614
0.23904402035520053
0.23909307616625095
0.23915957153416945
0.23919453777887276
0.23921238246183568
0.23926582281594308
0.239337245092891
0.23937382581752448
0.23939216525287577
0.2394468872957125
0.23952049163388317
0.23956782414362865
0.23959157748835896
0.23966297487389635
0.23975778411967433
0.23981546242020288
0.2398442085675103
0.23993014618654648
0.24004656466971144
0.2400603528551102
0.24008749585585767
0.24016878839416209
0.24027714464588554
0.24033541211918447
0.24036447646546144
0.2404519923889145
0.24056704252371744
0.24059041618687826
0.24062049444886482
0.24070994084598465
0.2408320536770326
0.2408861270387753
0.24091397599577666
0.24099797571442252
0.2411079298772452
0.24116456710652495
0.24119250848585164
0.24127531641718494
0.2413887248247976
0.24144799466831765
0.24147842732296074
0.2415692602438343
0.24169177721506435
0.2417650948410222
0.2418020930320119
0.2419132988777736
0.24206147444509554
0.2421670992569591
0.24222005102624197
0.24237757915827182
0.2425932089384506
0.24262767986675593
0.24279586739048778
0.24287452984412453
0.2429969568296443
0.2430721331624941
0.24310950329234252
0.24322239247492256
0.24337167718688404
0.24347053149118802
0.2435196217120177
0.24366717163075174
0.24386438467802685
0.24397588056884492
0.24403155674150573
0.24419973711061674
0.24442229475641586
0.24454590119841238
0.24460739777617274
0.24479178652165834
0.24503857632155213
0.24517967191454765
0.24525025145337076
0.24546274439627655
0.24574720128448113
0.24575423469432595
0.24581088049310898
0.2459801807646463
0.2462089028289894
0.24632535992531546
0.24638449741484997
0.2465612548903555
0.2467985455067897
0.24696694900316474
0.2470514512062123
0.24730663708332282
0.24764182772027293
0.24767267373590882
0.24778285833029912
0.24811459145708026
0.24855695587985385
0.2487757482822773
0.24888511650893697
0.24921486313949587
0.24965183396981613
0.24973692640032344
0.2500370563387806
0.2501710632927577
0.2502398411014006
0.2504451777350424
0.2507234380078547
0.2508600161669237
0.2509295883974559
0.2511380658498751
0.2514176058747292
0.2515995364006882
0.25169113163254864
0.25196504683685983
0.25233455443465785
0.2525175143488604
0.25261045371549695
0.25288879664051306
0.25326081711659715
0.2534542871063742
0.253551162973571
0.25384171095304353
0.25423083981003614
0.25448538904396256
0.25461346070396923
0.2549981449424821
0.2555114293289184
0.25584222886977315
0.25600781449111937
0.25650623432796754
0.257171380515502
0.25761267659717185
0.2578344747806468
0.2585013406798424
0.25938844310569037
0.2597158895576017
0.2603584968579073
0.260495332798299
0.26070350630805716
0.2613259391264175
0.2621703116351303
0.2624166068820625
0.2630276967862353
0.2633582582771072
0.2635249221439166
0.2640252641170202
0.26469530727243984
0.2651318330050468
0.2653514694104517
0.26601245446567706
0.2668914262516725
0.2669311506013395
0.26743569783877813
0.2681091139377035
0.2685324306706298
0.2687447179135965
0.26938214248970904
0.2702366740799269
0.27076499317288905
0.2710310122784971
0.27183076023253283
0.2728998039092241
0.2734031420893828
0.27365485030785824
0.27441186114225075
0.27542459536000646
0.27606830684677014
0.2763924274059589
0.2773665359820276
0.27867381078212344
0.27954452670352187
0.2799842121993902
0.2813053647878446
0.2830856534655749
0.2833262304969512
0.28442425652575476
0.28590800806767014
0.28607275341705873
0.2871623415604342
0.28862347650503994
0.2893637423260371
0.2897361374050072
0.2908543521029626
0.2923605616879939
0.2930718553203284
0.2934313538864523
0.29451080259226603
0.2959628404310231
0.2967788127645378
0.29719085383994076
0.29842835778738835
0.30009698243811117
0.30085312418309157
0.30123541249041874
0.30238343389027716
0.303928822406009
0.30477703420912056
0.30520559293523525
0.3064946080344671
0.30822596319545287
0.3093294547898708
0.3098871671080403
0.3115636899982828
0.3138266066787638
0.3140924996653457
0.31462655992162375
0.31623181636892855
0.3183979254309455
0.3193947057725096
0.31989852263225926
0.3214129701134879
0.3234545872515505
0.324470157447295
0.3249837164226325
0.3265270015049982
0.32860852451325623
0.3296147654839808
0.3301236492329388
0.33165337712263093
0.3337135887593661
0.3349385661911825
0.3355585773572496
0.3374233069540005
0.33993899117136717
0.3412394893675226
0.3418976643947612
0.3438771887870068
0.34655035393388617
0.34782086599410517
0.34846379987173615
0.35039767751804407
0.35300682286868634
0.3543949415319568
0.35509797074700095
0.3572120588392048
0.3600695565889947
0.36139275521245257
0.36206291941879637
0.36407807210520743
0.3667988336924708
0.36821262553889955
0.36892881138595035
0.3710832716706966
0.3739930247628925
0.3755053323645675
0.3762718256423427
0.37857712299648955
0.38169530209316677
0.3831772534135411
0.383928561498143
0.3861883831541693
0.38924268996400946
0.3908420930103573
0.39165343060227026
0.39409425099477347
0.3973968501812662
0.39903511486596166
0.3998664666500817
0.4023678015186221
0.40575295676271905
0.40747090226010735
0.4083431842261162
0.4109680720525774
0.4145227056688812
0.41631980881856917
0.4172329114044522
0.4199806874939783
0.4237046102953297
0.42557519922123277
0.4265263221841014
0.42938878438170863
0.433270009715671
0.43524568262545305
0.43625095616385245
0.439276765687459
0.44338281489605125
0.4454410504097211
0.4464888828477229
0.44964310855171685
0.4539252835065227
0.4560874479349935
0.45718881138854023
0.4605043139501644
0.4650082493498742
0.4672645790301133
0.46841437766638466
0.4718760706705634
0.4765796530423403
0.47897120527875536
0.48019042560615566
0.4838616596706324
0.48885231570732385
0.49138671668338585
0.4926792022936284
0.4965714574841205
0.5018652853957452
0.5045109248208117
0.505860250601436
0.5099238557297153
0.5154513982922352
0.518220931064307
0.5196335206505207
0.5238880737339295
0.5296753198686314
0.5326172205720078
0.5341179065870094
0.5386385169245705
0.5447894839833887
0.5478924383089425
0.549475237654005
0.554243919638026
0.5607328794497892
0.564020891591058
0.5656980956169498
0.5707517887566381
0.5776302209596978
0.581089104444129
0.582853340820476
0.5881697371683361
0.5954063331348188
0.5990381847532198
0.6008904122832431
0.6064726480499605
0.6140706732365474
0.6179137044328512
0.6198735127226636
0.6257807440507812
0.6338224657885758
0.637859983144998
0.639918657803676
0.6461244767416271
0.654572747725763
0.6588142659545215
0.6609765971665227
0.667495604502005
0.6763699139127094
0.6808387472477028
0.6831166106266147
0.6899848387008651
0.6993343831295804
0.7040572143063619
0.7064641803122766
0.713722648589224
0.7236041115584831
0.7285743858102629
0.7311069269142106
0.7387449057078466
0.7491425598738196
0.7543790273803711
0.7570466074645692
0.7650927644775931
0.776045768434717
0.7815501733361626
0.784353449496933
0.7928097914398492
0.8043199054105684
0.8101117504742424
0.8130605229107761
0.8219567584001436
0.834064201365402
0.840160824465531
0.8432637293704057
0.852625970688085
0.86536629351821
0.8717625395611356
0.8750166640987767
0.8848361339306926
0.8981956289429133
0.9049270600792634
0.9083503301122807
0.9186813755776553
0.9327344981542497
0.9398038354049949
0.9433973233835051
0.9542431927151453
0.9689931616651292
0.9764162005227822
0.9801876621807182
0.9915718351180055
1.0070500717699609
1.0148353957953196
1.0187888761193713
1.0307236621199098
1.046945781395396
1.0551119358227188
1.0592565322636023
1.0717695345679947
1.0887725454057338
1.097327131998441
1.1016663376019606
1.1147682031867845
1.1325652611230348
1.1415291050363472
1.1460731218492315
1.15979481013482
1.178427430414092
1.1878077205884026
1.1925597725868995
1.2069111592238764
1.2263912537565056
1.2362066483401775
1.2411757422894372
1.2561841390156916
1.2765480269316403
1.2868034653519853
1.2919916108882337
1.3076631981154907
1.3289175229358785
1.3396294203731571
1.3450443660807658
1.3614027485445421
1.3835781935426414
1.3947572396033492
1.4004037649960546
1.4174635459221292
1.4405781726454612
1.4522343020828665
1.45811672898475
1.4758911198224016
1.4999609592406462
1.5121010640108221
1.5182220951768055
1.5367194508121824
1.5617535651711818
1.574395081660531
1.58076265788175
1.6000073052495183
1.6260364977103046
1.6391564222260777
1.6457579087757275
1.6657115853026032
1.6926806700418566
1.7062872100163464
1.7131257367746127
1.733798218895176
1.761717845174929
1.7758437859023035
1.7829347627900167
1.8043733110801046
1.8333050800432509
1.8479307919227095
1.8552630758929771
1.877434156631835
1.9073290357964992
1.9224424855571411
1.9300087183881205
1.9528904115338763
1.9837153030625183
1.9993120389013042
2.0071086088356735
2.03069050701469
2.0624279932241683
2.078485696725016
2.0865000116342736
2.110744442248389
2.1433400967969956
2.1598472076384896
2.1680719999758455
2.1929576386450256
2.2263793387119644
2.2433162547899506
2.2517402125565265
2.2772335319548835
2.3114327025701162
2.3287712835982934
2.337378840762226
2.363433468500038
2.3983443608239257
2.4160570393655063
2.424832896385172
2.451403411991054
2.4869617917697386
2.505017978527562
2.5139453322704512
2.540981873810098
2.577117753205429
2.595481437593154
2.604540820030803
2.631985537025736
2.668618465386033
2.687250645878974
2.6964211269324503
2.7242118527281987
2.7612558984948494
2.7801162284938044
2.7893762198866336
2.817448930569226
2.854815979253346
2.8738627261694765
2.883189956189689
2.9114786962851267
2.949078341162816
2.968270482888881
2.9776429859448355
3.0060829045228297
3.043826445518264
3.063125919647302
3.0725230670080146
3.1010535967509054
3.1388581576705468
3.158234596184135
3.16763925092516
3.196210767655199
3.234007899773265
3.253448470622011
3.262851424136986
3.2914389953842926
3.3291923823821685
3.348720856154976
3.3581292967160987
3.386759034240064
3.4244982326681734
3.4442238471179114
3.4536829090182293
3.482499178061298
3.5204055843700783
3.5406821533152524
3.5503444818496757
3.5798274070163325
3.6185121199011894
3.640865265228848
3.6513910689153666
3.683611577201151
3.7257165603427116
3.7488256871333774
3.759596872715675
3.792660102382764
3.8356907824474566
3.84658391098356
3.8770253881508197
3.878997050160637
3.8853127758610055
3.9045598453757573
3.929732621373375
3.9342277910737473
3.9396239747694053
3.9560457706563557
3.977535606409538
3.987153657880697
3.9917592605391854
4.0057564500997
4.024079209396285
4.0324360390565674
4.0364429537894155
4.04860691494543
4.064526615828263
4.07178273180331
4.075265353972499
4.085825285151459
4.099636763156307
4.1058967110069
4.1089024798155345
4.118004974341369
4.129895390585212
4.135229053226797
4.137789219387281
4.1455317096319195
4.155625302138841
4.1575224835469085
4.159684925927073
4.166216085714744
4.17471160119036
4.1757120662893366
4.1774919007960944
4.1828608568353225
4.189829285126175
4.193039726910737
4.194569396733559
4.199179208010994
4.205127920593573
4.208308544744539
4.209795063098587
4.214270488794531
4.219960310643512
4.222885463409006
4.224214614789547
4.228209766777418
4.233162108178538
4.235656748273033
4.236729847823121
4.23994877669417
4.24373731186639
4.245594361192829
4.246287695563289
4.2483626941738875
4.25044276478847
4.25130949890091
4.251414288303592
4.251725197342374
4.251181460122312
4.250394524416321
4.249546621709609
4.247007940144286
4.2422967207200974
4.238934828087294
4.236705340334147
4.230023432497909
4.219481384426495
4.2128244086265445
4.208941472411707
4.197259355416217
4.1799637625181285
4.168913794325715
4.162859312060542
4.14454748024738
4.118339628904424
4.100716093506647
4.091505153438055
4.063414607510638
4.02415548788391
3.9982102810166213
3.9853414853520577
3.9455384177729935
3.8912693695303258
3.8395134034751632
3.816305079890869
3.7411069263392496
3.6424874994452012
3.6316666183251174
3.5658871333919273
3.5289831623393466
3.5133596609726077
3.4620134037413526
3.3963196715345907
3.3518532224989883
3.3347082977054106
3.2751709480464792
3.20141571003487
3.1580639034632685
3.142758794029862
3.087003192868501
3.019351165218051
2.98114437663227
2.968476897372264
2.9206139855110207
2.862973687923141
2.8295341326550476
2.8190021707950605
2.7776949383517224
2.728185021866912
2.6986702070404736
2.6898242006730126
2.6537793152171045
2.610721391768066
2.5843888390147627
2.576867287591638
2.5450265022803653
2.507086752073463
2.4833268202211767
2.476845938051061
2.4483681111404403
2.41450579389658
2.39283324864741
2.387174257574474
2.361404017271305
2.3308185362921483
2.3108551391972485
2.3058517082038485
2.2822858740932492
2.2543679942328687
2.2358228883909224
2.231349722799906
2.209605534697188
2.183894489361242
2.1665455167933865
2.1625085974843343
2.142295858604658
2.118443360265306
2.1021208056192746
2.0984494465363994
2.079547477966039
2.057288838895569
2.041862152934179
2.0385028071450506
2.0207422692041104
1.9998741214687148
1.98524158976006
1.9821531815093496
1.9654022677795986
1.9457659067937387
1.931846895558373
1.9289973898419206
1.9131516320172663
1.8946208433761658
1.8813501243222734
1.878714047806506
1.8636889275280266
1.846161219256828
1.833484881266176
1.8310415483575309
1.8167672028264124
1.8001575413574809
1.7880300703000327
1.7857623199043142
1.7721797683840168
1.7564161182319376
1.7447983177207365
1.7426916148297096
1.7297500725648058
1.7147702202385164
1.7036277302107166
1.7016695261732733
1.6893244891430657
1.6750737758839556
1.6643760135531322
1.6625552890992883
1.6507671630298582
1.6371968590298398
1.6269162576712664
1.625223194843397
1.613956308121334
1.6010224393177896
1.5911338973240212
1.5895596422978984
1.5787815299920434
1.566444024540906
1.5569245036769328
1.555460993648308
1.545141873726815
1.5333639349132082
1.5241921655360264
1.5228320007225415
1.5129443874915403
1.5016920278152779
1.4928560022976998
1.4915918138591981
1.4821182804375954
1.4713660927589718
1.4628349629925288
1.4616613540732855
1.452562600965374
1.4422692310338034
1.4340289068024865
1.432939528659455
1.4242013695093867
1.4143455712425923
1.4063823207518455
1.4053716560347544
1.396973407529291
1.3875295384621724
1.3798282934522363
1.3788911919765536
1.3708133953590471
1.3617573730060022
1.3543039725526194
1.3534356159082719
1.3456600272662558
1.336969275552443
1.3297504266391766
1.328946303000908
1.321455807082772
1.3131091499743037
1.30611236890855
1.3053682513161056
1.2981467848392503
1.290124352088004
1.2833379116911021
1.2826498389020642
1.2756823220608315
1.2679654644894554
1.261378346513559
1.2607426058499676
1.2540148802834132
1.2465860932390922
1.2401879445614528
1.2396010563313606
1.2330998282714496
1.2259426812273169
1.2197237734097675
1.2191824766178136
1.2128952643738196
1.205994335687146
1.1999455275492419
1.1994467666445674
1.1933618517979447
1.1867026683027764
1.1808153706711708
1.180356283226907
1.1744626649512546
1.1680316452067505
1.1622977880197543
1.1618756931921068
1.1561630453763199
1.1499474465355572
1.144359447766337
1.1439718354500288
1.1384304664841256
1.132418334232416
1.1269690705748592
1.1266135912012514
1.1212344061642396
1.1154145259064496
1.1100973070296638
1.1097717618864986
1.1045462262317278
1.098908083710908
1.0937166217735024
1.0934189540128205
1.0883390608139776
1.0828727914870102
1.0778011832645074
1.0775294692639783
1.0725877059476938
1.067284063848869
1.062326761444633
1.0620792026860428
1.0572685220933686
1.0521188379566289
1.04727063039211
1.0470455458812242
1.042359337132177
1.037355484728261
1.0326114753882434
1.032407294295583
1.0278393566801645
1.0229737150218006
1.0183293060008747
1.0181445610905144
1.0136890773132332
1.0089545069124748
1.0044053756838496
1.0042386963773031
0.9998902114471012
0.9952800171527026
0.9908221033065603
0.9906722101786593
0.9864256052868
0.9819335171675726
0.977563000204248
0.9774286990201645
0.9732791719487774
0.9688993113256505
0.964612602633495
0.9644927789015221
0.9604358279746225
0.9561626795376942
0.9519564056459942
0.9518500191035998
0.9478814191272794
0.9437097994629845
0.9395808010809361
0.9394868827451351
0.9356026622041838
0.9315277597658551
0.9274730293025258
0.9273906729694003
0.9235871173688677
0.9196043738315427
0.9156211169238673
0.9155494805587946
0.911823095161946
0.9079282603085227
0.9040138256097338
0.9039521243379282
0.9002996147018562
0.8964887112287434
0.8926406027059064
0.8925881016222478
0.8890064062997766
0.8852756809301172
0.8814915451534916
0.8814475674311927
0.8779337633789775
0.8742797473813884
0.8705573373116839
0.8705212411359572
0.8670726635837738
0.8634919195528988
0.8598292830405342
0.8598004724244971
0.8564145382947601
0.8529041020011845
0.8496231706860748
0.8495223975528614
0.8464956270152296
0.8432190820554414