0.23516383253838102
0.2351749889526034
0.23518056815295157
0.23519730616098433
0.23521962732202722
0.23522244157429584
0.23522499752242337
0.2352255610232492
0.23522800275890587
0.2352291748531173
0.23522975380357158
0.23523149413043534
0.2352338099571877
0.23523512680069797
0.23523578520030988
0.2352377604056933
0.2352404025870219
0.23524171102301805
0.2352423703025592
0.23524435208843333
0.2352469728945792
0.23524837212400626
0.2352490680325171
0.23525114329985858
0.23525394431331326
0.23525536301744204
0.23525608204361545
0.23525823912986651
0.2352611153058031
0.23526547748933865
0.23526765873220634
0.23527422862208883
0.23528287177651222
0.23528428101239407
0.23528741806803405
0.23528897705383803
0.23529359817513326
0.2352999506794967
0.23530135520965628
0.23530309690371515
0.23530398023068194
0.23530663022300932
0.23531015223209156
0.23531221967901086
0.2353132499311008
0.23531634070273755
0.23532048848546608
0.2353224903517627
0.2353234995007835
0.23532652696254508
0.23533053767405213
0.23533261431568644
0.2353336469853089
0.235336738842754
0.23534086970627166
0.23534331235911157
0.2353445337974508
0.23534818354602902
0.23535309985188202
0.23535559444391996
0.2353568551532593
0.23536063730396822
0.23536568035966857
0.2353683254611692
0.2353696516908578
0.23537363040493733
0.23537895268386783
0.2353819651281879
0.2353834699196698
0.2353880023646467
0.23539402173439708
0.2353973438559561
0.2353989961253381
0.23540393326239756
0.2354105837178522
0.23541376622076093
0.23541537086097683
0.23542018481801863
0.23542656239510346
0.2354295901423753
0.2354310913835889
0.23543559513941778
0.2354416004141579
0.23544533636790488
0.23544720863407131
0.23545283662253583
0.23546025581352553
0.23546398220313444
0.2354658382440213
0.23547137340653668
0.23547879824165868
0.23548312474978192
0.23548529909947408
0.23549182221482737
0.23550049230072592
0.2355050372396034
0.23550729622613562
0.2355141136730723
0.23552303598534768
0.235523956803724
0.23552586947885717
0.23553161895821303
0.23553927009466824
0.2355443118012119
0.23554682724338064
0.23555434374864795
0.23556446860833297
0.23557036894181563
0.23557333655742815
0.23558232788815697
0.2355939760539389
0.23559481793853307
0.2356022472359091
0.23561215369413893
0.23562832878470386
0.23563641840148766
0.23566078414116004
0.2356927445498801
0.23570239400080076
0.23570821045664372
0.23571107668167934
0.23571964151315697
0.23573121486429843
0.2357368964039827
0.23573979031695835
0.2357484550763188
0.2357599581225092
0.2357658131942631
0.2357687184786546
0.2357774000717502
0.23578916814906403
0.23579156584541247
0.23579433157325924
0.23580264519445893
0.23581357072709186
0.2358191115682062
0.23582183078337177
0.2358299885315496
0.23584086641058835
0.23586106380484503
0.2358711881253904
0.23590126400671313
0.23594265918579807
0.23594779071695607
0.23595255566729903
0.23596696353723964
0.23598578719127183
0.23599475381114832
0.23599911809811222
0.23601218547715347
0.23602986346069485
0.23603769349946963
0.23604169531994096
0.23605360708489204
0.23606976524164852
0.23607809003485505
0.236082353458299
0.23609504400996703
0.23611236641555491
0.2361203663666896
0.23612447796196448
0.23613688555428328
0.23615323347026684
0.23616192901565553
0.23616622114957542
0.23617914820180794
0.2361962144270065
0.2362062314360273
0.23621118970509866
0.23622615220314314
0.23624574155816433
0.23625581007728413
0.2362607171360788
0.23627555404301714
0.2362951275460775
0.2363062726008455
0.23631181698658071
0.23632841818144346
0.2363505301932692
0.23636248197470056
0.23636841953458454
0.2363864414487398
0.23640983147561062
0.23642246143052006
0.2364286364940468
0.23644709034239583
0.2364716410368441
0.23648340121551123
0.2364892185881169
0.23650680716425537
0.2365299394631644
0.23655052477255845
0.2365606967847827
0.23659157071630416
0.23663177797101528
0.2366523623759264
0.23666242453415293
0.23669237863239181
0.23673350609248456
0.23675232643861793
0.23678359382295155
0.23679762126190013
0.23680486437156742
0.23682680456154695
0.2368554342296918
0.2368723872540955
0.23688068338479393
0.2369056206919388
0.23693881435288133
0.23695458275918493
0.23696249703583797
0.23698601308760586
0.23701815615779315
0.23703324139814483
0.2370409718597709
0.23706425335413306
0.2370952792864987
0.23711281082216246
0.23712157545669674
0.2371479711976777
0.23718283055536862
0.23720311087368284
0.23721313073835787
0.23724342251251002
0.23728339965855327
0.23730396634757672
0.2373142282937102
0.23734489838046272
0.23738570821157862
0.23740572720394146
0.23741565609869394
0.23744561453213475
0.23748498427208495
0.23750864671643743
0.2375203511590094
0.23755513340426954
0.2376028118981773
0.2376239111289338
0.23763485287212888
0.23766749360634054
0.23771153529449907
0.23773947702571577
0.2377535085484751
0.23779576541324263
0.23785191752887958
0.23789067160551824
0.2379099600640794
0.23796793969040222
0.23804490809879966
0.2380842763668281
0.23810387261730925
0.2381626665417934
0.23824062789624095
0.23825330968832942
0.23827003525957408
0.23832059103037073
0.23838634540292106
0.23839527782477732
0.2384102733830463
0.2384552630887081
0.23851527589924548
0.23854615895405948
0.23856162810827317
0.23860821110261096
0.23866938960446418
0.23870073090554056
0.23871618965455704
0.23876265478195274
0.23882398085594245
0.23885873920186035
0.2388759709312411
0.23892776527234477
0.23899592547103746
0.23902936298643218
0.23904583529622472
0.2390948937273812
0.23916139260281785
0.23919636074327993
0.2392142063776039
0.23926764958799646
0.239339075681426
0.23937565836678565
0.23939399878364687
0.2394487237718297
0.239522332049266
0.23956966711515976
0.239593421739938
0.23966482297190286
0.23975963735547595
0.23981731876525378
0.23984606646837964
0.2399320087601989
0.2400484335059301
0.24006222249190493
0.24008936696684652
0.24017066393349767
0.24027902610538093
0.24033729675452833
0.24036636269015202
0.24045388339206045
0.24056893990365358
0.24059231480992097
0.24062239472280833
0.24071184607482493
0.24083396555471479
0.24088804198091512
0.24091589247841116
0.2409998968294322
0.2411098571694521
0.24116649750010186
0.24119444042892196
0.24127725300788497
0.24139066765349532
0.2414499408817444
0.2414803752373525
0.24157121326609443
0.24169373707961747
0.24176705887107747
0.24180405915082692
0.241915271277643
0.242063455249449
0.24216908605961227
0.24222204083585208
0.242379578004551
0.24259521994249011
0.24262969303233592
0.24279789007603278
0.2428765571582419
0.2429989912304159
0.24307417190332528
0.24311154420476858
0.2432244399222788
0.24337373336890414
0.24347259341038047
0.2435216865028085
0.24366924506221072
0.24386646968952738
0.24397797215414485
0.24403365162068877
0.24420184191185632
0.2444244128440115
0.24454802662501932
0.2446095268789368
0.24479392668936853
0.24504073133831664
0.24518183547425673
0.24525241929724687
0.24546492514920504
0.24574939937662724
0.2457564332605075
0.24581308252703865
0.24598239322821475
0.24621112930095704
0.2463275936819632
0.24638673483083154
0.24656350331357182
0.24680080870353432
0.24696922278124966
0.24705373029586686
0.2473089321961727
0.24764414432148932
0.24767499214957578
0.2477851837706649
0.2481169381138633
0.24855933112030332
0.24877813771920188
0.24888751307489973
0.2492172812334868
0.2496542810357025
0.2497393790500198
0.250039528729059
0.2501735448192343
0.2502423272259801
0.2504476776939935
0.25072595657472097
0.25086254411721515
0.2509321210652217
0.25114061271931026
0.2514201718168566
0.2516021148774384
0.25169371640549915
0.2519676505796736
0.25233718372703984
0.25252015656361765
0.2526131024300019
0.25289146494309933
0.25326351176643347
0.2534569955110874
0.25355387828292497
0.2538444470787756
0.254233603952389
0.2544881716893777
0.2546162526549667
0.2550009649981186
0.25551428729166714
0.2558451113901497
0.25601070936955006
0.2565091666107524
0.2571743634122839
0.2576156933405946
0.2578375086012107
0.25850442631741616
0.25939159915307564
0.25971907154671814
0.26036173029815013
0.2604985776037799
0.26070676800634934
0.26132925199303914
0.2621736941326061
0.2624200104228038
0.2630311518601335
0.2633617416235972
0.2635284197295498
0.26402880476614404
0.2646989061842525
0.265135470299223
0.26535512606410167
0.26601616983130233
0.26689522129771814
0.26693494893660347
0.26743954219717225
0.268113020516357
0.26853637659831364
0.26874868366960303
0.26938616832322626
0.2702407814680099
0.27076915163797804
0.2710351965422544
0.2718350228574096
0.27290417328515026
0.27340756203600075
0.27365929575361897
0.2744163839785989
0.27542922348326127
0.2760730026866264
0.2763971575034247
0.2773713703479029
0.278678787807821
0.27954960036186444
0.2799893349349862
0.28131063757957425
0.28309113335745095
0.28333173874297357
0.2844298959325491
0.2859138274860695
0.28607859345496145
0.2871683169314415
0.28862963724414964
0.289369998224023
0.2897424414651075
0.29086080284108373
0.29236721350508643
0.29307860396855256
0.29343815155091324
0.29451774940835296
0.29596999136975083
0.2967860804828027
0.29719818073916027
0.2984358650798892
0.30010473744412175
0.3008609937655581
0.3012433400854098
0.3023915380494321
0.3039371683211264
0.3047855153139529
0.3052141425522178
0.3065033665119783
0.30823500821905264
0.3093386856562313
0.30989649245487155
0.3115733045341498
0.31383662119617783
0.31410256227021266
0.31463671853531255
0.3162422684492367
0.31840878244299115
0.3194057530669817
0.31990966645801056
0.3214242137889798
0.3234672683786805
0.324413569349951
0.3248920861433782
0.32633127411253265
0.3282662000385181
0.33000672032688083
0.330891928591257
0.3335571405326182
0.3371739091348795
0.33936039896596
0.3404492788718565
0.3410004501139671
0.34265714781655
0.3448910909596361
0.3460609487645204
0.34665290259476444
0.3484322630804607
0.350833821667522
0.3520137523455337
0.35261111350241975
0.354406665400827
0.3568294056360936
0.3580866825702529
0.3587231888633481
0.36063773993677634
0.3632191437656806
0.36477103046273696
0.3655577759823303
0.367924504809381
0.3711270275153184
0.3715181947355816
0.37222190692753043
0.37433791583844994
0.3771973533319472
0.3786217398768467
0.37934356552418413
0.3815148235448271
0.38444711667178033
0.38607532401253564
0.3869012728148127
0.38938619120721873
0.39274964697474496
0.39434568553052857
0.3951553805270628
0.397591111873707
0.40088684105795214
0.4025527373405866
0.40339836990209316
0.4059426230402934
0.40938680430147906
0.41114224700308666
0.41203395214829885
0.4147170536977991
0.4183524867232259
0.42016299679518687
0.421083174744931
0.42385217020774335
0.4276052452386304
0.4295184022386707
0.43049150851905404
0.4334203101446622
0.43739254475978756
0.4394261155593662
0.44046123408510685
0.44357705394391883
0.44780729943348696
0.4498924814778186
0.4509542511639988
0.4541504618604591
0.45848972562078255
0.4607269463945986
0.4618669477161929
0.4652993294501592
0.4699634730528825
0.4723044009010161
0.47349765727333726
0.47709048302616847
0.48197487434052666
0.48440257404211884
0.48564030641140726
0.48936732643757946
0.4944338364359431
0.4970289896857722
0.4983526123595869
0.5023388956763724
0.5077611386105146
0.510480714801143
0.5118678924767611
0.5160458692282774
0.5217296879711931
0.5245877350177809
0.5260455806278721
0.5304370362908993
0.5364114390400068
0.5394452016964955
0.5409928025100105
0.5456551801492432
0.5520003525526607
0.5551748348730802
0.5567940618425276
0.5616726263927553
0.5683115962209522
0.5716702314732343
0.5733833946642507
0.578545572771255
0.5855720757138494
0.5890895208547704
0.5908834180413907
0.5962894864846314
0.6036470556578618
0.6073789022072318
0.6092821001523103
0.6150183972129493
0.6228270671325367
0.6267576176970748
0.6287619026161617
0.6348036091364518
0.6430283412511835
0.6471665019287798
0.6492763640688621
0.6556370325412546
0.6642962327137453
0.6686520685387868
0.6708725764832821
0.6775675736145282
0.6866818316038438
0.6912816449621585
0.6936261977525665
0.7006961393376583
0.7103214499520527
0.7151584034451289
0.7176233153396069
0.725056988689609
0.7351769850994758
0.74027194577341
0.7428677757094945
0.7506971746537074
0.761355598863065
0.7667157573673037
0.7694459949087682
0.7776817145918595
0.7888923321512082
0.794533843798462
0.7974065741774194
0.8060730688502955
0.8178689587633018
0.8238072259195739
0.8268301227413395
0.8359506332851131
0.8483632396453932
0.8545978908415234
0.8577704930310969
0.8673436065736829
0.8803696548894313
0.886932259578233
0.8902704757725346
0.9003445014407905
0.9140499387996107
0.920947044627489
0.9244539024513098
0.9350379208921548
0.9494343945117251
0.9566683670704972
0.9603447661547699
0.9714415559224171
0.9865314348220476
0.9941269329248752
0.997985143614391
1.009631958334041
1.025465618321377
1.0334349821570188
1.0374809500629045
1.0496957873925767
1.0662969200756638
1.0746518020645697
1.0788911112532993
1.0916909609635275
1.1090816051338095
1.1178395953488514
1.1222808110683629
1.1356916558939447
1.1539064995756723
1.1630725309695538
1.167717748539518
1.18174601677713
1.2007922418683745
1.2103878878946004
1.2152476241509063
1.2299252616168899
1.2498455119604686
1.259881682074472
1.264960990398475
1.2803033926505125
1.3011172374615865
1.3116041329854766
1.316907651474145
1.332928951412206
1.354654073970826
1.3656035854399182
1.3711367468864788
1.3878535131658325
1.4105108100257033
1.421933223627974
1.4277005713086863
1.4451267033837385
1.4687331657194183
1.48063922431288
1.4866454476337556
1.5047953065499466
1.5293684084542196
1.5417658091005566
1.5480139685894276
1.5668970546052998
1.5924471986185145
1.6053981652633207
1.6119188131058046
1.6316282129440183
1.658280690637715
1.6716622337890583
1.678392120342339
1.6987355362196228
1.726223686039833
1.7401119660621445
1.7470885249057073
1.7681802239540332
1.7966578714200232
1.811055454227414
1.8182788090635376
1.840119527666763
1.869584570272677
1.8844822186131238
1.8919464495196416
1.9145186001196555
1.9449438037806916
1.9603404477965458
1.9680436538249668
1.9913419869614841
2.0227169186942864
2.0385893897924134
2.046518558855114
2.0705040640212564
2.1027723642154053
2.1191041207710355
2.1272495259095314
2.1518933105895175
2.1850125358464587
2.2017916267702584
2.210145780144959
2.2354259046567924
2.2693631108998056
2.2865688499158168
2.295119875607228
2.3210011516118967
2.3557055456575213
2.373308957331498
2.3820408538075903
2.408475641438149
2.4438798070232846
2.4618495285983757
2.4707451090404584
2.49768228984732
2.5337143801272135
2.5520173335630627
2.561058561469763
2.5884445697618936
2.625029705786675
2.6436311447612173
2.6527991521840777
2.6805780359543
2.71763839268414
2.7364980803384586
2.7457713184163786
2.77387908621066
2.8113263529970136
2.8304033208544506
2.8397598704081815
2.868131553635801
2.9058763990239216
2.9251292194939666
2.934546911083141
2.9631169386043275
3.0010694624520906
3.020458192757491
3.0299155034362784
3.0586204587732646
3.096693781047647
3.11618288759308
3.125660267435251
3.154442986281409
3.192558510364665
3.212124035500828
3.2216071532855155
3.250426760179135
3.2885271012290427
3.308169271823497
3.317654625716372
3.3465039655114492
3.384575225931186
3.40434732159379
3.413854980365888
3.4428003088851478
3.480922726723255
3.5010119996114506
3.510621069732897
3.539912794460853
3.578401956897168
3.5994525027454056
3.6094413554926885
3.639952988239925
3.6799190937859283
3.7049817456610894
3.7166477908030697
3.7524624516761373
3.799084988211913
3.798960594001322
3.8265132108058033
3.8624329003394475
3.8650126239820852
3.886535314681229
3.914644634240023
3.9181193402830883
3.924042185327977
3.942079810652162
3.965652165882589
3.9703175138185727
3.9753926031564313
3.9908283106093996
4.011006299737817
4.020103271883733
4.0244547780222115
4.037673589664371
4.054952409123537
4.062821106089196
4.0665888068043525
4.078021260707332
4.09295721901723
4.099737011455478
4.1029853738937705
4.112830201957506
4.125679378410255
4.131467540512643
4.134240904660819
4.142635320305729
4.153573950980743
4.158435822421446
4.1607638884868985
4.167800778222239
4.176949307308305
4.178258861467918
4.18018813630349
4.186012130312505
4.193568012648226
4.1936938579331215
4.195229304851918
4.199858911903686
4.205858830299107
4.209047933241395
4.210552934867373
4.2150879842614435
4.220901490581169
4.223938196340735
4.225341242541785
4.2295636796433085
4.23487761043222
4.237571756548952
4.238771768796435
4.242375988343545
4.246761360536188
4.248934317481288
4.249828863327076
4.252508417716625
4.2555199367553485
4.256930443524205
4.25737551212298
4.258702307500916
4.259705829517749
4.2599159202029115
4.25965696787108
4.258873654191104
4.256760538033783
4.254977472118165
4.253590347956285
4.249429717332958
4.242422224013631
4.237803050240863
4.234949693064305
4.226381298697325
4.213304112063732
4.205109337745557
4.2004661581291085
4.186472610330118
4.166081305767639
4.153041655883412
4.146025166601699
4.1247651500690345
4.094643403035785
4.074250857664081
4.063751875409696
4.031654211499966
3.987160696222801
3.9574790508948614
3.9429916937337532
3.8980019354135593
3.8371728934180487
3.7930974126929407
3.7732182656489304
3.7094475359905954
3.6260322245934784
3.6084745414490875
3.5565517757114615
3.489490648921073
3.449545622313857
3.433064094133281
3.3782451026256575
3.3088825282415675
3.2626426065804472
3.2454094313895543
3.184516927890679
3.110073587493802
3.068057611824535
3.053583111867763
3.000315092308526
2.9360335572587766
2.8994828161866337
2.887581770895447
2.8421188860375017
2.7875778988552122
2.7556700563169154
2.745799077002477
2.706609493029794
2.659775378753509
2.631618136158241
2.6233314090217577
2.5891165836716343
2.5483403854695417
2.5231901876819727
2.5161375753246715
2.4858635640570186
2.4498611368694143
2.4271240520600084
2.421035611762496
2.3938966823016408
2.361681766931562
2.3408944811624974
2.3355651222216265
2.3109432824981173
2.2817670826990506
2.262573943612705
2.2578495546281747
2.2352761867066775
2.208574865845695
2.19070555293807
2.186471089681854
2.165593091203317
2.1409435973063853
2.1241933635348427
2.120363052642848
2.10091448131852
2.077998724218787
2.0622119805561976
2.058721583563102
2.040500975875146
2.0190778608215036
2.0041352077419443
2.000936130756526
1.9837890756034273
1.9636734066739858
1.9494817967831182
1.9465367355456982
1.930342914033081
1.9113899052361312
1.8978754055499547
1.8951551927321568
1.8798189639311147
1.8619130785953117
1.849015654162536
1.8464970069059239
1.831940671120869
1.8149876693028109
1.8026574685946837
1.8003213903098183
1.7864804065442244
1.7704017079672731
1.758596431892441
1.7564270810452096
1.7432466812241512
1.7279753737541848
1.7166584134094882
1.7146423023974895
1.702075092500906
1.6875531006760047
1.67669221580685
1.6748176421056598
1.6628218969427992
1.6489979656192222
1.6385643422133442
1.6368209827106277
1.6253594275046295
1.612187677906172
1.6021552517749735
1.6005338717564124
1.5895728056632594
1.5770116938872485
1.5673566614289756
1.5658489041552366
1.555357564641181
1.5433691237372509
1.534069585426998
1.5326678183710163
1.5226179161527809
1.5111671988408366
1.502216715379066
1.5009130070237586
1.4912928456868917
1.4803585698725117
1.4717149851470237
1.4705044949252284
1.4612608147780004
1.450790526925009
1.4424420994769998
1.4413180130134082
1.4324430625868112
1.4224203657016317
1.4143550228369204
1.4133116944152517
1.4047844111175984
1.3951831665607588
1.3873855332337761
1.3864177002299944
1.378218203257106
1.3690138143125412
1.3614694220896553
1.360572162417092
1.3526818142195272
1.343851224544872
1.336546491428882
1.3357151963794769
1.328116511814757
1.319638093306488
1.3125602624352462
1.3117906136732564
1.3044671795519438
1.296320633586999
1.289457718511876
1.288745668062376
1.2816820720459485
1.2738483420237534
1.2671890775345005
1.2665308300459077
1.2597125969100613
1.2521737892912859
1.2457075868914664
1.2450995836911833
1.2385131171607635
1.2312524300792174
1.2249693365890837
1.2244082411138453
1.2180407706108474
1.21104242737614
1.20493308727625
1.2044157716543513
1.1982553028255554
1.1915044911668469
1.1855601105606852
1.1850836431757883
1.1791189117173133
1.1726017258829258
1.1668140399366231
1.1663756737593054
1.160596102264252
1.1542994903729427
1.1486607310932446
1.1482578928035783
1.1426535500846553
1.136565262457595
1.131068130202907
1.1306984098786845
1.1252599728671864
1.1193685147773058
1.1140061501810279
1.113667291652045
1.1083860086761985
1.102680596721346
1.0974465537796367
1.0971364454027224
1.0920041032587946
1.0864746208052547
1.0813628435603568
1.0810795096263688
1.0760884000488224
1.0707253597518331
1.06573015638445
1.0654717489919914
1.060614639209622
1.0554091406361548
1.050525166264212
1.050289957398474
1.045560060974682
1.0405037622468243
1.035725990866577
1.035512365304623
1.0309033144089457
1.0259883914523322
1.0213121024341705
1.0211185507169585
1.0166243719870562
1.0118434891654802
1.007264246638192
1.0070893585626464
1.002704446997306
0.9980507272812122
0.9935643624682178
0.9934068209076055
0.9891259178117243
0.9845929225744373
0.9801955101082885
0.9800540851357508
0.9758722584541537
0.9714539347670543
0.9671417939192322
0.967015338283715
0.9629279558955638
0.9586186437634369
0.9543883090596794
0.9542757502376462
0.9502784733505747
0.9460728622291492
0.9419210722450165
0.9418214113600192
0.937910162565914
0.9338032516771527
0.9297269592271966
0.9296392644704466
0.9258102130083893
0.9217973793763056
0.9177936696019805
0.9177170698184856
0.9139666390190678
0.9100434501045895
0.9061096437244319
0.9060433300762907
0.9023681344810512
0.8985305111861173
0.8946640302439831
0.8946072456177421
0.8910041243352185
0.8872482109904725
0.8834466582725379
0.8833986975985401
0.8798646807842262
0.8761868773080771
0.8724479750565081
0.8724081853252329
0.8689404640503186
0.8653374060533628
0.8616590069640899
0.8616267674675482
0.8582227879090685
0.8546911209665193
0.8510713504408213
0.8510461059791932
0.8477033115105227
0.8442402823727413
0.8421253620314791
0.8418621493727471
0.8399626451578649
0.8376314664950365