0.9993156069057406
0.9992910239991181
0.9992787319733119
0.9992418558145871
0.999192685697416
0.9991865666574947
0.9991809178112308
0.9991796985457747
0.9991742989365816
0.9991717479941022
0.9991704725163276
0.9991666460809033
0.9991615441484284
0.9991586439841713
0.9991571938937275
0.9991528436199191
0.9991470432302215
0.9991441458261533
0.9991426971156243
0.9991383509815921
0.9991325561116106
0.9991295009093999
0.9991279732989224
0.9991233904647931
0.9991172799921193
0.9991141163610987
0.9991125345356415
0.9991077890564329
0.9991014617218373
0.999091865434772
0.9990870672037965
0.999072672494786
0.9990534792705701
0.9990504860189751
0.9990436350556028
0.9990402095286838
0.999029932938818
0.9990162306765912
0.9990130039386754
0.9990091186374714
0.9990071759720343
0.9990013479718993
0.9989935772607909
0.9989890414797292
0.9989867735692931
0.9989799698331998
0.9989708981232365
0.9989664643887697
0.9989642475020277
0.9989575968371256
0.9989487292257945
0.9989441890693637
0.9989419189711116
0.9989351086715748
0.9989260282108366
0.9989206571904627
0.9989179716523737
0.9989099150318258
0.9988991727842998
0.9988936350409322
0.9988908661393284
0.9988825594279485
0.9988714837209991
0.9988656470697335
0.9988627287111858
0.9988539736283591
0.9988423000825835
0.9988356550621501
0.998832332509514
0.9988223648428484
0.9988090744875454
0.9988018116249753
0.9987981801430098
0.99878728568697
0.9987727595856348
0.9987657068419824
0.998762180422033
0.9987516011525486
0.9987374953096203
0.9987308976996913
0.9987275988526795
0.9987177023030174
0.9987045067716587
0.9986962897072724
0.9986921811102157
0.9986798553067257
0.9986634206962224
0.9986553039987692
0.9986512455863864
0.9986390703371004
0.9986228364721856
0.9986132842007501
0.9986085079780435
0.9985941792940947
0.9985750741019592
0.9985651292673897
0.9985601567546369
0.9985452391992413
0.998525348824835
0.9985235472975653
0.9985193376000705
0.998506708494662
0.9984898694709056
0.998478823250086
0.998473300022794
0.9984567303202285
0.9984346370125523
0.998421578389801
0.9984150489167349
0.9983954604704285
0.9983693420201377
0.998367892630371
0.998351585223945
0.998329841655125
0.9982943408909858
0.9982765893157006
0.9982233344208707
0.9981523239827709
0.9981316168693027
0.9981190438754717
0.9981127572284534
0.9980938972616799
0.9980687501525385
0.9980560862193991
0.9980497540987883
0.9980307577109104
0.9980054287011243
0.9979926892044352
0.9979863193007651
0.9979672095642087
0.9979417294112698
0.9979362123324151
0.9979301568852882
0.9979119905202894
0.9978877682485998
0.9978758370335673
0.9978698712892474
0.9978519740327894
0.9978281105888153
0.997783804888674
0.9977616501811821
0.9976951858067019
0.9976065604845645
0.9975938393194606
0.9975833687794767
0.9975519570959469
0.9975100734886115
0.9974909234091581
0.9974813480175688
0.9974526217893304
0.997414319011874
0.9973968457883604
0.997388108883246
0.9973618981230775
0.9973269494906735
0.9973083390218237
0.9972990334543019
0.997271116700348
0.9972338932911409
0.9972158668757403
0.997206853358336
0.9971798127576076
0.997143757619283
0.9971249679183212
0.9971155727314521
0.9970873871190483
0.9970498052055331
0.9970280794387729
0.9970172161046874
0.996984626034117
0.9969411711450745
0.9969196294000349
0.9969088580859118
0.9968765440762504
0.9968334573016912
0.9968092623604246
0.9967971643369857
0.996760870185171
0.9967124761626688
0.9966864550420109
0.9966734438374066
0.9966344101258363
0.9965823631037531
0.9965554693719778
0.9965420218291261
0.9965016790976965
0.9964478865760428
0.9964224125019777
0.9964096748601141
0.9963714618435471
0.9963205091402162
0.9962759467520558
0.9962536636798258
0.9961868142019321
0.9960976753579818
0.9960537731948995
0.9960318202775152
0.9959659612678835
0.9958781432946255
0.995835486136638
0.9957688248447705
0.9957371820414763
0.995721359693142
0.9956738925045675
0.9956105998471592
0.9955744451869443
0.9955563666316952
0.9955021307852606
0.9954298122829172
0.9953954557637754
0.9953782763922716
0.9953267381210342
0.9952580167117366
0.9952242896081676
0.9952074249607149
0.9951568308577057
0.995089368547779
0.9950512418947883
0.9950321772020247
0.9949749829277085
0.9948987193617913
0.9948550130121993
0.9948331580260067
0.994767592809785
0.9946801665537411
0.9946357322241975
0.9946135131786482
0.9945468557850415
0.9944579730955356
0.9944148143299798
0.9943932331768477
0.9943284894620824
0.9942421587500934
0.9941914869516295
0.9941661486416428
0.994090133363742
0.9939887716529053
0.9939414812729401
0.9939178339601946
0.993846891709595
0.9937522951344616
0.9936913696024543
0.9936609033539862
0.9935695040927556
0.9934476270199035
0.9933640665441116
0.9933222797866258
0.9931969186243478
0.9930297485535233
0.9929451418900803
0.9929028317789704
0.9927759004971428
0.9926066364469465
0.9925800891718057
0.992543981851246
0.9924356592152205
0.9922912127843428
0.9922734844737863
0.9922411412122062
0.99214411086181
0.9920147241702253
0.9919481307903644
0.9919148299714101
0.9918149269212575
0.9916817090916791
0.9916153041412158
0.9915820975263807
0.9914824771038488
0.9913496361484685
0.9912756933836253
0.9912387168541819
0.9911277865516424
0.9909798624143117
0.99090940067395
0.9908741651037609
0.9907684577483765
0.9906274990917378
0.9905510897777581
0.9905128796083785
0.990398248325387
0.9902453884851576
0.9901669521583749
0.9901277282255633
0.9900100555812057
0.9898531398703715
0.9897513633771816
0.9897004655270418
0.9895477706276228
0.9893441450221601
0.9892213259039584
0.9891599021483353
0.9889756289004913
0.9887298841263087
0.9886981489782145
0.9886403585592354
0.9884669854768097
0.9882357803382653
0.9881121297096798
0.988050290266336
0.9878647699324666
0.987617361725906
0.9875695792876146
0.9875058159366596
0.9873145237698545
0.987059416697675
0.9869413803094269
0.986882348946812
0.9867052529906906
0.9864690818651711
0.9863513303669957
0.9862924416816353
0.9861157737162506
0.98588017374401
0.9857518806866281
0.9856877189367828
0.9854952314170213
0.9852385306129195
0.9850822866621511
0.985004142065278
0.9847697050170179
0.9844570462170534
0.9842347496874608
0.9841235554180415
0.9837899659655517
0.983345027065643
0.9832648556349416
0.9829186469855737
0.98274985720897
0.9824929342572105
0.9823361442053923
0.9822577264901858
0.9820224698822339
0.9817087186087603
0.981503719107966
0.981401180591183
0.9810935591278828
0.9806832682287567
0.9804513052149323
0.9803352743551733
0.9799871741653842
0.979522875211451
0.9792680181813026
0.9791405300705901
0.9787580564414387
0.9782478922880893
0.9779558241504341
0.9778097120318411
0.9773713633227911
0.9767866386352789
0.9767704806889093
0.9766540571781048
0.9763047788222469
0.9758389082107989
0.9755970471857802
0.9754760632798182
0.975113102925615
0.9746289769835124
0.9742838260475648
0.9741111422622729
0.9735930736736781
0.9729019493166655
0.9728449543841607
0.9726207724696223
0.9719481974173726
0.9710508158439457
0.970609210846856
0.9703882315271981
0.9697252641746318
0.9688407137554271
0.9686718405283948
0.968077900848632
0.9678030801016938
0.9676656017084588
0.9672531548751321
0.9667029969529883
0.9664259660480813
0.966287381983222
0.9658716178123286
0.9653170329356587
0.9649544174641006
0.9647729922470616
0.9642286957311048
0.9635025694942955
0.9631369112256699
0.962953963151327
0.962405097552252
0.9616728719767114
0.9612934824513701
0.9611036595854697
0.9605341677251749
0.9597744109548823
0.959276464533494
0.9590272720791263
0.9582796541187443
0.957282085518891
0.9566430226436987
0.9563231327599734
0.9553633957016315
0.9540825130864028
0.9532381500911925
0.9528153430711847
0.9515468024625391
0.9498532692304903
0.9492398632093489
0.9480368971846925
0.9477724684527647
0.9473823593397452
0.9462119232989424
0.9446495384828573
0.9441812522357045
0.9430503176784063
0.9424361912921018
0.9421288060005939
0.941206579444803
0.939975827053599
0.9391754423914973
0.9387747058612267
0.9375723742616965
0.9359673708742652
0.9359030709184366
0.9349925135798863
0.9337773571545821
0.9330190915365233
0.9326394773386545
0.9315005193955231
0.9299802194330186
0.9290428309349151
0.9285734050204683
0.9271649464644837
0.9252844324212198
0.9244103276349409
0.9239726451104413
0.9226594339026006
0.9209062603497605
0.9197995656719061
0.9192452192731249
0.9175819100261219
0.9153606078320541
0.9138912891532569
0.9131548900767792
0.9109451992888921
0.9079926875261952
0.9075970520756093
0.9057907386048221
0.9033781646465294
0.9031054217269403
0.9013437606095659
0.8989909437456557
0.897810609342781
0.8972193556174246
0.8954452289376297
0.8930757417841679
0.8919587586078339
0.891399301371777
0.8897205862771602
0.8874787483738454
0.8862236799561707
0.8855949453885226
0.8837082902296473
0.8811882634649185
0.8800482225203557
0.8794772170757625
0.877763808393673
0.8754755689733594
0.874223395325764
0.8735961351377985
0.8717138605893939
0.869199695913153
0.8676108119400394
0.8668144983271203
0.8644247252175431
0.8612311250043508
0.860855567883909
0.860110689651337
0.8578752864853139
0.8548883926096641
0.8535214829624174
0.8528366513522744
0.8507814684448773
0.8480358181307577
0.8466767430821946
0.845995851006557
0.8439524590294597
0.8412225412973069
0.8399082635613754
0.8392498566676697
0.837273932735512
0.8346342608130554
0.8331951217115579
0.8324740277893723
0.830309861605172
0.8274180800508704
0.8256783684428095
0.824806267394601
0.8221886023258792
0.8186890476390148
0.8178544254676127
0.8153447496736653
0.8119897574956025
0.8112955707148978
0.8104844429691408
0.8080497572529274
0.8047950557422668
0.8040461865559325
0.8032371148696247
0.8008085399198356
0.7975617846400678
0.7960349692098867
0.7952696835273185
0.7929725453579994
0.7899016889664133
0.7884115116630076
0.7876645808267748
0.7854225089316094
0.7824251808939536
0.780706640206351
0.7798448414595871
0.7772576600796894
0.7737971056405666
0.772221176899172
0.7714309805859304
0.7690588175693965
0.7658863113353152
0.7643340541252706
0.7635556737448616
0.761218939047183
0.7580935554564269
0.7564861177060562
0.7556798799007497
0.7532593863326656
0.7500211452685663
0.7484050049327621
0.7475942668411872
0.7451601814760795
0.7419031992590437
0.7402742241408201
0.7394568987110237
0.7370029506566068
0.7337187772364262
0.7320929046235523
0.7312770096806155
0.7288272931190245
0.7255482867855317
0.723884073592644
0.7230487317205272
0.72054050945917
0.7171823364971526
0.7154685478670377
0.714608076897812
0.7120242655577946
0.7085638891061707
0.7068510391699665
0.7059908975848472
0.7034080138504902
0.6999483609633318
0.6982378061775558
0.6973786961536981
0.6947988575034321
0.6913428390955049
0.6895967631734083
0.6887196217446051
0.6860855317105373
0.6825560741463387
0.6808176829181835
0.6799443285637293
0.6773215796700697
0.6738070848607922
0.6720472394452256
0.6711629979681341
0.668507484556439
0.6649486592060673
0.6631806413464512
0.6622922489738002
0.6596242282967563
0.65604848483715
0.654255775320848
0.6533549339415939
0.6506494653746843
0.647023350184165
0.6452173063732592
0.6443097979740646
0.6415842708847913
0.6379313853769759
0.6361179884655385
0.6352068896884807
0.6324705603680905
0.6288035639978741
0.6269658450790152
0.6260426530484681
0.623269962347938
0.6195546390644595
0.6177123853503894
0.6167871528231678
0.6140083292755364
0.6102856118232619
0.6084280425073063
0.607495403902097
0.6046943179455082
0.6009427235334783
0.5990833498918167
0.5981501885072434
0.5953475360392735
0.5915951383361081
0.5897194442803051
0.5887785249522823
0.5859525515558225
0.5821703401834881
0.5802974093647498
0.5793584109484359
0.5765382128501917
0.5727655047571779
0.5708860478316717
0.5699443716501661
0.5671161164655617
0.563334552245002
0.5614583358042906
0.5605189548207717
0.5576975850118757
0.5539273993612008
0.5520536506964848
0.5511162401299243
0.5483007678259628
0.5445408080621073
0.5426734060105587
0.541739966421762
0.5389363923493538
0.5351948402887861
0.533343564138595
0.5324190277755143
0.5296421649065097
0.5259389102699232
0.5240973383281934
0.5231785410517218
0.520418857528759
0.5167412741502703
0.5149170335749741
0.5140078119457014
0.5112768223108975
0.5076403254222027
0.5058404533383796
0.5049443261106699
0.5022525887324153
0.49867124041284827
0.4968939386107277
0.496010029320011
0.4933548849634242
0.48982515879194394
0.4880769315956056
0.48720847056561684
0.4845996084728232
0.48113433565779407
0.47941762099584473
0.4785658144243245
0.47600683653366266
0.47261074486405513
0.47092909077880696
0.4700956852658854
0.46759181861306104
0.46427176291633204
0.4626280878858454
0.4618145133649586
0.45937003259118925
0.45613159152103877
0.45452699647578604
0.453733790540915
0.45135028489948215
0.4481955004874417
0.4466327818133753
0.4458613142710912
0.4435428762191293
0.44047708823413384
0.4389596607528208
0.43821160124979247
0.4359632258349965
0.4329929534803221
0.43152134874749887
0.4307969666994443
0.42861943219220505
0.425745683273123
0.424322556601036
0.4236231602205149
0.42152037028453654
0.41874825675951843
0.41737509882341045
0.4167014369971864
0.41467560794680625
0.41200805142521735
0.41068660468202345
0.4100395552135853
0.4080932876501522
0.40553372542008587
0.40426686465590855
0.40364785182336466
0.40178539062933544
0.3993393939446324
0.39812557140110383
0.39753391408863725
0.39575314499892755
0.3934180781129872
0.3922618302532816
0.3916997565482976
0.39000733761660494
0.3877918976558423
0.38669278817519653
0.3861601672311818
0.3845556250340379
0.38245932499188745
0.3814217193018149
0.3809206874658684
0.37941039459970416
0.37744151170098006
0.37646615210660567
0.3759971386842491
0.3745822975123829
0.37274247406133476
0.3718298046332414
0.3713931197690675
0.3700745515551303
0.36836497572841226
0.36751828687141336
0.3671155566545135
0.36589806413343723
0.3643249427711162
0.3635455124423541
0.3631774402466528
0.36206300967411215
0.3606289843806539
0.3599190214639519
0.3595867386693311
0.3585786430477813
0.3572879548252695
0.3566491177615059
0.3563535185705234
0.35545428533533907
0.354310246952328
0.3537446083939898
0.3534867811362801
0.3526995081783917
0.351706131966109
0.351215713780231
0.35099673814475835
0.35032446831854064
0.34948569849747485
0.349072623396088
0.3488936394438869
0.34833956776616914
0.3476595349014778
0.34732597504430446
0.34718816766142246
0.3467555846215777
0.346238544909632
0.3459867760211763
0.34589140523365675
0.34558377989881023
0.3452342224764181
0.34506666390481744
0.34501509153506965
0.34483613971499716
0.34465887781280624
0.3445781450124457
0.3445718721084082
0.3445256506501774
0.3445259510838289
0.34453494970057613
0.34457567902316705
0.344666747299896
0.3448505488895601
0.3449526374343538
0.3450423867146988
0.3452760989888933
0.3456504195172413
0.3458497493891273
0.34599107790423556
0.3463741784011577
0.3469479366687954
0.3472501919528959
0.34744669392763494
0.347988618198537
0.3487744402895631
0.3491886632415357
0.34944618672500893
0.35016228171093755
0.35118097645507124
0.35172509065944096
0.3520554741958254
0.35297684046706135
0.3542711141003363
0.3549976237943828
0.35543662256378517
0.3566569149599391
0.3583568594025763
0.3593491269496646
0.3599531482179688
0.36161747587498977
0.36391828149612526
0.3647771982651675
0.36662810726840267
0.36660698098680505
0.3670423503380862
0.3682761459089897
0.36994878741395143
0.370196991349449
0.37060336282423373
0.3717610964209824
0.37332336025200447
0.37402042002701436
0.3744000614246535
0.375486222401057
0.3769464499763969
0.3776074348008334
0.3779643089655125
0.37898848747921143
0.38036159557368543
0.3809864353560504
0.38132142641477773
0.3822852623629754
0.38357471848676256
0.38415950731249465
0.38447105903394235
0.3853696724064199
0.38656989152163845
0.3871105770600673
0.3873969597656031
0.38822508222436114
0.3893298057142815
0.38982174433205913
0.39008083729424636
0.39083213672831146
0.3918335561695259
0.3919626292677846
0.392191883347495
0.3928588246890372
0.39374745928401245
0.39383116587741324
0.39403139075332166
0.3946158112984606
0.39539437088781015
0.3958147113651094
0.3960346359922084
0.39667462285710375
0.3975267748406209
0.3979802828818543
0.3982185247355069
0.3989097568279152
0.39982972539206524
0.40031828462387653
0.4005761509997299
0.4013218717276799
0.40231401721813204
0.40285241394056853
0.40313857883741877
0.40396237489333203
0.4050581272877578
0.4056757659840324
0.40600776535477345
0.406956852985092
0.4082190724685628
0.408955549580995
0.4093583071889422
0.410497925940819
0.4120135748486074
0.4129161216807745
0.4134220279230129
0.41483356567697965
0.4167112815600983
0.4177440017156784
0.4183346087054633
0.4199643725531944
0.4221339590244018
0.42338034764494287
0.4241160212606733
0.42611244834949863
0.4287686407585557
0.43037913019610335
0.43137800771112395
0.43401819399373914
0.43751651906589456
0.43958907559648347
0.4409472077153929
0.4444290555985119
0.44899918004869743
0.45258314059323834
0.4554901916373062
0.4622757874553094
0.47068586970329424
0.47334488954338405
0.47959860126299525
0.48263520989877945
0.48477158224765876
0.4899226960421942
0.4964138496971218
0.5001466922784383
0.5031242941383395
0.509903965022389
0.5180412863671505
0.522193795098538
0.5256524486809029
0.5331932290888886
0.5418487877204247
0.5459069342090683
0.5492667378795694
0.5564124561456585
0.5644552048189821
0.5682052882386278
0.5714366061537546
0.5781247173473962
0.5855132975624866
0.5889469905303619
0.5920552395362189
0.5983035075089976
0.605077142894391
0.608214513085508
0.6112124398567024
0.6170608604688427
0.6232816225502581
0.626153466422484
0.6290570587655895
0.6345552537132781
0.6402931733687436
0.6429334803219311
0.6457591562460523
0.6509576881616017
0.6562808996392784
0.6587221266709957
0.6614849554812992
0.6664300510602734
0.6713992042495014
0.6736698148601362
0.676382648502111
0.6811137222879837
0.6857796817652848
0.6879032673976538
0.6905765016386277
0.6951255516286265
0.6995291910251419
0.7015245339844718
0.7041662352050196
0.7085582984170437
0.712731420154504
0.7146130282967641
0.7172292344726346
0.7214833324353715
0.725450059106661
0.7272288757224672
0.7298239525637013
0.7339541790677419
0.7377324314780989
0.7394165547569397
0.7419935420156675
0.7460101066409008
0.7496129708135706
0.7512083027363468
0.7537692205321099
0.7576793636386077
0.7611162644985857
0.7626270592314708
0.765173164430335
0.7689819177355142
0.7722595813656774
0.7736888899870886
0.7762208832093609
0.7799316801449643
0.7830548982943155
0.7844049192579766
0.7869231078534217
0.7905382611713843
0.7935104847064662
0.794782834091541
0.7972872579875223
0.8008083261844395
0.8036321171812163
0.8048280333512127
0.8073185606298756
0.8107466242739501
0.8134239946441414
0.814544490647036
0.8170208889296773
0.8203567555130008
0.8228894163423333
0.8239353914228101
0.8263973801009554
0.82964173294644
0.8320312745612454
0.8330035941393117
0.8354508814289842
0.8386043851445653
0.840852404071907
0.8417519557303272
0.8441842634765523
0.8472476356815098
0.8493558213579424
0.850183583922965
0.8526005921217312
0.8555745786686381
0.8575447723394983
0.8583017824756302
0.8607031909309403
0.8635886526697384
0.865422891885941
0.866110260102338
0.868495850196239
0.8712938342773682
0.8729943675538047
0.8736132894069109
0.8759829701277297
0.8786947530290151
0.8802640310657401
0.8808158413226524
0.883169582090515
0.8857965983809749
0.8872372676994843
0.8877233971385532
0.8900612259524368
0.8926050604777512
0.8939199511994695
0.8943419189288797
0.8966639199168741
0.8991262970657113
0.9003184063458731
0.9006778107535991
0.902984120759436
0.9053668912775289
0.9064393639883582
0.9067378725879905
0.9090286771165121
0.9113338034103339
0.9122899113103313
0.9125292499759247
0.9148047787469129
0.917034319432307
0.9178774396688764
0.918059381744559
0.920319904007101
0.9224759982147458
0.9232095918463615
0.9233359473289662
0.9255817672096205
0.9276666191456465
0.9282942102192004
0.9283668152969494
0.9305982672257461
0.932614131263656
0.9331392867819102
0.9331599940511017
0.9353774380863508
0.937326604374023
0.9377529154871547
0.9377235844158202
0.9399274021620955
0.9418121834989157
0.9421432477682327
0.9420657364217475
0.9442563268092478
0.9460790460222224
0.9463184515513807
0.946194608374471
0.9483723840586388
0.9501353629340279
0.9502866734584741
0.9501183305775179
0.9522837142490949
0.9539892630404184
0.9540560048852691
0.9538449712643252
0.9559983929270754
0.9576488014968438
0.9576344517409104
0.9573825085337672
0.9595244016991259
0.9611219306235081
0.9610299073915911
0.9607388018687016
0.9628696017425536
0.9644164757716035
0.9642501288096612
0.9639215707218604
0.9660417118161845
0.9675401136534104
0.9673027168784849
0.9669383751193833
0.9690482889930939
0.9705003537219864
0.9701950988972107
0.9697965987169327
0.9718967116554827
0.9733045219597606
0.9729345141226601
0.9725034332559156
0.974594166137673
0.9759597501160655
0.9755280010109033
0.9750658716369202
0.977147636246853
0.9784729614451256
0.9779823913957102
0.977490690828145
0.979563893137242
0.9808508694549183
0.9803042963148986
0.9797844580549998
0.9818494917466157
0.983099963010692
0.9825001125222401
0.9819535153039285
0.9840107618422791
0.9852265087019111
0.9845760038501847
0.9840039730363824
0.9860538073384717
0.9872365478125401
0.9865379121303516
0.9859417216968631
0.9879845076279956
0.9891358956295423
0.9883915500953834
0.9877724312903194
0.9898085140890899
0.9909301349889391
0.9901424102060986
0.9895015326482507
0.991531250293195
0.9926246276657349
0.9917957509695605
0.9911342363912206
0.9931579181031724
0.9942245139136852
0.9933566186636072
0.9926755506815379
0.994693500655964
0.9957347123618068
0.9948298328377171
0.9941302410146018
0.9961427603678529
0.9971599212110683
0.9962200124925984
0.9955028679052521
0.997510249531164
0.9985046464016767
0.9975315479905227
0.9967978121961131
0.9988003209013778
0.9997731498982428
0.9987686726224235
0.9997828159410952
0.9998639647126383
0.9999291510938805
0.9999999996349627