0.9991226233432974
0.9990979892277752
0.9990856715925813
0.9990487185855134
0.9989994459571808
0.9989991951384655
0.9989896762272368
0.998985350162309
0.9989831871113847
0.998976697953589
0.9989680456861167
0.9989675919163246
0.998961642645509
0.9989613570118578
0.9989600570659538
0.9989561572258601
0.9989509574191803
0.9989485251100247
0.9989473089493918
0.9989436604653289
0.9989387958028693
0.9989359468206906
0.9989345223216042
0.9989302488216567
0.9989245507976154
0.9989213591540735
0.9989197633221488
0.9989149758231928
0.9989085924609624
0.9989047909239843
0.9989028901413227
0.9988971877892096
0.9988895846091107
0.9988861008821371
0.9988843590063841
0.998879133375497
0.9988721658312422
0.9988674700423499
0.9988651221264332
0.9988580783729727
0.9988486866338843
0.998847024752734
0.9988446362462022
0.9988374707205991
0.9988279166170216
0.9988269287765589
0.998824851033648
0.9988186178001489
0.998810306769968
0.9988052773008325
0.9988027625416585
0.9987952182577609
0.998785159134748
0.9987802497783125
0.9987777950762678
0.9987704309638392
0.9987606120745417
0.9987548027110209
0.9987518979968191
0.9987431838460433
0.9987315648746269
0.9987257291370528
0.9987228112350331
0.9987140575208454
0.9987023857968426
0.9986963595699908
0.9986933464210929
0.9986843069657263
0.9986722542464626
0.9986660145511678
0.9986628946654954
0.9986535349994261
0.998641055323877
0.99863531103665
0.9986324388604626
0.9986238223238189
0.9986123335067881
0.9986102476520857
0.9986074684811245
0.9985991309606087
0.9985880141715364
0.9985812992054567
0.9985779416786764
0.9985678690879526
0.9985544388281368
0.9985458926692985
0.9985416195197067
0.998528800055535
0.9985117072092538
0.9985036797129074
0.9984996659023113
0.9984876244564614
0.9984715689963946
0.9984635550654992
0.9984595480383307
0.9984475269429228
0.9984314986165151
0.9984241350418434
0.9984204532019744
0.9984094076704745
0.9983946801257644
0.998386242754529
0.9983820239997248
0.998369367720242
0.9983524924574447
0.9983446410565039
0.9983407152954626
0.9983289379987896
0.9983132347457893
0.9983043481446264
0.9982999047681453
0.9982865746220881
0.9982688008484122
0.9982572018544573
0.9982514022286685
0.9982340033243589
0.9982108043646605
0.9981969505226275
0.9981900234178028
0.998169242067245
0.9981415329928754
0.9981374377849831
0.9981301831753099
0.9981084193063351
0.9980794001565428
0.9980624502422212
0.9980387434461612
0.9980268320260745
0.9980208761789214
0.9980030086091759
0.9979791847392436
0.9979759718262416
0.9979707711293304
0.9979551690163727
0.9979343658616755
0.9979226694857252
0.9979168211665697
0.9978992761821639
0.9978758824404581
0.9978634524370894
0.9978572372868195
0.9978385918059705
0.9978137306824245
0.9977981491753073
0.9977903581902992
0.997766985190442
0.9977358204240847
0.9977305795530611
0.997723883686644
0.9977037960527624
0.9976770119798312
0.997661370855135
0.9976535500595018
0.9976300876266321
0.9975988036130435
0.997582017964635
0.997573624870577
0.9975484455370105
0.9975148722018865
0.9974975242442596
0.9974888499765242
0.9974628271191867
0.9974281290175437
0.9974103852804592
0.9974015131070317
0.9973748965287405
0.9973394067628852
0.9973217728162201
0.9973129555442074
0.9972865036713011
0.9972512335346538
0.9972353304812065
0.9972273787150971
0.9972035233708884
0.9971717154441556
0.9971565448769362
0.9971489593712459
0.9971262028109251
0.9970958600056103
0.9970793826825213
0.9970711437609647
0.9970464269459979
0.9970134703394298
0.9969919372421696
0.9969811702521898
0.9969488691997134
0.9969057996675661
0.9968788233123361
0.9968653344427393
0.9968248677066529
0.9967709097576641
0.996744560137582
0.9967313846651786
0.9966918581294573
0.9966391538746164
0.9966144233594547
0.9966020575152517
0.9965649598733448
0.9965154944324283
0.9964891155521464
0.9964759254550168
0.9964363550401184
0.9963835922907485
0.9963563926794584
0.9963427921707455
0.9963019905147731
0.996247585974835
0.99622191347886
0.9962090766059385
0.9961705658696384
0.9961192161537124
0.9960897320891786
0.9960749892360959
0.9960307605267233
0.9959717861759211
0.9959435368883462
0.9959294114905075
0.9958870351622608
0.9958305308292807
0.9958029029772458
0.9957890883104126
0.9957476441817933
0.9956923828894725
0.9956607834341438
0.9956449827431643
0.9955975804935491
0.9955343743635893
0.995503316971105
0.9954877873682378
0.9954411983916454
0.9953790767314322
0.9953456758309956
0.9953289743319311
0.9952788696396918
0.9952120598694055
0.9951778743702527
0.9951607805168567
0.9951094987581292
0.995041119380623
0.9949967772579299
0.9949746043338038
0.9949080852243779
0.9948193868416966
0.9948033480337884
0.9947827190198114
0.9947208316923315
0.9946383098326015
0.9945982286123795
0.9945781864687941
0.9945180597572545
0.994437885739864
0.9943982104389998
0.9943783713021831
0.9943188536284542
0.9942394916953196
0.9942010960956476
0.9941818968803682
0.9941242989822467
0.9940474970987224
0.9940049490512276
0.9939836733049325
0.993919845763912
0.9938347366479319
0.9937897672744999
0.9937672806775448
0.9936998205435833
0.9936098672484704
0.9935534912955234
0.9935253002948884
0.9934407267702713
0.9933279519207375
0.9932666164328794
0.9932359451061334
0.9931439305026385
0.9930212323669128
0.9929618349568797
0.9929321328905868
0.9928430261047566
0.9927242059021799
0.9926661121671725
0.9926370621267888
0.992549911436958
0.9924336998137655
0.9923735759259475
0.9923435105653262
0.9922533138684185
0.9921330401566056
0.9920757618320836
0.9920471195749264
0.9919611922424605
0.9918466121375895
0.9917708078391124
0.9917329003003817
0.9916191767036331
0.9914675272137874
0.9913760330413557
0.9913302781422393
0.991193012009737
0.9910099641987582
0.9909809960849902
0.9908705017331839
0.9907231586081728
0.9906424493104291
0.9906020884769815
0.9904810048878766
0.9903195392498765
0.9902250317103596
0.9901777694589982
0.9900359812158649
0.9898469017000691
0.9897508747334998
0.9897028525002373
0.9895587842441138
0.9893666639993172
0.9892690732091792
0.989220268859538
0.9890738541833811
0.9888786045552016
0.9887906819467741
0.9887467134277188
0.9886148065513193
0.9884389062327898
0.9883189535067186
0.9882589636529863
0.9880789916520937
0.987838983396851
0.98771571550588
0.9876540673095214
0.987469120133307
0.9872224760121935
0.9870943038971012
0.987030202558134
0.9868378956847526
0.9865814346737174
0.9864650265778561
0.9864068098991403
0.9862321574887091
0.9859992449689511
0.9858827202408276
0.9858244452740095
0.9856496180227494
0.9854164718677314
0.9853040196627377
0.98524778165763
0.9850790654402117
0.9848540705183859
0.9847332949272223
0.9846728935289857
0.984491686787719
0.9842500318314196
0.9841190263241035
0.9840535076278014
0.9838569485583615
0.9835948156425847
0.9834458023100161
0.9833712750127097
0.9831476892872398
0.9828495044742417
0.9826599940270566
0.9825652053073083
0.9822808328411482
0.9819015564155342
0.9817053529940194
0.9816072156731822
0.9813127968488788
0.9809201180045682
0.9806960252686935
0.9805839328314186
0.9802476465192108
0.979799106602901
0.9797418451654887
0.9796355902939763
0.9793168175816688
0.9788916450550936
0.9786925530798628
0.9785929704859295
0.9782942155194265
0.9778957504668896
0.9776651604177746
0.977549816290162
0.9772037742166574
0.9767422168648042
0.9764766233440484
0.9763437615015523
0.9759451629816
0.9754134768302697
0.975100370176796
0.9749437270500582
0.9744737796567833
0.9738468734649582
0.9733896452850567
0.9731608394614377
0.9724743823921875
0.9715584519946255
0.9711897707891357
0.9709139936481573
0.9707760353284501
0.9703621456270202
0.9698100548075357
0.9694949611499426
0.969337324185539
0.9688643939352211
0.9682335104027179
0.9678392069230906
0.9676419146727522
0.967050007515232
0.966260312408129
0.9661085373909821
0.9659227854098921
0.9653655020134262
0.9646220285066774
0.9642438499724317
0.9640546324222123
0.9634869509403162
0.9627295967112499
0.962317676049387
0.9621115636181236
0.9614931915367487
0.960668168872046
0.9602370734176592
0.9600213602343629
0.9593741824797927
0.9585106972241607
0.9580492137140282
0.9578182809301751
0.9571254377058884
0.9562009844702797
0.9560122031649805
0.9557734983089022
0.9550573349046979
0.9541017457871636
0.9536044168381616
0.9533555340605414
0.9526088320189283
0.9516124613831622
0.9510913892028685
0.9508306134378186
0.9500482253289596
0.949004203825317
0.9484231355135638
0.9481323065457424
0.9472597425555729
0.9460952870898105
0.9455345388113939
0.9452538924850348
0.9444118805732836
0.9432882290401293
0.9427231044665221
0.942440264998015
0.9415916702408718
0.9404592330095705
0.9394782214673599
0.9389868913073302
0.9375126685652194
0.9355440849671222
0.9346117805353299
0.9341448870783229
0.932743988195077
0.9308734693830809
0.929852246412562
0.9293407566993883
0.9278060165713415
0.9257565135807175
0.9253869734668354
0.9241186728809642
0.9224254435353624
0.9223466963153029
0.9213999602792585
0.9201364448229613
0.9194507065101949
0.9191074501503346
0.9180775471856508
0.9167029238915397
0.9160528479502252
0.9157274637569454
0.9147511874816308
0.913448214366867
0.9121175799939417
0.9114508291615182
0.9094500487621512
0.9067769993147083
0.9067317099191591
0.9048736779576688
0.9023916936557048
0.9012314414698459
0.9006502394576527
0.8989061951440892
0.8965767607004835
0.8954413833620134
0.8948726799744838
0.8931661317307813
0.8908868650076627
0.8897224054989261
0.8891391187551088
0.8873887776158982
0.8850509135960517
0.8838135160609905
0.8831936333939299
0.8813334182162563
0.8788485225571115
0.8777114035309062
0.8771418510017286
0.8754326907506796
0.8731499180119725
0.8720415349708629
0.8714864099092648
0.8698205363308673
0.867595667519393
0.8661162928254582
0.8653749605223141
0.863150040358011
0.8601768109847184
0.8587425898950127
0.8580239313982296
0.8558670397048328
0.8529848707979865
0.8516528308286893
0.8509854803976229
0.848982596409626
0.8463065940737061
0.8449171641520387
0.844221007659776
0.8421315887403562
0.8393396434406218
0.8380330668055596
0.8373784970690015
0.835413906625215
0.8327890309329304
0.8314107606712395
0.8307201971977912
0.8286474810013144
0.8258777197222116
0.8241274523653189
0.8232499983837936
0.8206158995928314
0.8170935935967357
0.8155048718127018
0.8147085535382328
0.8123180840627923
0.8091221935167292
0.8076468119585126
0.8069074039291254
0.8046878067740152
0.8017207289665372
0.8002277485700271
0.7994794655080754
0.7972331441202749
0.7942300130355258
0.7926457940716121
0.7918516135698002
0.7894673368317847
0.7862789306075733
0.7846366446810907
0.7838132011941443
0.7813409169859434
0.7780340746587932
0.7764587360813727
0.7756688674538932
0.7732973820865254
0.7701253993805892
0.7685051808741629
0.767692659249772
0.7652530210715291
0.7619891487068491
0.7604071169410702
0.7596137013627225
0.7572313980210337
0.7540440537957571
0.7524590528995994
0.7516640434249767
0.7492768732207091
0.7460825454239202
0.7444102309600601
0.7435711622546741
0.7410514853107454
0.7376786364433265
0.7360086728039101
0.7351706522072633
0.7326540427684792
0.7292847724144211
0.7275833314381929
0.7267293205146346
0.724164560136989
0.7207299880792032
0.7190304183889032
0.7181772109912794
0.7156147901336829
0.7121828195551776
0.7104807051878393
0.7096260838924012
0.7070593424862204
0.703621046193872
0.7019005892098582
0.7010365955894846
0.6984416099989825
0.6949648212365346
0.6932079183248058
0.692325425048915
0.6896747518427756
0.686122541459898
0.6843548315308173
0.6834667842922086
0.6807993584280326
0.6772242229199128
0.6754362102225528
0.6745378409348822
0.6718393304814793
0.6682220483945303
0.6664219917735563
0.6655174976495573
0.6628005340453929
0.6591582404289636
0.657340563880667
0.6564271666736375
0.6536834027145368
0.6500049815288873
0.648165203575828
0.6472406828402242
0.6444634483547386
0.6407400645676671
0.6388834360094173
0.6379504936965137
0.6351479242121127
0.6313907261304631
0.6295189984947716
0.6285785770281042
0.6257535154236916
0.621966534905593
0.6200783420114913
0.6191298154052061
0.6162803859104199
0.612461311057712
0.6105590233385171
0.6096036564236847
0.6067336694135265
0.6028878629836586
0.6009736933419229
0.6000126742495191
0.5971257075932082
0.5932582216082358
0.5913326517164514
0.5903662972517411
0.5874633057732064
0.5835756608323198
0.5816417512938984
0.58067167743885
0.5777575213169148
0.5738564860234031
0.5719163781989214
0.5709437352876728
0.5680218713471659
0.5641123111599786
0.5621687241479736
0.5611949486694661
0.558269691575692
0.5543576040268582
0.5524134196616989
0.5514400234479362
0.5485159115443069
0.5446075673398926
0.5426658600956812
0.541694443542161
0.5387762786425347
0.5348782697850958
0.5329423480676114
0.5319746191108196
0.5290675236931947
0.5251868351265727
0.5232600278920495
0.5222976939053189
0.5194067861703878
0.5155503576654031
0.5136360574584511
0.5126808460192148
0.5098113026293418
0.5059861112381581
0.5040877168252353
0.5031413466606734
0.5002983156939426
0.4965112593058461
0.4946320959315886
0.49369623735578366
0.49088471969634756
0.4871424607277813
0.4852857431219403
0.48436200043390126
0.48158679723290826
0.47789569655183084
0.47606448881887553
0.47515438180725433
0.47242003924209913
0.46878608856129617
0.4669832698740237
0.4660882188997668
0.4633989836337839
0.4598277541930307
0.45805599962222193
0.45717731885771257
0.4545371179185499
0.4510337433449492
0.449295516404973
0.4484344134234707
0.4458468530090075
0.44241603853961586
0.4407135975006127
0.4398711800578737
0.43733956574571714
0.4339856263822823
0.43232104889843603
0.4314983408965893
0.4290257252048701
0.4257526597523984
0.4241278765188943
0.4233258383206383
0.420915081054457
0.4177266619372729
0.41614350333132183
0.4153630581021643
0.4130169045300592
0.40991678922747393
0.40837703947678766
0.40761910265570556
0.4053402708057174
0.4023321228335544
0.4008375776961059
0.4001030874990864
0.3978943582888913
0.3949819691929734
0.39353449407961466
0.39282444152019363
0.3906887471783627
0.38787615367001693
0.386477456246614
0.3857927777617481
0.3837328754635127
0.381023937087531
0.3796767461919372
0.3790188901677786
0.3770390684553105
0.37443967798966804
0.37314795886644436
0.3725189788790063
0.37062534023794275
0.36814375859686627
0.36690498736853466
0.3663038902973656
0.3644933104066759
0.3621259953384524
0.3609476731811057
0.3603782469223826
0.3586620221774235
0.35642401970691784
0.3553080646023218
0.35477148833629113
0.3531530000105279
0.3510492531393792
0.34999966268023947
0.349498139913329
0.3479838267253863
0.3460232689055983
0.34504356203222714
0.34457914413540897
0.34317492430288843
0.3413659659692912
0.3404613307969566
0.34003692452178563
0.3387512361126427
0.3371056285497332
0.3362810853432312
0.33589966624511525
0.3347410367911824
0.3332709392591035
0.332532742927015
0.3321980738527771
0.3311772422733973
0.32989804169308984
0.3292539341057312
0.3289708309017571
0.3281014373186592
0.327032925643818
0.3264926673389472
0.3262675954641398
0.32556772469227835
0.3247367766410763
0.3243135472557847
0.3241562526418586
0.32365264380010716
0.32310057928831276
0.32281475162157447
0.32274406060732524
0.3224867009512637
0.3222961500963775
0.3222025685567718
0.3222838455040306
0.32244096518460874
0.32290596729497895
0.32326833949485323
0.32396497365979887
0.32395576480837285
0.32416548776932314
0.3247440261531832
0.3256303106790705
0.32606180242807603
0.32633466657435367
0.3271039294743926
0.32822785818148187
0.32877753381074104
0.3291061087895359
0.3300422571302012
0.33137757600332224
0.33202813721453056
0.3324042741999455
0.3334827843703999
0.33499839840136564
0.335726904978189
0.33613836653667967
0.3373236778707158
0.3389718154034627
0.3397359791466068
0.34015897523468647
0.3413830587785988
0.34307045037238293
0.34399618660886916
0.3445096016808863
0.34599223020775755
0.3480320654426396
0.34920053097025355
0.34985279819225873
0.3517283337837863
0.35430614958675954
0.35576221688837734
0.35657953498958456
0.3589188445930907
0.3621275935108704
0.3639154289703974
0.3649239701679616
0.36779604416476097
0.3717234611574729
0.3738240293244446
0.3750101888796938
0.3783740005766429
0.38295297796427435
0.38606743614668915
0.3878955948830669
0.3929737391166333
0.3998589185069839
0.4035318447895627
0.4056881764035717
0.4116224420399058
0.4195875978442411
0.4231809979780249
0.4252459945802361
0.43094086219110944
0.43852987323817355
0.4423412298647171
0.444548880496781
0.45059539370912205
0.4586049371333993
0.46276684512752575
0.46521152953867556
0.4718294208120692
0.4805281817990035
0.4852514084163818
0.48809717862131174
0.4956500585985076
0.5054476659007765
0.5108701227682544
0.5142592622852997
0.5229946526482666
0.5340831723150172
0.5394068873812716
0.5427499623596371
0.5512156959265299
0.5618053039661084
0.5664392883152117
0.5693259927610836
0.5765913310373222
0.5856516717400966
0.5898941762404263
0.5926237154249375
0.5993654518429187
0.6076903143797999
0.6117060855988268
0.6144084239728795
0.6208912021984182
0.6287705379514468
0.6326045073336716
0.6353476121757852
0.6416748629678112
0.6491925491982274
0.6528395915190744
0.6556730343675476
0.6618888229454024
0.6690411771964451
0.6724669512263984
0.6754292989018482
0.6815420484845003
0.6882686131683581
0.691427350753536
0.6945512713101266
0.7005556393760385
0.7067703610798429
0.7096126005939705
0.7128564403135695
0.7186504932681314
0.7242240438630823
0.7267287737717997
0.7297709614786967
0.7349225425097556
0.7396789097045147
0.7418061160990566
0.7446912537960553
0.7493424338630421
0.7534652223345795
0.7552983574697331
0.7580646920178912
0.7623301482718493
0.7659620306986112
0.7675657524797126
0.7702414949808287
0.7742064743829741
0.7774535318897224
0.7788756784261033
0.78148116361894
0.785208026079164
0.7881482242833769
0.7894237936873895
0.7919734720177498
0.7955074140105147
0.7981976747584675
0.7993520826760904
0.8018562344892968
0.8052299702802043
0.8077117309879699
0.8087633281575181
0.8112295392521782
0.8144670373131421
0.8167704515841063
0.8177324376809599
0.8201667966571455
0.823286130024988
0.8254331232509666
0.8263150251379614
0.8287228793877573
0.8317381447934562
0.8337445721105835
0.8345533910221137
0.8369395344066274
0.8398618553056154
0.8417390410197975
0.8424800656329428
0.8448485076500131
0.8476864136454412
0.8494423277765419
0.8501196082019264
0.8524733115589325
0.8552329733548706
0.8568731926557825
0.8574897897932092
0.8598306585615416
0.8625162850537521
0.8640447682113463
0.8646029456189177
0.8669320470742884
0.8695464220608085
0.8709660907887629
0.871467525157409
0.8737853761949872
0.876330369445715
0.8776435137703374
0.8780895008220588
0.8803962996709521
0.8828732514362315
0.8840818018858561
0.8844734199274936
0.8867691975132902
0.8891791716893972
0.8902848801184781
0.8906231022914689
0.8929078119351491
0.8952517528043106
0.8962563117407625
0.8965412949729406
0.8988160853718435
0.9010959544587025
0.9020006525498251
0.9022356830052564
0.904498003159212
0.9067126176787561
0.907520057235963
0.9077038199780153
0.909954811136515
0.9121062225609363
0.9128179013335975
0.912952161095746
0.9151918224349026
0.9172811457634439
0.9178990394401532
0.917984889996747
0.9202132394568849
0.9222416645373835
0.922767864340637
0.92280644362211
0.925023534584619
0.9269923391397753
0.9274290431279709
0.9274215401111535
0.9296274611802797
0.9315380066163041
0.9318875115269107
0.9318351616259304
0.9340300350351738
0.935883759254344
0.936148449410882
0.9360525283902158
0.9382365076865745
0.9400349161823985
0.940217250551674
0.9400790677005714
0.9422523350011713
0.9439969910026033
0.9440994893018942
0.9439203803297861
0.9460831432786245
0.9477756574170714
0.9478008859976845
0.9475822058109729
0.9497346944621289
0.9513767144466031
0.9513272723026199
0.9510703879786138
0.9532128517107654
0.9548060522829498
0.9546845575766515
0.9543908416969096
0.956523546168256
0.9580696195072461
0.9578786968228216
0.9575495212715054
0.9596727454373624
0.961173392051824
0.9609156606826621
0.9605523906773997
0.9626664241730877
0.9641233446788202
0.9638014076473125
0.9634053966099416
0.9655105371723214
0.966925424634702
0.9665418590395702
0.9661144438780096
0.9682109948686828
0.9695855278546122
0.9691428761628267
0.9686853729867674
0.9707736412758718
0.9721094778112926
0.9716102400036148
0.9711239405408669
0.9732042346354345
0.9745030068516924
0.9739496337495
0.9734358020231425
0.9755084305238648
0.9767717400281245
0.9761666277103836
0.9756264977853634
0.9776917671915277
0.9789211807738756
0.9782666656432286
0.9777014386679528
0.9797596529526093
0.9809566996302043
0.9802550544599878
0.979665897654848
0.9817173562733538
0.9828835240015189
0.9821369553242502
0.9815250003811524
0.9835699968825353
0.9847067304748688
0.9839173753036287
0.9832837155249768
0.985322539231052
0.9864312397447551
0.9856011627680356
0.9849468564880856
0.9869797883932084
0.9880618098974281
0.9871930052041947
0.9865190722733094
0.9885463852403206
0.9896030340153927
0.9886974238582555
0.9880048413731025
0.9900268042472705
0.9910593412942835
0.9901187717603338
0.9894084870360614
0.991425354259249
0.9924349902058404
0.9914612381950731
0.99073415382352
0.9927461748621911
0.9937340747729199
0.9927288413594497
0.9919858244422121
0.9939932414729633
0.9949605234494879
0.9939254360670634
0.993167314117365
0.9951703646710152
0.9961181015558244
0.9950547198201437
0.9942822938152635
0.9962811939819556
0.9972104047429287
0.9961202301900218
0.9953342567717776
0.9973292155482595
0.9982408797961316
0.9971253303656052
0.9963265167591292
0.9983177604009645
0.9992128259883014
0.9980732434788159
0.9972623184201664
0.9992500178855195
1.0001293547265466
0.9989670745981414
0.9985741938504847
1.00014385404169
1.000798445199603
0.9999999997153095