0.9991553382658798
0.999130712829861
0.9991183995352554
0.9990814595533692
0.9990322042998768
0.9990301798036728
0.9990289690167472
0.9990253366538565
0.9990204934863144
0.9990179811229281
0.9990167249348836
0.9990129563685212
0.9990079315949351
0.9990056104071896
0.9990044498077837
0.9990009680076016
0.9989963255917017
0.9989936919783775
0.9989923751647567
0.9989884247215342
0.9989831574435694
0.9989803273010806
0.9989789122218139
0.998974666981357
0.9989690066374062
0.9989656148695645
0.9989639189743812
0.998958831285394
0.9989520476659635
0.998948678613856
0.9989469940765852
0.9989419404614179
0.9989352022739488
0.9989315553600413
0.998929731889931
0.9989242614757295
0.9989169675505407
0.9989132191582644
0.9989113449483124
0.9989057223145462
0.9988982254269205
0.9988948337219773
0.9988931378578385
0.9988880502619737
0.9988812667663474
0.9988776618908305
0.998875859440151
0.9988704520843565
0.9988632422374615
0.9988596792179588
0.9988578976954876
0.9988525531244502
0.998845426991476
0.9988416441482889
0.9988397527124773
0.9988340784010128
0.9988265126095944
0.9988214172293376
0.9988188695140728
0.9988112263618957
0.9988010354131631
0.9987961816953178
0.9987937548132552
0.9987864741612447
0.9987767665531012
0.9987721997626315
0.9987699163467285
0.9987630660936818
0.9987539323588289
0.998749070551873
0.9987466396249474
0.9987393468382346
0.9987296230505016
0.9987248464840607
0.9987224581783666
0.9987152932554779
0.9987057399555472
0.9987004568555065
0.9986978152782441
0.9986898905396844
0.9986793241364055
0.9986730043728071
0.9986698444523342
0.998660364681761
0.9986477248649857
0.9986407448619647
0.9986372548132952
0.998626784656554
0.998612824298059
0.9986060581135037
0.998602674977027
0.9985925255572925
0.9985789928566938
0.9985715720808012
0.9985678616395768
0.9985567303040064
0.99854188835342
0.9985334947808733
0.9985292979267587
0.9985167073498691
0.9984999196955658
0.9984887495058132
0.9984831642913479
0.9984664086232937
0.9984440673447852
0.9984374464993274
0.99842063369184
0.9984114795856328
0.9984069024516207
0.9983931710327191
0.9983748622123348
0.9983662721462647
0.9983619770412804
0.998349091711157
0.9983319110407027
0.9983206246766005
0.9983149813719211
0.9982980514331534
0.9982754777830334
0.9982637516333136
0.9982578884259037
0.9982402987769395
0.9982168454856803
0.9982105705418228
0.9982041562463002
0.9981849133280981
0.9981592555926113
0.9981470435519442
0.9981409373894403
0.9981226188729619
0.9980981937230028
0.9980863806303103
0.9980804739514165
0.9980627538885566
0.9980391266975345
0.9980278965803608
0.9980222813985564
0.9980054358290036
0.9979829746771715
0.9979662275546355
0.9979578537264007
0.997932732191267
0.9978992359285146
0.997881586175968
0.9978727610007619
0.9978462854201536
0.99781098366864
0.9977900024550883
0.997779511428669
0.9977480382722358
0.9977060726929492
0.9976990346995636
0.9976896787631061
0.9976616108929687
0.9976241859617102
0.9976047655038502
0.9975950549133906
0.9975659230762861
0.9975270794427902
0.9975210791870431
0.9974981316482783
0.9974675341969008
0.9974526925812174
0.9974452715626015
0.9974230084672138
0.997393323640538
0.9973792508031107
0.9973722141908973
0.9973511043186494
0.9973229571945105
0.997309004679163
0.9973020282320917
0.997281098854174
0.9972531924089685
0.9972402866984837
0.9972338336835981
0.9972144746078889
0.9971886619846495
0.9971740999547908
0.9971668187365472
0.99714497504252
0.9971158494554158
0.9971018160843733
0.9970947992110517
0.9970737485543056
0.997045680395986
0.9970296476401036
0.997021631016512
0.9969975810993058
0.9969655137407452
0.9969504581994214
0.9969429302134024
0.9969203462142946
0.9968902334991105
0.9968705671468082
0.9968607335998023
0.9968312328898697
0.9967918974004449
0.9967707317449868
0.9967601484924411
0.9967283986579706
0.99668606412369
0.9966629354629591
0.996651370618531
0.9966166759928017
0.9965704148136424
0.9965440866157416
0.9965309218589805
0.9964914274729231
0.9964387660936379
0.9964091446106246
0.9963943330290391
0.9963498981381179
0.9962906488611711
0.9962637119882574
0.996250242865566
0.9962098353763899
0.9961559564302733
0.9961232790768907
0.9961069393832085
0.9960579201290665
0.9959925577279841
0.9959784587608731
0.9959609592658675
0.99590846057749
0.9958384584722341
0.9958306334052318
0.995815433748787
0.9957698346282433
0.9957090328570765
0.995676546552828
0.99566030238705
0.9956115697145355
0.9955465895037883
0.9955137294427705
0.9954972983922
0.9954480050664464
0.995382277194122
0.9953524687407145
0.995337563658913
0.9952928482629738
0.9952332249442617
0.9952015441793164
0.995185702847874
0.9951381786859271
0.9950748099590301
0.9950440141249093
0.995028615302242
0.994982418676735
0.994920820177854
0.9948883428652241
0.9948721032059187
0.9948233840518622
0.994758421841535
0.9947195345449097
0.9947000894591237
0.9946417539480965
0.994563968504349
0.9945215299559368
0.9945003089790491
0.9944366457535612
0.9943517557602162
0.9943108816978912
0.9942904430796897
0.9942291269530299
0.9941473668278271
0.9941001695406887
0.9940765687820868
0.9940057661432226
0.9939113556005695
0.993852901930406
0.9938236718692631
0.9937359811460793
0.9936190492731051
0.9935500365860325
0.9935155257054498
0.9934119922936004
0.9932739326954738
0.9932040059741581
0.9931690380003838
0.9930641332868299
0.9929242449729248
0.9929026749776373
0.9928685336669355
0.9927661089768868
0.9926295280033363
0.9925646273082614
0.9925321729895126
0.9924348093513151
0.9923049777766425
0.9922402435133959
0.9922078723956699
0.9921107583621395
0.9919812597716947
0.9919184200550211
0.991886996484936
0.9917927251249069
0.9916670175541434
0.9915868513020841
0.991546762137675
0.9914264936159591
0.9912661152885707
0.9911770604083958
0.9911325255157927
0.9909989195577824
0.9908207531408825
0.9907303812101181
0.9906851875339902
0.9905496051458667
0.990368803084092
0.9902628251355667
0.9902098256939434
0.9900508255539817
0.9898387901400058
0.9896861637537471
0.9896098288093947
0.9893808202351048
0.9890754019883454
0.9889224271576345
0.9888459178722189
0.9886163861641394
0.9883102703300136
0.988151019325712
0.9880713701910849
0.9878324187417076
0.9875137362223668
0.9873631872432933
0.9872878913568661
0.9870619999855824
0.9867607401198856
0.9865947008943037
0.9865116555871217
0.9862625151728504
0.9859302410511888
0.9857444471433809
0.9856515180103272
0.985372724960954
0.9850008915528845
0.9849556652627042
0.9848758909207244
0.9846365636141559
0.9843173807080685
0.9841736839088872
0.9841018164004628
0.9838862103692495
0.9835986709309839
0.9834300564376531
0.9833457228673839
0.9830927173997306
0.9827552874014308
0.9826741769686633
0.9825903840164129
0.9823390004331846
0.9820037336949858
0.9818303352197976
0.9817436079651333
0.9814834210642678
0.9811364102524334
0.9809671866400153
0.9808825481425194
0.9806286277197788
0.9802899770345797
0.9801264227345519
0.9800446207794334
0.9797992102365819
0.9794719123887424
0.9792795777873894
0.9791833763798911
0.9788947658182889
0.9785098350852288
0.9783274239314045
0.9782361874564587
0.9779624722096459
0.9775974139360372
0.9774156330744121
0.977324712087272
0.9770519432562513
0.9766881480781852
0.9764685554443338
0.9763587148719437
0.9760291844947104
0.9755896603954483
0.9753590441816995
0.9752436875386719
0.9748976081545052
0.9744360022276407
0.9742102524299262
0.9740973307603249
0.9737585564693744
0.973306698976807
0.9730686168967885
0.9729495243744907
0.9725922365418043
0.9721156753953315
0.9718512414764072
0.9717189606520407
0.9713221052383387
0.9707927468564275
0.9704228660570934
0.9702378014421462
0.9696825824046332
0.9689418638846325
0.9688729487790709
0.9687212320828786
0.9682660648275301
0.9676588894794425
0.9673216102810098
0.9671528681451673
0.9666466201371788
0.9659712687723153
0.9656004287346475
0.9654148846104712
0.9648582259639762
0.9641155868626234
0.9636980262516085
0.9634890892381276
0.9628622442349647
0.9620259113576769
0.9615276156885447
0.9612782462463118
0.9605300887319802
0.9595317781491433
0.9589791041227496
0.9587024957684849
0.9578726093981001
0.9567651501871324
0.9562240288906405
0.9559532088824118
0.9551406884003075
0.9540564254751138
0.953474011912865
0.953182506346061
0.9523079184941009
0.9511407569844901
0.9505578860013809
0.9502661524697472
0.9493908790569074
0.948222805180201
0.9479831376053067
0.9471407066381545
0.9460165043626654
0.9454201869284632
0.9451217209189303
0.9442262427772665
0.9430311876798775
0.9423645201626866
0.942030804204458
0.941029554580404
0.9396931982795421
0.9390693902603253
0.9387571520670831
0.937820345520908
0.9365700891509793
0.9359837993878527
0.9356903625083882
0.9348099689385566
0.9336350685598019
0.9329525496053332
0.9326108964131269
0.9315858214648179
0.9302176466596203
0.9295450334607893
0.9292083471901679
0.9281981732238789
0.9268499098852481
0.9261113481763266
0.9257416127052989
0.9246322647220245
0.9231514888761998
0.9224478348186359
0.9220955968987029
0.9210387499595418
0.9196281356176652
0.918717390487013
0.9182613382003321
0.916892954247633
0.9150659440323761
0.9146150389663976
0.9132537499594271
0.911436239982975
0.9105753976694125
0.910144376600469
0.9088510960648066
0.9071245101372872
0.9061421737475641
0.9056502333899429
0.9041741196999522
0.9022030915935465
0.9009919724257504
0.9003852509153613
0.8985646260967218
0.8961327506747444
0.8946593024640913
0.8939208761099929
0.891704884935856
0.888743746416365
0.8882933317864572
0.8865949606490084
0.884326671803556
0.8827509588522358
0.8819611998620958
0.8795910324553259
0.8764233751863783
0.8742804190015052
0.8732054502412712
0.8699788003865485
0.865662712093555
0.864531927871528
0.8616587968348172
0.8612898221078842
0.8605845262412094
0.8584678021607561
0.855639501567496
0.8542933890754698
0.853618977160142
0.8515949354392867
0.8488906841981647
0.8476120962991114
0.8469715831471879
0.8450492805528768
0.8424811745223391
0.8409138775404111
0.8401284025556482
0.8377707776191506
0.8346195756704268
0.8330411259587917
0.8322500307413639
0.8298754588250976
0.8267014072704663
0.8252394008700065
0.8245067769850003
0.8223077415491024
0.8193687337443881
0.8177661256134164
0.8169628567958943
0.8145515805127841
0.8113279582417712
0.8097994798823702
0.8090334141551347
0.8067338089554834
0.8036596441711465
0.8019942239833973
0.8011593037855873
0.7986527864985029
0.7953009084296633
0.7947870180580626
0.7940648048464973
0.7918967923028831
0.788998534991679
0.7875069923113361
0.7867593514931246
0.7845148934878358
0.7815138847193774
0.7798933807743609
0.7790808494585983
0.7766413613736434
0.7733783965996966
0.7717570450095343
0.7709439925241017
0.7685028536467705
0.7652372474641793
0.7636128673088126
0.7627981919198186
0.7603520922751238
0.7570793707640736
0.7554547628743171
0.754639864092155
0.7521930106915973
0.7489187971994196
0.7473104687035595
0.7465036476455275
0.7440809920841701
0.7408387925496734
0.7391444971225589
0.7382942742518575
0.7357410862244688
0.7323229462645137
0.7306392071581387
0.7297941577396122
0.727256439652157
0.7238585363506109
0.722152313660924
0.7212957985425794
0.7187235352237766
0.7152786155074201
0.713585364013226
0.7127352492185886
0.7101821568208598
0.7067625018445902
0.7050418901016585
0.7041778539471986
0.7015828408138179
0.6981062730541813
0.6963827673127411
0.6955171513009858
0.6929173292895601
0.6894338434272326
0.687678256318449
0.6867963515212054
0.684147497746684
0.68059759552553
0.6788154724382598
0.6779200888622464
0.6752306570263664
0.6716257851977554
0.6698313236284597
0.6689296539194185
0.6662212814472397
0.6625906972739968
0.6607877323057387
0.6598817490871737
0.6571603774379218
0.653512220068866
0.6516886548070424
0.6507722914743987
0.6480196837940062
0.6443295219981972
0.6424886066668944
0.6415635515314175
0.6387847936614567
0.6350596548854527
0.6331976119800007
0.632262013740535
0.6294515452881257
0.6256841297604449
0.623809131248976
0.6228671776943667
0.6200376014893365
0.616245107268293
0.6143572063724502
0.613408991568666
0.6105605964407265
0.6067436343020112
0.6048428037585516
0.6038883846328008
0.6010213460611201
0.5971803838728074
0.5952680314493116
0.5943081916137304
0.5914248687711036
0.5875633191087927
0.5856418498839735
0.5846778760264872
0.581782138858186
0.5779054422390583
0.5759777322565391
0.5750111458523206
0.5721075678329691
0.5682220963915974
0.5662903942324188
0.5653223970454699
0.5624145872802342
0.5585253981027285
0.5565925053464131
0.5556245716358236
0.5527169559204551
0.5488301789701705
0.546899337328726
0.5459331546219889
0.5430307972854913
0.5391533880060561
0.5372277579041059
0.5362649637404313
0.5333727759753778
0.5295114494668212
0.5275944936121577
0.5266368663387402
0.5237601801990702
0.5199221760798038
0.5180172458782494
0.5170664968271989
0.5142104404383496
0.5104026852475009
0.5085132677084377
0.5075711639696906
0.5047410310789886
0.5009706310836678
0.4991001047686126
0.49816834737051063
0.4953692313203891
0.4916429850479556
0.4897946633919612
0.4888749093590554
0.48611176980912835
0.482436259703867
0.4806132928831673
0.4797071075222863
0.4769846273182144
0.47336603393115756
0.47157139935076287
0.47068025318567386
0.4680028294841678
0.4644469260928257
0.4626833911831518
0.4618086437523695
0.459180339551695
0.45569243588146763
0.4539625420210753
0.4531054366940082
0.45052996537548196
0.44711489651695785
0.44542096171434387
0.4445826301767307
0.44206336895716714
0.4387255233420062
0.4370696494405045
0.43625111866619787
0.4337911293060095
0.43053448647488624
0.42891858726032545
0.42812079679744514
0.42572287709323814
0.4225510855167048
0.42097692235651896
0.42020074512334676
0.4178674906986488
0.414783957896806
0.4132531854138137
0.412499453026108
0.4102333325011439
0.40724133092474096
0.4057555480520603
0.40502507824991035
0.4028285144884174
0.39993129317915427
0.3984920968250817
0.39778572157508135
0.3956611747416862
0.3928620710703512
0.39147180981034346
0.390790738728461
0.3887418007497169
0.38604566180468924
0.3847057077563491
0.3840506969346326
0.38207958316756707
0.37948950404368204
0.3781997074565945
0.37757081204972465
0.37567760709590925
0.37319398685222427
0.3719582467318361
0.3713574777440516
0.3695481549236082
0.3671790495240512
0.3660005836394382
0.3654296383201982
0.36370921005222945
0.36146144705012373
0.36034118596757436
0.3598007134177572
0.35817099701030036
0.35604736583711677
0.35498900566368
0.35448098951700224
0.3529478102167326
0.350956287860014
0.3499630110080686
0.3494892324188896
0.3480577656612618
0.3462055654672921
0.34528059046252146
0.3448429095346462
0.3435185156393656
0.34181320205740917
0.3409607591112233
0.3405615811221811
0.33935120453344647
0.3378024882892728
0.337027263300524
0.3366693206403616
0.3355807961020575
0.33419973435934114
0.3335072246629058
0.33319380464078663
0.33223649601541766
0.3310364244786594
0.33043340228167817
0.33016867209673967
0.3293543660592733
0.3283522444575391
0.32784715694880245
0.3276366084441646
0.32698065534149595
0.32619902718647276
0.32580334639089253
0.3256550533633669
0.3251796738689649
0.32465210035824427
0.32438314005002966
0.3243113557635512
0.32405474963574193
0.3238418929614244
0.32373294471981634
0.32378139499267905
0.32385408675430377
0.32415195700509064
0.32432314632454523
0.32449967778298655
0.3249577768224471
0.32573568035035344
0.32575598799704114
0.32632641609030555
0.3271941444392841
0.32760988899810767
0.3278716916449496
0.3286082422676606
0.3296794362514558
0.33019862285777846
0.33050829128493336
0.3313890353352511
0.33264124539139855
0.3332468616560114
0.33359653071806117
0.3345976949775503
0.33600113992519587
0.3366717966287484
0.33705023669297535
0.3381391155411876
0.339650262319242
0.340349749550516
0.34073682709549713
0.34185577421203056
0.3433961071990145
0.3442077980229642
0.34465618209556725
0.34595140159715243
0.347729499118995
0.3487430627454354
0.34930670965484584
0.350928214763577
0.3531526662103064
0.35439400310051583
0.3550875526595285
0.3570747842576709
0.35979620789133543
0.3613102761343207
0.3621607560795539
0.3645860979972852
0.36789968104879356
0.3695574297642239
0.3704825821577975
0.3731195112120474
0.37670569113813285
0.37897504989718317
0.3802748214879456
0.3839283449662703
0.38888733687130594
0.39230794496129845
0.39435869019311853
0.3999762343775277
0.40755104662019875
0.4089489601703594
0.41089433186982915
0.41624645793417187
0.4234124928500014
0.42686026514801095
0.4288614820647242
0.43435302239435974
0.4416688554238427
0.4455116983249464
0.44777919982084796
0.4539325420205834
0.46207632512893576
0.46636103730881634
0.468930948808321
0.4758062504858178
0.4848138095593905
0.48957364714281076
0.4924876861887861
0.5001374992503894
0.5100125858586427
0.5156465077071168
0.519277936472836
0.5284651107855537
0.5399859192944209
0.5402927960337605
0.5432394313455875
0.5507433923617667
0.5601835058321467
0.5644926250198845
0.5671929604549603
0.5739943056002362
0.5824937826237983
0.5865506177547446
0.5891762175610064
0.5956504621867617
0.603647309427033
0.6075473761162603
0.6101927989868025
0.6165163671977222
0.6241926070536779
0.6279637921045438
0.6306961985773051
0.636959639656529
0.6443742480280262
0.6479994030480384
0.6508715292324584
0.6571114078266825
0.6642373391735528
0.6676625477102557
0.6707049258051104
0.6769022015993729
0.6836364005904888
0.6867978832749179
0.6900241069654532
0.6961358235659556
0.7023519502597448
0.7051771284671587
0.7083660442387042
0.7140394956057452
0.7194949850566047
0.7219520914419019
0.7249540908660393
0.7300322850082899
0.7347326526075313
0.7368397418562165
0.7396970645713583
0.7443122102020168
0.7484260927853257
0.7502598581952603
0.7530065332636112
0.7572619094762362
0.7609182755018955
0.7625371075477784
0.7651981166927478
0.7691702648968423
0.7724648557789698
0.7739118562441729
0.776505349555627
0.7802504642978773
0.7832537696086478
0.7845604781920222
0.7870998137270455
0.7906592317360219
0.793422965837759
0.7946123487981444
0.7971078125543414
0.8005123903394654
0.803074434760748
0.8041632075829815
0.8066232460029358
0.8098965336457606
0.8122845394605078
0.8132849524243909
0.8157167503387117
0.8188769442087436
0.8211109048253452
0.8220320494831163
0.8244415323925474
0.8275024758891683
0.8295966249990879
0.8304452897835212
0.8328369340137576
0.8358087115018642
0.8377730243903192
0.8385542181317148
0.8409310463211369
0.8438206247515915
0.8456620449792682
0.8463793778195513
0.8487432159378625
0.8515552199708087
0.8532786254137014
0.8539346640215417
0.8562865043596182
0.8590239681578775
0.8606328834592344
0.8612294801161299
0.8635697977427477
0.8662347570641575
0.867731852982439
0.8682704105975351
0.8705993827832161
0.8731932837182861
0.8745807185416784
0.8750623793089498
0.8773800223450982
0.8799039862821867
0.8811836369857426
0.8816094076771652
0.8839156590843559
0.8863706508065291
0.8875442683279715
0.8879151010752269
0.8902098684967523
0.8925968018809394
0.8936661140535779
0.8939834000153594
0.896265886226627
0.8985850834651516
0.8995520916888344
0.8998155446817704
0.9020870009961414
0.9043406013156328
0.9052067487723152
0.905418629526087
0.9076783391910083
0.9098668213309181
0.9106342734923089
0.9107952447148873
0.9130431900316002
0.9151677061571785
0.915838545805899
0.9159497357944005
0.9181859449767119
0.9202477485842654
0.9208241710974301
0.9208867697950595
0.9231113086908124
0.9251117449203639
0.9255960554631502
0.9256113053279024
0.9278242762396697
0.9297647758706669
0.9301593796569321
0.9301285700285818
0.9323301096654387
0.9342121807990151
0.9345195707036145
0.9344440310824699
0.9366343079526973
0.9384595262856497
0.938682268909675
0.9385633617071314
0.9407425731029327
0.9425125714121636
0.9426532924532764
0.9424924055185391
0.9446607742938364
0.9463772316278528
0.9464386011794134
0.9462371402774838
0.9483949116597388
0.9500595427101756
0.9500442607837672
0.949803642520165
0.9519510808020782
0.9535656254967526
0.9534764082964688
0.9531980531554693
0.9553354386618939
0.9569016523909568
0.9567412193983691
0.9564265454535762
0.958554171470426
0.9600738159087026
0.9598448777900379
0.9594952948114553
0.9616134649099242
0.963088299626899
0.9627935473598164
0.9624104516309623
0.9645194769255246
0.9659512515746106
0.9655933467690041
0.9651781160862172
0.9672783129724627
0.9686687605182895
0.9682503264151479
0.9678043159914117
0.9698960040992171
0.9712468347586681
0.9707704485964229
0.970294987902019
0.9723784875632704
0.9736913830374508
0.9731595697841663
0.9726559583128863
0.9747315896451163
0.9760081991095262
0.975423425074099
0.9748929310245789
0.9769610116481673
0.9782029471785135
0.9775676159586355
0.9770114730287768
0.9790723171720328
0.9802811507989114
0.9795975989857459
0.9790170045869673
0.9810709223611418
0.9822481833892338
0.9815186775653867
0.9809147928241438
0.9829620876642673
0.9841092599955926
0.9833359946700225
0.982709941739641
0.9847509109586187
0.985869431736643
0.9850545276397606
0.9844073901440127
0.9864423233679962
0.9875335816623925
0.9866790843642916
0.9860119039011669
0.9880410857216138
0.9891064235462192
0.9882143004074898
0.9875280855829653
0.9895517873576543
0.9905924936614392
0.9896646433455973
0.9889603559996408
0.9909788428610246
0.9919961602668435
0.9910343995434804
0.9903129648180016
0.9923264952217535
0.9933216171429502
0.9923276880288008
0.9915899920480516
0.9935988158419127
0.9945728882922185
0.993548456535867
0.992795352251987
0.9947997073202539
0.9957538242819362
0.9947004921673702
0.9939327959099612
0.9959329022701708
0.9968681094646452
0.9957874070368387
0.9950058867504998
0.9970019697038021
0.9979192707704452
0.9968126509169947
0.9960180561992944
0.9980103196299385
0.9989106656477423
0.9977795282528796
0.9969725460539645
0.9989612017091976
0.9998455116040222
0.9986911699343798
0.9992026243310553
0.9998609244494002
1.000120669075947
0.9999999997042737