0.9993100587576698
0.9992854743785239
0.9992731816163141
0.9992363032477976
0.999187130182893
0.9991810107760365
0.9991753615910154
0.9991741422524381
0.9991687423194134
0.9991661912239396
0.9991649156696665
0.99916108900474
0.9991559867662474
0.9991530864280296
0.9991516362506031
0.9991472857158396
0.9991414849781827
0.9991385874002944
0.9991371386028535
0.9991327922080777
0.9991269969904192
0.9991239416048959
0.9991224139027602
0.9991178307936467
0.9991117199543068
0.9991085561334396
0.9991069742130569
0.9991022284490622
0.9990959007347293
0.9990863038716924
0.9990815053527092
0.9990671097795877
0.9990479154030186
0.9990449219716905
0.9990380705969241
0.9990346448642967
0.9990243676572614
0.9990106645720367
0.9990074376402976
0.9990035521057037
0.9990016093235677
0.9989957809733222
0.9989880097953663
0.9989834737417876
0.9989812056950883
0.9989744015501854
0.9989653292950967
0.9989608952941854
0.9989586782742166
0.9989520272096153
0.9989431590653077
0.9989386186359783
0.9989363484012722
0.998929537692353
0.9989204566857259
0.9989150853424393
0.9989123996428874
0.9989043425379224
0.9988935996444426
0.9988880615680518
0.9988852924999291
0.9988769852889631
0.9988659089158302
0.9988600719134708
0.9988571533793683
0.9988483977698444
0.9988367235217293
0.9988300781014613
0.9988267553488974
0.998816787082406
0.9988034959272368
0.9987962326275137
0.9987926009269591
0.9987817058151016
0.9987671788392251
0.9987601256709173
0.9987565990386285
0.9987460191320783
0.9987319124396175
0.9987253144323024
0.9987220153865874
0.9987121182407734
0.9986989219144483
0.9986907043549706
0.9986865955103523
0.9986742689641117
0.9986578333631241
0.9986497161764317
0.9986456575194139
0.9986334815361589
0.9986172466924719
0.9986076938450359
0.9986029173343074
0.9985885877862054
0.998569481441661
0.9985595360071404
0.9985545631943885
0.9985396447389004
0.9985197531641491
0.9985179515281475
0.9985137415765734
0.9985011117088588
0.9984842716685356
0.9984732247807652
0.9984677012199689
0.9984511305167726
0.9984290358746486
0.9984159764630104
0.9984094465954607
0.9983898569655377
0.9983637369367093
0.9983622874593329
0.9983459790671093
0.9983242341836276
0.9982887312724075
0.9982709786232833
0.9982177205057153
0.9981467057678016
0.9981259973999216
0.9981134236443062
0.9981071366163584
0.9980882755066426
0.9980631268732232
0.9980504621723211
0.9980441296677905
0.9980251321279988
0.9979998015819667
0.9979870613124588
0.9979806910223409
0.9979615801262833
0.9979360984269777
0.9979305810132418
0.9979245251985435
0.9979063577306878
0.9978821339881925
0.9978702020485506
0.9978642359418923
0.9978463375982807
0.9978224727044478
0.9977781643115055
0.9977560082571459
0.9976895398401521
0.9976009091235689
0.9975881871837572
0.9975777160060793
0.9975463024090401
0.997504416249368
0.9974852650025762
0.9974756890272298
0.9974469610473634
0.9974086559335741
0.9973911816439588
0.9973824442057205
0.9973562318458827
0.9973212810798961
0.9973026694745887
0.9972933633387553
0.9972654448795281
0.997228219195839
0.997210191678657
0.997201177610284
0.9971741353563323
0.9971380780129737
0.9971192871625696
0.9971098914008948
0.9970817040637285
0.9970441198497301
0.997022392752685
0.9970115287533441
0.9969789366865452
0.9969354791347941
0.9969139360693501
0.9969031640949134
0.996870848103857
0.9968277586863834
0.9968035622605157
0.9967914634946358
0.9967551671149235
0.9967067701205607
0.9966807474013591
0.9966677353973201
0.9966286992867814
0.9965766490645326
0.9965497536785175
0.9965363053083719
0.9964959600943495
0.996442164260924
0.9964166886179131
0.9964039501914201
0.9963657348203265
0.996314778976147
0.9962702138397264
0.9962479293928879
0.9961810757892104
0.996091931439678
0.9960480265632148
0.9960260722886747
0.9959602092056717
0.9958723857968391
0.9958297259968837
0.9957630605741659
0.9957314158090778
0.9957155924796042
0.9956681223466199
0.9956048257610343
0.9955686688558133
0.995550589177744
0.995496349961553
0.995424026963197
0.9953896683069897
0.9953724878666665
0.9953209463877986
0.9952522206989437
0.995218491493976
0.9952016257955476
0.9951510285384794
0.9950835620205186
0.9950454329880839
0.9950263671052441
0.9949691692592512
0.9948929009277427
0.9948491918453696
0.9948273354923202
0.994761766173623
0.9946743344431933
0.9946298973294654
0.9946076768913409
0.9945410153180362
0.9944521270510246
0.9944089655754165
0.9943873830668021
0.9943226352837243
0.9942362991429946
0.9941856241559528
0.9941602842510471
0.9940842641858126
0.9939828960858913
0.9939356027228877
0.9939119539180732
0.9938410071890175
0.993746404637396
0.9936854752532007
0.9936550070777237
0.9935636020317254
0.9934417172371751
0.9933581514618538
0.9933163620528775
0.9931909929290693
0.9930238122265006
0.9929392001754603
0.9928968873687766
0.9927699479929657
0.9926006731339478
0.9925741241618001
0.9925380145327793
0.9924296849660657
0.9922852292819688
0.9922674998347296
0.992235154499242
0.9921381179228558
0.9920087229200556
0.9919421252583783
0.9919088222974063
0.9918089128166644
0.9916756864024475
0.9916092771685672
0.9915760684109175
0.9914764415554181
0.9913435920122587
0.9912696444623108
0.9912326655389398
0.991121728048992
0.9909737943154047
0.9909033279990332
0.9908680901395868
0.990762375911306
0.990621408078924
0.9905449937856776
0.9905067811251874
0.9903921423628195
0.9902392725360709
0.9901608310790665
0.9901216045795819
0.9900039242288153
0.9898469982279479
0.9897452150519991
0.9896943138578398
0.9895416089155628
0.9893379698945699
0.989215142671479
0.9891537148595506
0.9889694294269902
0.9887236683698527
0.988691931115783
0.9886341368612663
0.9884607522581789
0.9882295317261525
0.9881058728505513
0.9880440292797489
0.9878584965473357
0.9876110717718696
0.9875632861285536
0.9874995184995111
0.9873082134811746
0.98705308923355
0.9869350448836632
0.986876009536595
0.9866989016122356
0.9864627144945437
0.986344955008963
0.9862860623262645
0.9861093823539854
0.9858737663380243
0.9857454645285371
0.9856812983983008
0.9854887977196121
0.9852320793290701
0.9850758246522372
0.9849976746858617
0.984763221502603
0.9844505411278126
0.9842282292179978
0.9841170272452795
0.9837834146288462
0.9833384447181065
0.9832582676856638
0.9829120347969609
0.9827432331736454
0.9824862921529035
0.9823294910517795
0.9822510678052532
0.9820157945760424
0.9817020210775163
0.9814970070180637
0.9813944612104755
0.9810868178277403
0.9806764975934763
0.9804445179423191
0.9803284787490691
0.9799803534980562
0.9795160209879881
0.9792611454736141
0.9791336481027166
0.9787511466189306
0.9782409451538707
0.9779488555712533
0.9778027327061839
0.9773643516593038
0.9767795836258316
0.9767634244766761
0.9766469923070805
0.9762976879117772
0.9758317824345115
0.9755899032460202
0.975468910241542
0.9751059225230085
0.9746217599352862
0.9742765827670173
0.974103885831018
0.9735857776485393
0.9728946001698066
0.9728376008343328
0.9726134016113279
0.9719407743917293
0.9710433226980506
0.9706016829699409
0.9703806862264817
0.9697176663630485
0.9688330453714066
0.9686641586043837
0.9680701711328347
0.967795328179434
0.9676578386598639
0.9672453583527788
0.9666951555786787
0.9664181019984958
0.9662795065722524
0.9658637082198247
0.9653090775413875
0.9649464319891811
0.9647649916906418
0.9642206497611695
0.9634944625796397
0.9631287734595846
0.9629458099170295
0.9623968977388707
0.9616646096518832
0.9612851875642017
0.9610953483706937
0.9605258073369024
0.9597659845581105
0.9592679946122974
0.9590187803143936
0.9582710964891117
0.9572734392900273
0.9566343192099674
0.9563144005869629
0.9553545767474796
0.9540735771085025
0.95322913618322
0.9528062899526549
0.9515376306994641
0.9498439369029691
0.9492304721043944
0.9480273898478743
0.9477629353699648
0.9473727882196995
0.9462022371665115
0.9446396968934753
0.9441713636185342
0.9430403146551962
0.942426125632442
0.942118708881078
0.941196387362783
0.939965506994178
0.9391650383079748
0.9387642595187888
0.9375618001245668
0.9359566239625252
0.9358923170317616
0.9349816604957436
0.9337663704137945
0.9330080206231426
0.9326283641063814
0.9314892782478731
0.9299688054899077
0.9290313092280457
0.9285618290650357
0.9271532062492908
0.9252724696449747
0.9243982600921605
0.9239605248538385
0.922647154140454
0.9208937647198593
0.9197869319749024
0.9192325159934454
0.9175689957275023
0.915347406842981
0.913877895307676
0.9131413987901004
0.9109314114761817
0.907978494434843
0.9075828038711049
0.9057762363616578
0.9033633168036036
0.9030905343518272
0.9013286156416999
0.8989754485527198
0.8977949356696985
0.8972035919661987
0.8954291922978582
0.8930593339860704
0.8919421731314858
0.8913826263660266
0.8897036398282775
0.8874614333009723
0.8862061553192049
0.8855773150603677
0.8836903390636354
0.8811698756680892
0.8800296340302133
0.8794585274544241
0.8777448121332926
0.8754561562448763
0.8742037511826927
0.8735763743003692
0.8716937455818866
0.8691790990769931
0.8675899051863416
0.8667934349488738
0.8644031850478631
0.8612089328006252
0.8608332977107338
0.860088264578867
0.8578523903715346
0.8548648535046071
0.8534976441868702
0.8528126613819915
0.8507570192531491
0.8480107433923111
0.8466513533849279
0.8459703024220808
0.8439264279452942
0.8411958531621216
0.8398812537496819
0.8392226846405912
0.8372462682076062
0.8346059280258449
0.8330458541272943
0.8322640270680476
0.8299174985551849
0.8267814443520276
0.8251732363863346
0.8243672053648763
0.8219479351920677
0.8187142577189179
0.8171887662251683
0.816424258365483
0.8141296149442175
0.811062732864923
0.8094437142209404
0.8086321883794203
0.8061962813584559
0.8029398647765523
0.8014419749976276
0.8006912550546689
0.7984378959359597
0.7954258835777751
0.7938714315779528
0.7930922476447431
0.7907533401834963
0.7876263937261803
0.7860138444057113
0.7852053916595163
0.7827785015962552
0.7795332431405317
0.7780015728275713
0.7772336927468592
0.7749286044587593
0.7718463308642289
0.7702443000071785
0.76944096394972
0.7670292998611064
0.7638036728492779
0.7622159775135892
0.7614197462216113
0.7590293548534904
0.7558318330471118
0.7542221487230953
0.7534147463600864
0.7509907223212954
0.7477475874739277
0.7461218226093632
0.7453062055898002
0.7428574286045543
0.739580553619616
0.7379486359424584
0.7371297916997326
0.7346712476704041
0.7313807325875437
0.7297207817206982
0.7288876846243185
0.7263862416121281
0.7230375415576452
0.7213744526039161
0.720539634529513
0.7180329534060628
0.7146766759365195
0.7129980811172629
0.7121553126404081
0.7096246748989029
0.7062356623220077
0.7045540674896487
0.7037096566993564
0.7011740253994457
0.697777814138061
0.6960679507369245
0.6952091649282178
0.6926302728574808
0.6891754060047752
0.6874387184449872
0.6865662928073203
0.6839463518016364
0.680435844110025
0.6786993191014484
0.6778268928625449
0.6752069090185244
0.6716960625122546
0.6699547490859925
0.6690798567496288
0.666452426008233
0.6629313830568325
0.6611599006451374
0.6602697632003894
0.657596474327869
0.654013617907293
0.6522251715994255
0.6513264949361364
0.6486275139469381
0.6450101595978966
0.6431969185199781
0.6422858002863209
0.6395494006968491
0.6358819251483516
0.6340577707830131
0.6331412770381571
0.6303887092936008
0.6266999407018521
0.624868904844564
0.6239491340718851
0.6211867127027693
0.6174853628665985
0.6156341547215304
0.6147044692597146
0.6119122411483913
0.6081716695209415
0.6063149963583371
0.6053828862813029
0.6025833735588473
0.5988341304806685
0.5969724899611963
0.596038277743982
0.5932324502078762
0.589476060385627
0.5876000142960531
0.5866590230428416
0.5838328173291631
0.5800506148163842
0.5781706168504963
0.5772281846477418
0.5743976459693108
0.5706114222454072
0.568731810537326
0.567790188703386
0.5649620789730109
0.5611811122597906
0.559304399591051
0.5583649139702535
0.5555432100645425
0.5517730120341466
0.549901212089381
0.5489649316933698
0.5461528357289852
0.5423978553550434
0.5405325865245036
0.5396003769675778
0.5368004770327777
0.5330643198353852
0.5312086918312191
0.5302821574338487
0.5274992601690851
0.5237884691569273
0.5219498562693805
0.52103271379116
0.5182779753296168
0.5146075091663453
0.5127867849086666
0.5118794981611163
0.5091542922493046
0.5055260291338135
0.5037262761639556
0.5028304011527237
0.5001393837416687
0.496559546259307
0.49478577348783753
0.49390380906102704
0.49125447029225716
0.48773300244455775
0.4859894510434877
0.4851235006889146
0.48252214157887685
0.4790673632118277
0.4773552319093146
0.47650588866407434
0.47395426687747394
0.4705684620738988
0.46889117552238263
0.4680601258663019
0.46556328723486
0.46225307338810095
0.46061415101284386
0.4598031205263977
0.457366228813419
0.45413835775077616
0.4525401262982672
0.4517502515494577
0.4493766984691598
0.4462355786901583
0.4446796269515121
0.4439116853420607
0.44160378088476815
0.4385524058408467
0.4370413721571821
0.43629665624424463
0.43405825989964475
0.4311016643473842
0.4296369040696537
0.428916086103816
0.4267491882307296
0.4238899716158067
0.4224739633511117
0.421778266460493
0.41968651403717644
0.4169294545013198
0.4155636610613418
0.41489382198959507
0.4128793939313389
0.4102273670502496
0.40891370963923945
0.40827069301032204
0.4063364508101874
0.40379323361888286
0.4025350643163687
0.4019205215779225
0.40007139521684953
0.3976434406914187
0.39643633030918957
0.39584821041931373
0.3940779481385978
0.391757287966877
0.39061110096668133
0.3900541616988047
0.38837706041981035
0.3861822210347417
0.3850931277356472
0.38456562277373957
0.38297633036103074
0.38090053279704766
0.37987187361430946
0.37937546222529317
0.37787890452880574
0.37592858388003597
0.3749614797389658
0.3744967786592701
0.3730947180304797
0.37127225205053616
0.3703690666542371
0.3699372743491284
0.36863322424170797
0.366943205489301
0.3661059278030533
0.3657080671967734
0.36450499849050694
0.3629513085476279
0.36218155172264294
0.36181847911455967
0.3607188405125784
0.3593046960103571
0.3586042710463172
0.3582769413088094
0.3572834623844395
0.356012428633939
0.3553833696654654
0.35509284423183246
0.354208560367741
0.3530845719771311
0.35252883897158427
0.35227615623415104
0.3515040084505157
0.35053087755057877
0.3500504581084032
0.34983668370372206
0.349179666532987
0.34836127252015747
0.3479582965500528
0.34778457318984674
0.3472458851782481
0.34658635309113384
0.34626293065520797
0.34613042026538265
0.3457132721899411
0.3452167593408134
0.3449751596631572
0.34488512245888375
0.34459297461053173
0.34426395363308737
0.3441065832941404
0.34406038069301675
0.3438969350851391
0.3437401983501458
0.34366966618962297
0.34366880450896575
0.3436381170969633
0.34365892881808846
0.34367814924965145
0.34372435010843533
0.34383101217966067
0.34403535706708155
0.3441477385427105
0.34424306609360333
0.3444925353532744
0.34488757501492245
0.3450974050070452
0.3452445263617611
0.3456438092991007
0.3462388313114554
0.34655214403895945
0.3467549090619399
0.34731409011252196
0.3481226328815243
0.34854941360991054
0.34881433500312387
0.34955048111363696
0.35059576961993405
0.3511570399989775
0.35149812840739547
0.3524479918128692
0.35378067076304986
0.3545470344259784
0.35501311140605946
0.3563040915319185
0.3581017609947422
0.35909117211733205
0.3596902183847263
0.3613415958034127
0.3636193348718554
0.36422965994416145
0.3659943947745335
0.3660777929573358
0.36649917126537307
0.3676944165336148
0.36931349106944616
0.3695835443228556
0.36997827557264257
0.3711035318057874
0.37262132539218656
0.3732994757556055
0.3736684023110995
0.3747244588108089
0.37614400716283625
0.376789108360197
0.37713721417307794
0.3781365926518443
0.37947653712583135
0.38008547364455936
0.38041176725656795
0.3813510014959446
0.3826078111450551
0.38317648577074614
0.38347928634870887
0.38435316031887995
0.38552073334828146
0.38604490838312816
0.38632236718102797
0.3871252705901176
0.3881968313218876
0.3883967894874049
0.38864768137964056
0.38937580426199714
0.39034691653561915
0.3904645508047169
0.39068628809711387
0.3913319250563977
0.39219269746393953
0.392585642569617
0.39279065541557645
0.3933886504316807
0.3941856692812338
0.39461843815246594
0.3948453488706684
0.39550508098290554
0.39638400978068344
0.3968492270020136
0.3970941209534479
0.39780412294485984
0.3987497121956922
0.3992530608172843
0.3995193754414118
0.4002888790266959
0.40131350193686144
0.401874006539302
0.4021728930455412
0.4030322888014603
0.404176523916173
0.4048282477414553
0.4051801894634409
0.40618451087412094
0.40752183158916244
0.40830673416357566
0.4087386051994916
0.4099578076761011
0.41158183985177127
0.41252169057250065
0.41305043613842485
0.4145249537115118
0.4164904602339016
0.417583215261832
0.41821133434616853
0.41994293541983574
0.42225266751553875
0.42359210181412565
0.4243876033367963
0.42654318130493074
0.42941589136462865
0.43117829525681356
0.43228067287066313
0.4351868705671741
0.439040263126558
0.4413232399260702
0.4428302203813916
0.4466834152360269
0.4517354701602042
0.4556196059102146
0.45876524568129606
0.46611093750173527
0.47517512889787267
0.4771816795329675
0.4837389520790996
0.48705200872899396
0.4894105488446641
0.4950665105798388
0.5021385175303567
0.5061464949120984
0.5093519693798895
0.5166083516933201
0.5252241247971211
0.529495662761213
0.5329966182851452
0.5406219916031278
0.5493378119290899
0.5534123822730819
0.556785673195217
0.5639380664031023
0.5719530477678164
0.575682494184337
0.5789138616643289
0.5855683301829169
0.5928835990896427
0.5962763313779802
0.5993768538151926
0.6055687800378838
0.6122450596247397
0.6153314316644665
0.6183179240732607
0.62409977058338
0.6302137431753627
0.6330312347589304
0.6359223040471267
0.641351536055741
0.6469820490762946
0.6495684738939895
0.6523819893262185
0.657513438485436
0.6627331888574244
0.6651228582578704
0.6678745476188502
0.6727563371068691
0.6776278142193864
0.6798498460470535
0.6825527462500214
0.6872247917094979
0.6917991518399115
0.6938771418733167
0.6965415849191285
0.7010356629588447
0.7053533059140893
0.7073057391739194
0.7099396193548748
0.7142802375600177
0.7183721953294133
0.7202131811987259
0.7228223354958463
0.7270279095890982
0.7309174924025973
0.732657578833488
0.7352461833082206
0.7393302407503848
0.7430346372097948
0.7446815772528684
0.7472525105452198
0.7512247823747038
0.7547564728576298
0.7563158890165422
0.7588710433142103
0.7627383910615619
0.7661063280256378
0.7675822601137235
0.7701227959670491
0.7738899663808665
0.7771005245571164
0.7784958667874491
0.7810224159245334
0.7846926381390548
0.7877503599130004
0.7890672013922179
0.7915800247643572
0.7951554728486294
0.7980636414813805
0.7993035265234687
0.8018026354043963
0.8052847804878543
0.808045853633282
0.8092099775553737
0.8116952249302276
0.8150850990602216
0.8177010315136817
0.818790385586366
0.8212615340115198
0.8245599246373408
0.8270324046672836
0.8280478816025796
0.8305046525415845
0.8337122430507685
0.836042862123063
0.8369853313131735
0.8394274398153708
0.8425449083356011
0.8447352800302412
0.845605639902022
0.8480328174266084
0.8510609033079359
0.853112743915534
0.8539138772233601
0.8563216518853484
0.8592569899556616
0.8611723724686052
0.8618992617748035
0.8642955988836322
0.867147362537104
0.8689281163526635
0.8695884069924611
0.8719690667320762
0.8747342424673018
0.8763826918142092
0.8769752877894663
0.8793401439451648
0.8820199872770846
0.8835386140173135
0.8840648353042316
0.8864138698766612
0.8890098398134564
0.8904013149900938
0.8908626032542751
0.8931958564457534
0.8957095593927428
0.8969767326369358
0.8973746155953741
0.8996921826071292
0.9021253606511836
0.9032712432073374
0.90360732508619
0.905909352591153
0.9082638700739636
0.9092916153283097
0.9095675666236006
0.9118542486576738
0.9141320774409083
0.9150449600437962
0.9152625068514313
0.9175340803232971
0.9197372843381145
0.9205386789210231
0.9206995920305167
0.9229563321452549
0.9250870519298978
0.9257804118404845
0.9258864961873559
0.9281287117339377
0.9301891491314183
0.9307779858378302
0.9308310701825485
0.9330590990282984
0.9350515025028232
0.9355393659933722
0.935541293228867
0.9377554978213315
0.9396821484989063
0.9400726087255526
0.9400252267727784
0.9422259900401858
0.9440891886993598
0.9443858185193182
0.9442909720122173
0.9464786932583721
0.9482807481465921
0.9484871076131516
0.9483466301443757
0.9505217215092954
0.9522649374549317
0.9523845595501449
0.952200266954192
0.9543631498572515
0.9560498181720232
0.9560861961313557
0.955859880061224
0.9580109823927863
0.9596433721884766
0.9595999479005538
0.9593333709298898
0.9614731239102425
0.9630534739156819
0.9629336284784255
0.9626285192393988
0.9647573546743363
0.9662878660730952
0.9660949114167761
0.9657529594613066
0.9678713087121604
0.9693541403398562
0.969091310717353
0.968714165637478
0.9708224559046048
0.972259717581802
0.9719301654653695
0.9715194311214242
0.9736180852760838
0.9750118348712321
0.9746186242315495
0.9741758596021847
0.9762652927777932
0.9776175309915041
0.9771636356852305
0.976690349172085
0.9787709698329602
0.9800836404466919
0.9795719368209158
0.9790695897038579
0.9811417972879911
0.9824167812246531
0.9818500523066035
0.9813200533030513
0.9833842369147862
0.9846233541622549
0.9840042813303689
0.9834479895622491
0.9855045288317411
0.9867095358726345
0.9860407023613373
0.9854594264133261
0.9875086888729459
0.9886812773114501
0.9879651678958812
0.9873601665327507
0.9894025066177365
0.990544300967995
0.9897833096191934
0.9891557850047156
0.9911915449005501
0.9923041096364289
0.991500521589128
0.9908516363477793
0.9928811441278667
0.9939659736229559
0.9931219889902912
0.9924528248211146
0.9944764207801781
0.9955349653642571
0.9946526627634296
0.9939643106042335
0.995982283356489
0.9970159117973378
0.9960973074174113
0.9953907737205022
0.9974034145261402
0.9984134320153994
0.9974604531361108
0.99673668228311
0.9987442867133498
0.9997319585581274
0.9987464224531153
0.9981156474861184
1.0000103812287475
1.0009181559867217
0.9999999996379005