0.2352027800599879
0.23521394961774442
0.2352195353916815
0.23523629312660255
0.2352586406075115
0.2352595928841541
0.23526014227355582
0.2352617970255869
0.2352639809386874
0.23526513413015868
0.2352657047098385
0.23526742327920383
0.23526968407171442
0.23527075709580966
0.2352712842768332
0.2352728658243417
0.23527496777560308
0.2352761670673856
0.23527676463151942
0.23527855732944455
0.23528095536290067
0.23528223751432692
0.2352828795368657
0.23528481714075264
0.23528736927399546
0.2352889260969949
0.2352896965205061
0.2352920078000773
0.23529507962634455
0.23529661630921503
0.23529737989626853
0.23529968438875676
0.2353027197590408
0.23530439735218855
0.23530522478469296
0.235307721944853
0.23531101114138622
0.2353127283837077
0.23531358100728383
0.23531613380076014
0.23531953343475
0.2353210836421695
0.2353218542142584
0.23532416593948244
0.23532725825474135
0.23532888855983247
0.23532970679018658
0.23533215170761465
0.2353354556430047
0.23533704475922304
0.23533785635262536
0.23534028147352326
0.23534351755296576
0.23534523650197312
0.2353460971449779
0.23534866368861215
0.2353521277464705
0.23535441976878788
0.23535557651461406
0.2353590744187231
0.23536364407372323
0.23536590077256364
0.2353670013672399
0.2353703097520134
0.23537469803709085
0.23537679015406052
0.2353778293728234
0.2353809408519977
0.23538508453574444
0.23538729968172245
0.235388402266816
0.23539172981476705
0.23539609861835642
0.2353983169498247
0.23539940244026655
0.2354026654040514
0.2354069795116671
0.23540939946439207
0.23541059926152422
0.23541421299443466
0.23541898259154057
0.23542188224878427
0.23542331260241048
0.2354276208212603
0.2354333424159977
0.2354365331908821
0.2354381166819762
0.2354428955602538
0.23544917004283028
0.2354522990076755
0.23545383758673194
0.23545845335807775
0.23546458820264804
0.23546796870524786
0.23546966049933651
0.23547471582437696
0.23548148351734943
0.23548528752116182
0.23548720321214248
0.23549292761023946
0.23550059101688403
0.23550564007273503
0.2355081873299031
0.2355157989564975
0.2355259564055964
0.23552900394614038
0.2355366710815712
0.23554081561616724
0.23554290100260192
0.23554914484104758
0.23555743356507144
0.23556136766335753
0.23556332723434326
0.23556915953938945
0.23557704682052502
0.2355821295150953
0.2355846981898497
0.23559240430735642
0.23560264695941396
0.2356080125633584
0.2356106758462453
0.23561868164037622
0.2356294041141492
0.23563221859044298
0.235635142780466
0.23564389814210537
0.23565555875439
0.23566114800897683
0.23566391919304744
0.23567226583122655
0.23568338704926772
0.2356887542091458
0.2356914506268371
0.2356995240387809
0.23571024192886839
0.2357154124604764
0.235717956049769
0.23572566265784373
0.23573577461122944
0.23574347576110274
0.23574729609077338
0.23575873469877157
0.2357740181650169
0.23578203953484536
0.23578606184678416
0.23579812900848376
0.23581422048666711
0.23582379430143166
0.2358285501423967
0.2358429027614303
0.2358619897984017
0.23586519315368457
0.23586946495807187
0.2358822554388891
0.23589929092268763
0.2359081608392747
0.2359126056213695
0.23592573127426683
0.2359439523041649
0.23594632169643298
0.2359567120728908
0.2359709645528193
0.23597751154591914
0.23598090566031366
0.23599094857915273
0.23600486178807878
0.23601098057295286
0.23601420035477583
0.23602382204479866
0.23603666200335663
0.23604303429348067
0.2360462272085666
0.23605576863804253
0.2360685014703678
0.2360744069254253
0.23607735438085747
0.23608621418107498
0.23609793326923365
0.23610463667709689
0.2361079508868511
0.23611793272811513
0.23613123303285963
0.23613764032488524
0.23614084509299554
0.236150403117922
0.23616342063048668
0.23617059259718495
0.23617425568057152
0.2361852021637416
0.23620003849274182
0.23620675220253576
0.23621019281431682
0.23622047450063138
0.2362343224456501
0.23624323827552166
0.23624772388932624
0.23626120733029193
0.23627909556214838
0.2362888469625187
0.23629368664243822
0.23630826261094676
0.23632744566345099
0.23633818969497825
0.23634347354854743
0.2363593564050555
0.2363804954798684
0.23639257233089095
0.23639860987401423
0.23641654725171768
0.23644099513079977
0.2364542785044154
0.23646102963693885
0.23648152073712203
0.2365082876686887
0.23652087362938706
0.23652702151329347
0.23654560926999038
0.2365701337905403
0.23658522380544386
0.23659267798256226
0.23661512829894352
0.23664523404785107
0.23665154955181666
0.23665957129828438
0.23668345127257887
0.23671613540758857
0.23671926687198078
0.23672623905268525
0.23674711587435213
0.23677509874387834
0.23678993236895773
0.23679737816746804
0.23681988876564886
0.2368492277257571
0.2368646613694217
0.23687220378006776
0.23689474468324528
0.23692529152034741
0.23693867489343878
0.23694549705281964
0.23696612206007095
0.23699333767731015
0.2370080181768461
0.23701527221750826
0.2370372026939566
0.23706596076752354
0.23708039268392211
0.2370874796543026
0.23710870056049002
0.23713705555788586
0.23715197395178422
0.2371594353328487
0.23718190596708164
0.23721148822014532
0.23722957479052909
0.23723851361211282
0.2372654336999209
0.23730087594752763
0.23732069134411177
0.23733046174999176
0.2373595508160445
0.2373992310796782
0.2374175472311551
0.23742694317581492
0.23745529342337704
0.2374925494232677
0.23751459712794495
0.2375254538532982
0.23755821151427708
0.23760153026053316
0.23762861039034794
0.2376420543951906
0.2376826186928677
0.23773626585580426
0.23776824392575002
0.23778421831455168
0.2378319644026472
0.23789589773962735
0.23792816347118534
0.2379442939385635
0.2379925977374515
0.23805792820746347
0.23806737076111492
0.2380831378859488
0.23813062040301292
0.23819335317798263
0.23822371266052766
0.23823875799542035
0.23828389709243505
0.23834392725616513
0.23837395868144623
0.2383889660492533
0.23843415898581163
0.23849368898170786
0.23852329902769043
0.2385378506666443
0.23858175224852188
0.23863982464050737
0.23867720585996355
0.23869585025806767
0.2387516847187215
0.23882631011366873
0.23886753344268397
0.23888825230861546
0.2389503001269226
0.23903372924526592
0.23907538265083544
0.23909647495376957
0.23915941019380615
0.2392443224465371
0.23929314117285586
0.23931788962259992
0.23939200773163408
0.23949108519406906
0.23956228053143105
0.2395978786967061
0.23970527356980112
0.23984702894827695
0.239919336052479
0.23995509836280138
0.24006298411362012
0.2402053997148226
0.2402809074549616
0.24031837594017796
0.24043019831651918
0.24058109737648645
0.2406511460952574
0.24068643744871376
0.24079308337885433
0.2409340380356832
0.24101269015677143
0.2410519486744872
0.24116933063561416
0.2413265736608812
0.24141406997541337
0.24145798138915608
0.24159020216219568
0.24176465272333864
0.241787140944614
0.24182485021732866
0.2419389804899305
0.242087947699641
0.24215810138909608
0.2421922190446811
0.24229494008600716
0.24243121381584795
0.24251154780856837
0.242551797071383
0.24267133200098137
0.24283514696591746
0.2428712269459647
0.2429111905807628
0.24303110298102146
0.24319073263949462
0.24327396380921026
0.24331547773776013
0.24343941467136776
0.24360747525184548
0.2436872389459584
0.2437278842998037
0.24384943649329932
0.2440130823428846
0.24409075065596686
0.2441300279619743
0.24424807594736958
0.24440538975836915
0.24449807460715395
0.24454437071802723
0.24468305994637013
0.24487021670972048
0.24495688159905474
0.24500098297062983
0.24513363545998432
0.24530870879847616
0.2453980428921548
0.24544199023842053
0.24557439092862765
0.24575045174595614
0.24585724196122405
0.2459104956794748
0.24607119002740602
0.2462832396495102
0.24639706109568743
0.24645325549159502
0.2466221477125805
0.24684791571746295
0.2469577718625146
0.24701298012886821
0.24717877519053633
0.2474000089684786
0.24751697947222445
0.2475755932225538
0.24775026019968427
0.24798714996507
0.2481153439213114
0.2481806158844879
0.24837589076575184
0.24863815793272423
0.2488202190298152
0.24891184612794817
0.24918807960364175
0.2495526556356083
0.24958879427345745
0.24966419457127054
0.2498909745794397
0.25019225529150274
0.25036145053261455
0.2504458648848926
0.25069901686601376
0.25103759777404805
0.25122374252345026
0.2513169509892735
0.25159649062175016
0.25197128371566907
0.2521814101376322
0.25228718649062726
0.25260376787113187
0.25302924170368457
0.25328150730548843
0.25340837514506337
0.25379024369346614
0.25429868307176645
0.2545829488574037
0.2547249360944227
0.2551514501214597
0.2557207327787515
0.2560017167978468
0.2561416268130621
0.2565632724438681
0.25712424872427964
0.2574297497406647
0.25758184312190535
0.2580398873349234
0.25864933196730955
0.25895780037774535
0.2591116083379542
0.25957505945330767
0.2601871984442771
0.2603191493147038
0.2607678506266959
0.26136478111375033
0.26168524019588996
0.2618453478636791
0.26232571669034477
0.2629686953228987
0.2633283572603404
0.26350886198542245
0.26405266755735585
0.26477541854974074
0.26511856008413137
0.26528923219771605
0.265803051127171
0.26648567410101986
0.2668117321418924
0.2669738611553336
0.26746137244091894
0.26811142657245746
0.268492321883687
0.2686829035723245
0.2692551131796253
0.27002432579178337
0.2704010349381092
0.27059091046656386
0.2711621580241541
0.2719240824348557
0.27234553835816705
0.27255642057619495
0.27319181619299476
0.27403662527759
0.2744449039057618
0.2746485799414886
0.27525895701253683
0.27607836395963786
0.2766078444612106
0.27687510958500466
0.27767445743220553
0.2787569201716805
0.2790185301758384
0.27982653626302223
0.2809056362914406
0.28142354273387815
0.2816828213312081
0.28246028905881504
0.283506124210492
0.2841006808513956
0.28440080594391437
0.2853027673365654
0.2865135195544869
0.287260649458369
0.2876376366745434
0.28877052266394987
0.2902937622865673
0.2912218932595406
0.29169105091750214
0.29310082324959363
0.29500260666271544
0.29529245104586593
0.2963931820234049
0.297872470375674
0.2989060556973943
0.2994287241936477
0.3010015208480135
0.3031183674225155
0.30456540410048627
0.3052991849914454
0.3075095674684069
0.3104979062234324
0.3112931722172641
0.31332181149085964
0.3135798180165794
0.3140826380128056
0.3155941005553979
0.3176324317310315
0.31860744895651594
0.3191003369327597
0.3205813906846571
0.32257911724197114
0.3235268810918693
0.3240061349093907
0.3254470906604234
0.3273865372216032
0.32857779228845596
0.3291804047393563
0.3309932036850355
0.33343860584432444
0.33467314496735745
0.33529786565445996
0.33717610810576687
0.339713050089294
0.3408888434885228
0.3414837514442977
0.3432731482377578
0.34568561532620307
0.3470392626991731
0.3477246880039473
0.34978588163463603
0.35257243563919183
0.35313966295325006
0.3538217974418352
0.35587409342164456
0.35864453420413017
0.3601042251719211
0.3608436122413005
0.36306841707920234
0.36607491233555256
0.3675516283046339
0.3682997355422655
0.37054995958650017
0.3735930978350255
0.3750353363803734
0.37576613416974225
0.37796436096368013
0.3809356490854568
0.38241660315819087
0.3831672610713023
0.3854251977374142
0.38847833005546323
0.3900065789405461
0.390781544763923
0.3931131047167082
0.39626546621096886
0.3979421385256666
0.3987929715636132
0.40135349932343006
0.40482025102374486
0.40653409926234024
0.4074041789952414
0.4100226418183696
0.4135690853997024
0.41535425106492974
0.4162611850787825
0.4189906270077594
0.42269008603585445
0.42453047236668284
0.4254659828567095
0.4282817883365543
0.43209898467902985
0.43407665822650715
0.43508277905991055
0.43811183258644737
0.44222233486847967
0.4442936793299769
0.44534807304882906
0.44852269316050736
0.45283318937512074
0.455019648642003
0.45613334762600266
0.45948705421730135
0.46404318091425406
0.4663689626386845
0.4675543412964103
0.47112424276561626
0.47597826532394244
0.4783835264511195
0.4796096500615507
0.4833023766119073
0.4883239224583583
0.4908381993508079
0.49212016377570034
0.49598153061722217
0.5012325920942045
0.5039262399090678
0.5053001677252814
0.5094391338015681
0.5150717535308579
0.5178750270276433
0.5193048273880291
0.5236124660901629
0.5294739708644584
0.5324462942260134
0.5339624821656365
0.5385310836334652
0.5447492860119926
0.5478924948714773
0.5494958893207387
0.5543278501475053
0.5609060014995028
0.5642093201144831
0.5658942634683155
0.5709725694133458
0.5778861747173827
0.5813791531528049
0.583160767427892
0.5885311683543261
0.5958436344514553
0.5995203462898581
0.6013954640378629
0.6070484561263657
0.614745760256305
0.6186371863689396
0.620621679040077
0.6266052781498189
0.6347539893208632
0.6388558622419269
0.6409474118788281
0.6472546143374746
0.6558444205243122
0.6601704662679497
0.6623760287347212
0.6690279054121008
0.6780875789995248
0.6826483165001299
0.6849731753665894
0.6919857426817277
0.7015369031497044
0.7063468863715796
0.7087983826758432
0.7161938909961004
0.726266795306784
0.7313385709490183
0.733922987667997
0.741720473951187
0.7523408404801721
0.7576870980975804
0.7604107677394054
0.768629431505254
0.779823081137624
0.7854589399448836
0.7883294171163486
0.796992157536196
0.8087900058899713
0.8147293728483754
0.8177535606590806
0.8268813104201117
0.8393114265918765
0.845569579401697
0.8487550571953044
0.8583708011775069
0.8714640330013369
0.8780563291783987
0.8814106890621942
0.8915374577404682
0.9053246281747848
0.912266938208597
0.9157980078609593
0.9264595518476134
0.9409724070219712
0.9482808659138466
0.9519965814431083
0.9632169878087768
0.9784876619002453
0.9861788777458698
0.9900873905523718
1.0018914081006816
1.0179528781432046
1.0260438199767834
1.0301534384255493
1.0425663010113217
1.0594521401151313
1.0679600909800635
1.0722792542806483
1.0853266026201307
1.1030708638018447
1.1120134259588628
1.1165507028522115
1.1302585810408887
1.1488957795043886
1.158290845874718
1.1630549135316672
1.1774497055516921
1.1970147101439184
1.2068803666357664
1.211879951282495
1.2269882013148163
1.2475159556051054
1.2578703702322593
1.2631141777389838
1.2789623800315422
1.300487573140673
1.3113487890338564
1.3168453831522342
1.3334596132922762
1.3560161223000393
1.3674017941330265
1.3731594426610478
1.3905648920115987
1.4141850838528063
1.426112110834162
1.4321385763506558
1.4503589189092434
1.4750727159199646
1.4875567683838342
1.493859042739939
1.5129156322222517
1.5387493411915711
1.5518042750226229
1.5583882554528024
1.578299146376362
1.6052740456330052
1.6189220825244028
1.6257977034921276
1.6465933040298997
1.6747470836846148
1.6889451636387736
1.6960890609571573
1.7176983280191989
1.746928752975605
1.7617373629112654
1.7691783716093674
1.7916894869869153
1.8221123264983148
1.8375311378288401
1.8452669485608977
1.868673241003533
1.90027304679916
1.9162763650390346
1.9242915709988786
1.9485465404917275
1.9812526518502962
1.99780391578652
2.0060773884344867
2.0311172196777862
2.064834810518342
2.0819368875065374
2.0904668045825185
2.116286793114494
2.15100053017535
2.1686202977721454
2.177386335990955
2.203925560947824
2.2395423551676297
2.257614919532525
2.2665804909181806
2.2937286602236
2.3300875811169854
2.3485640060840627
2.3576997694959694
2.3853690788604514
2.422338213503454
2.4411348595156035
2.4503936924351755
2.4784424631037223
2.5158158627133993
2.5348371872974513
2.544165283896605
2.5724319480521713
2.609975282873655
2.629109407051949
2.63844392795949
2.666739973637074
2.704180652787613
2.723289273730428
2.7325532753389714
2.7606478964771286
2.7976543254150683
2.8165780216488083
2.8256826074612142
2.853309509063396
2.8894992491845306
2.9080503880451327
2.9168907055094166
2.9437361928811665
2.9786588389797695
2.99662558998729
3.005081343294448
3.0307865020654154
3.063923109369871
3.081066336090464
3.088997436241217
3.113146007482225
3.1438858816991284
3.159954914105519
3.1672007521147996
3.189319967435827
3.2169404587062136
3.231741836287457
3.238123118015759
3.257700271501221
3.2813079523173196
3.2954369178800205
3.3008394346353658
3.3176697735769762
3.33597182247777
3.343432584130752
3.3457784129798593
3.35329283794867
3.3597418252908056
3.360046877270876
3.361825265001695
3.3618769990073445
3.3613733230893077
3.3604336601042664
3.357808824140604
3.352494631303536
3.3495446469080643
3.347509335096693
3.3415443372883256
3.3320928930674194
3.327192085358299
3.324286387837273
3.3156676703453063
3.3029385691788096
3.2964994830247125
3.292917991148716
3.2822352052914936
3.266986486101873
3.259387533846744
3.255309927117299
3.2431068061513035
3.2260403826182817
3.2176547094355055
3.2132587118797806
3.2000729447048712
3.1818846631577347
3.1731303740841996
3.168616367283192
3.155054384554569
3.1365335822403972
3.128036395549367
3.123708749599742
3.1106918606924863
3.093053087667654
3.08296948481106
3.0778674208993024
3.0625022532899733
3.041740753394439
3.0297856785171606
3.0237784765306004
3.0056572307494838
2.981250795759841
2.9672171785730366
2.960224369583704
2.9390822036714126
2.9107106097661593
2.8938194522194456
2.8854910904388977
2.8602261255403336
2.8264568037458573
2.8043529592470904
2.793638325763866
2.7609336641922413
2.717477199124717
2.697725364348344
2.6882304613720622
2.6591777248403936
2.6208175851885898
2.6026116162218726
2.5939460519908626
2.567366644160449
2.532435418619879
2.5146264244016927
2.5062468671010243
2.4804457707412992
2.446696592136277
2.42876534511096
2.4204464258131915
2.394690195018758
2.361178127711038
2.3427540741706396
2.3343629552838974
2.3081746289966016
2.2743201297827964
2.2550838838733016
2.2465421763902635
2.2195643753403087
2.184980426042258
2.164227043977417
2.1553672813241453
2.1268182638999624
2.090681030566842
2.0708658773213107
2.062693940078195
2.0358689287678025
2.00219025016709
1.9785083022104393
1.9696534044071965
1.9387705470176784
1.9012543397006572
1.881804726416696
1.874846616821756
1.8500742929558978
1.819905915032279
1.8027837136687843
1.7969270444643666
1.775283540852883
1.749064726796694
1.7327382972425087
1.7276033669944628
1.7073642937118434
1.6832207151620544
1.666774121725468
1.6622641196389962
1.6425185282151247
1.6196266695741202
1.6046256736543754
1.6009354270967124
1.583564220440716
1.5635670557117838
1.550199958613657
1.5471488335243815
1.531906677356838
1.5143832774421382
1.5023208962829226
1.4997378864228124
1.4861036689736056
1.4704474453028724
1.459396069260986
1.4571620995966026
1.444765857199234
1.4305482390701327
1.4202974345341848
1.418329472581344
1.4069083336547723
1.3938254656109712
1.3842216956545002
1.3824614626440914
1.3718251662809793
1.359658178573907
1.3505872715126865
1.3489936071720352
1.3390025568102946
1.3275918885004032
1.318968538107413
1.3175121509512864
1.308063588434036
1.2972923075432017
1.289053265795783
1.287713059557467
1.2787315537813153
1.2685137532394803
1.2606124667295555
1.2593729710272803
1.2508030175164782
1.2410750515058708
1.233477031278139
1.2323266327849738
1.2241267300920786
1.2148404962434427
1.20751956122129
1.2064493035017922
1.1985875010601565
1.1897055364939992
1.1826410763717168
1.1816438491522936
1.1740946535137966
1.1655867610269524
1.1587619014632455
1.157831891640919
1.150574221523542
1.1424152306656243
1.1358156532997712
1.1349479716742172
1.1279638285532847
1.1201321238278836
1.1137453135941315
1.1129357399935902
1.1062093404079703
1.098685887752499
1.0925006481521773
1.0917454565751499
1.0852626588921546
1.0780303541914669
1.0720364900502215
1.0713323280790552
1.065080248456301
1.058123476126623
1.052311582347565
1.0516553875293988
1.0456221391284575
1.0389264695497764
1.0332877882343494
1.0326767297300083
1.0268512435104162
1.020403223420104
1.0149297580374603
1.0143611690138115
1.0087332840120184
1.0025204348671268
0.9972042441300689
0.9966756789269395
0.9912353312837082
0.9852455519489244
0.980079387980858
0.9795884898936689
0.9743265993618885
0.968548741411255
0.9635257229053883
0.9630702822895428
0.9579780814052751
0.9524014653185034
0.947515005744627
0.9470929297036659
0.9421620991657444
0.9367765902913902
0.9320204348949903
0.9316297387591668
0.9268523808867624
0.9216483569671357
0.917016564780247
0.9166553656429898
0.9120239808956996
0.9069923044478039
0.9024792322623625
0.9021457437071871
0.8976532108657364
0.8927852055411488
0.8883854939590492
0.8880780215887123
0.8837175802749565
0.8790050102438088
0.8747135708024534
0.8744305082914811
0.8701957431777213
0.8656307939937165
0.8614427975735759
0.8611826230468873
0.8570674491420269
0.852642710403655
0.8485535757196783
0.8483148483689682
0.8443134969734075
0.8400219453146551
0.8360273283154188
0.8358086851458134
0.8319156905076897
0.8277506734496808
0.8238464569482139
0.8236466096029436
0.8198567959156435
0.8158120159566372
0.8119942996155325
0.8118120313106626
0.8081204999026413
0.8041899993326745
0.8004550896520394
0.8002892521087632
0.7966913692413111
0.7928695148054998
0.7892139157375676
0.7890634262338646
0.7855548105745138
0.7818362796893077
0.778256682467258
0.7781205208332506
0.7746970323652388
0.7710767961019946
0.7675700721714777
0.7674472780428118
0.7641050054291142
0.7605783182500419
0.7571415076401277
0.7570311773348208
0.7537664282383931
0.7503288097979239
0.7469591155336035
0.7468603996588156
0.743669687781184
0.7403169136403822
0.737011690610676
0.7369237911522079
0.7338038271505465
0.7305319137669104
0.7272886627647839
0.7272108303417925
0.7241585120409445
0.720963702655593
0.7177800627331862
0.7177115946042071
0.7147239938244613
0.7116027531951736
0.7084764898417388
0.7084167264844601
0.7054910858118008
0.7024400735929334
0.6993690820034383
0.6993174058987509
0.69645112105052
0.6934672024959824
0.6904494865762953
0.690405318576818
0.6875959377709088
0.6846761586564792
0.681709833648393
0.6816726322589592
0.6789178431282511
0.6760594149187478
0.6731427026935862
0.673111960999495
0.6704095828850979
0.6676098852771917
0.6647411008281365
0.6647163441082441
0.6620643275464234
0.6593208721016045
0.6564984395831047
0.6564792256908006
0.6538756252005785
0.651186114988835
0.6484085111825227
0.6483944258548174
0.6458374208469616
0.6431996533663072
0.6404654666911237
0.6404561223585117
0.6379439843450477
0.6353559168223506
0.6326637852346443
0.6326588202681152
0.6301899463603433
0.6276495856817025
0.6249982748660117
0.6249973523856397
0.6225701760011478
0.6200757792629875
0.6174640160577225
0.617466820545131
0.6150799378248453
0.6126296370957105
0.6100563918232542
0.610062632756684
0.6077146466545588
0.6053069664737494
0.6040978993144417
0.6039145008628285
0.602889233776604
0.6015893541620714