20000.
19997.098478896
19995.647876092
19991.296699233
19985.496603496
19984.774934645
19984.108749496
19983.964961173
19983.328198506
19983.027379827
19982.876972175
19982.425756033
19981.824150419
19981.482179951
19981.311196898
19980.798256546
19980.114356627
19979.772745247
19979.601941734
19979.089539982
19978.406358156
19978.046177611
19977.866089761
19977.325835976
19976.605520394
19976.232595941
19976.046136311
19975.486767892
19974.740967773
19973.609914362
19973.044411632
19971.347999588
19969.086341217
19968.733654319
19967.926447694
19967.522856588
19966.312132273
19964.697947542
19964.317845802
19963.860177308
19963.631346979
19962.944871762
19962.029608283
19961.495388224
19961.228283536
19960.426990955
19959.35865099
19958.836530087
19958.575474738
19957.792329217
19956.748183094
19956.213610635
19955.946329756
19955.144508636
19954.07546403
19953.443162127
19953.127018665
19952.178618381
19950.914154917
19950.262344811
19949.936447719
19948.958788433
19947.655317377
19946.968454773
19946.625032315
19945.594800467
19944.221240912
19943.439405638
19943.048499465
19941.875826976
19940.312371075
19939.458036597
19939.030883053
19937.749477389
19936.041064773
19935.211650782
19934.796956695
19933.552926256
19931.894339932
19931.118635242
19930.730794189
19929.567316369
19928.016118414
19927.050229852
19926.567303092
19925.118593101
19923.18714381
19922.233318954
19921.756423614
19920.32580616
19918.418476221
19917.296265923
19916.735184443
19915.052034919
19912.808057039
19911.640108137
19911.056159332
19909.304415754
19906.968997615
19906.75748426
19906.263254663
19904.780639568
19902.803991409
19901.507447715
19900.859207493
19898.91461361
19896.322117597
19894.789953861
19894.023916183
19891.725980231
19888.662478822
19888.492491775
19886.580048507
19884.030410463
19879.868360769
19877.787662473
19871.546874443
19863.228872325
19860.804043495
19859.331888791
19858.595852305
19856.387906629
19853.444361217
19851.962191368
19851.221147883
19848.998183506
19846.034618519
19844.544246183
19843.799101931
19841.563837159
19838.583876088
19837.938701204
19837.230612176
19835.106496842
19832.274697143
19830.879995392
19830.182681246
19828.090886027
19825.302169247
19820.125645203
19817.537889869
19809.776651254
19799.433062144
19797.948840326
19796.727345052
19793.063311577
19788.178988973
19785.94621591
19784.829923771
19781.481425385
19777.017642859
19774.981693338
19773.9637971
19770.910422896
19766.839991102
19764.672824124
19763.589329656
19760.339202781
19756.006532117
19753.90869942
19752.859866531
19749.713702135
19745.51959618
19743.334277514
19742.241708798
19738.964365566
19734.595421326
19732.07025801
19730.807797427
19727.020900479
19721.972835622
19719.470904282
19718.220057544
19714.46799356
19709.466352657
19706.658345378
19705.254491659
19701.043530725
19695.43031647
19692.412859167
19690.904303768
19686.379331144
19680.347652399
19677.231766546
19675.674008504
19671.001474496
19664.773155805
19661.82442809
19660.350229937
19655.928298856
19650.033938395
19644.880402586
19642.304141361
19634.577385022
19624.279772163
19619.210239866
19616.675964653
19609.075103385
19598.945203772
19594.026833686
19586.343627816
19582.697728185
19580.875032741
19575.407964522
19568.120915327
19563.959679028
19561.879392574
19555.639860641
19547.32358129
19543.37412001
19541.399688474
19535.477590917
19527.584253309
19523.711642367
19521.77562476
19515.968724032
19508.228877329
19503.856162862
19501.670173029
19495.113673779
19486.375104441
19481.369005066
19478.866437493
19471.360663853
19461.357465433
19456.275517459
19453.735040949
19446.115601937
19435.960992979
19431.032330734
19428.568468136
19421.178755062
19411.330177288
19405.552118084
19402.66373327
19394.0011585
19382.457075797
19377.073773393
19374.382682703
19366.311653261
19355.555511663
19348.631424153
19345.170309057
19334.790678621
19320.959835398
19311.483515115
19306.747097702
19292.544815073
19273.624690257
19264.056797769
19259.274632466
19244.935258922
19225.832702284
19222.838396504
19218.767239981
19206.558943607
19190.293279282
19188.297847289
19184.658571098
19173.74488392
19159.202959567
19151.723211055
19147.984431626
19136.772472611
19121.833407088
19114.391561847
19110.671725104
19099.516558349
19084.653132383
19076.385275038
19072.252689331
19059.86030359
19043.349648788
19035.490564836
19031.562238927
19019.78212521
19004.086650232
18995.584575496
18991.334964293
18978.591834698
18961.614296869
18952.909194029
18948.558141062
18935.510975164
18918.128729299
18906.863891405
18901.233987665
18884.354333796
18861.871577441
18848.325038394
18841.555417209
18821.261139553
18794.236104193
18790.748758492
18784.401858133
18765.374017755
18740.033545512
18726.49677431
18719.732055479
18699.452558497
18672.447402103
18667.236262209
18660.286561484
18639.452980483
18611.711052954
18598.890460928
18592.483476595
18573.275764057
18547.696347023
18534.957360401
18528.591148029
18509.505628494
18484.088849095
18470.264667898
18463.356454414
18442.647313905
18415.071257377
18398.308975707
18389.933556804
18364.830170732
18331.412289782
18307.692987785
18295.844847428
18260.346414648
18213.122292466
18204.628107497
18167.999827974
18150.172825067
18123.076254549
18106.562129283
18098.310709898
18073.579007858
18040.655972541
18019.180189576
18008.45188607
17976.305286598
17933.532405095
17909.39992239
17897.345860689
17861.232334023
17813.194298438
17786.886488028
17773.74715541
17734.38736769
17682.043207667
17652.152934975
17637.22675065
17592.523884285
17533.096267421
17531.455401345
17519.65392992
17484.297161674
17437.265779217
17412.904125372
17400.736063918
17364.282875531
17315.797393977
17281.320897462
17264.108398041
17212.57369776
17144.09999043
17138.459346844
17116.331720931
17050.120114094
16962.236230788
16919.172211257
16897.681216636
16833.371886472
16748.006680891
16731.76595221
16674.789953284
16648.499467359
16635.369771697
16596.042781732
16543.751384335
16517.489222064
16504.373777663
16465.089897975
16412.856808922
16378.802594943
16361.801992376
16310.905990004
16243.290850846
16209.359098115
16192.419810659
16141.708089342
16074.339434779
16039.555759404
16022.192156595
15970.214051063
15901.172126336
15856.099730101
15833.611462664
15766.337849735
15677.08412415
15620.19850678
15591.8331482
15507.045761579
15394.712707571
15321.150494304
15284.501306452
15175.078913428
15030.399992541
14978.387292259
14876.985760042
14854.783258403
14822.143928775
14724.655610841
14595.667893601
14557.26051621
14464.982980786
14415.144711033
14390.290004419
14315.982720917
14217.502878542
14153.858837432
14122.14373179
14027.424174631
13902.118950908
13897.125275257
13826.637483748
13733.209602708
13675.262158927
13646.380190697
13560.099765195
13445.907192046
13376.02565702
13341.221201649
13237.350266451
13100.112602494
13036.858986778
13005.34680094
12911.266532208
12786.884004431
12709.046319626
12670.305338221
12554.789525589
12402.40504935
12302.725402564
12253.186405701
12105.763075422
11911.954067678
11886.253162006
11769.727949749
11616.136047534
11598.916414296
11488.40429762
11342.690988342
11270.363462054
11234.372831207
11127.0890691
10985.63606627
10919.647404052
10886.801862732
10788.856838458
10659.632837072
10588.036815402
10552.419333804
10446.28417305
10306.429330673
10243.845079782
10212.695609145
10119.814366227
9997.2854088192
9930.9320640548
9897.9207209286
9799.5436352517
9669.8935188295
9588.937766019
9548.7144010903
9429.0538500807
9271.8358220926
9253.5139235975
9217.392822541
9109.8733178034
8968.4624345669
8904.5671157752
8872.7903642689
8778.1388864192
8653.5057157243
8592.5463941052
8562.2279552962
8471.9129988256
8352.9732259951
8296.3801465262
8268.2275535507
8184.3416742367
8073.8162378538
8014.2639064564
7984.6526629839
7896.4737703076
7780.4148747965
7711.516302337
7677.2961486499
7575.5441197622
7441.969461592
7416.3003776091
7328.3085925248
7212.6080653846
7158.2445344128
7131.2166181634
7050.7436414345
6944.857184231
6895.3336345163
6870.7044471996
6797.3434656015
6700.7458539755
6646.0253399788
6618.8328844411
6537.9212563579
6431.5756028723
6383.234910547
6359.200984736
6287.640799279
6193.4782976737
6143.4778284008
6118.6291679504
6044.6846013741
5947.4800783647
5903.2167321423
5881.2087451266
5815.6758573396
5729.4331664903
5685.0699023757
5663.0172504467
5597.37123149
5511.0254219485
5468.8524085901
5447.8870782084
5385.4720935793
5303.363037365
5263.7593899178
5244.0686079352
5185.4371218747
5108.2802609613
5069.8943547029
5050.8097043443
4993.9857185318
4919.2136273634
4882.2867166663
4863.9273396643
4809.2624060756
4737.3303273018
4700.3673651573
4681.9941749214
4627.3043970914
4555.3771348919
4520.9750785481
4503.8715982732
4452.9484108704
4385.9453412069
4352.5174176289
4335.8991166698
4286.4239490874
4221.3341245489
4189.7017594686
4173.9745754402
4127.1463576181
4065.5249618526
4034.9206011571
4019.7049219147
3974.4012915623
3914.7897107371
3885.6974872343
3871.2325481798
3828.1600161008
3771.4745374418
3743.4398716585
3729.5007815543
3687.9941629007
3633.3696906013
3606.6140813398
3593.3102508145
3553.6924833189
3501.5474353633
3475.7847844783
3462.9746262945
3424.8267326743
3374.6157761497
3350.1205419042
3337.9396808501
3301.6621897341
3253.9047764157
3230.2403414036
3218.4727399404
3183.4265258216
3137.2911581665
3114.7805182008
3103.5858392538
3070.2426316229
3026.341592008
3004.6890162147
2993.9208911354
2961.8475079113
2919.6168478199
2898.8958279728
2888.5905304216
2857.8939249073
2817.4719561194
2797.5821552424
2787.6899703259
2758.22279394
2719.4171863018
2700.4225518799
2690.9750448126
2662.8303771411
2625.7615215065
2607.6203519177
2598.596821655
2571.7131530062
2536.3004038259
2518.9063684438
2510.2541347065
2484.4753449967
2450.5149642401
2433.796552345
2425.4801669715
2400.7011286285
2368.0557490576
2352.0550873809
2344.0953446631
2320.3773758526
2289.1263063585
2273.8252291816
2266.2130864078
2243.5292184362
2213.6368692389
2198.944515335
2191.6349469348
2169.8517075555
2141.1438110218
2127.0615544962
2120.0551958896
2099.1742873513
2071.6526448713
2058.1319994492
2051.4048032662
2031.3548592627
2004.9261035705
1991.9587040734
1985.5064891363
1966.2749721208
1940.9224014985
1928.4570549536
1922.2544348923
1903.7660184717
1879.3911168502
1867.4228364545
1861.4673072336
1843.7144375284
1820.3070379382
1808.8013701764
1803.0758362459
1786.0077467679
1763.5013598673
1752.4393213356
1746.9343500375
1730.522977068
1708.8807252339
1698.2366713271
1692.9395317112
1677.1470446764
1656.3193227933
1646.0713876487
1640.9712214305
1625.7653415657
1605.7097944448
1595.8378852064
1590.9247132961
1576.2757704615
1556.9534543589
1547.4388047508
1542.7033061076
1528.5835835442
1509.95811137
1500.7775537479
1496.2082275557
1482.5835520523
1464.61011915
1455.7459372165
1451.3339843423
1438.1781926573
1420.8224551851
1412.2591693785
1407.9968997145
1395.287118648
1378.5190341177
1370.2409411991
1366.1205545569
1353.8335876351
1337.6226985837
1329.6034973985
1325.6119430742
1313.7090343052
1298.0045799454
1290.2573204367
1286.4010477696
1274.9012455506
1259.7279335964
1252.198952174
1248.4513523769
1237.2757146076
1222.5303282287
1215.2350055329
1211.6036854679
1200.7747020611
1186.4864659709
1179.4063176822
1175.8821026434
1165.3725170692
1151.5057067237
1144.6270093088
1141.2030848336
1130.9926413993
1117.5206824665
1110.8311729242
1107.501449266
1097.572044411
1084.4711812669
1077.9549680713
1074.7115585981
1065.039766972
1052.2793069821
1045.92751935
1042.7660175875
1033.338734517
1020.9014696944
1014.7024960605
1011.6171385308
1002.4172413775
990.28072866676
984.22520305899
981.21134019851
972.22501283082
960.37113653666
954.44856417053
951.50098848325
942.71276659723
931.12127242451
925.32275200057
922.4370469316
913.83381601443
902.48752951555
896.80286374357
893.97397242452
885.54072741755
874.42002331404
868.83997470681
866.06331768773
857.78647588781
846.87360237677
841.38885572123
838.65981726618
830.52569725043
819.80279404082
814.40385740006
811.71773687192
803.71241613465
793.16133259137
787.83841596265
785.19036828496
777.29950908373
766.90158221457
761.64360747156
759.02815389654
751.23555847144
740.96973918447
735.76363544746
733.174316406
725.4609059056
715.30244425132
710.13086893967
707.55911930118
699.89961774877
689.81577501455
684.65293981334
682.08603035749
674.44290151095
664.38512377721
659.18603114931
656.6017615067
648.90958238594
638.79334050441
633.46209175509
630.81317556361
622.93270332222
612.57833522462
606.8156531172
603.95467297519
595.45241160843
584.30195961158
577.7595224295
574.5158259894
564.89359462649
552.3141751283
547.71306102146
538.37493937673
536.44363604961
530.55184481073
522.7966606741
521.58647353086
519.8688322687
514.74977257066
508.00268449941
504.98400627261
503.48140037536
499.00035621609
493.08760820649
490.39806029313
489.05879255354
485.06289469308
479.78577230716
477.36545949843
476.15988539994
472.56140042211
467.80568844672
465.62782446385
464.5426974797
461.30246619755
457.01728797441
455.06474712009
454.09160708317
451.18465548051
447.33764771753
445.60193257537
444.73660210659
442.15068028034
438.72615882153
438.17198100402
437.41157590079
435.13826920465
432.12556183893
432.01437855289
431.37025178635
429.44362815503
426.88817558278
425.52004768982
424.83762883204
422.7969318317
420.09124285694
418.62488966383
417.89363352796
415.70752047949
412.81048257078
411.2479882279
410.46896017439
408.14071924095
405.05692820898
403.35763810896
402.51066818379
399.98041440283
396.63146781162
394.71194096432
393.75566391819
390.90071123982
387.126282119
384.88165509952
383.76422676327
380.43136967368
376.03254221736
373.3309450886
371.98743374919
367.98583987266
362.71726291772
359.70344833524
358.20594463752
353.75073615606
347.89653572546
344.41803450071
342.6918482161
337.56502515577
330.84837334244
326.57516024928
324.45929550563
318.1935984042
310.02715051056
304.98279676283
302.49148183803
295.1389787439
285.61288708073
276.84469644655
272.56206568836
260.10758972269
244.38235433537
235.60108883059
230.89287637392
228.57417142496
221.75683525883
212.98229281987
207.30084577482
204.51721095693
196.38857777241
186.050730128
180.27552095193
177.45549375956
169.25734311165
158.91258140794
154.04330181004
151.6649011997
144.74777297126
136.01317084022
131.89594780648
129.88431146445
124.03162326399
116.63621158224
113.12869186186
111.41468709598
106.42691778395
100.12215928497
97.12028600657
95.65327077009
91.383848234577
85.986235403135
83.410429586766
82.151608036485
78.487989052422
73.856045315811
71.642767644758
70.561126735115
67.413203412654
63.433339814508
61.530299224778
60.60029679555
57.893782393416
54.472188578044
52.835498545619
52.035688081125
49.708170439979
46.765948904699
45.3583312391
44.670491034142
42.668925061218
40.138980614596
38.928546279272
38.337086888335
36.616082635375
34.440985982841
33.400346875614
32.891878490979
31.412447692536
29.542863146836
28.648445508969
28.211443006749
26.940026515618
25.333487411111
24.56497769708
24.189510011848
23.097190888794
21.717106247977
21.056991058976
20.734496346397
19.796345508915
18.611172750872
18.044350190348
17.767445819481
16.961968768648
15.944513571426
15.457961578535
15.220281944793
14.528946363979
13.655764561009
13.238256209063
13.034313497109
12.44114363439
11.692027526994
11.333885819415
11.158950076306
10.650177355296
10.007713179332
9.7005994622821
9.5505951104765
9.1143566297081
8.5635426630318
8.300273851174
8.1716902946267
7.7977683884924
7.3256850743975
7.1000756756888
6.9898900367977
6.6694871852026
6.2650120444357
6.0717375837544
5.9773479083499
5.7028921515303
5.3564533498282
5.1909322879613
5.110099798094
4.8750765181812
4.5784398459566
4.436588792851
4.3673199541276
4.1659351708127
3.9117927713891
3.7905336446491
3.7313210076236
3.5591753642382
3.3419382467273
3.2381943498316
3.1875364168847
3.0402681494538
2.8544396929777
2.7657049901537
2.7223774795935
2.5964251967315
2.4375064852572
2.361630400113
2.3245827221696
2.21689044312
2.0810213449572
2.0161578538056
1.9844882415353
1.8924330547282
1.7763008413331
1.7208659299648
1.6938006429124
1.6151321618343
1.5158949185144
1.4685299005043
1.4454052946279
1.3781934619754
1.2934140676717
1.2529539572578
1.2332010265176
1.1757911173347
1.103380338452
1.0688265933096
1.0519576479769
1.0029314956705
0.94109895698482
0.91159599850722
0.89719319039857
0.85533579112291
0.80254775359083
0.77736274855993
0.76506819076557
0.72933895073829
0.68428196468171
0.66278742446409
0.65229468845395
0.62180268156439
0.58335231370973
0.56501112605871
0.55605792789977
0.53004061510253
0.49723455469643
0.48158710987444
0.47394902017802
0.45175394912939
0.42376888381784
0.41042201140048
0.4039070502367
0.38497613076527
0.36110787970023
0.34972534406432
0.34416933764822
0.32802533435589
0.30767178466143
0.29796612115331
0.29322871373919
0.27946364550703
0.26211009968965
0.25383560847418
0.24979683994769
0.23806202554474
0.22326862946249
0.2162153622213
0.21277273085364
0.20277024633468
0.1901612016428
0.18414980644875
0.18121575092899
0.1726911068139
0.1619454245532
0.1568227233976
0.1543224628544
0.14705832293288
0.13790189349267
0.13353709252228
0.13140677564861
0.12521757496594
0.11741637395959
0.11369782099058
0.11188294247069
0.10661028265282
0.099964558247886
0.096796957212571
0.09525099746528
0.090759692006369
0.085098974075062
0.082401007836874
0.081084272139079
0.077258971213037
0.072437811533768
0.070140107384842
0.069018732376413
0.065761034437469
0.061655361571027
0.059698744753163
0.058743845690639
0.055969818659652
0.05247381056884
0.05080781544987
0.049994759236772
0.04763282719603
0.044656244771785
0.043237841811651
0.042545625415417
0.040534761739139
0.038000669142101
0.03679317039233
0.036203886526882
0.034492061041082
0.03233486733442
0.031307002416893
0.030805388335827
0.029348255575211
0.027512059444642
0.026637180130084
0.026210229291373
0.024969999824574
0.023407165949926
0.022662557542257
0.022299183539703
0.021243647676148
0.019913576347585
0.019279891395284
0.018970651350703
0.018072374664814
0.016940485902641
0.016401236993362
0.016138084090578
0.015373688783859
0.014410517244986
0.013951664073862
0.013727745874234
0.013077324261425
0.012257778725894
0.011867359766044
0.01167683849717
0.011123431115701
0.010426137162789
0.010339481137378
0.010296423584825
0.010168323798436
0.0099999997764826