0.23520064932761656
0.23521181816629214
0.2352174035806316
0.2352341602364544
0.23525650627713257
0.23525814785920474
0.23525962089209662
0.2352617743805886
0.23526314064650877
0.23526381767836949
0.2352658609448824
0.23526854348194054
0.2352688345047335
0.23526937885707078
0.23527101845264858
0.23527320292105847
0.23527424611527406
0.23527476786259122
0.23527633623600314
0.23527842999968268
0.23527940455868132
0.23527989279344913
0.23528136042443187
0.23528331969330038
0.23528430778512235
0.2352848026383818
0.23528629608867374
0.2352882567932829
0.2352894069158856
0.2352899745631025
0.23529167750974023
0.23529394814328702
0.2352953641151186
0.23529607211716588
0.23529820460298342
0.2353010282083526
0.23530302295161853
0.2353040176308967
0.235306995752083
0.23531094901493976
0.23531105404308097
0.2353119580707255
0.23531468097975491
0.23531827470755914
0.2353201937132655
0.23532114333928497
0.23532399223059425
0.23532780311506632
0.23532962288873338
0.23533053930226913
0.23533327759783784
0.23533696616314118
0.2353389178872067
0.23533989897584454
0.23534285987081344
0.23534675989395187
0.23534914161952797
0.23535031906428228
0.2353538725752719
0.23535858363406018
0.23536097841411202
0.23536217052181435
0.23536570421805292
0.23537057691953756
0.23537085831003612
0.23537358009849538
0.23537717681841308
0.2353796286203207
0.2353808469051607
0.23538448724476219
0.2353893908289464
0.23539209050425128
0.23539345982106336
0.23539755152021236
0.23540302914479141
0.23540598454250838
0.23540747032405218
0.2354119277004672
0.23541789028997306
0.23542081777491444
0.23542228747438212
0.2354266966038387
0.2354326136280375
0.23543546401689838
0.23543690093294742
0.2354411945868119
0.23544699665620164
0.23544986798768033
0.2354513230288961
0.2354557055174573
0.2354614337401773
0.2354624459888781
0.23546370443292916
0.23546750982451217
0.23547248133619778
0.23547538357087336
0.2354768040605477
0.2354810740347655
0.23548677453187328
0.23549022722699595
0.2354919551245663
0.23549707722027213
0.23550411745044095
0.23550734720615768
0.2355090112110899
0.2355140230643942
0.23552061689243226
0.23552407775866593
0.23552578596029558
0.23553089030950497
0.23553774381754122
0.23554129202001367
0.2355430765351554
0.23554846202325652
0.2355555332551484
0.2355594508168278
0.2355613805065087
0.23556716962836477
0.23557486412841572
0.235579293297643
0.23558150042369097
0.23558812187100578
0.23559689440471598
0.23560117030357486
0.23560327996411767
0.23560964666831288
0.23561800650508025
0.2356224811473635
0.23562467622087954
0.235631248468919
0.23564011178744132
0.23564457631817567
0.23564683299019598
0.2356536701526445
0.23566258583750482
0.23566703318678683
0.23566921903649873
0.2356757895944735
0.23568445192236692
0.23568919472706945
0.23569154245796117
0.23569857184687543
0.23570787365340984
0.23571219904376262
0.23571431352457697
0.2357207200056301
0.23572915312863071
0.235734281778528
0.23573682210113006
0.23574444316002205
0.23575463785966083
0.23576040731524575
0.23576331236661235
0.23577201047159238
0.23578359486166436
0.23578947370834213
0.23579240218803774
0.2358012224102634
0.2358128279651451
0.23581889454636817
0.23582185670833486
0.23583083133123817
0.23584268369448383
0.23584859082254522
0.2358515375188116
0.2358603951226949
0.2358720732584009
0.23587816703055364
0.23588117096812872
0.2358902183939162
0.23590212323755988
0.23590812521053886
0.23591106711844917
0.23591987557809924
0.23593179176459125
0.235937848289218
0.2359409274230193
0.23595020124942337
0.23596232599303732
0.23596845108559042
0.23597143578678872
0.23598042517081408
0.23599221612357293
0.23599878035981262
0.23600199591706886
0.2360116237695512
0.23602464817055563
0.23603097995322986
0.23603421302167343
0.23604377956373634
0.2360570321691139
0.23606339484626693
0.23606671076810146
0.23607658073640808
0.23609009229734707
0.2360968818480569
0.23610038198175654
0.23611086204161155
0.23612482007318675
0.2361340859114635
0.23613873638482463
0.23615252492733113
0.23617141515169954
0.23618140818489952
0.2361865303466986
0.2362018372053891
0.23622238946847923
0.23623409308567675
0.23623997380442613
0.23625761643938767
0.23628114407236028
0.2362956254365663
0.23630286777944454
0.23632459553163365
0.23635375523842214
0.236367023787524
0.23637369663861657
0.2363939503515372
0.23642032217405057
0.2364338475638967
0.2364404632303847
0.2364603493802941
0.23648665788466888
0.23650208544292112
0.2365097401326026
0.2365328834000024
0.23656304277185178
0.23656947390945302
0.23659048865754506
0.23661912941907182
0.23663237694387182
0.23663915777762065
0.23665938297451683
0.23668676132052444
0.23670155096253373
0.23670903923288503
0.2367317224965573
0.23676132079640716
0.23677710143164718
0.23678481688852845
0.23680791939750814
0.23683887858324068
0.2368528502321851
0.23685984630285684
0.23688091609192186
0.23690873879405908
0.23692282018336086
0.23692980778302591
0.2369508518596448
0.23697855421274794
0.23699507119543128
0.2370032585401886
0.23702758625564033
0.237060838186779
0.23707777496331817
0.23708646116344811
0.23711242094034962
0.237147276003612
0.2371636250103077
0.23717185364159293
0.23719658765363266
0.23722921339356823
0.23724647790008127
0.23725497681441488
0.2372806210455966
0.23731452866642047
0.2373317119913187
0.2373402784944563
0.2373658322548864
0.23740041775393608
0.2374198044020551
0.23742968914087828
0.23745923212666195
0.23749890659929213
0.23752348314632513
0.2375359083591507
0.2375730449245175
0.23762261526308734
0.23764718462139486
0.23765944567633698
0.2376966489632122
0.23774469350675553
0.23776850224623727
0.2377799982959333
0.23781448825359403
0.2378606310980158
0.23788716920997924
0.23790053099483216
0.2379405433772986
0.23799417806023862
0.2380219617908614
0.2380359650607259
0.23807781967693864
0.23813435850458978
0.23816613658878788
0.23818221168606904
0.23823007985648012
0.23829516580421137
0.2383263941046071
0.23834234661352668
0.23839038628465603
0.23845366643937285
0.23848675507044717
0.23850309736840392
0.23855203684297216
0.23861724634570075
0.23865062924986186
0.23866730463192223
0.23871705688147377
0.23878438165414498
0.23881566899786674
0.23883153023566417
0.23887911737902973
0.238942786417237
0.23897946646333074
0.2389978583918846
0.23905334416815874
0.23912631431114278
0.2391656191463053
0.239184939214057
0.2392432237308332
0.23932011155345084
0.23936348293604193
0.23938493563183205
0.23944929998316852
0.23953466633974493
0.23957788239871236
0.23959940834365304
0.23966352476850214
0.23975017871616763
0.2398067313039318
0.2398353922052009
0.2399212307423995
0.24003598619676608
0.24010870153138816
0.24014525041276574
0.24025511150321652
0.2403998219406188
0.2404023253077395
0.24048748610180706
0.24060249972382472
0.24065915135293414
0.24068771127434613
0.24077416665600196
0.2408882086613536
0.2409506563233926
0.2409816525126799
0.24107498209413813
0.24119805966123586
0.24126217440957806
0.2412939554057243
0.241388811207449
0.24151712652803226
0.24158359025665113
0.241617315553352
0.24171885929124157
0.24185318004219225
0.24192642144510695
0.24196278787387218
0.24207171646312967
0.24221695380741273
0.24229646518744488
0.2423361913826879
0.2424549824908748
0.24261494936232042
0.24269894339955395
0.24274136990241296
0.2428686736104309
0.2430386207111247
0.24320395181409332
0.24328682596018605
0.24353554073531322
0.24386795609849476
0.24402901409617547
0.24410948947218522
0.24435380533265028
0.24467027753478438
0.2447347133437981
0.24498489107877086
0.24502915186543514
0.24508797663494267
0.24526593246110984
0.24549868307114425
0.24553903102189242
0.24559795687976252
0.24577407130902346
0.24601172099965485
0.24613376379960752
0.24619551502791684
0.24638081955911523
0.2466289617659075
0.24677534217144306
0.24684856426959903
0.24707054810148416
0.24736089567005876
0.2474974116761373
0.24756416402331802
0.2477638616812191
0.24803274332318262
0.24818454300676912
0.24826121183407804
0.24848972108031914
0.24880083257529842
0.24882230238996736
0.24889201752493315
0.24910044078469437
0.24938257858469293
0.24951455753780405
0.2495817518679518
0.249783095371579
0.25005340423190126
0.2502160273022339
0.2502979445911778
0.250544504719538
0.2508703823174829
0.25102818055624376
0.2511059839518875
0.2513401486878622
0.25165253276547217
0.2518203646975445
0.2519045494265843
0.2521575555374854
0.2524936875584455
0.2526740058236087
0.25276402877666965
0.2530330728052031
0.2533953923283909
0.25357594533737327
0.2536673015630526
0.2539414796304289
0.25430797126888943
0.25453020315905284
0.2546414201323059
0.2549759109578364
0.25542332393796263
0.25566566127703705
0.25578725230384947
0.2561531839678317
0.25663938127911207
0.25688545702222637
0.2570077744548818
0.2573751592855219
0.25786580544193566
0.258165838342189
0.2583160519912461
0.25876670324136
0.25937157325587035
0.2597005897968068
0.2598661753881336
0.26036267862485435
0.26102970569563383
0.2613741542308301
0.26154773838676526
0.26206918840454096
0.26276529503389623
0.2631296562955416
0.26331248211869335
0.26385917453068536
0.2645985618262589
0.26469566668671396
0.2648953340448029
0.26549686995264526
0.2662968795484375
0.2666687327714203
0.2668539538947489
0.26741065842805106
0.268153135074772
0.2685222046512033
0.26870650786431405
0.2692595595750666
0.2700033069571902
0.27037843890969265
0.270567899630891
0.27113702434758197
0.27189791536212266
0.27239293697727757
0.27264172417200633
0.2733877620712878
0.2743917003949528
0.2748737211778049
0.27511669524341165
0.2758473959846811
0.27682543112049823
0.27743866009161294
0.277746990102334
0.2786737979876463
0.27991927477284434
0.2805607189792711
0.28088392601217244
0.2818554574904888
0.2831588957941297
0.283941415855539
0.28433573878433366
0.28552128151551975
0.2871142911742212
0.288170474765738
0.28870478297233043
0.2903086360220883
0.2924828785802709
0.29386036786540826
0.29483817705777426
0.2953326672974479
0.29681999957027194
0.2988210372089493
0.3000985870938521
0.30074557727497
0.30269192051026583
0.3053222655031524
0.3057108192701124
0.30787884529299003
0.3108160057234497
0.3119623835582804
0.3129624277884135
0.3134678057992719
0.31498770307892193
0.31703493765390817
0.31817313405527936
0.3187485433637474
0.32048009450610787
0.3228149889121942
0.32394821334228885
0.3245211137003631
0.3262442182050736
0.32856651422232813
0.3299958367112661
0.3307203091751718
0.33290059671140176
0.335847651402874
0.33589895294584887
0.3365004421500991
0.3383092809150244
0.3407495448176267
0.3420195202567819
0.34266228810951593
0.34459618436015027
0.3472040655298343
0.3488388264047356
0.3496682821222089
0.35216515587870023
0.35554509513973026
0.35590624106910834
0.35792838522777537
0.3606597201084857
0.36201732262355674
0.36270477236838
0.3647735561304112
0.36756392786252184
0.36939723000991964
0.37032844170020646
0.3731323895608962
0.3769338556024728
0.37710265739920285
0.3794506771829428
0.3826265657262568
0.3841764366980854
0.3849622224819827
0.38732625099263013
0.3905244239536036
0.39208277325909385
0.3928731459521092
0.3952510805607563
0.39846688033305483
0.4001757394609581
0.40104316314365246
0.40365348290627284
0.40718902418365766
0.4089225221930637
0.40980280904348804
0.4124518887204293
0.4160408067238116
0.4178235239615343
0.41872929902913686
0.42145546680182294
0.4251489410317283
0.4271013993358449
0.4280944438852934
0.43108380632605503
0.43514068964101826
0.43712566826075533
0.4381356659064408
0.44117620220405357
0.4453021950565128
0.44742454745811383
0.4485052559753692
0.4517594051931605
0.4561790836009797
0.45841759386247766
0.4595580698152653
0.4629925290920065
0.4676601431912673
0.4699976495860143
0.4711890269790586
0.47477683494287654
0.47965499609622736
0.48209047968194335
0.48333214441969097
0.48707164550200815
0.49215706676394066
0.4947134827466571
0.49601705987773925
0.49994357492253105
0.5052840750603564
0.5080003822078628
0.5093858228720576
0.5135595416721183
0.5192386408429741
0.5220981225276549
0.5235567072985968
0.5279512511735798
0.5339316613964668
0.5369618175648431
0.5385075927175891
0.5431655289614327
0.5495060406540415
0.5526970782723735
0.5543248400299015
0.5592303735001803
0.5659087318354681
0.5692612105408
0.5709711746909516
0.5761250097834114
0.5831414149868833
0.5866873247706308
0.5884958823545223
0.5939475980175184
0.6013708575427487
0.6051004382977963
0.6070024404525743
0.6127365747022041
0.6205442740452154
0.6244918447922011
0.6265048795086873
0.632574668116737
0.640840538779522
0.6450071748883475
0.6471316748143935
0.6535384052773595
0.6622638056471356
0.6666555745712333
0.6688945444044002
0.6756473284433144
0.6848443139902808
0.6894751241278448
0.6918355894361583
0.6989557080324206
0.7086532717651925
0.7135337745947048
0.7160210597890555
0.723524660540422
0.7337444861264819
0.7388908319571529
0.7415130692291617
0.7494248004561619
0.7602003875755059
0.7656252512976318
0.7683887547143818
0.7767277545113889
0.7880848359578198
0.793801994063034
0.7967136203608047
0.8055006717954268
0.8174671877412587
0.8234908668696914
0.8265576754941855
0.8358141878857591
0.8484188376769534
0.854764799434122
0.8579946100685593
0.8677442961077835
0.8810189268724182
0.8877018967413894
0.8911019691824841
0.9013668513413384
0.9153408602175396
0.9223767181616687
0.9259548774041082
0.9367586992760992
0.9514638032857804
0.9588685189333885
0.9626326088983239
0.9739991782606493
0.9894671080529835
0.9972569583168317
1.001214953762202
1.0131684838592634
1.0294314579258157
1.0376230913445141
1.041783129785784
1.054348336719911
1.0714391961794585
1.0800495309618194
1.0844198583493763
1.0976217971164086
1.1155737700583543
1.1246200070739192
1.1292089802672696
1.1430730527612465
1.1619197532325722
1.171419291374238
1.1762353285599514
1.1907871336295321
1.2105623330753463
1.2205327110890594
1.2255842528311944
1.2408494686912075
1.2615869051784994
1.2720456593202323
1.2773410837238879
1.2933452112518498
1.3150781976492132
1.3260426823656923
1.331590198386338
1.3483582382960797
1.371119172738085
1.3826062746528152
1.388413758414457
1.405969715940559
1.429789347809291
1.4418151342185554
1.4478899296990178
1.4662562118720766
1.4911627562794108
1.5037420172425904
1.5100906812240833
1.5292873258027233
1.5553053447242362
1.5684510311758475
1.575079024411786
1.5951227666531331
1.622271880729664
1.635960026279023
1.6428539192302656
1.6637039631704096
1.6919241225956034
1.7062442677282148
1.7134479216969132
1.7352381760273226
1.7647088682713878
1.7796317363714196
1.7871285322873656
1.8098086112266123
1.840455290032199
1.8559280163546126
1.8636892888136067
1.8871721384833005
1.9188698958174248
1.934906647514607
1.9429372887231255
1.9672383200854666
2.0000019594661795
2.0166212734117974
2.024927908373382
2.0500679867987364
2.08391848578593
2.1010607168013675
2.109610473173874
2.1354901232920844
2.1702837237801025
2.1879370484474325
2.1967204668068305
2.223311890403454
2.259001357836161
2.2771067318078644
2.2860904369608304
2.3132930972674464
2.3497315676430026
2.368236141651165
2.3773892572458295
2.405110573356007
2.4421608141281164
2.460980630830326
2.4702563986141715
2.4983556681203862
2.5358145116984567
2.554864886380234
2.5642154273507427
2.592549001642733
2.6302078181961575
2.6493746623449907
2.6587369516518233
2.687115467414505
2.724702899129148
2.7438573064940286
2.753160072708804
2.7813696615156807
2.8185796421659615
2.8375671830417306
2.8467255756376217
2.8745117133992104
2.9109817119428505
2.9296239633620504
2.938539919809383
2.965608775054815
3.000920841349502
3.01901373771373
3.02757451444452
3.0535888125837003
3.0872625555569826
3.1045750805794623
3.1126512241141353
3.137224680429112
3.1687065314081764
3.1849861583887242
3.1924305155839634
3.215126232172388
3.243778287920248
3.25876897515214
3.2654146021559525
3.285742644724853
3.3108120946900255
3.324363238259131
3.3300277251488852
3.347475406133253
3.368011779290879
3.3808194348323277
3.385248750623986
3.399258864875806
3.413053886901159
3.417781308167008
3.422428917912993
3.4228368890847403
3.4229972878705706
3.4237298508921192
3.422605861575979
3.4216166526711596
3.4205101070303208
3.4173601534641525
3.411545627569879
3.408440228975085
3.4064049672322922
3.4004159427053877
3.391136342693426
3.3864050879665357
3.3836559915701128
3.375485690074198
3.3635425832953905
3.357579914593388
3.3542996612279445
3.3445030502736977
3.330601550025941
3.323753094417158
3.320102646480587
3.3091682403188196
3.2939311505443363
3.2865169344558547
3.2826457596674996
3.2710270938254964
3.255033988480572
3.2473787333694792
3.243439451686805
3.2315996562799554
3.2154457205972693
3.2079502649861746
3.204134211856566
3.192653732801003
3.1770946672998805
3.1695017421974794
3.1656627366254075
3.1541044700942855
3.1385036262227834
3.1295644150495
3.125064945197409
3.1115018594729364
3.0932253353041315
3.0830932493413754
3.0780189831959217
3.062701789725268
3.042106941846322
3.0307561668490197
3.025103218557565
3.0080106569100873
2.9850812287699973
2.972374451706973
2.966085521280165
2.9470309364846776
2.9215313992217435
2.907101446154451
2.9000146356292875
2.8784840043285014
2.84975508702648
2.834075367456522
2.826442396142015
2.8031837708827294
2.772268589812569
2.746272667792917
2.734025676983172
2.696200707805478
2.6464317213233293
2.639197769352327
2.6052937698788416
2.589409175321452
2.5818936920710804
2.5587800064671176
2.5284473014271023
2.5127143260671363
2.505346443912788
2.482598989766917
2.4528608941478773
2.437210463247042
2.429965251318669
2.407488078592558
2.3782200373052462
2.3625636210057133
2.355414549949344
2.333096804066364
2.304162849351306
2.2883805624989986
2.281296700939037
2.2589971902118062
2.2302330406038906
2.21418634521223
2.2071428600799097
2.1847133338427818
2.1559602444121535
2.1394254836186524
2.1323876179818844
2.1095956533595213
2.080615956423961
2.0633034577236957
2.0562556701883614
2.032833895595455
2.00339500769016
1.984777852999774
1.9777122280262287
1.953187654762221
1.9229228477557028
1.8989762213103398
1.8913966274062681
1.8615487628821972
1.8268430364567143
1.8064360230634684
1.8005970403074558
1.776446710902645
1.74835319988827
1.7306483562732389
1.7259566001051936
1.7052071275945389
1.6812255425642972
1.6657754342457176
1.6619721191929955
1.644135162716772
1.6235403314933106
1.6098365173659304
1.606676437391722
1.5909988717249728
1.5729109462602293
1.5605250479329673
1.5578365813494637
1.543779744246766
1.527575837542042
1.516200395924558
1.5138642511184224
1.5010468199300018
1.4862884584058957
1.4757036384991231
1.4736369032976282
1.4617888545120812
1.4481667575722448
1.4382160395359378
1.43636091426307
1.4252914445362599
1.412587287970123
1.4031598095743385
1.4014756933543366
1.3910500147794909
1.3791091279467362
1.3701262598408424
1.3685842634359084
1.3587064309633314
1.3474180199452366
1.3388232493056218
1.3374024500637673
1.3280029288192354
1.3172860325226017
1.3090377187054918
1.3077226314640917
1.298749680235095
1.288543536153285
1.2806099904567578
1.2793888655681769
1.2708027701667126
1.2610603723555536
1.2534166220477734
1.2522802986187915
1.2440495700618557
1.234733399250687
1.227359080071509
1.2263002103340699
1.2183990771529827
1.209478260683269
1.2023562382338744
1.2013687601126366
1.1937755009255047
1.185223907001867
1.1783393651930836
1.1774181414753997
1.1701139646308985
1.1619089108136103
1.1552487414664483
1.1543893114837893
1.1473575943158314
1.13947896413059
1.1330313531062246
1.132229760940801
1.1254555281856558
1.1178851619516275
1.111639305361408
1.1108919804244757
1.1043615435920058
1.0970828153419272
1.09102872314109
1.090332396759645
1.0840331029869894
1.0770306247462758
1.0711638879245287
1.0705149669361456
1.0644400197789305
1.0577028764130993
1.0520066460011257
1.0514033936780849
1.0455317147573968
1.0390394473805677
1.0335071256696118
1.0329463645207626
1.0272726272292825
1.0210161189185742
1.0156416513546913
1.0151208751541418
1.009635279687993
1.0036025474679344
0.9983785735535073
0.9978954203389022
0.9925886268265214
0.9867682785508497
0.981687797850538
0.9812400316001335
0.976103184433614
0.9704844171391889
0.9655407865950154
0.9651262883763664
0.9601509863753129
0.9547235505342166
0.9499104645900223
0.9495272256096479
0.9447054967599333
0.9394596663192873
0.93477113959199
0.9344172554624948
0.9297415352856172
0.9246680818990619
0.920098433873418
0.9197720996963915
0.9152352121440734
0.9103253823563476
0.9058692234778093
0.9055687294472725
0.9011638695406259
0.8964093639242472
0.8920615824842231
0.8917853098945161
0.8875060273463667
0.8828989809246574
0.8786547308016418
0.8784011482375869
0.8742413321338633
0.8697742958432272
0.8656289846034408
0.8653966443299941
0.8613505083231572
0.8570164308320066
0.8529657085402426
0.85275324298833
0.8488153109114263
0.8446075212972063
0.8406472694861381
0.8404533878016882
0.8366184798981665
0.8325306708482976
0.8286569915566578
0.8284804762987238
0.8247436953606823
0.8207699065003566
0.8169791119910083
0.8168188157871147
0.8131755341884281
0.8093101360621542
0.8055987384412399
0.8054535808368379
0.8018994272376522
0.7981371057445643
0.7945018071647529
0.7943707713237126
0.7909016190051079
0.7872373586051238
0.7836750427860965
0.7835571726037658
0.780169126229707
0.7765981976276302
0.7731059181681142
0.7730003151279754
0.7696896993019818
0.7662076428200058
0.7627826167133962
0.762688436930333
0.7594517854280596
0.756054397489601
0.7526939961069044
0.7526104476151247
0.7494444919757987
0.7461278115184342
0.7428295510591079
0.7427558911031973
0.7396575482396458
0.7364178466787512
0.7331793788310675
0.7331149109869461
0.7300812767139765
0.7269150379967381
0.7237341485786354
0.723678220320888
0.7207065575576492
0.7176104688343481
0.7144850686170707
0.7144370692468474
0.711524795871442
0.7084957516545027
0.7054238560511004
0.7053832131615613
0.7025279002581614
0.6995629548102411
0.6965427071822752
0.6965088856903108
0.6937082415853466
0.6908046419100392
0.687834271141191
0.6878067717889333
0.6850586348241481
0.6822137905188391
0.6792916210234249
0.6792699755201147
0.6765723053655734
0.6737837762575875
0.6709082243205504
0.6708919959115148
0.668242888870666
0.6655083269829144
0.6626779352448776
0.6626667177495325
0.6600643387792567
0.65738167220026
0.6545949665415605
0.6545883760698702
0.652031052116776
0.6493981679263006
0.646653857849363
0.6466515397761905
0.6441376652667365
0.64155254698095
0.6388494503846136
0.6388510755100627
0.6363791206336317
0.6338400689650339
0.6311768923712122
0.6311821509776658
0.6287506912544054
0.6262559177694997
0.6252051177699568
0.625027177753655
0.6241856678190706
0.6230985712370771