0.23520031086244642
0.23521147958692823
0.23521706494416889
0.2352338214285013
0.2352561672407621
0.23525693140381754
0.2352612581150362
0.2352617195262466
0.23526472153873806
0.23526479541351286
0.23526538658000998
0.23526716362518876
0.23526952831777792
0.23527086495453953
0.23527153475069018
0.2352735401452648
0.23527621077332095
0.23527747175129066
0.23527809919216866
0.23527999280157777
0.23528248695219955
0.2352839995049747
0.23528474796551013
0.23528699335558054
0.2352899872751276
0.23529151094863868
0.23529227388202706
0.23529455356993864
0.2352976342107973
0.23529903200051688
0.23529974278530708
0.23530186243139944
0.23530473245813616
0.23530611589720712
0.23530681872148856
0.235308931406958
0.23531174274676137
0.23531350805768303
0.2353143916585623
0.2353170372000127
0.23532057174349175
0.23532236148784355
0.2353232564405492
0.23532595200255996
0.2353294865823224
0.23532992387466414
0.2353306467890692
0.2353328112234275
0.23533570297995093
0.23533760681198546
0.23533855984186314
0.23534140756287555
0.23534525578094098
0.2353469703681704
0.23534784463301667
0.23535046743903318
0.23535396460434096
0.23535586140862358
0.23535680520664262
0.23535964225480663
0.2353634297216408
0.23536529755514363
0.23536623444178947
0.23536906194307727
0.23537278623913188
0.23537515621317312
0.23537632955774224
0.23537984961160927
0.2353845431797499
0.23538701344970417
0.23538824755308863
0.2353919572636492
0.2353969257219459
0.23539933350495057
0.23540053727159693
0.2354041702314692
0.23540898536699278
0.23541169109435112
0.23541303857776594
0.235417081054341
0.23542247123854002
0.23542494034512887
0.2354261807533861
0.23542990200045377
0.2354348958538199
0.23543742087245653
0.23543869611600338
0.2354425142810032
0.23544759913019933
0.2354503147062901
0.23545166759275796
0.23545571017740097
0.235461120685
0.235464348243317
0.23546597340517506
0.23547082962034444
0.23547733074893923
0.23548094455130728
0.23548275873487373
0.23548820133225534
0.2354954818514955
0.23549675148561058
0.23549846429816707
0.23550361300374453
0.23551050877898522
0.23551388389363084
0.2355155825504885
0.23552067856229575
0.23552749541699589
0.23553095378867683
0.23553268446782838
0.2355378972026692
0.23554484251770813
0.23554829940523278
0.2355500282353082
0.23555522506752366
0.23556214073985737
0.23556606598937707
0.23556802366750063
0.23557389675636495
0.23558175315167657
0.2355864834681049
0.23558884596509083
0.23559598990942854
0.2356054123124106
0.23561080122486835
0.23561348426548245
0.23562150174484298
0.23563216651832225
0.2356341399762793
0.23563664412474364
0.2356441566582381
0.23565414202489351
0.235659683864103
0.23566242932018233
0.2356706984997205
0.2356817871434501
0.2356832882089591
0.23568601270395742
0.2356942185847577
0.2357049806529154
0.23571003834902485
0.23571249762090932
0.2357199340466181
0.23572971092525533
0.2357382871141662
0.23574255107874978
0.23575531801529562
0.23577237652899197
0.23578267253917684
0.23578783379643728
0.2358033179373789
0.2358239666514013
0.23583567222670307
0.2358415390988343
0.23585903626100724
0.23588272766944193
0.23588447470732563
0.23588946877180453
0.23590436302333198
0.2359245924623566
0.2359275823453279
0.2359391957891137
0.2359547314595666
0.235961752397064
0.23596528159666844
0.2359758901850378
0.23599005353472272
0.23599688383412304
0.23600031038949387
0.23601057001055759
0.23602444914959955
0.2360311106833281
0.23603449049448025
0.2360446700224946
0.23605827687118058
0.23606545016356917
0.2360690378263595
0.23607984331261994
0.2360941954884667
0.23610545670431124
0.23611103551468798
0.2361280029776741
0.23615011899316865
0.23616064459628913
0.23616580043611232
0.23618126832387992
0.23620189534325917
0.23621304697902068
0.2362186187971286
0.23623543281348877
0.2362575880906277
0.236269758443349
0.23627580308684937
0.23629386695434051
0.23631789856592297
0.23632403379002395
0.23633018225662344
0.23634844892720486
0.23637334650734945
0.23638778721976164
0.23639512493299586
0.23641726743061395
0.23644626188909562
0.23646004439298637
0.2364668056107986
0.23648697185824136
0.23651410195077166
0.23652917237017082
0.2365367392318383
0.23655939654694166
0.2365900453603986
0.2365956472311054
0.23660340737333388
0.23662673381716226
0.2366578799938336
0.23667576834127738
0.236684683880512
0.2367115353668932
0.23674720789478298
0.23676540768108445
0.23677453608779855
0.23680171182382115
0.2368382290944843
0.2368457087896911
0.23686953337279218
0.2369008957312625
0.23690554624472798
0.2369122687310755
0.23693267056881273
0.23695915797450967
0.23697456755011875
0.23698207653822229
0.23700451784152404
0.23703474132906677
0.23705052724137118
0.2370585081644328
0.23708249764564385
0.23711404151205676
0.23712936380060312
0.2371368985729748
0.23715954691317287
0.23718951407675887
0.23720609176050506
0.23721435293897006
0.23723899550228855
0.23727224662714594
0.237297325098231
0.2373099950539618
0.23734764513615964
0.23739926242101841
0.23740848565082526
0.23742111543112243
0.23745929552706285
0.2375092361572207
0.23753657540968315
0.2375500498228465
0.2375903989223816
0.2376441564273984
0.23767217477493
0.23768615848770266
0.23772811230211285
0.23778407388773867
0.2378186608732574
0.23783589035738237
0.23788777852618156
0.23795694720736021
0.2379906795625885
0.23800753467722546
0.23805800877519914
0.23812648027375743
0.23815606045768256
0.23821076021148568
0.23831016257393392
0.2383600453152527
0.23850833511139502
0.23871112334128153
0.23873622705982223
0.23876623171412972
0.2387813057831216
0.23882636429169574
0.23888633233100728
0.23891684065346616
0.23893201313804177
0.23897736622959348
0.2390382550687442
0.23908360034911957
0.23910643411564714
0.23917456578656313
0.23926622370991643
0.23931608340753868
0.2393410476676485
0.23941622349166208
0.2395167562007739
0.23953336935754688
0.23955660917878296
0.23962583056125064
0.23971938968997625
0.23977455660026936
0.2398024591343304
0.23988617730811934
0.2399975662016187
0.2400581298064521
0.2400883028926955
0.24017883448551774
0.24029965035072667
0.24041545020609292
0.24047345401633327
0.24064813192946927
0.24087864085474492
0.24097979081251172
0.2411720140607193
0.2412161421240005
0.24135258975039425
0.24137909241797817
0.24141015126891996
0.24150432224731874
0.24162697269011088
0.24169131127202237
0.24172284403905556
0.24181647188589747
0.24194445590788943
0.24200611568811461
0.24203770663611932
0.2421329850314764
0.2422588000724476
0.24234095158189803
0.24238185502276785
0.24250437743102576
0.242667762804888
0.24274191939756742
0.2427789226102174
0.2428901390180214
0.24303755089591977
0.24312696373690237
0.24317139299216878
0.24330583299020797
0.2434804826566784
0.243484128942077
0.24352911208715186
0.24366273616081743
0.24384530126121629
0.24393068797807738
0.24397431016882815
0.24410650850472623
0.24427896825396606
0.244369543973078
0.24441397453189423
0.24454685455038086
0.24472529507637295
0.24484041141757126
0.2448985390031075
0.24507225734470336
0.24530580689070725
0.24547100600157623
0.2455542553536519
0.2458034937837228
0.24613867571279374
0.24628896413616652
0.24636465729560633
0.24659325564024823
0.24689450893534898
0.24703433236499928
0.24710323657343694
0.24730952897558725
0.24758644058659088
0.2477637512071849
0.24785301695248438
0.24812071396933433
0.24847837915365723
0.2487027323785531
0.2488151982151366
0.2491532722288842
0.24960482527521458
0.24984961077371648
0.2499721316803279
0.25034125234375904
0.25083216095008026
0.251070847130375
0.2511898674330439
0.2515463441877585
0.2520247709270075
0.25229567496550775
0.2524319687261517
0.2528422441856909
0.2533867980296824
0.2534523686105256
0.25356567749173503
0.2539048366249683
0.2543611888041678
0.2545987281780953
0.2547185393635837
0.2550796157651776
0.25555814991621273
0.25579448825836626
0.2559118206769938
0.2562639976232169
0.25673506875890223
0.257084051157238
0.25725928051216607
0.25778503311938533
0.25849195432564487
0.2588491439395129
0.2593550300301086
0.25962205140668293
0.25975707764543376
0.2601608998743534
0.2607058755808736
0.2609794268374306
0.26111774567778756
0.26153344861768435
0.2620896308169378
0.2624255784282665
0.2625945442962405
0.26310092122853485
0.26378025397241184
0.2641732103955734
0.26437095850389003
0.26496436808654206
0.2657586925191243
0.2662395292544979
0.2664810067061683
0.26720816953465876
0.26817785979782327
0.2687327224646112
0.269549613555715
0.27001193350600117
0.2702445772191411
0.2709442680957088
0.2718790856668184
0.2723881561750031
0.2726431974677075
0.2734099041941199
0.2744377547488356
0.2749789659264045
0.27525091163368
0.27606767924290826
0.27716490023219753
0.2777354826682685
0.27802312171996
0.2788864874235504
0.2800481621562339
0.28062850660365024
0.28092130929959463
0.2818007777556063
0.2829824416616846
0.2836115000270007
0.2839288535985444
0.2848803678554561
0.2861645276151306
0.28665169550824715
0.2871097620752548
0.2884856480991012
0.29034451963552643
0.2910651103868349
0.2924822576918791
0.29331269424947914
0.29373186320190897
0.2949924135152947
0.2966880381862578
0.29764798496769873
0.29813298511054875
0.2995909059900641
0.3015568538638107
0.3019383438008821
0.30238990213703626
0.30374845559610064
0.30557606838882406
0.30662639232925937
0.30715760812267157
0.308753331330354
0.3109091413105871
0.31142139895000254
0.31298391833996786
0.31508847987621186
0.3164027758556606
0.3170682619118386
0.3190722258331653
0.3217773569963323
0.32194847971792584
0.3242435640190483
0.32735370354234866
0.3279179250604701
0.3301668609960956
0.33121985539151877
0.33175251904235925
0.3333539968859342
0.33551243519206325
0.33669021270819105
0.3372859832534346
0.3390776594718844
0.3414952418604952
0.34268592589164754
0.3432884126305732
0.34509959527561346
0.34754505056755197
0.3487241729745358
0.34932100971793917
0.351115503080474
0.3535356728913674
0.35490170940677956
0.3555935646859555
0.3576746382261075
0.3604859646305194
0.36185950105445464
0.3625550533260304
0.36464732362949837
0.3674732436045923
0.3688995640082461
0.3696220982893082
0.37179564436448825
0.3747327001780561
0.3761940887611809
0.3769345016642419
0.379162037034303
0.3821718103898706
0.3837694757375543
0.3845796092530298
0.3870173016129196
0.3903158208215634
0.391910995667884
0.3927200923024639
0.3951544430101807
0.39844776183797215
0.40015618910118717
0.4010234246923214
0.403633070695154
0.4071679204592063
0.4088901059648549
0.40976464734608437
0.41239622974197665
0.41596128254896625
0.41774749413229434
0.4186551067856893
0.42138651914389763
0.4250883883214364
0.42696874935503915
0.427924874766003
0.4308027238994075
0.4347056498976045
0.43668742543946687
0.4376957832318338
0.4407312634398296
0.4448508310023281
0.44693607887769743
0.4479977486094244
0.45119407030446823
0.45553473861140104
0.45772301858602504
0.4588377171516308
0.4621940279375568
0.4667544580858844
0.4690391490565136
0.47020339447056825
0.4737093480109999
0.4784737910771149
0.4809301159123946
0.48218252869083095
0.48595471233022036
0.491085411263956
0.4936428429602224
0.49494695651280474
0.49887503462238614
0.5042181874911473
0.5069184082998867
0.5082956308968559
0.5124443936864606
0.5180895656677013
0.5209234183893905
0.5223688629359523
0.5267236094230576
0.5326495975381912
0.5356405439440296
0.5371661750440284
0.5417631636392636
0.5480195403242482
0.5511959871789822
0.5528163461497448
0.5576994864787698
0.5643472357605663
0.5676947965654537
0.5694023496996012
0.5745488897804242
0.5815558492749663
0.5850856550636895
0.586886010080061
0.5923130549503853
0.5997022778390293
0.6034351988678566
0.6053390257036145
0.6110787320495891
0.6188949216696911
0.6228221894540963
0.6248248719872808
0.6308633196495602
0.6390864284326775
0.6432291253907989
0.6453414196460735
0.6517112097634661
0.6603860380923905
0.6647566315909756
0.6669848313924389
0.6737050335327943
0.6828575606442128
0.6874656078452456
0.6898144960395418
0.6968995851022468
0.7065493192727215
0.7114080074051115
0.713884220395954
0.72135431646203
0.7315285355334977
0.7366495206396183
0.7392588750314901
0.7471316156044387
0.7578540186122439
0.7632528768876377
0.7660031849383447
0.7743022445400706
0.785604904942034
0.7912945547221852
0.7941922331424146
0.8029370653150497
0.8148460621122979
0.8208414259949771
0.8238938942761065
0.8331069908683386
0.84565257077689
0.8519676190431424
0.8551817791493636
0.8648840724517362
0.8780942030857132
0.8847443753158745
0.8881278558822244
0.8983424859206052
0.9122481320865724
0.9192489290375413
0.9228093625394236
0.9335594879579421
0.9481915610240441
0.9555586776808552
0.9593037694264702
0.9706127756116045
0.9860024279194448
0.993751890256867
0.9976894889355005
1.0095812040553829
1.0257601318082643
1.0339081157398842
1.0380461198962372
1.0505445325261653
1.0675445781982298
1.076107631294807
1.0804541008735986
1.093583699020588
1.1114373199519558
1.1204321571671647
1.1249952056699233
1.1387806495887645
1.1575204529023766
1.1669639263096863
1.171751699908506
1.1862177594873422
1.205876397641085
1.2157854505525694
1.2208060966225713
1.2359775566272753
1.2565875721862756
1.2669791100290972
1.2722407006158936
1.2881421291435688
1.3097356031920104
1.3206263126207183
1.326136738995293
1.3427921684381774
1.3654002419728803
1.376806352853085
1.3825731886471804
1.4000057017816436
1.4236579616915546
1.4355949145484617
1.4416252289388622
1.4598563939660505
1.4845800474656305
1.497062089041548
1.5033622220473009
1.5224114134140114
1.5482303046801509
1.561269978759882
1.5678452626798118
1.5877288192854015
1.6146622234073755
1.628268967881366
1.635122989246832
1.6558519733302572
1.6839114774171609
1.6980117809323079
1.7051059892376115
1.726563066474878
1.7555836949811487
1.7703041900230092
1.7777011582361186
1.8000773429376484
1.8303167784575405
1.8456263249549636
1.853308485629028
1.8765505580197757
1.9079304531695742
1.9238573588541288
1.9318367811020734
1.9559820149575062
1.9885471710822602
2.0050099089908096
2.0132432678048953
2.038160075142735
2.071724215326852
2.088726463930692
2.097212883120044
2.1228993368138003
2.157452552061622
2.1749554006018568
2.1836723900901043
2.210060796656168
2.245502846258756
2.2634694867466822
2.272395197642429
2.2994200469911013
2.3356528564833123
2.354025267130657
2.3631269219932167
2.390689609014166
2.427569481569265
2.4462846628058834
2.455526524011309
2.4835197277690657
2.520890244784621
2.5398650714885913
2.54920097326482
2.577485903880415
2.615147300879713
2.634283753727021
2.6436596201749305
2.672073774444433
2.7097933818814726
2.728971754218323
2.7383222837332295
2.7666693853674786
2.804168271510263
2.8232500525428796
2.8325000435065015
2.8605541875213896
2.897512655495083
2.916337899706572
2.9254008790215362
2.952902456720533
2.9889545107753848
3.007338487376649
3.016114955587542
3.0427654368734354
3.0774916928136244
3.095226306393364
3.1036040210746303
3.1290670608287736
3.1619953859744947
3.1788489548482244
3.1867019745977867
3.2106009064372505
3.2412011220944437
3.256921573994402
3.2641096027137237
3.2860263340842293
3.3137033648454186
3.3280305828602765
3.3343983770217265
3.353874030289362
3.377952326666226
3.39067106962601
3.396048253892467
3.412591908630024
3.432262304817769
3.4437070691064346
3.447935376058292
3.4611850377201794
3.4751799343530103
3.480802999514221
3.4823889824191525
3.487573689347834
3.491366264529887
3.491937090694584
3.4907910432972287
3.4905966130616277
3.48968839335877
3.4871199464704503
3.482232398973819
3.479652651325502
3.47794412628708
3.4729194124403406
3.4650983053055406
3.46115855737985
3.458864683434972
3.4520464862491465
3.442067476238918
3.4371439029993613
3.4344338457773027
3.4263382482506044
3.414843959285962
3.4092472318784584
3.406262551021347
3.397320613276239
3.3848528217377165
3.3788508129586465
3.375714054279759
3.366298770529412
3.3533277108968664
3.3471668997430717
3.343991601977932
3.334448437462629
3.321412192454049
3.315351872336658
3.3122594235808727
3.302957404959585
3.2903301127068056
3.28882894088397
3.285995427050488
3.277469274990817
3.2659479434706937
3.2598374081836674
3.256751669840584
3.2474601151452367
3.2349253295733753
3.227989734074521
3.2244977852815033
3.2139733320582917
3.199791097309498
3.192143583651363
3.188305933308867
3.1767282019173337
3.1611481098329883
3.1528363460832907
3.1486796661607483
3.1361263026945045
3.119256946583165
3.1102948313811103
3.105828599181472
3.0923251580501327
3.0742045061426877
3.0645704785443306
3.0597871874973985
3.0453071865626673
3.0259048461369042
3.015602214671211
3.010507859015654
2.99506523039713
2.9744081473738535
2.9641095647588402
2.9590355653725022
2.943641940414078
2.923092016762275
2.9128209475211895
2.907779003764208
2.892469898992244
2.8720724517463516
2.861910369458546
2.856939260145225
2.8418333168863192
2.8217436248299594
2.8115790607930835
2.806625284047405
2.791557015840755
2.771553450448461
2.7569558581710223
2.749961445890072
2.7285243881487644
2.7002084353597313
2.6843312988660046
2.6768203066133025
2.6536867704601748
2.6232810890045326
2.622305614308486
2.616090621177412
2.5969861226695494
2.5718786690845588
2.5592005829712368
2.5532256763562122
2.53481807738343
2.5106822323390334
2.4978390987947092
2.4918421658479066
2.4732931034726904
2.449046739416295
2.4361484996555407
2.4301866443600817
2.4116610956977422
2.3875200987076295
2.3746525085472965
2.368770788321954
2.3503956840900186
2.3265245638657044
2.31371947882731
2.307940108720081
2.289767261142303
2.2662342790341015
2.253427712471514
2.24773621769457
2.2296903735453797
2.2064063935128613
2.1931470621827716
2.1873894210962397
2.168894763105775
2.145163641259022
2.1312645147058
2.125420834554126
2.1062946220041607
2.08193502011299
2.0671308345591295
2.0611905100461194
2.0411875567288744
2.0159817952393873
1.9998120636746946
1.9937776526501236
1.9724872887049818
1.9461124267512657
1.9274527932183745
1.921340553596759
1.897737192596918
1.8694702183183567
1.85041982261572
1.8450193960298322
1.82198972913591
1.7951880751146074
1.7782739661852098
1.773900952479816
1.7541467871202474
1.7312031650827424
1.7162464186593902
1.7126271857090898
1.6953362428083751
1.675277390379055
1.6617937925369723
1.6587278988556573
1.6432752978907068
1.6253721948791995
1.6130106908590454
1.6103574793420146
1.5963036121910623
1.5800462304821707
1.5685604269792026
1.5662217193423364
1.55325948917275
1.5382921952736195
1.527509745947174
1.5254169906482917
1.5133316178194613
1.499405366510382
1.4892050590131
1.487310081943943
1.4759500643978343
1.4628885178725597
1.453183930005842
1.4514524586673225
1.4407092738759526
1.4283854424496023
1.419113673466142
1.4175209034494642
1.4073151697866462
1.395635607982025
1.3867496845847498
1.3852772844423782
1.3755494667959425
1.3644436793200883
1.3559074970968221
1.3545415933928313
1.3452457943930396
1.3346591412853188
1.3264441018482003
1.325173920282256
1.316273724374905
1.3061626475700405
1.2982454125459852
1.2970623560348038
1.2885280297191888
1.2788568178608004
1.2712177965450173
1.2701148153557131
1.2619214056551167
1.2526599841816284
1.2452823058611562
1.2442534644434566
1.2363794970198032
1.2275019077401133
1.2203707173050882
1.2194108947350202
1.2118374761793511
1.2033208248207943
1.196422796285266
1.1955274781541503
1.188237673203054
1.180061397108897
1.173384395450116
1.172549528700738
1.1655279259068614
1.1576732821113167
1.1512061269463916
1.1504280181946667
1.143660425587797
1.1361101313052309
1.1298424311082076
1.1291176750380894
1.122590905984588
1.1153288848807785
1.109251534847109
1.1085768926396005
1.1022792404515611
1.0952908750776618
1.0893938964876224
1.0887665156983946
1.0826853092564097
1.0759556853825247
1.070230696862378
1.0696477210525204
1.0637726295725314
1.0572888079003198
1.051727847751213
1.0511866417774656
1.045507308756608
1.0392566341844596
1.0338519616677886
1.0333500349984013
1.0278566456905172
1.0218271267598276
1.0165714010391431
1.0161063961850527
1.01078964834494
1.0049699186465213
0.9998561774854964
0.999425861518718
0.9942769352421549
0.9886562175317465
0.9836778568562801
0.9832801144772787
0.9782906465502101
0.9728587220777166
0.9680094780649872
0.9676423057103419
0.9628043670873021
0.9575515487956072
0.952825481548718
0.9524869821956881
0.9477930577376321
0.9427101656115012
0.9381016444158071
0.9377900228549331
0.9332329925572105
0.9283113311955522
0.923815020181601
0.9235285786329723
0.9191016998765575
0.9143330368234682
0.9099438818696226
0.9096810157805544
0.9053779065735085
0.9007544521510745
0.8964676676915779
0.8962268617377559
0.8920414843261292
0.8875558716679003
0.8833669284053268
0.8831467525764984
0.8790733977834906
0.8747186638057625
0.8706232765202084
0.8704223823561913
0.8664556543682661
0.8622252206749174
0.8582193369631923
0.85803645378419
0.8541712553880089
0.8500589101897046
0.8461386990934893
0.8459726303967627
0.8422041481046127
0.8382040297910257
0.8343658697318797
0.8342154896956393
0.8305391802938175
0.8266457590682017
0.822886228513168
0.822750478508384
0.8191620552618234
0.8153701168461867
0.8116859829995113
0.8115638682369921
0.8080592878973594
0.8043639151536868
0.800752126179916
0.8006427125120612
0.7972181617160071
0.7936147249703779
0.7900723962783672
0.7899748069556142
0.7866266916002865
0.7831108266292988
0.7796352372221922
0.7795486496414173
0.7762735828752935
0.7728411792670604
0.769429759738208
0.769353403115131
0.7661481920960517
0.7627953804984542
0.7594457045010597
0.7593788565949284
0.756240491851882
0.75296363792166
0.7496734074884912
0.7496153915186049
0.7465410419421603
0.7433367055367416
0.7401037658713353
0.7400539492230321
0.737040941010203
0.7339059111149824
0.7307282099994072
0.7306859989646997
0.7277318240586242
0.7246630525666834
0.7215386691843725
0.7215035110491588
0.7186057975250717
0.7156004279279461
0.7125275367058351
0.7124989139066674
0.7096554290800915
0.7067107723228344
0.7036876528520112
0.7036650797996877
0.7008737187799186
0.6979872626632557
0.6950122708127648
0.6949952969729127
0.6922540829027957
0.6894234144653442
0.6864950390354492
0.6864832441256886
0.683790289523379
0.6810132631878224
0.6781299732682253
0.6781229605287082
0.6754765340829206
0.6727509047854663
0.6699114333025855
0.6699088362249099
0.6673072652449906
0.6646311404630292
0.6618341005018559
0.6618355763225469
0.6592773112364714
0.6566486704691498
0.6542915976788273
0.6542002363136277
0.6520507477777411
0.6496788122871155