0.9993029846873788
0.9992783984307433
0.9992661047296075
0.9992292235435734
0.9991800467202642
0.9991739268455596
0.9991682772286181
0.9991670577968106
0.9991616574508954
0.9991591061603518
0.9991578305085415
0.999154003550996
0.9991489009223268
0.999146000362306
0.9991445500739757
0.9991401992064901
0.9991343980251799
0.9991315002256688
0.9991300513174138
0.9991257045901858
0.9991199089292337
0.9991168533099846
0.9991153254909829
0.9991107420312606
0.9991046307244156
0.9991014666614916
0.9990998846200775
0.9990951384929759
0.9990888102944723
0.9990792126970629
0.999074413810866
0.9990600171359899
0.9990408212901528
0.9990378276296626
0.9990309757303624
0.9990275497354539
0.9990172717415177
0.9990035676069589
0.9990003404280922
0.9989964545959221
0.9989945116649935
0.9989886828683521
0.9989809110951583
0.9989763746941166
0.9989741064736793
0.9989673018075381
0.9989582288574065
0.9989537945167745
0.9989515773269397
0.9989449257527155
0.9989360569288556
0.9989315161515763
0.998929245742889
0.9989224345120012
0.9989133528093573
0.9989079810543525
0.9989052951489326
0.9988972374263286
0.9988864937092482
0.9988809552082477
0.998878185927811
0.9988698780798649
0.9988588008573384
0.9988529634073293
0.998850044649392
0.9988412883683209
0.9988296132247129
0.9988229672946497
0.998819644287175
0.9988096752558966
0.9987963830808858
0.9987891192237862
0.9987854872445273
0.9987745912964926
0.9987600632055625
0.998753009495813
0.9987494825927884
0.9987389018739695
0.9987247940983423
0.998718195584354
0.9987148962852894
0.998704998379373
0.9986918010394539
0.9986835828487273
0.9986794736884642
0.998667146195206
0.9986507093313358
0.9986425915208564
0.9986385325519251
0.998626355632849
0.9986101195412123
0.9986005659593674
0.998595789081407
0.9985814584314965
0.9985623506176142
0.9985524044181469
0.9985474312228917
0.998532511619772
0.9985126185145632
0.9985108167399265
0.9985066064643977
0.9984939756247315
0.9984771342882707
0.9984660865501283
0.998460562564109
0.9984439905850935
0.9984218942415292
0.9984088338240483
0.9984023034535259
0.9983827123144744
0.9983565902729873
0.9983551406839073
0.9983388310347775
0.9983170844750828
0.998281578826303
0.9982638248080181
0.9982105625814118
0.9981395423611721
0.9981188323938984
0.9981062576669972
0.9980999701533586
0.9980811075863749
0.9980559570094787
0.9980432913296676
0.9980369583356344
0.9980179593271353
0.9979926268223671
0.9979798855675044
0.9979735147846598
0.9979544024102209
0.9979289187392754
0.997923400898561
0.9979173446152036
0.9978991757411896
0.9978749501233953
0.9978630172598664
0.9978570506912213
0.997839150961473
0.9978152842190494
0.9977709723927465
0.9977488146211109
0.9976823410498538
0.9975937034552744
0.9975809805276992
0.997570508536952
0.9975390925001603
0.997497203086223
0.9974780503510572
0.9974684736314127
0.997439743418195
0.9974014353255476
0.9973839596766373
0.9973752215586588
0.99734900715922
0.9973140536728853
0.9972954406185774
0.9972861337581385
0.9972582131246635
0.9972209845409781
0.9972029556190083
0.9971939408481426
0.9971668964863075
0.9971308363314991
0.9971120440155398
0.9971026475209795
0.9970744579847169
0.9970368708375693
0.9970151420443925
0.9970042771968414
0.996971682584823
0.9969282216380804
0.9969066768891022
0.9968959040727564
0.996863585555393
0.9968204927681666
0.9967962944494118
0.9967841947369088
0.9967478955165959
0.9966994947330687
0.9966734699757015
0.9966604569523723
0.9966214177831152
0.9965693634806102
0.9965424659854163
0.9965290165604593
0.9964886681810966
0.996434868125116
0.996409390481677
0.9963966510547708
0.9963584326816228
0.9963074728328174
0.9962629041923274
0.9962406179928435
0.996173759128735
0.9960846077595091
0.9960406994234479
0.996018743418515
0.9959528751419077
0.9958650448026432
0.9958223816341418
0.9957557109445336
0.9957240636781317
0.9957082390976919
0.9956607652105454
0.99559746361648
0.9955613038488459
0.9955432227391657
0.9954889792264897
0.9954166504956563
0.9953822891146616
0.9953651073115792
0.995313561742939
0.9952448305975911
0.9952110987133119
0.9951942316748752
0.9951436303963396
0.9950761585130792
0.9950380264468214
0.9950189590466182
0.99496175664669
0.9948854822389893
0.9948417696722839
0.9948199115764741
0.9947543370270656
0.994666898316722
0.9946224576531222
0.9946002354394464
0.9945335685369714
0.9944446731585665
0.9944015082276063
0.9943799239907343
0.9943151710205049
0.9942288279580599
0.99417814890554
0.9941528069670915
0.9940767807979446
0.993975404551858
0.993928107385442
0.9939044566782198
0.9938335042390751
0.9937388940673546
0.9936779597715704
0.9936474891391324
0.9935560767174817
0.9934341820776675
0.9933506095453793
0.993308816755719
0.9931834374808594
0.9930162432226834
0.9929316243023895
0.9928893080588154
0.9927623583630751
0.9925930697226761
0.9925665185868235
0.9925304060144866
0.9924220676110609
0.992277600128996
0.9922598692324729
0.992227521252728
0.992130476738129
0.9920010711384284
0.9919344680173834
0.9919011623253132
0.9918012446454928
0.9916680072857592
0.9916015925904711
0.9915683811007073
0.9914687460430982
0.9913358855504188
0.9912619318994063
0.9912249499237495
0.9911140032697717
0.9909660573008456
0.9908955851500086
0.9908603443717324
0.9907546213804295
0.990613641848869
0.9905372212070007
0.990499005370316
0.990384357071658
0.9902314745119842
0.9901530265138894
0.990113796741868
0.9899961065653434
0.9898391674445688
0.9897373757480282
0.9896864702902074
0.9895337525431753
0.9893300964172351
0.989207258860322
0.9891458258765611
0.9889615249083554
0.9887157430902769
0.9886840031510662
0.988626204006198
0.9884528047141456
0.988221564555269
0.9880978951646375
0.9880360463312826
0.9878504977905989
0.9876030518896096
0.9875552621598546
0.9874914890762073
0.9873001676720397
0.9870450215255518
0.9869269670244979
0.9868679265972127
0.9866908034132332
0.9864545959053672
0.9863368262357685
0.9862779284564255
0.9861012331752426
0.9858655967033877
0.9857372837348849
0.9856731120196097
0.9854805945631676
0.9852238537497552
0.9850675853970935
0.9849894285845546
0.98475495482903
0.9844422469461485
0.9842199154264182
0.9841087036319275
0.9837750614812715
0.9833300520314671
0.9832498678567592
0.9829036040627096
0.9827347873347435
0.9824778232759087
0.9823210080868348
0.9822425777878336
0.9820072833663923
0.9816934815307593
0.9814884489089115
0.9813858938054938
0.9810782224753234
0.9806678648385551
0.980435863974686
0.980319814156179
0.9799716569519411
0.9795072816575866
0.9792523825757103
0.9791248733980208
0.9787423363994092
0.978232087361704
0.9779399704366406
0.9777938338697552
0.9773554115919708
0.9767705882921816
0.9767544276094684
0.9766379843998721
0.9762886468041526
0.9758226968728124
0.9755807945258145
0.9754597899206896
0.9750967673125229
0.9746125580014928
0.9742673473869182
0.9740946336837203
0.9735764750189067
0.9728852298098196
0.9728282248605482
0.9726040035692008
0.971931309836101
0.9710337687389544
0.9705920847287339
0.970371065769901
0.9697079789550442
0.968823267983483
0.968654363952964
0.9680603155468697
0.9677854442802267
0.9676479405745794
0.9672354175884571
0.9666851576281313
0.9664080751369867
0.9662694652249871
0.9658536232911353
0.9652989342155002
0.9649362503105113
0.9647547907830843
0.9642103909514637
0.9634841260655505
0.9631183976100014
0.9629354143455175
0.9623864427791632
0.9616540749902871
0.9612746113857407
0.9610847513745948
0.960515147644795
0.9597552407054599
0.9592571952662151
0.9590079531179142
0.9582601853152383
0.9572624151526581
0.9566232221367611
0.9563032668713691
0.9553433323865507
0.9540621835432155
0.9532176432577585
0.9527947470340848
0.9515259365102312
0.9498320379957594
0.9492184982566226
0.9480152678058649
0.9477507805021491
0.9473605848548784
0.9461898871624215
0.9446271486839809
0.9441587554493113
0.943027560620048
0.9424132917368323
0.9421058348746707
0.9411833922807925
0.9399523487432737
0.9391517729278978
0.938750940259397
0.9375483179294472
0.935942921483353
0.9358786056596963
0.9349678226490628
0.9337523621579098
0.9329939050491691
0.9326141945768293
0.9314749456293452
0.9299542525615853
0.9290166189037972
0.9285470695753448
0.9271382373330047
0.925257216969896
0.9243828738429593
0.9239450713961596
0.9226314973183116
0.9208778326735402
0.9197708238978209
0.9192163192009223
0.9175525298935409
0.9153305754897006
0.9138608180701009
0.9131241973191491
0.9109138319472248
0.907960398194028
0.9075646373636209
0.9057577459671636
0.9033443857869107
0.9030715529336548
0.9013093058064802
0.8989556921999947
0.8977749517650653
0.8971834933447083
0.8954087456323582
0.8930384141169079
0.8919210267340388
0.891361365824472
0.8896820332149389
0.8874393567176947
0.886183811556764
0.8855548365493849
0.8836674515083666
0.8811464314424675
0.8800059339367208
0.8794346984268936
0.8777205921664504
0.8754314053169879
0.8741787052216845
0.8735511795645453
0.8716680993117171
0.8691528385211258
0.8675632495160803
0.8667665795980066
0.8643757218369084
0.8611806383162435
0.8608049038239025
0.8600596732126683
0.8578231984812724
0.8548348418765753
0.8534672505463532
0.8527820750023485
0.8507258476024786
0.8479787737083178
0.846710772751192
0.8460755898498664
0.8441694073828482
0.8416231170405669
0.8393508015667618
0.8382108665554737
0.8347889293286308
0.8302107512342699
0.8274830730906085
0.8261296168556891
0.8254515220200859
0.8234164011961491
0.8206972774389124
0.8192806880759202
0.8185708846992679
0.8164405139952085
0.8135937154608734
0.8122016794002054
0.811504179326405
0.8094107058990733
0.8066131716657513
0.805169009991982
0.8044453045336258
0.8022730906515493
0.7993699005355043
0.7976383731585637
0.7967702192032579
0.7941640990266317
0.7906789553565127
0.7902534874039374
0.7894982421663385
0.7872311927823198
0.78420041615909
0.7827000644727723
0.7819479725467792
0.779690333688089
0.776671870952977
0.7750088155858472
0.7741748498152191
0.7716711991571865
0.7683223729133283
0.7667457181142855
0.7659550933098033
0.7635815709859568
0.7604069127983292
0.7588144876398182
0.7580158327799872
0.7556181161152412
0.7524105456688137
0.7507889278882277
0.7499754700025165
0.7475332061272699
0.7442653461457243
0.7426513765044354
0.7418416424787867
0.7394104973800217
0.7361570654002475
0.73451287569993
0.7336877977197042
0.7312104762226764
0.7278944847866782
0.726212529870129
0.7253682888339578
0.7228333091005944
0.7194392675734135
0.7177818058376815
0.7169497649938389
0.7144513862363935
0.7111060292288969
0.7093978737817775
0.7085401472176182
0.7059645065889363
0.7025147085834674
0.7008005928672203
0.6999397267945172
0.6973545914122319
0.69389153400388
0.692187261145169
0.691331247001919
0.6887606454150188
0.6853167426340235
0.6835705733361275
0.6826933263360714
0.6800588522399309
0.6765286106356188
0.6747762558480066
0.6738958145967681
0.6712516994304222
0.6677082353935287
0.6659448423604277
0.6650587932445616
0.6623977882021851
0.6588314587332685
0.6570396294222844
0.6561392259943081
0.6534350416811682
0.6498105665057489
0.6480164838308674
0.6471149912379476
0.6444075161623284
0.6407788021352235
0.6389627125907862
0.6380502125122313
0.6353096329932244
0.6316366952784768
0.6298178704572461
0.6289041490975105
0.6261598942462059
0.6224825767563813
0.6206379494549998
0.6197114318740308
0.6169287044982932
0.6132003612449608
0.611345491009379
0.6104140984029273
0.6076167180902756
0.603869658624027
0.6020012846252711
0.6010634488549369
0.5982467022194223
0.5944748226458755
0.5926013490935977
0.5916613803237621
0.5888382260696543
0.5850591908933126
0.5831730746067183
0.5822272535752605
0.5793865062972737
0.5755855231110137
0.573702956571614
0.5727595004618181
0.5699258609089275
0.5661363148256362
0.5642530039855959
0.5633098219678709
0.5604769957870914
0.5566906297049085
0.5548135183539937
0.5538741555026561
0.5510527907931191
0.5472840430345183
0.5454089360691018
0.5444713501848795
0.5416552937369801
0.5378960880593098
0.5360334252378617
0.535102889650544
0.5323079808690906
0.5285796173721937
0.526728797997146
0.525805054437757
0.5230304990245511
0.5193320105632026
0.5174969648537542
0.5165820089984131
0.5138337874065136
0.5101732204804847
0.5083589222296635
0.5074552548123927
0.5047408646655055
0.5011282362928562
0.4993395632561565
0.49844962046026425
0.49577636446828816
0.49222137832452906
0.49045828179995377
0.48958204979633824
0.48694986185858313
0.48345241751106577
0.4817191551729342
0.4808587457749677
0.4782739511891493
0.4748424009535068
0.47314244826800134
0.47229957626683083
0.46976730619706875
0.4664083898717227
0.46474544905345155
0.4639219321990387
0.4614476277781324
0.45816846919889126
0.45654411246687615
0.4557407184933506
0.4533266617250898
0.4501302114132122
0.44854700629846944
0.44776499156084804
0.445414933936393
0.4423060790317236
0.4407662565364679
0.4400067135160044
0.43772391274209566
0.4347068947739505
0.4332126464660838
0.4324766512111071
0.43026431443114166
0.4273433168438919
0.42589686402720844
0.4251855106127469
0.42304689775546306
0.4202261824486461
0.41882891559445107
0.4181429012740851
0.416080074394823
0.4133623538646528
0.41201588642523995
0.41135602417099915
0.4093713898993313
0.4067598433518639
0.40546592433387124
0.404833098938908
0.4029292757814563
0.4004273699031923
0.3991866098160096
0.3985811694835559
0.39675915067566375
0.3943682634209817
0.3931866435437635
0.39261149483777696
0.39087999240369853
0.3886114495710954
0.38748551183849217
0.38693907764126795
0.38529325722410873
0.38314093275371497
0.3820739727601709
0.38155789364720266
0.3800026275860857
0.3779729022580411
0.3769663976827794
0.3764814550383866
0.3750190100770689
0.3731149076760866
0.3721715081340423
0.37171902959015657
0.37035331817958655
0.36857993840539416
0.3677008545588102
0.3672815013894861
0.36601440411469655
0.3643742547425613
0.3635614251071628
0.36317620001185646
0.36201061893996456
0.36050749177418817
0.35976273918214585
0.35941259612518855
0.3583512694466614
0.35698873834405564
0.35631400844933814
0.3559999621269305
0.3550457954459325
0.3538276312073145
0.3532247842643794
0.35294782020993576
0.3521036079305952
0.3510334373812572
0.35050442707680957
0.35026558374679356
0.34953425638191565
0.34861587023490925
0.3481626854891535
0.3479630324871992
0.3473475844267768
0.3465848525330205
0.3462095627860498
0.3460502243337752
0.34555377992202024
0.34495073432631834
0.34465547666715346
0.3445376337162762
0.3441634433778181
0.34372428252791665
0.3435113186568831
0.34343624094528274
0.3431877683157314
0.3429169686868875
0.34278872353311834
0.34275779840339915
0.34263879150756704
0.34254120585302866
0.34250033847516637
0.34251512019195623
0.342529737004319
0.34261076638769816
0.3426602964171663
0.3427225964169131
0.34287563615843786
0.34314155444760486
0.3432851240195405
0.34339718578162115
0.34369454748161776
0.34415313502319067
0.34439555006190414
0.34456041416972155
0.34501005637075294
0.3456719374325159
0.34602044322911146
0.3462428051024564
0.3468570075162774
0.34773880359897447
0.34820661797335917
0.3484952258237829
0.3492969001603308
0.35043004341673717
0.35104982256141193
0.3514268375603688
0.35247399063740337
0.3539389989668083
0.35484938371009905
0.35541394805224263
0.3569625765612124
0.359117523693386
0.359159262818433
0.36055377273039796
0.36246738368043613
0.3626048119049143
0.3638311409597815
0.36549941988951445
0.3656802956653362
0.3660841962989274
0.3672317690695026
0.368784677474675
0.369075438807463
0.3694551270780652
0.3705388840499222
0.3719999357995206
0.3726573389936214
0.3730143714448734
0.3740373088845365
0.3754121496050144
0.37603712720857646
0.37637389703521956
0.37734160279162615
0.37863920795511835
0.3792276301480881
0.37954250633098235
0.3804497921733021
0.38166418887062653
0.38221172839777595
0.38250287042633324
0.38334407989182123
0.3844684898803676
0.3849704132617752
0.38523568171703054
0.38600436745438865
0.3870308197748066
0.3871818792170291
0.3874190756951209
0.388108627783383
0.38902887024378624
0.38906140458543453
0.3892655844316056
0.3898614899602709
0.3906564869369254
0.3910702464714231
0.3912867960239067
0.39191764698296433
0.39275897924608105
0.3932081695799345
0.39344422127164685
0.3941299601829074
0.3950442082562024
0.39552667113068285
0.39578122981887603
0.39651870490288166
0.3975017270650692
0.3980273013401027
0.39830615130617897
0.39911115457276825
0.40018412373339224
0.4007769610380039
0.4010942925089445
0.40200551740740864
0.40322020493318683
0.40391984525831187
0.40429967971412234
0.4053814715911453
0.4068240256143366
0.40767432953667265
0.40814533417745175
0.409471802465862
0.41124177068674334
0.412236635144185
0.4127983709533351
0.41436406799529635
0.4164551439181401
0.41763204616835425
0.41831204574149355
0.4201844839010748
0.4226861029689887
0.4241522741126765
0.4250286574506713
0.4273986747973713
0.43055996364217547
0.43251241416987757
0.43374299399505073
0.4369775760840636
0.44126357264133226
0.44383320372344803
0.4455480693932863
0.44990907953451775
0.4556048355405249
0.45912255821049874
0.4616945561131009
0.4679170695894967
0.4757764366243001
0.47590330298398076
0.47811191084073823
0.483529181702543
0.490399629925679
0.4940493418796231
0.49670968294498274
0.503009737526558
0.5107775666437204
0.5150825184460246
0.5185771165493687
0.5263784210212428
0.5354699364816861
0.5398006321726178
0.5433042417439147
0.5508850323503571
0.5594841718648804
0.5634899377042396
0.5668390031527074
0.5738781717056255
0.5817068114829573
0.5853406200306946
0.5885396258739197
0.5950576351342217
0.6021653952402108
0.6054540870748916
0.6085199916100732
0.6145700754793052
0.6210379932261029
0.6240213364332461
0.6269744695175814
0.6326196141732263
0.6385357439145661
0.6412561775575188
0.644116913816106
0.649419721034893
0.6548679388614701
0.6573652318988678
0.66015201917438
0.6651688996315178
0.6702229188091399
0.6725315507299858
0.6752600043835951
0.6800386380666402
0.6847597901091538
0.6869081385306565
0.689590848523826
0.6941697525968269
0.6986070906414221
0.700617656589021
0.7032643949023257
0.7076736428526466
0.7118652433123727
0.7137553733605537
0.7163734828013351
0.7206359259099684
0.7246106532778809
0.7263934270870793
0.7289882589208633
0.7331208651860573
0.7369001789973643
0.7385852824657165
0.7411606125650935
0.7451757230105702
0.7487753183759828
0.7503698188904094
0.7529282112377449
0.7568346277506374
0.760265828673417
0.7617748242109978
0.7643179327721693
0.7681218154321047
0.7713927094976312
0.7728198520254219
0.7753486632906075
0.7790542470672527
0.7821705833218501
0.7835184899077099
0.7860335132831281
0.7896436673942391
0.7926095519235359
0.7938801213231418
0.7963815359674934
0.7998981926723947
0.8027166183652602
0.8039112708647976
0.8063990372699527
0.8098235155549748
0.8124967595335147
0.8136166159483266
0.8160905595197837
0.8194238058198507
0.8219537231456404
0.8229997363723451
0.8254596090035266
0.8287023732768967
0.8310906104138752
0.8320636604430639
0.8345091848330096
0.8376621466596618
0.8399102934911583
0.8408112546090134
0.8432421548972518
0.8463060110353176
0.848415706280844
0.849249199523651
0.8516568393444593
0.8546239528579871
0.8565972000183254
0.8573522174215469
0.8597529518537752
0.862640998703795
0.8644795384086233
0.8651702126836114
0.867555551635843
0.8703570605250108
0.8720629639842412
0.8726857359533209
0.8750554650481417
0.8777715287615115
0.8793471312580718
0.8799032180596881
0.8822572810954458
0.8848892477132131
0.886337075832561
0.8868278478063557
0.8891662477523025
0.8917156170717329
0.8930383828174366
0.8934653008317137
0.895788096897631
0.8982565104321163
0.8994570970019435
0.8998217037095817
0.9021290083936919
0.904518237486283
0.9055996815146868
0.9059035918526919
0.9081955672343841
0.9105074992685194
0.91147297101968
0.9117178618634122
0.9139947154316486
0.9162313389841448
0.9170841214894586
0.917271721004643
0.919533701158473
0.9216970906656293
0.9224405585750468
0.9225726355298898
0.9248200269892896
0.9269123274442478
0.9275499261874959
0.9276282795924127
0.9298613987314956
0.9318848106521274
0.932420036415296
0.9324464853732835
0.9346656758411152
0.9366224410446519
0.9370588215891033
0.9370351959816914
0.9392408243822962
0.9411332124616801
0.9414742892637651
0.9414024210659884
0.9435948727742913
0.945425168404152
0.9456744802432951
0.9455561952597773
0.9477358707457997
0.9495063622369558
0.9496674299724299
0.9495045408033375
0.9516718519427975
0.9533848204812957
0.9534611336957706
0.9532554329073332
0.9554107997849678
0.9570685101080381
0.9570635146645937
0.9568167692379521
0.9589606171437557
0.9605653088533213
0.9604823966047006
0.9601963425191128
0.9623290992914493
0.9638829794243252
0.963725478768579
0.9634018166887108
0.9655239102390554
0.9670291469144839
0.9668003143577893
0.9664407060517288
0.9685525625138351
0.9700112791518181
0.9697142932346094
0.9693203589853846
0.9714223994668837
0.9728366694913442
0.9724746250748799
0.9720479386138312
0.9741405804169074
0.9755124251620234
0.9750883274563069
0.9746304181573067
0.9767140701442373
0.978045453089
0.9775622168224607
0.9770745630554382
0.9791496274817313
0.980442454180322
0.9799028978388288
0.9793869312649377
0.9814537995455368
0.9827099139551135
0.9821167598560757
0.98157386080997
0.9836329150312928
0.9848540972409745
0.9842099740119665
0.9836414698746135
0.9856930813669514
0.9868810497592765
0.986188484089745
0.9855956537422483
0.987640182374372
0.9887965925794662
0.9880580099250723
0.9874420813045405
0.9894798792125261
0.9906063241223272
0.9898240542851078
0.9891862115783108
0.9912176111728638
0.9923156153058369
0.9914918989642971
0.9908332682089622
0.9928585923394143
0.9939296159056
0.9930666015771007
0.9923882492284243
0.9944078197283703
0.9954532764353816
0.994552990514102
0.9938559671936528
0.9958700816407999
0.9968913044209066
0.9959557240170046
0.9952410147431279
0.9972499457142701
0.9982482161144355
0.9972792013399282
0.9965477355278294
0.9985517752405648
0.9995283232738206
0.9985276515666522
0.998881538836477
0.9997551256656334
1.0001541516872885
0.9999999996415776