   6.70516398455203248400699632318578664      
   6.70516398449395857527369122359641221      
   6.70516398455286758443334912065031191      
   6.70516398445650495633215995721952895      
   6.70516398628426828351399014168299441      
   6.70516398627058790185945904459883786      
   6.70516398566849497330616085661859623      
   6.70516398679379085339789593224415469      
   6.70516371941491246479079192127711093      
   6.70516238094697880719991781429538276      
   6.70516518449459487499116085153847315      
   6.70515695066313912706626692735364905      
   6.70516365585647302328649208001631687      
   6.70516501891720478782483215993524017      
   6.70516505238256094616566707701110553      
   6.70516007262429691918321473760068896      
   6.70516588959358522038560031394894481      
   6.70515662700306677741537211077121223      
   6.70515795351183710491357492428086146      
   6.70516239828961691330723142605631481      
   6.70516564319590037484006295083590791      
   6.70516150879472914508763025102441448      
   6.70516053864168389206080344891891416      
   6.70516469877277007416090674810435673      
   6.70516404475568649063280482946471425      
   6.70515864897292342880227965667747493      
   6.70514267207895054709918250371030785      
   6.70514178202231388841292141139143897      
   6.70513436969539369663957161951337527      
   6.70513563163146829207494400270903131      
   6.70513688797951326751406431206619383      
   6.70511324638981931694611080071422971      
   6.70512968432590153883374168245379937      
   6.70512002518121137657833185375229440      
   6.70509426238507960028322930880361471      
   6.70510459572792598855167810927534420      
   6.70507481839788647588517551079549770      
   6.70504735406818949378359858967177669      
   6.70505564149908929178029505401233399      
   6.70501364267847952181168913790534475      
   6.70496626136117031051698104967765846      
   6.70497524992649712843458131086337573      
   6.70492358719937686010319754944561210      
   6.70492632996017345858695089785503143      
   6.70495061751134710337879378368583166      
   6.70491154620251911256809508324835348      
   6.70487156310927859181868841912718295      
   6.70475683379408894408652967922843121      
   6.70469922846125571564452516259374979      
   6.70439991075552440847044974781541070      
   6.70459597678312228308713840789972161      
   6.70435361163713088337598393298211896      
   6.70452164387104178151277333329341891      
   6.70444198137641803320243713695250325      
   6.70440009395308740878953478324460992      
   6.70416255876341640036137662522601863      
   6.70419081180697970074794157989530467      
   6.70418542576228408613585264436604832      
   6.70405513666785068430177656295333648      
   6.70410949582796929632512522856819947      
   6.70388143288212915552893862666208670      
   6.70374460502081874138104115518931326      
   6.70383492695829750394682681396151845      
   6.70393219337422981897530518684044864      
   6.70361204813815367879505771568502129      
   6.70382741635807417598478539914150728      
   6.70347791304158549729666566121027606      
   6.70366241351839558459830538325113477      
   6.70344715655135445417840828291934526      
   6.70357056086076160035463816522555590      
   6.70341373016557983372734308531275880      
   6.70324980569909755852990550073733293      
   6.70333858703611684029200518429052946      
   6.70329452972241640175858040521924870      
   6.70318266540972193978920856048086115      
   6.70316320948444863945811254408051048      
   6.70326463102819260337229731275268392      
   6.70316960018424692969945133753957682      
   6.70326118066960528089373657683658056      
   6.70334456908763336665711617097627444      
   6.70332638606922004830698072641863166      
   6.70322329828408112110364615379172885      
   6.70320842997659158463153836142146562      
   6.70331909025909329362510474900153163      
   6.70337912516808372103922952968265674      
   6.70329143053518964994624898681670891      
   6.70352174663960743943228948326952087      
   6.70351663047794891624502892281735520      
   6.70365754175388647839078834723558023      
   6.70371724178516503991205873075553021      
   6.70364568439059199375344057604862802      
   6.70375288607895950394910876539415865      
   6.70398066425375531801901953257420400      
   6.70389897631621673119008839517509019      
   6.70398346984107042730708709727948343      
   6.70421844519303060121280286274427506      
   6.70425155015965841267989481207703044      
   6.70450040686326228853874042164882498      
   6.70457848586460182401526175821545055      
   6.70443865988123090551203373895965602      
   6.70469447967072293509343210679355916      
   6.70492673102938406598696166696241843      
   6.70498580371410235900903009585626924      
   6.70510215291345489091033315399465111      
   6.70516281456633773027998965771393265      
   6.70533306841176844728791710431603644      
   6.70536855220863464970716561502148524      
   6.70531203594628780840570294898354160      
   6.70539445084351633390130155746686624      
   6.70552575104294954538109451409558425      
   6.70532433698206727519440815636089633      
   6.70546082881156475872533045897580411      
   6.70531700472925822486762393123506913      
   6.70524643101585006430684515559247873      
   6.70512555470818978068358818066634465      
   6.70485958641770309084727339101779179      
   6.70462268402026911656727232911255204      
   6.70430958948068637381969959980589921      
   6.70377296922376779064437745445689820      
   6.70341104734836122712502274532429094      
   6.70280468850504173461330262813984358      
   6.70204186484624695135234062913787036      
   6.70138399645805748777199303792680831      
   6.70047541959269906043432976160430568      
   6.69938344316522984125011104329274705      
   6.69826866655978388238239935656840170      
   6.69689499025984970499158695635597516      
   6.69544632691628317780816345700225575      
   6.69376318431239649331225610394116356      
   6.69188741192859817390024718999493258      
   6.68978539996353818970408344724474424      
   6.68750466013807940815956492468550828      
   6.68495010752767702821461421106435400      
   6.68212996205342720104747049067397982      
   6.67908087987726883993094322491956369      
   6.67570870970725189546388359573996811      
   6.67204425432931403457021900022813412      
   6.66812170882955575290169684080945709      
   6.66386157254316875059735036924493581      
   6.65926786903947802147771410928869719      
   6.65434036470123890213850880278733075      
   6.64911750386730032149272395678432890      
   6.64357388231904522799057698423142065      
   6.63769632342297050243290100903800257      
   6.63151642731685474566745948303742081      
   6.62501486646941944216390262337152783      
   6.61819689927471602332625877641890060      
   6.61106539688448559635268570692951142      
   6.60363246693120890565559490036932420      
   6.59586298483161733901023996978301327      
   6.58772887845394910850373316566553710      
   6.57930375844918704774237165929664141      
   6.57055525661204819321684390086526679      
   6.56139382966357581112695318812345317      
   6.55194091718127712501882244933758739      
   6.54207044420765552137177833092355221      
   6.53186812667474285857240047877429112      
   6.52124456293882227619925074268421872      
   6.51024372677355613557051371063006710      
   6.49883399528438240331748414845158206      
   6.48700987206035013265735390065137022      
   6.47475428214645253887831704362580285      
   6.46207313482871353248906223100868531      
   6.44895195971826438167633039982932846      
   6.43536047832925550003009713721340815      
   6.42132043592267083198469395929535970      
   6.40681891657285571867436036437823873      
   6.39180347823456236460408399942538599      
   6.37630086358770023248252322475165392      
   6.36029297010648772621577014919334890      
   6.34376309738123835675302783973012565      
   6.32672727848699436677318198646501242      
   6.30914766390985621557111235722714963      
   6.29099445341938119543623565607466655      
   6.27232269930432817657346850774691368      
   6.25306800903888415083373779604891375      
   6.23322844936495731080874028860123193      
   6.21279374977439621270367612671927946      
   6.19175985437883647125045335146496374      
   6.17012971145002804729132978698584422      
   6.14786556300239628130890144213623031      
   6.12497404061158990870177806029783358      
   6.10144319548040137020075492614557956      
   6.07725296480000214489361845910918356      
   6.05239585355791108698935468582202783      
   6.02688095431416005008584750178027321      
   6.00065656760591500525562127133904134      
   5.97373186079092899739483268834073857      
   5.94609901544097374350229120702888396      
   5.91774759578016950966760380692189075      
   5.88866559800813220594230572562190464      
   5.85884853453369904996341374357071318      
   5.82827524223575505759333427283446508      
   5.79692568346056796767636470650668905      
   5.76479662905188142289692860715341562      
   5.73185747224259353287617620140731955      
   5.69813927518562762814755925939068735      
   5.66360277552008151383069487116996377      
   5.62823665154079278913501726569938413      
   5.59202133613964336206761718909456270      
