0.9993492876585498
0.9993247136914554
0.9993124261362757
0.9992755633929534
0.9992264111711505
0.9992202943588534
0.9992146475691469
0.9992134287476
0.9992080311043543
0.9992054810906864
0.999204206077327
0.9992003810351857
0.9991952809605097
0.9991923818523505
0.9991909322899678
0.9991865836003911
0.9991807853231164
0.9991778889742895
0.9991764407913932
0.9991720962403083
0.9991663034810363
0.9991632493916951
0.9991617223376655
0.9991571411729347
0.9991510329262522
0.9991478704477681
0.9991462891985936
0.9991415454482913
0.9991352204190393
0.9991256276286352
0.9991208311461222
0.9991064416830364
0.9990872554546325
0.999084263294176
0.9990774148283345
0.9990739905502476
0.9990637177071531
0.9990500204412558
0.9990467948800204
0.9990429109957033
0.9990409690387309
0.999035143164079
0.9990273752871521
0.999022841160511
0.9990205740773146
0.9990137728230606
0.9990047044224949
0.9990002723055829
0.9989980562276466
0.9989914079892761
0.9989825436135865
0.9989780051138936
0.9989757358440403
0.9989689280298194
0.9989598508831149
0.9989544818231084
0.9989517972652446
0.9989437435855403
0.9989330052595299
0.9989274695379111
0.9989247016472256
0.9989163979687802
0.9989053263061582
0.9988994917863444
0.9988965744935716
0.9988878226082686
0.9988761533263188
0.998869510733239
0.9988661893943431
0.9988562253691559
0.9988429398697558
0.9988356796610951
0.9988320495061599
0.9988211590315197
0.9988066382394325
0.9987995880738162
0.9987960629429563
0.9987854875410317
0.9987713868555241
0.9987647916580835
0.9987614940173783
0.9987516010868908
0.9987384103816888
0.9987301963229503
0.9987260892288146
0.9987137679344817
0.9986973393371052
0.9986892256097708
0.9986851686825419
0.9986729978891034
0.9986567699662131
0.9986472211916149
0.9986424467174579
0.9986281232796927
0.9986090250837081
0.9985990838913797
0.9985941131998897
0.9985792011088621
0.9985593180216233
0.9985575171544545
0.9985533089994479
0.9985406845219197
0.9985238516696335
0.9985128094978023
0.9985072882951798
0.9984907246673388
0.9984686394609552
0.9984555856274541
0.9984490585492586
0.9984294772885646
0.9984033684214108
0.9984019195635123
0.9983856181417609
0.9983638825541153
0.9983283948246804
0.9983106497685611
0.9982574144386407
0.9981864301042683
0.9981657306062062
0.9981531622370885
0.998146877902655
0.9981280248745658
0.9981028870191604
0.9980902277470302
0.9980838979571551
0.9980649085624298
0.9980395888790358
0.99802685407405
0.9980204865164658
0.9980013838191235
0.9979759130540194
0.997970398008195
0.9979643447925572
0.9979461851228902
0.9979219717803137
0.9979100449643097
0.99790408141971
0.9978861907632515
0.9978623361212231
0.9978180467688056
0.9977959002380132
0.9977294604052266
0.9976408678322312
0.9976281513703001
0.9976176847016942
0.9975862846348914
0.9975444165225358
0.9975252735298805
0.9975157016822215
0.9974869860879452
0.9974486974941356
0.9974312307428203
0.9974224970742476
0.9973962960255134
0.9973613603458801
0.9973427567763546
0.9973334546589977
0.9973055482575915
0.9972683386565404
0.9972503189299499
0.9972413087574226
0.9972142781932531
0.9971782364414755
0.997159453718667
0.9971500620213876
0.9971218868798494
0.9970843189323471
0.9970626012416174
0.9970517419462338
0.9970191639945744
0.996975725270582
0.9969541915415917
0.9969434242361688
0.9969111222553689
0.99686805152569
0.9968438655972963
0.996831772081147
0.9967954914546872
0.9967471154740712
0.9967211040580218
0.9967080977067095
0.9966690785590515
0.996617050964875
0.9965901672758349
0.9965767247554076
0.9965363970955674
0.9964826246793727
0.9964571601302332
0.9964444272517821
0.9964062285293286
0.9963552948938028
0.9963107491900759
0.9962884744629702
0.9962216500323321
0.9961325446122715
0.9960886589218801
0.9960667142436678
0.9960008799631075
0.9959130949887354
0.9958704538699026
0.9958038176560595
0.9957721867626425
0.9957563703707195
0.9957089210573967
0.9956456522476086
0.9956095112166293
0.9955914394779237
0.9955372240889874
0.9954649328815485
0.9954305893363469
0.9954134164535543
0.9953618976555666
0.9952932022270947
0.9952594878809378
0.9952426296138708
0.9951920546588856
0.9951246178955774
0.9950865056879924
0.9950674482200824
0.9950102756291159
0.9949340409947066
0.9948903512356022
0.9948685045474835
0.9948029642370548
0.9947155712155575
0.9946711537885711
0.9946489431972303
0.9945823111782327
0.9944934623493151
0.9944503200362698
0.994428747112163
0.9943640280957978
0.994277730341264
0.9942270779004048
0.9942017492730468
0.9941257630586743
0.9940244401354739
0.9939771678653045
0.9939535296107961
0.9938826145485594
0.9937880542562304
0.9937271521105648
0.9936966975608228
0.9936053334184822
0.9934835032234881
0.9933999749207485
0.9933582042602678
0.9932328914318609
0.9930657859055925
0.9929812119498698
0.9929389182033977
0.9928120360595764
0.9926428376289893
0.9926163006562617
0.992580207350211
0.9924719267899222
0.9923275365347194
0.9923098151248871
0.992277484453862
0.9921804919010397
0.9920511556663034
0.9919845882810732
0.9919513004661705
0.9918514364557156
0.9917182707429357
0.9916518917968301
0.9916186981908898
0.9915191168225068
0.9913863280030104
0.9913124142882495
0.9912754522921973
0.991164565623987
0.9910166997449674
0.990946265785296
0.9909110441130573
0.9908053784826346
0.9906644755314183
0.990588096446289
0.9905499014003052
0.9904353155241988
0.9902825163115907
0.9902041111301114
0.9901649027794365
0.9900472769202856
0.9898904236797156
0.9897886877572186
0.9897378102084542
0.989585176278733
0.9893816321183081
0.9892588622045095
0.9891974630745262
0.9890132637995422
0.9887676178784601
0.9887358955156521
0.988678128382058
0.9885048252410844
0.9882737135557411
0.9881501129944605
0.9880882986087581
0.9879028535459747
0.987655545928633
0.987607782947932
0.9875440455690956
0.9873528314234945
0.9870978286228778
0.9869798405694848
0.986920833396362
0.9867438100990517
0.9865077360615495
0.9863900330546911
0.9863311686370623
0.9861545735652187
0.985919070994006
0.9857908310704503
0.9857266959138572
0.985534288281654
0.9852776942444694
0.9851215154114347
0.9850434034127125
0.9848090643197516
0.9844965365002258
0.9842743333437558
0.9841631858409725
0.9838297370165358
0.9833849863831367
0.9833048489605715
0.9829587874680977
0.9827900696128478
0.9825332563578578
0.9823765333863779
0.9822981492518202
0.9820629935515679
0.9817493772064817
0.9815444660913885
0.9814419718371376
0.9811344834469151
0.9807243706417403
0.9804925086333883
0.9803765283663773
0.980028580323691
0.9795644850897076
0.9793097402777027
0.97918230838579
0.9788000038628336
0.978290066229951
0.977998128285342
0.9778520814089666
0.9774139290240322
0.9768294674915523
0.9768133168473445
0.9766969459044269
0.9763478256351877
0.9758821666957598
0.9756404159420878
0.9755194872736833
0.9751566930497795
0.9746727895852976
0.9743277979073329
0.9741551939607958
0.973637365749214
0.9729465638978286
0.9728895956960644
0.9726655188624903
0.9719932605222119
0.9710963046546454
0.9706549105126437
0.9704340369744691
0.9697713884203389
0.9688872664535197
0.9687184754291953
0.9681248258985465
0.9678501399695283
0.9677127291255385
0.9673004855152819
0.96675059989475
0.9664737066542429
0.9663351915657707
0.9659196349153355
0.9653653281072311
0.9650028952593721
0.9648215616042021
0.9642775408001105
0.9635517845676408
0.9631863136027166
0.9630034594382695
0.9624548766281301
0.961723030569759
0.9613438387358455
0.9611541149976326
0.9605849216781734
0.9598255656573401
0.9593278834808061
0.9590788236426685
0.9583316055608315
0.9573345748647616
0.956695859292278
0.9563761438908572
0.9554169336998863
0.9541367615627905
0.9532928716997973
0.9528703027367601
0.9516024824494116
0.9499099240474379
0.9492968748806353
0.9480946145334093
0.9478303421130139
0.9474404639355836
0.9462707261705918
0.9447092851840375
0.9442412844583381
0.9431110444994013
0.9424972984010876
0.9421901041136279
0.9412684541098336
0.9400384787176324
0.9392386041984516
0.9388381242387404
0.937636568532405
0.9360326141322136
0.9359683565242136
0.9350584014566913
0.9338440565207686
0.9330863019532296
0.9327069446931089
0.9315687633851099
0.930049512548908
0.9291127783392725
0.9286436817958645
0.9272362205476538
0.9253570577948077
0.9244835891055934
0.92404622663707
0.9227339838811066
0.920982120992692
0.9198762646068758
0.9193223406889957
0.9176603126761212
0.9154407511753789
0.9139726034651352
0.9132367960242137
0.911028905667352
0.9080788546699189
0.9076835538560303
0.9058787828646443
0.9034683073408142
0.9031958044561175
0.9014357074166242
0.8990850170969964
0.8979057664195453
0.8973150590398218
0.8955425899470996
0.8931753564815207
0.8920594521800652
0.8915005385742452
0.8898234717113092
0.88758387214584
0.8863300762384536
0.8857019834483711
0.8838172764876226
0.8812999010606399
0.8801610787863915
0.879590687442713
0.877879140778113
0.8755934303127374
0.8743426619125967
0.8737161103446455
0.8718359864842241
0.8693247477230276
0.8677377457455334
0.8669423832503799
0.8645555055210401
0.8613658649166575
0.8609907812848955
0.8602468437186728
0.8580143010915668
0.8550313120157911
0.8536662222444543
0.8529823088325399
0.8509299147715942
0.8481880634370013
0.8468309011688427
0.846150974037814
0.8441105123689979
0.8413845850735432
0.8400722606316536
0.8394148387533147
0.8374419045682857
0.8348063004483698
0.833369416212627
0.832649460206715
0.8304887513037639
0.8276016817655809
0.8258648582879714
0.8249942173766425
0.8223809996570693
0.8188875325091326
0.8182078695331378
0.8158568086389519
0.812714495273409
0.8112182518682415
0.8104684184527542
0.8082178529156755
0.8052099815087239
0.8037852166324777
0.8030712487978666
0.8009283301055583
0.7980644683280346
0.7964211972686951
0.7955974066481573
0.7931246167653722
0.7898184013012445
0.788294659886149
0.7875308626880704
0.785238188470923
0.782173122777582
0.7805236179337283
0.7796965359669004
0.7772137129903368
0.7738932962718041
0.7723602674295578
0.7715916474215528
0.7692843606165672
0.766198994535801
0.764590610794407
0.7637840111121846
0.7613625717215993
0.7581236472098154
0.7565213844042924
0.7557177488934855
0.7533051447620659
0.7500776101139791
0.7484177069595772
0.747584942880367
0.7450847539286019
0.7417391077641085
0.7400981491717116
0.7392747831450471
0.7368027604986089
0.7334944063097277
0.7318495818472674
0.7310241339265429
0.7285457885614284
0.7252284028792577
0.7235560070654226
0.7227165299626207
0.7201959621624047
0.7168212808157294
0.7151255512873279
0.7142741701504086
0.7117177649898881
0.7082943490183382
0.7066015157114338
0.7057514561444715
0.7031989639682322
0.6997803032884045
0.698081955452978
0.6972289915437887
0.6946677175086347
0.6912367877975591
0.6895247137414695
0.6886647180847225
0.6860822620541438
0.6826224363355896
0.6808849865185272
0.6800120982689761
0.6773908481997318
0.6738784850774301
0.6721153292814352
0.6712294039837446
0.6685689295300531
0.6650035385038424
0.6632386274521198
0.6623517914485483
0.6596885511066878
0.6561193691364589
0.6543322373701868
0.6534342023176188
0.6507372747023438
0.6471227982999105
0.6453188076588768
0.6444123288165854
0.6416900025680816
0.6380415721412639
0.6362256608078891
0.6353132892584903
0.632573239379051
0.6289013899328273
0.6270886422362261
0.6261780530511507
0.6234433581610985
0.6197793712352934
0.6179472425976105
0.6170271256059411
0.6142637876542432
0.610562102069488
0.608716905119111
0.6077905167494349
0.6050083276487154
0.6012823643219686
0.5994312740428552
0.5985023060193977
0.5957123645803588
0.5919772871975787
0.590119441531402
0.5891875338333397
0.5863887559444152
0.5826433347347937
0.5807769492332591
0.5798412808297886
0.5770311941997237
0.5732723433732344
0.5714040683616116
0.5704680577435002
0.5676569327739577
0.5638986587076634
0.562033687208112
0.5611000091641805
0.5582958779403056
0.5545491381078614
0.5526898491022294
0.551759756492956
0.5489663739118169
0.5452363588872732
0.5433832539131109
0.5424570544157945
0.5396753314105208
0.5359634080795368
0.5341236875505003
0.5332050276596103
0.5304459105101478
0.5267668139393485
0.5249391100137958
0.5240273491751061
0.5212888935564184
0.5176401244019381
0.5158325369797079
0.514931741641552
0.5122261528424561
0.5086240267966725
0.5068387669158226
0.5059500573918099
0.5032806819005453
0.49972967230815263
0.4979705223851798
0.4970957890558242
0.49446828757649247
0.4909759097850327
0.48924485983124744
0.488385096833736
0.48580243411662694
0.4823726014839089
0.4806741073468229
0.47983151844951694
0.47730029640733385
0.4739417090648405
0.4722777887404014
0.47145336778602204
0.4689765492250446
0.4656930751883588
0.4640666939180146
0.4632618973159075
0.4608438359412529
0.4576411683924651
0.45605576874663883
0.4552722820290261
0.45291802109637025
0.4498027474910614
0.4482599124538647
0.44749851047819017
0.4452103526858197
0.44218545846347224
0.4406876885209008
0.43994959718731863
0.4377312015730614
0.4348014608094888
0.4333507277853598
0.43263691887514505
0.4304911782301628
0.4276603712090369
0.4262583549778397
0.4255696647958364
0.4234990615421239
0.4207704485087327
0.4194192030979344
0.4187566553134547
0.4167642331841224
0.4141418208224832
0.41284292544275947
0.4122073212649623
0.410295449694636
0.40778238119706584
0.4065411715087205
0.40593511029549645
0.4041115796554193
0.401718006439598
0.40052961281420474
0.399950827499815
0.398208739713849
0.3959258501484331
0.3947934442504165
0.39424352751244485
0.39258761670827524
0.3904216636685888
0.3893493120708798
0.3888302677983294
0.3872665089901496
0.38522529660357774
0.38421447652947077
0.3837270821297344
0.3822577383342621
0.38034428810985654
0.3793966098270357
0.3789417116299266
0.37756924285629734
0.3757868278715146
0.37490399912715205
0.37448249514507964
0.3732095048468894
0.3715615788488483
0.37074543473688004
0.3703582886040644
0.3691875643999976
0.367677811417642
0.3669306265431859
0.36657900543303723
0.36551393966488854
0.3641467884258629
0.3634705516531173
0.3631554988617366
0.36219908956001917
0.3609784668280171
0.3603752866983865
0.3600979080722487
0.35925332330282617
0.35818336217595165
0.3576553882882359
0.35741681977225254
0.35668729473730537
0.3557722102588744
0.35532166291228306
0.35512308747772925
0.3545119712491232
0.35375612234587656
0.35338534021013185
0.35322801099007956
0.35273883287340996
0.35214680325786896
0.3518581964965889
0.3517434251326076
0.35137984839320485
0.3509564027035496
0.35075254010476176
0.35068173893804605
0.35044768210006155
0.35019791385694143
0.3500815386536682
0.35005623846665596
0.34995591463716774
0.3498853054304471
0.34985939532199184
0.34988129077695534
0.3499193222742911
0.3500339053395521
0.3501018001719408
0.3501728239747595
0.35035444169458474
0.3506610595966228
0.35082664509919975
0.3509490974652076
0.35128047659040035
0.3517872543697603
0.3520553730517597
0.35223218937753653
0.35272116060951353
0.35343848775496367
0.35381580604578267
0.3540511181760823
0.3547086650937182
0.3556512621806079
0.35614847852884507
0.3564490629231323
0.35729318454125975
0.3584854714369653
0.3591240534835014
0.3595037869800231
0.3605713533958167
0.3620639332057551
0.3629091724590621
0.36341157466882096
0.36481778748850463
0.36677051180310133
0.3678958042329801
0.3685685815242977
0.37043682431314545
0.373012470405605
0.3738516960214627
0.37588451685382873
0.375906527577286
0.37638404376840634
0.37774406927163307
0.3795856346123546
0.3798745505812362
0.38032003719985796
0.381594632488504
0.383313068105062
0.3840816818371257
0.38449746998787343
0.38569145986419656
0.38729554064798477
0.3880239826966274
0.3884149720989741
0.3895407107757543
0.3910490839491206
0.3917373534278175
0.3921044224915895
0.3931636133979479
0.39457985130074774
0.39522430348207543
0.3955660474830787
0.3965542540960076
0.3978734060600696
0.3984701806880341
0.3987849825224547
0.3996972700639214
0.4009135707721154
0.4014581059412211
0.4017438974154274
0.40257410161702134
0.4036800231677701
0.4038487366526853
0.4041030345426295
0.40484384612863383
0.405830284759142
0.40584506792995123
0.40606122552267965
0.40669330390928776
0.40753489801376386
0.4079911206894715
0.4082289247227809
0.40892223904443786
0.4098447879116559
0.4103392897944508
0.41059807987014124
0.4113502662042658
0.412350529712477
0.41288445870214185
0.413165160389537
0.41397829086991866
0.41505898931067225
0.41564806728305365
0.41595985522775974
0.41685884436229487
0.41805298762963444
0.4187285559962973
0.41909000381364747
0.42012480583045353
0.4214984847780761
0.4223002608870776
0.4227363027961678
0.4239718316065745
0.4256107936847783
0.426595585768486
0.42714454589155104
0.42867689434917394
0.43070749291673066
0.431835015887453
0.43247714906414225
0.4342466603363444
0.4365898970000226
0.4379467397626417
0.4387461754112546
0.4409062906655537
0.44375856395580127
0.44550315274879715
0.4465895412424352
0.449432517267798
0.45315453444971143
0.45534078237699166
0.4567891515926482
0.46043931730066406
0.46514386772941957
0.46829804694504285
0.47074906924858506
0.47644498870356855
0.48340578555326824
0.4869718891436302
0.49222854499754226
0.49468555988011986
0.49641990371502315
0.5005401321572476
0.5056786810944486
0.5087013555077012
0.5112599309058733
0.5168817607377039
0.5234774645060619
0.5268299840126149
0.5299059949272128
0.5362849857123857
0.5433584525765823
0.5466485147276928
0.5496320488241332
0.555657480888202
0.5622292897265184
0.565281478229841
0.5681703061045136
0.5738634787589387
0.5799873118347832
0.5828324133669804
0.5856497413720961
0.5910754243468741
0.5968365145182347
0.5995127616344823
0.6022795020931145
0.6074961345884811
0.6129689038945231
0.61550955613265
0.618242319416032
0.6232964604402736
0.6285370261249829
0.6309662843881197
0.6336760657224222
0.6385982277539426
0.6436405843760573
0.645972026266067
0.6486645117695062
0.6534700367299062
0.6583295821842925
0.6605685125623731
0.6632457402287513
0.6679398779686644
0.6726211290336062
0.674768593144152
0.6774308493855742
0.6820143997721325
0.6865179944014543
0.688573961136328
0.6912211013534643
0.6956941598772266
0.7000208522731919
0.7019857659861334
0.7046178007166091
0.7089812846508142
0.7131332194566816
0.7150083176412134
0.7176255011022424
0.721881257985212
0.7258617529685205
0.7276488123156613
0.7302515225741035
0.7344018896640692
0.7382147630691873
0.739915735076642
0.7425043293463821
0.7465516640761395
0.7502006463662635
0.7518173860675881
0.7543921045001754
0.7583384805272594
0.7618268741129662
0.7633610025844815
0.76592192978557
0.7697690127561783
0.7730995783532095
0.7745524511456574
0.7770995201108938
0.7808485718216159
0.7840235642011206
0.7853963036079922
0.7879293233332579
0.7915812766074218
0.7946025565017414
0.7958961130800739
0.7984148053762922
0.801970366322153
0.8048395371654172
0.8060547580475594
0.808558794523721
0.8120185455843857
0.8147370851850264
0.8158747769391675
0.8183638113457796
0.8217283014037915
0.8242976741532149
0.825358654831275
0.8278323486443901
0.8311021646500638
0.8335239094687296
0.8345090485733657
0.8369670890964781
0.840142908210873
0.8424187027086917
0.8433308173708635
0.8457684210032629
0.8488464281419866
0.8509780660318405
0.8518121232719926
0.8542377810050381
0.8572279530193179
0.859217809339689
0.8599816541250177
0.862390805428699
0.8652896881830043
0.8671398449475689
0.8678322774409253
0.870224770611639
0.8730336233179289
0.8747466146244527
0.8753689857496967
0.8777447844580034
0.8804650878065912
0.8820436582509288
0.8825974504807366
0.8849565811067991
0.8875899763829562
0.8890370662492473
0.8895238564058151
0.8918664046325218
0.8944146811676155
0.8957334081876396
0.8961548572871763
0.8984809643578413
0.9009460452372771
0.9021396838333074
0.9024975261861591
0.9048073845524127
0.9071913109379159
0.9082632700055433
0.9085593018113176
0.910853150432006
0.9131580652071554
0.9141118653570702
0.914347933185694
0.9166260526139248
0.9188541838266405
0.9196934347717922
0.919871424170504
0.9221341316208687
0.9242877762584811
0.9250161547004908
0.9251379793310451
0.9273856237461305
0.9294671319093379
0.9300883605979333
0.9301559516175263
0.9323889090891521
0.9344006692061434
0.9349184969640693
0.9349337934624261
0.9371524626763535
0.9390968873999525
0.939515070812187
0.9394800107674154
0.9416848086083068
0.9435643217790519
0.9438866081795765
0.9438031200677665
0.9459944779229141
0.9478115027741959
0.9480416149429929
0.9479116103610946
0.950089970381113
0.9518469188286652
0.9519885409038811
0.9518139081046163
0.9539797198419518
0.9556789826753506
0.9557357482745418
0.9555183463102457
0.9576720632779296
0.9593160013628695
0.9592914827721737
0.9590331356999785
0.9611752134171478
0.9627661506912675
0.9626638490711602
0.9623663422316999
0.964497235664256
0.9660374524645212
0.9658607903286013
0.9655258671086298
0.967646027211181
0.9691377539562109
0.9688900685460161
0.968519425196588
0.9706292995735917
0.9720747135396062
0.9717592507062589
0.9713545373975618
0.9734545651411552
0.974855784330487
0.9744756958751043
0.9740385093641463
0.9761291240196028
0.9774882072348763
0.9770465443796651
0.9765784335115036
0.9786600570767611
0.979978997923869
0.9794787121096885
0.9789811705315712
0.9810542161284329
0.9823349438006206
0.9817788830666733
0.9812533513509097
0.9833182214267222
0.9845625991354735
0.9839535076396911
0.9834013727523099
0.9854584587309154
0.9866682824372042
0.986008798336739
0.9854313957486477
0.9874810756792142
0.988658072076012
0.9879507353513753
0.9873493439884573
0.9893919830703704
0.9905378134068707
0.9897850560475989
0.9891609041209081
0.9911968555405775
0.9923131127830999
0.9915172703890657
0.9908715367562243
0.9929011356691065
0.9939893441059847
0.9931526484861167
0.9924864455246162
0.9945100321288224
0.9955716635331875
0.9946962358319715
0.9940106546508949
0.9960285371618102
0.9970649868534645
0.9961528703430926
0.9954489308736354
0.9974614126039235
0.9984740171709944
0.9975271506204144
0.9968058546591472
0.9988132064896547
0.9998032269751388
0.9988234925716851
0.9998579194747699
0.9999004686814151
0.99994533117312
0.9999999996160556