20000.
19997.098478896
19995.647876092
19991.296699233
19985.496603496
19984.475985192
19984.018856437
19983.660090528
19983.480709976
19982.942578006
19982.225091327
19982.079953985
19981.880267896
19981.281221634
19980.4825213
19980.09705718
19979.904327895
19979.326151221
19978.555275093
19978.110380177
19977.887936418
19977.220620034
19976.330899617
19975.918530223
19975.712348703
19975.093816941
19974.2691378
19974.23673472
19974.056930156
19973.517526205
19972.798343666
19972.302256755
19972.054217901
19971.310119861
19970.318032362
19969.687744244
19969.372607621
19968.427227638
19967.166790738
19966.536768879
19966.221765381
19965.27678475
19964.016880274
19964.01230741
19963.696893856
19962.750683141
19961.489138741
19959.796659141
19958.950473092
19956.412130305
19953.028175753
19951.732102644
19951.285485677
19949.840239838
19949.082870706
19948.704196893
19947.56821864
19946.053681745
19945.314354071
19944.944700484
19943.835780881
19942.357317464
19941.584231149
19941.197699201
19940.038148369
19938.49218563
19937.718040511
19937.330979194
19936.169840387
19934.621760656
19933.733301082
19933.289086112
19931.95650066
19930.179858811
19929.205828078
19928.718830527
19927.257909346
19925.310181224
19924.237099932
19923.700580917
19922.091110637
19919.94535272
19919.799094703
19918.481045003
19916.723781242
19915.577623198
19915.004568868
19913.285504896
19910.993650655
19909.869032756
19909.306747585
19907.619987433
19905.371196417
19904.154906282
19903.546789039
19901.722548875
19899.290488983
19897.991536653
19897.342092237
19895.393886263
19892.796575282
19891.60582628
19891.010478464
19889.224542012
19886.84354308
19885.517687612
19884.854792976
19882.866241754
19880.215149724
19879.000409989
19878.39306791
19876.571153096
19874.142193334
19873.02868555
19872.471955013
19870.801857059
19868.575278339
19867.213638807
19866.532853984
19864.490639584
19861.768013879
19860.036705898
19859.171108437
19856.574542538
19853.112983117
19851.398701589
19850.541616272
19847.970582469
19844.543055731
19842.706014036
19841.787556894
19839.032440669
19835.359547818
19835.269620769
19833.228706517
19830.507814442
19828.980861821
19828.217429545
19825.927309183
19822.874227116
19821.290991795
19820.499421496
19818.12490038
19814.959315044
19814.437753733
19813.719967165
19811.566763576
19808.696189728
19807.10349294
19806.30719251
19803.918483415
19800.733986399
19798.993046234
19798.122633489
19795.511624969
19792.030816259
19790.21672415
19789.309740383
19786.589038609
19782.962018453
19782.497397106
19781.727266518
19779.417054751
19776.337192382
19774.743098618
19773.946099862
19771.555296441
19768.368008512
19766.5452702
19765.633964002
19762.90029762
19759.255997585
19757.509686455
19756.636588702
19754.017527064
19750.525985307
19748.530677265
19747.533098763
19744.540665744
19740.551460815
19738.508968047
19737.487800837
19734.424616328
19730.341110212
19727.941324878
19726.74154158
19723.142629646
19718.345102203
19715.981249355
19714.799429113
19711.254393591
19706.528671607
19703.61153326
19702.153125915
19697.778551748
19691.947297661
19690.718550068
19689.074380237
19684.142694671
19677.569036061
19674.378673978
19672.783686795
19667.999501269
19661.62239764
19658.383879016
19656.764819624
19651.908441714
19645.435138133
19642.001713569
19640.285226187
19635.136664254
19628.2740151
19624.649389751
19622.837327951
19617.402146669
19610.157580751
19606.049840641
19603.996293113
19597.836941281
19589.62748319
19585.388601411
19583.269504336
19576.913589019
19568.44224489
19566.632196355
19564.547501916
19558.294751476
19549.960860156
19543.803888468
19540.726129576
19531.495761165
19519.195386542
19518.53263779
19511.358434294
19501.796932321
19496.1896447
19493.386605301
19484.979905311
19473.776612446
19468.324272315
19465.598674536
19457.424170921
19446.530173591
19441.300659534
19438.6864297
19430.845849578
19420.396662997
19414.61696873
19411.727766448
19403.06273953
19391.515387893
19384.785401791
19381.421284427
19371.332435368
19357.888806754
19349.620020744
19345.48695204
19333.093042717
19316.580182626
19308.214346118
19293.308234899
19291.962867415
19288.736721059
19279.061519114
19266.168799929
19257.175316733
19252.680149238
19239.200942235
19221.24334677
19210.880481237
19205.701143396
19190.171507372
19169.484859708
19167.569082155
19163.29212603
19150.466983471
19133.380145897
19125.18676219
19121.091385854
19108.81051849
19092.448299036
19091.711161541
19087.959170853
19076.707622921
19061.715876757
19053.17153698
19048.900803119
19036.094344976
19019.032461017
19010.787514347
19006.666381153
18994.308341653
18977.843455484
18968.371141076
18963.636756617
18949.440692798
18930.529139235
18920.059296505
18914.826546395
18899.136978623
18878.237799546
18874.519326199
18868.999462384
18852.449555597
18830.4055934
18816.322845052
18809.285420385
18788.188935746
18760.097095014
18746.19760644
18739.251723948
18718.429515315
18690.702559196
18674.33794154
18666.161005894
18641.65167652
18609.022626913
18608.262689783
18600.723547387
18578.124443285
18548.035012545
18528.195190994
18518.283238991
18488.579188446
18449.047895142
18429.60211284
18419.886908453
18390.772014286
18352.023732816
18351.517481861
18342.0582142
18313.70965718
18275.97972845
18257.528869608
18248.310425955
18220.68301398
18183.911521758
18162.230444557
18151.399601137
18118.945810196
18075.764337565
18051.928878447
18020.188142947
18002.778197673
17994.079533042
17968.008750684
17933.306459118
17913.445955214
17903.523952099
17873.790905995
17834.223645695
17810.830179536
17799.144955212
17764.135262099
17717.562770617
17693.522933457
17681.515248548
17645.541067484
17597.689325623
17575.32677547
17564.15615841
17530.686890116
17486.160391371
17464.757087925
17454.065261638
17422.029041199
17379.405534666
17349.908585903
17335.178889467
17291.06479105
17232.420576828
17204.678435596
17190.824116522
17149.328063787
17094.155769678
17066.903580631
17053.293781875
17012.529470851
16958.328599702
16933.778475143
16921.516742881
16884.784794453
16835.932870257
16810.550589589
16797.873802032
16759.900769591
16709.403562025
16671.336765214
16652.335898684
16595.463138662
16519.934832206
16505.266585368
16484.850854188
16423.755054805
16342.646079318
16324.207746115
16302.082801776
16235.88773121
16148.045570115
16103.666719714
16081.523050386
16015.274572837
15927.367615423
15885.260914043
15864.24932378
15801.381162532
15717.944334841
15672.625939402
15650.015762271
15582.380758051
15492.655231128
15434.762432187
15405.897206125
15319.625021334
15205.346504153
15147.261547938
15118.302328189
15031.756443308
14917.132133035
14861.22186422
14833.345359983
14750.029201744
14639.668502543
14568.940550822
14533.704814959
14428.508105334
14289.429327056
14203.328097812
14160.472227549
14032.678920741
13864.080066485
13789.3527861
13735.384958254
13708.48029992
13628.082118743
13521.617556585
13509.494786548
13484.345948497
13409.179987197
13309.610086816
13257.895284098
13232.113281844
13155.067711338
13053.037675447
12983.246900724
12948.491567296
12844.7828036
12707.795417506
12699.878503112
12662.687700454
12551.767488828
12405.383820133
12298.068484798
12244.759449289
12086.214835822
11878.010723544
11815.537088436
11649.987557402
11643.977420302
11604.733631638
11487.79407175
11333.705663497
11259.678856593
11222.846964786
11113.072611429
10968.375263692
10863.072916943
10810.801458337
10655.491388816
10451.876540832
10372.542586242
10204.08456135
10198.48852976
10090.813678668
9949.0135372761
9867.7675452505
9827.3936886353
9707.2605590071
9549.3643624099
9462.8784801554
9419.9297100005
9292.249449675
9124.6971195552
9044.5862908992
8914.1641724061
8889.8602222959
8860.8765474673
8774.4912700091
8660.6195412124
8603.9482949067
8575.7518834858
8491.7158659546
8380.9474420721
8320.2933856294
8290.131164878
8200.2989764472
8082.0351273235
8025.9811466866
7998.1001118189
7915.0367934446
7805.6260529471
7743.5531321136
7712.7020246301
7620.8842336579
7500.1585984608
7442.5236437276
7413.8724634484
7328.5790137236
7216.378882217
7164.8396389566
7139.208214786
7062.8627966953
6962.3373974251
6900.6421364062
6869.9998196592
6778.8868634221
6659.2798597771
6641.9270339047
6616.7424651097
6541.7602779322
6443.1041455524
6392.7611117258
6367.7372933737
6293.2520290568
6195.2919057186
6148.3242970886
6124.9741864025
6055.4545863236
5963.9876716919
5919.6249495283
5897.567486573
5831.8870147523
5745.4495005305
5702.0742535661
5680.5095813968
5616.3036680352
5531.8232527905
5488.0852141368
5466.3460471556
5401.6438598577
5316.5640295361
5275.3363359211
5254.8425317029
5193.8375762219
5113.5979011286
5074.4178285474
5054.9405082177
4996.9559663618
4920.6765813043
4883.4413188275
4864.9294809886
4809.8139481297
4737.2966612108
4701.2968208473
4683.3996188852
4630.115772519
4560.0124647348
4525.4949692694
4508.3343256602
4457.2418494711
4390.0181247192
4357.0322815117
4340.6324191494
4291.802280287
4227.5488575765
4195.602205304
4179.7195225016
4132.4313154825
4070.2115621319
4039.6492302045
4024.4542283224
3979.2112986329
3919.6775966219
3890.3079080529
3875.7056899035
3832.2270708428
3775.0133650832
3746.9696585446
3733.0260250797
3691.5056865276
3636.8627179306
3609.9847047104
3596.6202792362
3556.823129242
3504.4444307975
3478.7122480106
3465.9170967743
3427.8133264561
3377.659140133
3353.0045375758
3340.7448033646
3304.2339022902
3256.1726584526
3232.5741761507
3220.8391463459
3185.8890466712
3139.8781531713
3117.2625624363
3106.0159247279
3072.5188857788
3028.417443073
3006.7600344056
2995.9894789377
2963.9087499103
2921.6681715088
2900.9290240801
2890.614720563
2859.8913265433
2819.4341691122
2799.5733828778
2789.6955148789
2760.2705361927
2721.5194613618
2702.4996229314
2693.0396075878
2664.8577866158
2627.740249716
2609.5241262632
2600.4634731632
2573.4698381954
2537.9136953535
2520.4641672617
2511.78444486
2485.9242097126
2451.8575848985
2435.1389024616
2426.8223597277
2402.042762169
2369.3964374188
2353.3738415344
2345.4032200762
2321.6529652321
2290.3596547294
2274.9997784021
2267.3585110254
2244.5883583845
2214.5834711736
2199.8539763268
2192.5260071352
2170.6882375567
2141.9091823371
2127.7788993881
2120.7487527424
2099.7973720581
2072.1838211166
2058.6228254409
2051.8756437064
2031.7664940395
2005.2605272536
1992.2400803302
1985.7615946477
1966.4522675159
1940.9982583063
1928.4907847421
1922.2673035735
1903.7171056569
1879.2616756487
1867.2408008868
1861.2592286232
1843.429236612
1819.9213265135
1808.3618326325
1802.6096476554
1785.4626430723
1762.8534272404
1751.7312387041
1746.1964862875
1729.6969343028
1707.9397927403
1697.2319398581
1691.9032140414
1676.0172096527
1655.0676575388
1644.7522413934
1639.6186675872
1624.3138840004
1604.1295041546
1594.1856466268
1589.2368568436
1574.4824720253
1555.0228189582
1545.4306039955
1540.6567077469
1526.4233181579
1507.6498054424
1498.3902092681
1493.7817589877
1480.0412771118
1461.9170436526
1452.9718522934
1448.5198024819
1435.2453357681
1417.7350878605
1409.0868043864
1404.7824656643
1391.948180401
1375.0180141778
1366.6497553797
1362.4847433154
1350.0657130499
1333.68291683
1325.5775046736
1321.5432896857
1309.5141614804
1293.6454755819
1285.7760159221
1281.8592557528
1270.1804184953
1254.7739868768
1247.1530095022
1243.3598956406
1232.049633046
1217.1291644171
1209.7011054472
1206.004092876
1194.9807091593
1180.4394414346
1173.2281266396
1169.6390060784
1158.9373893483
1144.8207247777
1137.80029992
1134.3062481201
1123.8883404859
1110.1464850252
1103.2921288486
1099.8808371457
1089.7101168525
1076.2953068956
1069.5964316254
1066.262645205
1056.3235027372
1043.2152828862
1036.6507623212
1033.3840085057
1023.6453841826
1010.8031673951
1004.3559230227
1001.1477380448
991.58453962418
978.97555845423
972.62643858149
969.46733653449
960.05146246071
947.63906814793
941.36893481532
938.24944268957
928.95285377773
916.70053462256
910.48640014787
907.39514722617
898.18421841394
886.04826091126
879.86431418127
876.78854418984
867.62559686297
855.55711872543
849.37238653752
846.29680626076
837.13672484445
825.07732571407
818.85374864991
815.75958630093
806.54707371328
794.42535897152
788.11112231503
784.97284877011
775.63280973809
763.35207000768
756.86848380046
753.64737058781
744.06604961221
731.4801700569
724.68389319732
721.30947072084
711.28018755602
698.12439742958
690.64970450314
686.9424228595
675.93955183565
661.54271239976
651.89522161896
647.12436449241
633.02026501147
614.69181540529
605.25116494591
591.3946349279
589.43300351364
586.40250034935
577.40415721717
565.62079074725
560.10717742816
557.37055823092
549.24066488472
538.58497227025
533.42343502805
530.86124557833
523.24828312434
513.2672252532
508.34856599206
505.90694040016
498.65220250289
489.1407908487
484.41262416965
482.06570726771
475.09295988238
465.95259858628
461.373794869
459.10129362796
452.35072934535
443.5041284671
439.03894814231
436.82324442623
430.24300028633
421.62327624304
417.2370908814
415.06113903072
408.60113480589
400.14392632789
395.79879176565
393.64395029389
387.2495604894
378.88499304464
374.53192758011
372.37418563483
365.97526075906
357.6140829942
353.17119907368
350.97049887791
344.45033610326
335.94481850268
331.18763693531
328.83436762773
321.87441322976
312.8230847654
305.70485005269
302.20670510225
291.9506169989
278.81521405326
277.55868928587
269.09745807508
265.0135758727
262.99493545609
257.03080426815
249.28849154614
245.19443558957
243.17269060409
237.20692876304
229.47962553131
225.31507129363
223.26122192218
217.21132365794
209.39903863284
204.99859473851
202.83317269664
196.47318447494
188.30232690234
183.54117887148
181.20594063793
174.37698971986
165.67036838698
160.36270278907
157.7729810838
150.2520565532
140.77887357928
136.27457728558
134.07676470982
127.69372547173
119.65318820397
115.83940095038
113.97833707243
108.5726299215
101.76171455228
98.527181190291
96.948675169287
92.363278846397
86.584993478846
83.838748509769
82.49846451747
78.604806379098
73.697612860818
71.364427922428
70.225683060387
66.917317533902
62.747331527692
60.764323282454
59.796445292348
56.984333557241
53.439487496254
51.753701952707
50.930857454918
48.53999098092
45.525839744984
44.092460966787
43.392785095349
41.359671977026
38.796257699649
37.577216967793
36.982136763875
35.252844493668
33.072248400626
32.035119278049
31.528815630093
30.057412577294
28.201800949583
27.31893708914
26.887924194406
25.635258853737
24.055346627349
23.303232481864
22.936040228274
21.86881567339
20.522693696013
19.881438195572
19.568363808534
18.658411406175
17.510620471603
16.963494661575
16.69637619879
15.919994304235
14.940684422724
14.473647570896
14.245632725286
13.582915347243
12.747000349173
12.34823615996
12.153556681619
11.587741112985
10.874083012021
10.533595813163
10.367371290482
9.884271377723
9.2749734369995
8.9842669550102
8.8423486324761
8.4299033166338
7.9097460916367
7.6615752903326
7.540425246326
7.1883486823361
6.7443515450699
6.5325275415942
6.429123580554
6.128629229633
5.7497035049702
5.5689353247416
5.4806937567478
5.2242700913689
4.9009364610844
4.7467960516784
4.6715534488558
4.4529064595723
4.1772125584204
4.0456259402335
3.9813953044904
3.7947574725793
3.5594453346541
3.4472134875766
3.3924316487612
3.2332544566624
3.0325752942383
2.9368694111952
2.8901551486499
2.7544235419769
2.5833116971617
2.5017126861089
2.4618848771075
2.3461656426476
2.2002899424841
2.1307304128251
2.0967796832682
1.9981389521794
1.8737984293334
1.8145119455686
1.7855758838633
1.7015070495968
1.5955399289068
1.5450175252131
1.5203594433825
1.448721398446
1.3584271188902
1.3153800493892
1.2943707903704
1.2333350237684
1.1564074523622
1.1197352886721
1.1018376457408
1.0498429382235
0.98431318011227
0.95307649367342
0.93783186944793
0.89354550271478
0.8377329379929
0.81112991340694
0.79814689901912
0.76043144959789
0.71290182269298
0.690248241061
0.67919284139852
0.64707776179393
0.60660731592281
0.58731942629979
0.57790669589924
0.55056399815605
0.51610878966591
0.49968865605462
0.4916755440777
0.46839899936715
0.43906865111967
0.4250916191224
0.41827084957446
0.39845819818289
0.37349345342305
0.36159743453631
0.35579227416546
0.33893001656564
0.31768355079069
0.30755986062505
0.30261964571161
0.2882700402419
0.27019005839622
0.26157558709281
0.25737190079822
0.24516185278495
0.2297780735743
0.22244859676448
0.2188720034226
0.20848357346303
0.19539525693157
0.1891597193411
0.18611697372653
0.17727926692331
0.16614498487399
0.16084062090975
0.15825228616227
0.15073452921001
0.14126343415259
0.13675160047927
0.13455001368711
0.12815564262473
0.12010001197909
0.11626263066148
0.1143901665478
0.10895178099658
0.10210065436287
0.098837175381366
0.097244763591573
0.092619818207742
0.086793564810238
0.084018378547501
0.082664240569101
0.078731374656708
0.073777065298338
0.071417288839983
0.070265857499286
0.066921755563801
0.062709204914191
0.060702801121797
0.059723802448078
0.056880526291762
0.053298929126061
0.051593097653858
0.050760765562594
0.048343472612862
0.04529852766241
0.043848335910589
0.043140743980699
0.041085745768127
0.038497208218846
0.037264420422202
0.036662910441183
0.034916012464514
0.032715601677911
0.031667687628442
0.031156385740764
0.029671481575798
0.027801108677053
0.026910394429294
0.026475796647023
0.025213663823166
0.023623914160199
0.022866857530697
0.022497476168725
0.021424749113553
0.020073588043492
0.019430163790532
0.019116227407596
0.018204525743338
0.017056200015904
0.01650937997728
0.016242579618159
0.015467770805117
0.014491878904685
0.014027179174346
0.013800447457249
0.013142005344712
0.012312689785448
0.011917796225868
0.011725124525872
0.011165598057192
0.01046087535987
0.0103670315457
0.010320425808736
0.010181861957961
0.0099999997764826