0.9993313302471286
0.9993067515137053
0.9992944615749013
0.9992575916788277
0.9992084299156696
0.9992023119156599
0.9991966640294492
0.9991954449712211
0.9991900462797825
0.9991874957708957
0.999186220509922
0.9991823947249175
0.9991772936597104
0.9991743939884667
0.9991729441445352
0.9991685946102866
0.9991627952067217
0.999159898295267
0.9991584498310503
0.9991541044359781
0.9991483105513296
0.9991452558686345
0.999143728517921
0.9991391464631094
0.9991330370295848
0.9991298739365975
0.9991282923801637
0.9991235477080526
0.9991172214496499
0.9991076267949152
0.9991028293801661
0.9990884371200867
0.9990692471616934
0.9990662544194695
0.9990594046220079
0.9990559796780755
0.9990457048372979
0.9990320049074844
0.9990287787188727
0.9990248940791078
0.9990229517443998
0.9990171247364945
0.9990093553484538
0.9990048203397177
0.9990025528154579
0.9989957502379505
0.9989866800728978
0.9989822470935465
0.9989800305843758
0.9989733810522402
0.9989645149513886
0.9989599755683651
0.9989577058568306
0.9989508967175023
0.9989418178038391
0.9989364476986146
0.9989337626181194
0.9989257073704318
0.9989149669535687
0.998909430154005
0.9989066617243235
0.9988983564287943
0.9988872826098395
0.9988814469535895
0.9988785290925727
0.9988697755024311
0.9988581039471176
0.9988514600598344
0.9988481380738028
0.9988381721070715
0.9988248840186273
0.9988176223949694
0.9988139915324953
0.9988030989350738
0.9987885753122301
0.9987815237720701
0.9987779979539004
0.998767420489891
0.9987533170545773
0.9987467205708589
0.9987434222869814
0.998733527426842
0.9987203341484553
0.9987121184871817
0.9987080105917263
0.998695686893225
0.9986792550898017
0.9986711397788751
0.9986670820597997
0.9986549088906161
0.9986386777995888
0.9986291271605654
0.9986243517541259
0.9986100255192286
0.9985909235930731
0.998580980458794
0.9985760087962527
0.9985610937917624
0.99854120681919
0.9985394056000723
0.99853519662265
0.9985225696776528
0.9985057335348949
0.9984946892042456
0.9984891669221202
0.9984726000553896
0.9984505105296017
0.9984374541425931
0.9984309257875135
0.9984113406956323
0.998385226718992
0.9983837775775146
0.9983674729648858
0.9983457331218796
0.9983102384426694
0.9982924899106954
0.9982392441492587
0.9981682458970371
0.9981475423386326
0.9981349715037342
0.9981286859362888
0.9981098292086679
0.9980846864194036
0.9980720246621407
0.9980656936295761
0.9980467005062778
0.9980213758502865
0.9980086385438025
0.9980022697353444
0.9979831632848702
0.997957687514409
0.9979521713846241
0.9979461169792124
0.9979279537397628
0.9979037356364079
0.9978918064749526
0.9978858417575173
0.9978679475821052
0.9978440882471007
0.9977997901784875
0.9977776392880844
0.9977111863702833
0.9976225763362674
0.9976098573667225
0.9975993886339951
0.997567982373445
0.9975261059995547
0.9975069592283962
0.9974973854912025
0.9974686642271641
0.9974303680709895
0.99741289786886
0.9974041624746445
0.9973779562480165
0.9973430136622903
0.9973244064142177
0.9973151024573194
0.9972871905361936
0.9972499735729792
0.9972319502800824
0.9972229383241504
0.9971959024087388
0.9971598535195889
0.9971410670762034
0.997131673518362
0.9971034927940197
0.9970659174001885
0.9970441954035207
0.9970333339548021
0.9970007495416419
0.9969573021988483
0.9969357641959004
0.9969249947531386
0.9968926863588498
0.9968496070744406
0.9968254163406076
0.9968133204212839
0.996777032583442
0.9967286469833416
0.9967026303930366
0.9966896214540698
0.9966505945412963
0.9965985565886433
0.9965716675450665
0.9965582223468074
0.9965178866511705
0.9964641035152445
0.9964386338876514
0.9964258984694669
0.9963876921257471
0.996336748323741
0.9962921937242881
0.9962699145477691
0.9962030767625555
0.996113953521705
0.9960700590484827
0.9960481099773479
0.9959822625118587
0.9958944599432967
0.9958518102727831
0.9957851606879569
0.9957535234444874
0.995737703876753
0.9956902450327874
0.9956269635080364
0.9955908152102847
0.9955727398371661
0.9955185135407961
0.9954462077803862
0.9954118573177992
0.9953946809753856
0.9953431517947403
0.9952744425139312
0.9952407213658356
0.9952238596969039
0.9951732745326627
0.9951058241485248
0.9950677042390041
0.9950486429189795
0.9949914587669827
0.9949152087070028
0.9948715101022568
0.9948496589898085
0.9947841054002209
0.9946966946588766
0.99465226821986
0.9946300531209419
0.9945634075728227
0.9944745406902662
0.9944313896051441
0.9944098122935218
0.994345080108572
0.9942587647819263
0.9942081020200637
0.994182768230164
0.9941067665198255
0.9940054229160006
0.9939581409901282
0.993934497905988
0.9938635683475765
0.9937689887101365
0.9937080740954407
0.9936776133082214
0.9935862304413393
0.9934643752522059
0.9933808297955726
0.9933390505525579
0.9932137119536978
0.9930465720138285
0.9929619806191372
0.9929196781474341
0.9927927698044098
0.9926235363870229
0.9925969939212959
0.9925608931430453
0.9924525901489823
0.9923081699422548
0.9922904448531213
0.9922581074691136
0.9921610947635283
0.9920317316264055
0.9919651503814584
0.9919318556331055
0.9918319708076142
0.9916987773073979
0.9916323844963871
0.9915991839544134
0.9914995817632861
0.9913667651461736
0.9912928359425974
0.9912558661976856
0.991144956264684
0.9909970593237105
0.9909266105520314
0.9908913814697337
0.9907856935925456
0.990644760940511
0.9905683657380704
0.9905301626286477
0.9904155525426579
0.9902627210048256
0.9901842992174009
0.9901450825586959
0.9900274317547685
0.9898705452065149
0.989768787652672
0.9897178992796882
0.9895652328423458
0.9893616452573225
0.9892388491088798
0.9891774368490769
0.9889931981334794
0.9887474995062114
0.9887157703265842
0.9886579907777606
0.988484650345618
0.9882534888331794
0.9881298615771624
0.9880680338313008
0.9878825486357
0.987635187386488
0.9875874140314443
0.9875236628048674
0.9873324070601388
0.9870773486642966
0.986959334839856
0.9869003147694447
0.986723252732102
0.9864871269294633
0.9863693980681286
0.9863105207114922
0.9861338867744533
0.9858983322712003
0.9857700640178795
0.9857059146823597
0.9855134644558968
0.9852568134929736
0.9851005999406126
0.9850224705612809
0.9847880792407281
0.9844754815853302
0.9842532286443706
0.9841420562066467
0.9838085324024203
0.9833636813894349
0.9832835258344729
0.9829373858811435
0.982768629678987
0.9825117579360523
0.9823549991987833
0.9822765971597475
0.9820413876576799
0.9817276993716704
0.9815227411312104
0.9814202232771216
0.9811126639351664
0.9807024561740708
0.9804705403117331
0.9803545330697345
0.9800065039054089
0.979542300052206
0.9792874954078221
0.9791600335412122
0.9787776388543317
0.9782675804453965
0.9779755730845203
0.9778294914223262
0.9773912343613654
0.9768066325199376
0.9767904779823638
0.9766740790113058
0.9763248744534493
0.9758591026547189
0.9756172931065521
0.9754963349865747
0.975133452185271
0.9746494301000834
0.9743043535088665
0.9741317069938557
0.9736137506178959
0.9729227768126888
0.972865794358603
0.9726416614978569
0.9719692342927378
0.9710720514467542
0.9706305448807161
0.9704096149417993
0.9697467964101637
0.96886244600026
0.9686936111469217
0.9680998069139217
0.9678250491023673
0.9676876022423078
0.9672752502770674
0.9667252194700432
0.9664482528292511
0.9663097009637539
0.9658940336669576
0.9653395785974066
0.964977048377661
0.9647956659032338
0.9642514980941571
0.9635255445814498
0.9631599737492367
0.9629770695135518
0.9624283359248925
0.9616962875139843
0.9613169902741018
0.9611272136825516
0.9605578611857382
0.959798291491409
0.9593004684234988
0.9590513378763685
0.9583039065852014
0.957306589086631
0.956667688337284
0.956347879904353
0.9553883887949995
0.9541078378405391
0.9532636957096545
0.9528409998177112
0.9515727954641289
0.949879717294544
0.9492664778571764
0.9480638412507577
0.9477994854867867
0.9474094841770336
0.9462393740988408
0.944677429871988
0.9442092769090475
0.9430786665968607
0.9424647177324754
0.9421574216033736
0.9412354641870992
0.9400050745055012
0.9392049279821604
0.9388043112209997
0.9376023418141305
0.9359978281010756
0.935933547913487
0.935023271718821
0.9338084941014788
0.9330504670445627
0.9326709727865597
0.9315323773804628
0.9300125671545856
0.9290754840807754
0.9286062119178531
0.9271982189081227
0.9253183356502663
0.9244445277951276
0.9240069946731784
0.9226942355395513
0.9209416738051006
0.919835370441546
0.9192812212564642
0.9176185100876882
0.9153980204450431
0.9139292483704313
0.9131931254671042
0.910984275111951
0.9080329120195059
0.9076374327749901
0.905831839321857
0.9034202448943178
0.9031476140207221
0.9013866829990255
0.8990348587818201
0.8978550302485123
0.897264031550215
0.8954906786093739
0.8931222434436407
0.892005763868737
0.8914465603902302
0.8897686146615374
0.8875278215725466
0.8862733471374247
0.8856449121383938
0.883759166356792
0.8812403771757755
0.8801009050769987
0.879530186279454
0.8778176467393022
0.8755305877664138
0.874279070048248
0.8736521406233769
0.8717708699511095
0.8692580709984554
0.8676700654776036
0.866874195813532
0.8644857741633706
0.8612940221437931
0.8609186860289897
0.8601742468614877
0.857940178875733
0.8549551075885292
0.8535890473754613
0.8529046443370268
0.8508507631282154
0.848106885985027
0.8467487037214344
0.8460682620300273
0.8440262377591108
0.8412981825326449
0.8399848164775257
0.8393268693290146
0.8373523408244758
0.8347145674882748
0.8332764808065941
0.8325559179858391
0.8303933654180841
0.8275037830883147
0.8257654194402443
0.8248939998706883
0.822278410469903
0.818781696936867
0.8181013920648716
0.8157480849132651
0.812602705628478
0.811104975583
0.8103543918865215
0.8081015465184366
0.8050905672816902
0.8036643048966609
0.802949581715321
0.8008043695127933
0.7979373853241434
0.7962922915858373
0.7954675804829017
0.7929919909435762
0.7896819529098162
0.788156417756674
0.7873917154782143
0.7850962916626913
0.7820274793660862
0.7803759230424223
0.7795478053202711
0.7770618330518424
0.7737371188395126
0.7722020710415521
0.7714324325593098
0.76912205250563
0.7660324737100122
0.7644218573895131
0.7636141311600159
0.7611892688570068
0.7579456794274707
0.7563394957444035
0.7555338843628672
0.7531153045819131
0.7498796767318402
0.7482975737200466
0.7475039625509164
0.7451213686420501
0.7419335762981327
0.7403259668461614
0.7395193992382526
0.7370978117389559
0.7338571657319373
0.732234593414068
0.7314203623864415
0.7289756832456167
0.7257035058407955
0.7239983193021738
0.7231423307685922
0.7205720996882214
0.7171306042306186
0.7154607049889132
0.7146223509625779
0.7121050524708255
0.7087341990888143
0.7070283575894005
0.7061717520586497
0.7035995401256867
0.7001543100814969
0.69845573959825
0.6976026731299289
0.6950410440276451
0.691609597068086
0.6898807282026216
0.6890122685566172
0.6864043222446916
0.6829101322016095
0.6811800407299442
0.6803108740942313
0.6777007603033364
0.6742033438458127
0.6724485229803934
0.6715668148547996
0.668918965077193
0.6653705228433097
0.6636071458160987
0.6627210915710187
0.6600601480435636
0.6564939948488336
0.6547065189115386
0.653808313828114
0.6511108200516266
0.6474955026629028
0.6457062217609626
0.6448071692795517
0.6421071133910351
0.638488589977107
0.6366697940334586
0.635755961311117
0.6330114617334026
0.6293335036771586
0.6275132521029531
0.6265988635892171
0.6238526900712116
0.6201731146682843
0.6183326956873458
0.6174083774605325
0.6146323517959204
0.6109134345449707
0.60906323643475
0.6081343004728608
0.6053443953321075
0.6016078751038966
0.5997440669623608
0.5988086590880055
0.5959993006298512
0.592237920739012
0.5903720008825509
0.5894359885140362
0.5866248153555358
0.5828625237982541
0.5809971313000326
0.5800619120191615
0.5772531219851115
0.573495762023279
0.5716266754779379
0.5706901962702488
0.5678776109329754
0.5641170941952656
0.5622428605823564
0.5613044656939363
0.5584861047963746
0.5547199929706168
0.5528519053619497
0.5519173242768178
0.5491104015627618
0.5453619328051836
0.5435053935678247
0.5425773821793876
0.5397901692931161
0.5360705347091503
0.5342220165133016
0.5332988592756729
0.5305261823951776
0.5268285873029773
0.5249955112409906
0.5240809534828756
0.5213340545703976
0.5176735903648202
0.5158570839606599
0.5149517204099123
0.5122323672210461
0.5086114514796675
0.5068177286386343
0.5059246721078603
0.5032422020446273
0.4996732840664754
0.49790273000661533
0.4970221888990776
0.49437720500275867
0.4908610953134387
0.48911925061295347
0.4882539785801761
0.48565473654611796
0.48220236718581305
0.4804917671218684
0.4796430199814543
0.4770932708828299
0.47370957173855477
0.47203477899652196
0.47120480310632484
0.46871127724553485
0.46540508821377385
0.46376670295570205
0.46295579078984606
0.4605193407951695
0.4572917350039978
0.4556933224017573
0.45490322164828756
0.45252907735979186
0.4493868932063483
0.44783127764348307
0.4470633694025199
0.44475565790132865
0.441704274351271
0.44019335745968646
0.4394485735175989
0.43721006897759773
0.4342530942313109
0.43278846029391826
0.43206758342854795
0.42990060961267906
0.42704107752535836
0.42562476422956685
0.4249288035224191
0.4228363632427973
0.4200782111089685
0.41871213999902285
0.4180420537984178
0.4160269942828237
0.4133739692311495
0.41205996237734305
0.4114166669915856
0.40948170511284276
0.4069373966450688
0.4056777041787486
0.40506232579300616
0.40321080719189684
0.4007796258120993
0.3995724735673724
0.3989842287969043
0.3972137289365497
0.39489265462147083
0.39374501783125415
0.39318729283351683
0.3915079669472918
0.38931019812386713
0.38822144061625
0.3876940001789526
0.3861050647809833
0.38402969365814366
0.3830003502805549
0.3825035348904519
0.3810059290340814
0.3790542984363541
0.37808772202471413
0.3776231941859748
0.37622184808749065
0.37440038184162017
0.3734979076382637
0.37306638756159005
0.37176336830266277
0.3700748285828091
0.3692389089995365
0.3688416339547263
0.367640566186773
0.3660896674992068
0.36532151826829545
0.36495916685567464
0.36386196069010807
0.3624512598452443
0.3617527319841861
0.3614262850433625
0.3604357486046019
0.35916893508672115
0.3585425728287422
0.3582533207481164
0.35737319301103926
0.35625508376081017
0.3557026124979064
0.35545149809900084
0.354684427061303
0.3537185018988702
0.35324214722635494
0.3530303451109253
0.3523796623901388
0.35157023489479483
0.35117219233047914
0.35100088262991963
0.3504699017797742
0.3498212691470168
0.3495038335336615
0.3493742623420913
0.34896645785621777
0.3484831216296649
0.3482486795420324
0.3481621657681115
0.3478811813356572
0.34756787072014306
0.34741898438196367
0.3473769621588849
0.3472267299448199
0.3470885482053155
0.34702798817868924
0.34703203623300793
0.3470168461235619
0.3470593709630244
0.34709021048885796
0.34714212125820393
0.3472667970406151
0.34749633004422714
0.34762213597412306
0.34772403266974783
0.3479942437579114
0.34841822459036964
0.348643395809253
0.34879796351033754
0.3492208300445025
0.3498486820646701
0.35017922311368865
0.35039021846572466
0.3509756627390183
0.35182066604645423
0.35226606282530326
0.35253955086908506
0.35330358103597176
0.35438742711140403
0.3549663145018047
0.3553144607083144
0.35628920807546405
0.35765597180769876
0.35842208872934733
0.3588810204179172
0.360161631689944
0.3619432966398777
0.3629897601636545
0.3636222400746212
0.365371087692239
0.3677870233398616
0.3687273083172692
0.3706784978167095
0.37109935114906706
0.37239596977577877
0.37415313022776825
0.37441198696575406
0.3748376450105614
0.3760524273746705
0.37769110781950205
0.3784228391587704
0.37882025736275143
0.3799589713214217
0.3814893073996624
0.3821824785923505
0.3825557862939189
0.38362852331880254
0.38506616655440246
0.3857216509992526
0.38607228458122766
0.38708222773406636
0.38843275952238704
0.3890468914233713
0.38937343557051124
0.39031610476246176
0.3915745119177293
0.39214342009688274
0.39244425180438014
0.393314691702365
0.3944751766311102
0.3949944275509074
0.3952675456354154
0.39605978508687556
0.397115073781482
0.39727877057921407
0.3975219976746896
0.39822960279402814
0.3991717526392385
0.3991992907566397
0.3994069985968114
0.4000135766825231
0.4008211442669295
0.40125017507215804
0.40147408398619067
0.4021263118373442
0.40299413494940844
0.4034589828311466
0.40370259332554637
0.4044099804149658
0.4053506021383265
0.40585138334660886
0.4061150316392801
0.40687801810050783
0.40789200466463704
0.4084425111582113
0.4087342904875914
0.40957479058491786
0.4106911929589119
0.4113199133223438
0.41165675557699366
0.4126202436332223
0.41389925997908694
0.41464391664625355
0.41504950527649653
0.4161976657912017
0.41772086401922676
0.41863191388904264
0.41914050939979514
0.420559046817535
0.4224394126816071
0.4234846183582573
0.4240810669561063
0.42572325545042383
0.42789931806904535
0.4291481103851927
0.42988457383334294
0.4318748343903555
0.4345069195860597
0.4361059442429557
0.4371012216158683
0.4397106915003533
0.44313906109436685
0.44514984018618603
0.4464790989472508
0.44984453220677845
0.4542130248222858
0.45767260678441307
0.4606221701847949
0.4672977743134253
0.4753387107366217
0.48095135106524783
0.48352636124286147
0.48535618318460616
0.48972827049075146
0.49523646184500275
0.49845202357132684
0.5011177966907073
0.5070947413191482
0.514263161625754
0.5179693415335143
0.5212279842903313
0.5282052892859195
0.5361837381253393
0.5399369906938002
0.5431524144682186
0.5499042179703568
0.5574982293303732
0.561053796267381
0.5641881434851626
0.5706297589957878
0.5777588445287981
0.5810870503790442
0.5841366451596747
0.5902546789489937
0.596911706618371
0.6000086134412532
0.6029756495951777
0.6087763967496935
0.6149789829413747
0.6178538661604976
0.6207451248067926
0.6262498181815493
0.6320326116004451
0.634703103791756
0.6375281293988951
0.6427665256672257
0.6481725470604319
0.650659877140234
0.6534290729853963
0.658433434761844
0.6635068209202684
0.6658322569831719
0.6685555055808561
0.6733564319147698
0.678137770722819
0.6803205175315276
0.6830064112276941
0.6876305817661388
0.692154613462833
0.6942108796116035
0.6968664274151465
0.7013357818698295
0.7056307685441588
0.7075735980758503
0.7102042344082332
0.714536041119911
0.7186241177963059
0.7204636430924299
0.7230733956580622
0.7272807787305222
0.7311787763653547
0.7329226564488787
0.7355143773970888
0.7396070191922172
0.7433274374418429
0.7449813406781141
0.7475569451656964
0.7515418014500199
0.7550937532547022
0.7566618106198694
0.7592224945554931
0.7631044415659378
0.7664944862386948
0.7679796831632222
0.7705261088384213
0.7743084910549868
0.77754132810775
0.7789458264309537
0.7814782740493795
0.7851633484145459
0.7882423736388737
0.7895677670590862
0.7920862547177777
0.7956755400015466
0.7986032786902667
0.7998507901445685
0.8023551665973161
0.8058497115573239
0.8086281482620613
0.8097987790511947
0.8122887938985676
0.8156893786531034
0.8183202028623908
0.8194148429365442
0.821890198486804
0.8251974823020382
0.8276822674269652
0.8287017751130985
0.8311621634515732
0.8343767901627666
0.8367171205649107
0.8376623787068198
0.840107506672288
0.8432301767987194
0.8454277349662108
0.8462984810601548
0.8487309070612034
0.8517652853959026
0.8538218879246505
0.8546232216429976
0.8570368761331467
0.8599779195557448
0.8618955441798465
0.8626241377117531
0.8650216142795085
0.8678732860886965
0.869654278811607
0.8703129340703504
0.872694165949093
0.8754577787308808
0.8771046101134397
0.8776946929244748
0.8800596420087782
0.8827366376471051
0.8842519812479865
0.8847749376659109
0.8871236257590064
0.8897156010820932
0.8911023206572453
0.8915596880783699
0.8938921948105605
0.8964008910617388
0.8976620236512038
0.8980554218082738
0.9003718811717414
0.9027991705506061
0.9039379067634028
0.9042690273299553
0.9065696235472243
0.9089174942237195
0.9099371568706898
0.9102077524916796
0.9124927154672261
0.9147632557271393
0.9156672778610273
0.9158791509182419
0.9181487514879045
0.9203441337177023
0.9211360365446543
0.9212910281663472
0.9235455732550889
0.925668038012072
0.9263514094953893
0.9264513887211824
0.9286912166536049
0.9307430574095563
0.9313215315541293
0.9313683852644891
0.9335938611579777
0.9355774096098373
0.9360546472071734
0.9360502704998424
0.9382617817514171
0.9401793940705537
0.9405590644522277
0.9405053517955454
0.9427033040593756
0.9445573482026431
0.9448431127135926
0.9447419498717847
0.9469267631012354
0.9487196071382182
0.9489151039578185
0.9487683606770875
0.9509404655683193
0.9526744670063257
0.9527832976828813
0.9525928210514385
0.9547526557317089
0.9564301521143022
0.9564558691584966
0.9562234781353204
0.9583714851483716
0.9599947853069216
0.9599408824744758
0.9596683619539506
0.9618049857816233
0.963376363118388
0.9632462643344313
0.962935362371607
0.9650610468769326
0.9665827319453697
0.966379786065934
0.9660322088218948
0.9681473943337601
0.9696215698514002
0.9693490418496323
0.9689664506596635
0.9710715738539135
0.972500370103979
0.9721614368345596
0.9717454461355328
0.973840937204785
0.9752264286935454
0.9748241729976095
0.9743763491286063
0.9764626304971121
0.9778068309233613
0.9773442422610031
0.9768660995471509
0.9789435841782876
0.980248446759685
0.9797284119408146
0.9792214158300696
0.9812905071576115
0.9825579203288369
0.9819832287983148
0.9814487892488513
0.9835098814007567
0.9847416701179951
0.9841150085017555
0.9835544848896963
0.9856079599313519
0.9868058829587482
0.9861298349630293
0.9855445365225877
0.9875907637538708
0.9887565105714601
0.9880335676836652
0.9874247459973696
0.9894640807056307
0.9905992793824026
0.9898318206338093
0.9892006747410176
0.9912334705100933
0.9923396843980299
0.9915299920746308
0.9908776798410199
0.99290426584721
0.9939829900826602
0.9931332503001685
0.9924608698634981
0.9944815710429787
0.995534239687018
0.9946465466307315
0.9939551767429105
0.9959702707997284
0.9969982417644855
0.9960746019263559
0.9953652024860282
0.9973750240990902
0.9983796249986173
0.9974219224778001
0.9966954898059395
0.9987003018639138
0.9996827724767823
0.9986928352487642
0.9996652620882778
0.9998131161809444
0.999911625647732
0.9999999996263734