0.23515341603282092
0.23516456893180815
0.23517014637405873
0.23518687910603725
0.23520919322810177
0.23521200660246666
0.23521456174195804
0.23521512506771333
0.23521756603041014
0.23521873775860996
0.23521931652636843
0.23522105630497206
0.23522337140087168
0.23522468782889244
0.23522534602075454
0.23522732060286383
0.23522996195272297
0.2352312699738662
0.23523192904575016
0.23523391020845338
0.23523653018460566
0.23523792897563817
0.23523862466510953
0.23524069927585867
0.23524349941228492
0.23524491766371242
0.23524563646309854
0.23524779286895825
0.23525066813763632
0.23525502894504108
0.23525720949977
0.2352637773238079
0.23527241772833485
0.23527382653257659
0.23527696260414077
0.235278521098297
0.23528314074699447
0.23528949127908774
0.23529089534881215
0.23529263648619228
0.235293519534254
0.2352961686898218
0.23529968958362585
0.2353017563789853
0.23530278630543472
0.23530587610008963
0.2353100225788471
0.23531202380890784
0.23531303263943104
0.23531605914564235
0.23532006858410193
0.23532214457285655
0.2353231769162756
0.23532626779532456
0.23533039735380162
0.23533283923468012
0.23533406028701268
0.23533770887813585
0.23534262363829594
0.235345117435201
0.23534637774635464
0.23535015870241638
0.23535520016503805
0.2353578444274854
0.23535917023745873
0.23536314769229275
0.23536846829122707
0.2353714797798828
0.23537298409356425
0.2353775151042069
0.23538353256227706
0.2353868536375532
0.2353885053841473
0.2353934409535664
0.23540008931546333
0.235403270803832
0.23540487493614498
0.2354096873693315
0.23541606291610245
0.2354190897116265
0.23542059047749792
0.23542509280717253
0.2354310961800666
0.23543483094950152
0.23543670262327146
0.2354423288338508
0.23544974565765361
0.2354534708751975
0.2354553263303234
0.2354608597368354
0.2354682822281801
0.23547260735884934
0.23547478101925265
0.2354813020664707
0.23548996939546063
0.2354945128975882
0.23549677116627593
0.23550358645758157
0.23551250590250403
0.23551342645609785
0.23551533852318005
0.23552108617766465
0.23552873488114004
0.23553377499037326
0.23553628963403997
0.2355438037447796
0.23555392540632872
0.2355598238528355
0.23556279052405474
0.23557177901714466
0.23558342341348665
0.23558426508011007
0.23559169201629424
0.23560159532543068
0.23561776527250047
0.23562585231652333
0.23565021032988248
0.23568216045192014
0.23569180688663205
0.23569762151260104
0.2357004868244705
0.235709048917508
0.2357206186094135
0.2357262983124744
0.23572919130463196
0.23573785330183158
0.23574935266629193
0.23575520588269877
0.23575811024029855
0.23576678905408527
0.23577855341587323
0.23578095031432256
0.2357837151603265
0.235792026134827
0.2358029481446983
0.2358084872430202
0.23581120558899152
0.23581936072916437
0.23583023512984816
0.23585042606312995
0.23586054715058952
0.23589061334029168
0.23593199552527788
0.23593712522667692
0.23594188864633814
0.23595629191783127
0.23597510945508388
0.23598407326084397
0.2359884361458648
0.23600149931914896
0.2360191716809485
0.23602699916485562
0.2360309997037355
0.2360429076272567
0.23605906064749793
0.23606738271719407
0.23607164477404544
0.23608433122943556
0.23610164815269824
0.23610964546558122
0.2361137557364229
0.23612615935117306
0.2361425019703703
0.2361511947464251
0.23615548549794488
0.2361684083996274
0.23618546909604174
0.2361954829008176
0.23620043956970188
0.2362153972617924
0.2362349802220298
0.23624504555346698
0.2362499510238701
0.2362647831589802
0.23628435030591538
0.23629549178290263
0.23630103438059527
0.23631763021104643
0.23633973506730402
0.23635168299654202
0.23635761863157584
0.23637563475959888
0.23639901709614491
0.23641164305040857
0.23641781611947243
0.23643626398553902
0.23646080670106542
0.23647256309315925
0.23647837857486703
0.236495961470115
0.23651908620461218
0.23653966487793765
0.2365498335761778
0.23658069754335392
0.23662089154242255
0.2366414693771632
0.23665152825944075
0.23668147253474933
0.23672258682927919
0.23674140082841535
0.23677265820158466
0.2367866809230486
0.2367939216626252
0.2368158547295654
0.23684447492213104
0.23686142250261402
0.23686971591871117
0.23689464507583605
0.23692782786345926
0.2369435911006495
0.23695150279045718
0.23697501108863972
0.23700714377575294
0.2370222239489893
0.23702995186746764
0.2370532257247452
0.2370842414670162
0.23710176723991463
0.23711052899201396
0.23713691607652135
0.23717176389754338
0.23719203758499663
0.23720205413839957
0.2372323359620657
0.23727229984644552
0.23729285977788914
0.23730311834472387
0.2373337782929614
0.23737457459588363
0.2373945870042523
0.2374045126093613
0.2374344611600949
0.23747381773678114
0.23749747242205965
0.23750917298908203
0.23754394361538994
0.23759160653754757
0.23761269855036293
0.2376236366643698
0.2376562665128297
0.2377002936459315
0.2377282260135007
0.2377422528486999
0.23778449563161672
0.23784062895364996
0.23787937011594554
0.2378986521161214
0.23795661234015666
0.23803355484423028
0.23807290996078664
0.23809249963413714
0.23815127380461415
0.23822920878875312
0.23824188641774138
0.23825860635022664
0.23830914517018262
0.23837487698286303
0.23838380659133468
0.2383987970785266
0.2384437715576371
0.2385037640340517
0.23853463661024865
0.23855010052031678
0.23859666775970084
0.23865782526732132
0.23868915604900656
0.23870460954509554
0.238751058895385
0.23881236393101538
0.23884711052054108
0.23886433637454071
0.2389161130672228
0.2389842497378304
0.23901767598277235
0.2390341426654019
0.23908318421670832
0.23914966049520375
0.23918461642237282
0.2392024559276195
0.23925588073659462
0.23932728224260788
0.23936385229612592
0.23938218638967798
0.23943689240267343
0.2395104753016669
0.23955779389975343
0.2395815402779125
0.2396529167295367
0.2397476980132235
0.23980535939188036
0.23983409707175415
0.23992000925949472
0.24003639365908064
0.24005017748739974
0.2400773124649484
0.24015858090228503
0.24026690493395209
0.24032515512291755
0.24035421081928568
0.2404417007363293
0.2405567161658972
0.24058008306353723
0.24061015234061095
0.24069957177105156
0.24082164841624165
0.2408757050998878
0.240903545672854
0.24098752018012143
0.2410974407239799
0.24115406107426984
0.2411819940205869
0.24126477665752033
0.24137815111526584
0.24143740253763415
0.2414678259348942
0.2415586310565503
0.24168111078907906
0.2417544057445824
0.24179139256764284
0.24190256422920398
0.2420506940557088
0.24215628622224486
0.24220922162637457
0.24236670057696436
0.2425822641893809
0.24261672335365367
0.2427848590656408
0.24286349632859525
0.24298588474549407
0.24306103745787289
0.24309839576896747
0.2432112493856466
0.24336048655981013
0.24345930963995385
0.24350838423231005
0.24365588712481112
0.24385303714851841
0.24396449726189234
0.24402015550782422
0.24418828187683542
0.24441076721256913
0.24453433371250904
0.24459581028304075
0.24478013880832988
0.24502684779328215
0.2451678968918988
0.2452384531144422
0.24545087580073113
0.24573523832145464
0.2457422691513947
0.24579889607720115
0.2459681395861573
0.24619678541076653
0.24631320286072958
0.24637232043459498
0.2465490180039936
0.24678622821653184
0.24695457412470143
0.24703904741990132
0.2472941460918906
0.2476292197799063
0.24766005593140683
0.247770202283479
0.24810181994139097
0.24854402879955512
0.24876274393865455
0.24887207336602188
0.2492017028317903
0.24963851598459272
0.2497235780256039
0.25002360052732137
0.2501575577581785
0.25022631054196676
0.25043157188300724
0.25070973088354026
0.2508462579739733
0.2509158045299803
0.2511242046908057
0.2514036409138644
0.2515855032210145
0.25167706418624364
0.2519508761483986
0.2523202446944557
0.2525031342795328
0.2525960382717462
0.2528742745899984
0.25324615167301284
0.25343954680283287
0.2535363850920047
0.2538268197797931
0.25421579615828405
0.2544702446905853
0.25459826570561017
0.25498279698658716
0.25549587506621196
0.2558265409538919
0.2559920593173916
0.2564902755836535
0.25715514630804376
0.25759625818173415
0.25781796342406005
0.25848454731279774
0.25937126653816245
0.25969857180401396
0.2603408990851568
0.26047767317103354
0.26068575474284644
0.26130790908114604
0.2621519026287968
0.26239808334922565
0.26300889278779044
0.2633393004070554
0.2635058867783218
0.2640059943813853
0.264675720446189
0.2651120372854622
0.26533156832828264
0.26599223384768206
0.26687077197855325
0.26691047842687915
0.2674147751866452
0.2680878526561533
0.26851095523472956
0.2687231345634346
0.26936023217189003
0.27021431990707795
0.27074236101700155
0.2710082397151589
0.27180756119427346
0.2728760238858314
0.27337908683853157
0.27363065627970307
0.2743872459212267
0.27539940712234456
0.27604275006623336
0.27636668418077415
0.27734022528330415
0.2786467236672786
0.2795169136722538
0.2799563320685974
0.281276667987022
0.28305582953666586
0.28329625225258026
0.2843935644480409
0.285876336289365
0.286040969418546
0.28712982102094897
0.28858994711260055
0.2893296950380586
0.28970182799808436
0.29081924441115226
0.29232435963792186
0.293035126273584
0.2933943580722611
0.2944729950307648
0.2959239219463021
0.2967392587153402
0.2971509777025297
0.2983874998721389
0.3000547763593813
0.3008102945300002
0.30119226710821345
0.302339327569938
0.3038834003457249
0.30473087638825147
0.30515906224177336
0.30644694063216144
0.3081767362860676
0.3092792164442366
0.3098364145590409
0.31151136355814857
0.31377210336698785
0.31403773464096535
0.31457127237593385
0.3161749316516538
0.31833883690096326
0.31933458152788097
0.319837872951151
0.32135071682174454
0.3233901275969667
0.32440457809879164
0.324917569040915
0.32645912088102724
0.3285382595843986
0.32954332437729095
0.3300516445571016
0.331579389204899
0.3336379746385688
0.3347662881087151
0.3353370174638821
0.3370537345476469
0.33936631659175387
0.34076867840419944
0.34147925991074574
0.34361602624779497
0.3465064155251974
0.34707237328837237
0.34904323789915065
0.3517052265357963
0.3529812380533466
0.3536271772709793
0.3555692259702676
0.358192240357108
0.3594416078868504
0.36007417660541247
0.36197630817566206
0.3645418096110495
0.3660245033396854
0.3667759592978113
0.3690360632064892
0.3720924538264689
0.3735111649616891
0.374230031663825
0.3763921457790952
0.3793122440726767
0.38089603874754957
0.38169919567050653
0.384115255544251
0.3873848255125195
0.38890547292853495
0.3896765797703991
0.3919962094766617
0.3951320072719787
0.3967793976311954
0.39761535667137016
0.40013042884683775
0.4035346174826045
0.4052323078106958
0.4060942604575234
0.4086878049040073
0.41219895270646234
0.4140205396342059
0.41494614519767464
0.417731768052658
0.4215074064741864
0.42337600133219977
0.42432598341936734
0.42718502294239
0.43106165214594705
0.43300647695343203
0.43399587213098395
0.4369737202295582
0.44101337533138285
0.4430690753941828
0.44411560928230853
0.4472659361922845
0.4515424333493578
0.4537125341167799
0.4548179681455429
0.45814598619276564
0.4626668940312223
0.4649248292912037
0.4660754494838532
0.46953955410503134
0.47424694676662504
0.47660887903138527
0.47781293071016046
0.481438135167699
0.48636590790352996
0.4888497028091119
0.4901162345832183
0.4939300014977698
0.499115340503864
0.5017461564821625
0.5030879936977138
0.5071290670864465
0.5126252361441546
0.5154134430712178
0.5168357977250131
0.5211198193016094
0.5269486635510259
0.5298646524360434
0.5313521435807272
0.5358327332550157
0.5419287667558622
0.5450138118434096
0.5465875995314212
0.5513288398668046
0.5577806212175832
0.5610358252162888
0.5626963648966646
0.5676994662121503
0.5745085401275823
0.5779349240295524
0.5796826343416127
0.5849488699220436
0.5921169286464684
0.5956946671968713
0.5975192428048688
0.603017552481186
0.610500318103229
0.6142837578370213
0.6162131295711215
0.622028009769116
0.6299426066482354
0.6339329322131763
0.6359675919595343
0.6421005174034372
0.6504486866224357
0.6546444498775228
0.6567835360957159
0.6632319136456424
0.672009413437602
0.6764273259071724
0.67867931065652
0.6854688448296333
0.6947106230396444
0.6993721865293036
0.7017480011016182
0.7089117809352584
0.7186632708680749
0.7235709606111786
0.7260716986819759
0.73361296397982
0.7438781124015413
0.749037505161589
0.7516658700446665
0.7595928017330682
0.7703820781336962
0.7758111318497597
0.7785761377320661
0.7869161206539815
0.7982665924464053
0.8039782355398326
0.8068862810965521
0.8156586298466175
0.8275963254379178
0.8335966553683523
0.8366506331129054
0.8458641501298828
0.8584000297734226
0.8647156558378921
0.8679289405252917
0.8776240763017836
0.8908135871961572
0.8974378024194436
0.9008066677764445
0.9109721854460217
0.9247982805528125
0.9317573057679494
0.9352948845008942
0.9459705338523187
0.9604874284857534
0.96778329754478
0.971490295061867
0.9826783022950669
0.997887511750892
1.0055472309310718
1.0094371032002007
1.0211782558400333
1.0371352504242328
1.0451600207149483
1.0492330289229843
1.0615281419604752
1.0782325190971904
1.0866458324958097
1.0909135724722423
1.10379785014782
1.121297053104504
1.13010579422707
1.1345713797940968
1.1480542668576137
1.166359901397385
1.1755775968198428
1.1802474812190544
1.1943485598892254
1.2134864008186057
1.2231144511720096
1.2279889048749555
1.2427090870547906
1.2626784695673063
1.2727435313412938
1.2778355666525625
1.293214368909021
1.3140683944031835
1.3245704900262598
1.3298795792139668
1.345915485672224
1.3676500797749664
1.3786045330671888
1.3841378144078296
1.4008525768914724
1.4234957637275019
1.4349104675575461
1.4406712503586128
1.4580750108318503
1.481638617677721
1.4935206826535246
1.49951179675436
1.5176132893407492
1.542106971959778
1.5544539139075848
1.5606732184207375
1.5794660714494826
1.604878649474818
1.6176928427129271
1.6241406307287585
1.6436259371936321
1.6699563113758504
1.6832837697964922
1.6899822621551734
1.7102279018472533
1.7375661294628013
1.751347258921142
1.758265231996671
1.7791764720611538
1.8073900275615318
1.8216510515404893
1.8288005320260239
1.850414397561267
1.879550826076
1.8942763693235882
1.9016483538426248
1.9239378898683446
1.9539573514566269
1.969139152061554
1.9767281591380348
1.9996772662238316
2.0305546406781696
2.0461790635570063
2.0539768473909144
2.077561090703535
2.109259997263711
2.1253029995127752
2.1332961027929955
2.1574752864683657
2.1899380616950817
2.2063822341521853
2.2145604551236393
2.2393044284152803
2.2724871553266577
2.289300390870275
2.2976462350376896
2.3229027423245054
2.3567318249713205
2.3738888185865656
2.3823881255093706
2.4081152186952597
2.4425311758649095
2.459994941538095
2.468627802379619
2.4947661363148077
2.5296863469646467
2.5474222620535865
2.5561699197111625
2.5826638106231896
2.6180108603619954
2.635977028099214
2.6448171854598965
2.6716003131102863
2.7072827856440504
2.725437768963604
2.7343483350218394
2.7613551263783194
2.797283044704493
2.815582701511151
2.8245403051440126
2.8517014566484926
2.887780128823916
2.9061804491064565
2.91516174872996
2.9424082192053707
2.978543614456489
2.9970034269027925
3.0059863988117628
3.0332533452979162
3.0693572731298455
3.0878419117436438
3.096807507795297
3.1240394551517126
3.160036167485504
3.1785262014098943
3.187462282300403
3.2146252854359068
3.2504672224379236
3.2689741771629213
3.2778824948107665
3.3049858870110636
3.340681538945161
3.359287605528578
3.368201290942095
3.395352242542943
3.43103593506325
3.450017599681421
3.459055070110297
3.486627266047264
3.5227745169784734
3.543237566304505
3.55287584871749
3.582367388514768
3.6208885863118474
3.6431295871608507
3.6534576445130686
3.6851853122904257
3.726439994548857
3.7386531685675064
3.768160712891371
3.768982129359704
3.775032167593755
3.7934846342717408
3.8176118729149713
3.8216704976036953
3.8268219997778585
3.842511605655201
3.8630470771746843
3.8722396948245312
3.8766386834969135
3.890018654185944
3.907544759482125
3.9155260376558605
3.919352972659859
3.9309795898759035
3.946213734369453
3.953188490811391
3.9565376574300224
3.9667010381727628
3.98001513904266
3.986090617810521
3.9890103924947575
3.9978595970303106
4.009441910648821
4.01468696955061
4.017207445691969
4.024835897065856
4.03480254212319
4.039254598464345
4.041391510094301
4.047849463510364
4.056262729700434
4.057590496772617
4.059371683425304
4.0647473261203
4.071730031541201
4.071880921034126
4.073299250783165
4.077574797173128
4.083117628202008
4.086098760324449
4.08750261247004
4.091731355508422
4.097145783412535
4.0999864589716815
4.101291580946657
4.1052176918773595
4.1101393728866915
4.112653499790997
4.113758314373291
4.117076618255244
4.121072200888995
4.123069987987741
4.123862801902578
4.126241618019611
4.128824579070875
4.1300156560304995
4.1303238994585145
4.131252322770959
4.131669751874728
4.131516858364896
4.131043226692527
4.129638190689104
4.1266329931462264
4.124250410348476
4.122526124323793
4.1173845677095295
4.109008414425979
4.103614218641683
4.100381692595794
4.090692829850449
4.07618181188861
4.066824690247514
4.061633633318238
4.045980731925531
4.0234816030662035
4.008223598639509
4.000215655500927
3.9758482178432444
3.941798055954008
3.919495399225206
3.908479244995886
3.8744170118963455
3.8281800314321215
3.791453233383228
3.7749104854884545
3.721703375976165
3.6520857877106008
3.6210038824787976
3.5705994137642802
3.5443565948479656
3.533139141293717
3.4964846207494933
3.449333382143768
3.415142788697287
3.4018516279716935
3.3556594288110073
3.2979515496886944
3.2599683452405657
3.2468461735621394
3.1976879032668624
3.138026725031078
3.1033969683915013
3.0923126417885802
3.0490098588201233
2.996650682438024
2.965513302267684
2.956001930233012
2.9174717247978545
2.870913623870759
2.8425461539059493
2.8342127785967612
2.7993599735683343
2.757268639121863
2.731112752318504
2.7236926871486866
2.691772753081307
2.653279561171813
2.6289614125749554
2.6222863325564205
2.5928184852723866
2.5573701153479687
2.5346451877834957
2.5286055512859633
2.501271359166417
2.4684908343856016
2.4471884940830564
2.4417051255324367
2.4162711838768987
2.385868051154079
2.365853349705489
2.3608616966764875
2.337135307960919
2.308861579378562
2.2900162891621303
2.285460041737982
2.263270591801608
2.236905187670075
2.219121567760701
2.214950928014173
2.1941449155829167
2.169490570142271
2.15267071262949
2.1488421386613257
2.1292828918245923
2.106166115215377
2.09022251201562
2.086698526554018
2.0682662492750654
2.04653664381354
2.031392267067889
2.028140974467828
2.0107318654263033
1.9902601710741719
1.9758478164611548
1.9728421925989592
1.9563667459395755
1.9370420844193075
1.9233032401659371
1.920520345564254
1.9049012820305873
1.8866281925386155
1.873511746085008
1.8709319772480195
1.8561021806909512
1.8387978504738294
1.8262588456421922
1.8238652843943046
1.8097659568207594
1.7933578396900196
1.7813563903525047
1.7791342694560834
1.765713386357754
1.7501372572379335
1.73863764984252
1.736573929536897
1.7237849981780526
1.708983413717936
1.6979533907499955
1.6960364304484365
1.6838375159906158
1.6697586191332896
1.659168818466169
1.6573881252152538
1.645741097349233
1.6323376977498956
1.6221612188247543
1.620507255316812
1.6093772090535137
1.596606077489665
1.586818147761095
1.5852821853450334
1.5746369963507587
1.5624583220399275
1.553047274736693
1.5516206364488296
1.5414424249357748
1.5298285731771992
1.5207545029225396
1.5194308887617873
1.5096688824991122
1.49856741968356
1.489815280287078
1.4885872804455125
1.479227741211716
1.4686163037706352
1.4601709889785985
1.4590321822293892
1.4500512794011768
1.4399002505525047
1.4317444936508825
1.4306889060327141
1.4220642629011033
1.4123458919127716
1.4044635065851334
1.4034855667132022
1.3951962657305275
1.3858846149776274
1.378260449309095
1.3773549560294203
1.3693814291320519
1.3604522384392987
1.3530721005896413
1.3522341950405228
1.3445581260922554
1.3359886921476822
1.328839283772044
1.3280644247849474
1.3206686625922055
1.312437731161201
1.3055065875691763
1.304790529705317
1.297659009649136
1.2897466786685143
1.2830221138039675
1.282360887514308
1.2754785600225897
1.267866190589653
1.2613372470725424
1.2607271405826121
1.2540799056534124
1.2467500408530117
1.2404064432073532
1.2398439859025463
1.2334186322461471
1.2263549217188632
1.2201870335252336
1.219668980504821
1.2134531297196045
1.2066402596286134
1.2006390433669145
1.2001623611357488
1.1941444150743186
1.1875680424757844
1.1817250219619366
1.1812868751700452
1.1754559667156759
1.1691026590633302
1.1634098841619933
1.1630076230418995
1.1573535704522044
1.1512107488490788
1.1456607623789894
1.1452919110439916
1.1398051754203136
1.1338610593409528
1.1284468674183992
1.1281091130402305
1.1227807571430568
1.1170243174021526
1.1117393576762569
1.1114305400143505
1.1062521914695302
1.1006730968695981
1.0955112171398773
1.0952293188958033
1.0901931341858675
1.0847817152325363
1.0797371398309186
1.0794802778993562
1.0745789062808406
1.069326112137313
1.0643934187919453
1.0641598353837565
1.0593863925941247
1.0542837409769057
1.0494578499725862
1.0492459045138958
1.044593940177811
1.0396334954361686
1.0349096340736235
1.0347177959691531
1.0301812666655117
1.0253555956205476
1.020729286871937
1.020556128281086
1.0161293701875673
1.0114315171821489
1.0068985520794316
1.0067427413661276
1.0024204461533834
0.9978438915264928
0.9934003258845441
0.9932606211133315
0.9890378185894653
0.9845764603230684
0.9802185861183661
0.9800938305309305
0.9759658483755289
0.9716139956839248
0.9673383075911935
0.9672274212417417
0.9631899013240488
0.9589421663805329
0.9547454209741434
0.954647399497586
0.9506962282488967
0.9465476531881386
0.9424267312183139
0.9423406347520733
0.9384719856738104
0.9344178034213518
0.9303698699189806
0.9302948260159223
0.9265051039652679
0.9225409172773241
0.9185632445322045
0.9184984400515039
0.9147842315497183
0.9109060048454011
0.9069959488122756
0.9069406302911711
0.9032987701847293
0.8995025820809475
0.8956577950378757
0.8956112512091209
0.8920387652294385
0.8883210151344217
0.8845392045440132
0.8845007787249862
0.8809949186186578
0.8773520330922809
0.8736311963175444
0.8736002937267952
0.870158279503794
0.86658753566642
0.8657335402203522
0.865603425356267
0.8651543890195882
0.8645585458033946