20000.
19997.098478896
19995.647876092
19991.296699233
19985.496603496
19985.073284522
19984.69865279
19984.13749532
19983.786084077
19983.61038076
19983.083280103
19982.380500924
19982.311174104
19982.169602789
19981.744894882
19981.178631771
19980.907614722
19980.772107566
19980.365591631
19979.823583305
19979.570255308
19979.443592505
19979.063608931
19978.556975459
19978.300240506
19978.171874258
19977.786780479
19977.273333705
19976.979231689
19976.832182293
19976.391040623
19975.802866941
19975.435727629
19975.25216049
19974.701469221
19973.967237884
19973.453191485
19973.196173227
19972.425138336
19971.397138217
19971.373028084
19971.138716767
19970.435799344
19969.498614691
19969.006933574
19968.761097536
19968.02360762
19967.040330197
19966.565468843
19966.328042383
19965.615779978
19964.666136391
19964.157230414
19963.902782271
19963.139457339
19962.121736263
19961.510503043
19961.204893429
19960.288092704
19959.065757361
19958.449683439
19958.141653586
19957.217592598
19955.985577954
19955.891413503
19955.189499277
19954.253652138
19953.623676894
19953.308696706
19952.363786024
19951.103974846
19950.398545775
19950.045840567
19948.987762407
19947.57707896
19946.808453919
19946.424152476
19945.271292629
19943.73424997
19942.973430927
19942.593032261
19941.451879856
19939.930445041
19939.18830875
19938.817250935
19937.704118976
19936.220039844
19935.468775199
19935.093153465
19933.966330782
19932.463999765
19932.218795251
19931.893365968
19930.917110048
19929.615509998
19928.88084722
19928.51352596
19927.411602854
19925.942466972
19925.05197994
19924.606751315
19923.271125197
19921.490429821
19920.632335863
19920.203302713
19918.916258765
19917.200329692
19916.320633153
19915.880799422
19914.561356571
19912.802235589
19911.880614279
19911.419819585
19910.037499554
19908.194555639
19907.200568764
19906.7035939
19905.21274382
19903.225117593
19902.088708841
19901.520528755
19899.816085904
19897.543722733
19896.455584893
19895.911538248
19894.279487649
19892.103628651
19890.973076215
19890.407824051
19888.712164018
19886.451509061
19885.288632783
19884.707220101
19882.963084138
19880.637807721
19879.515859453
19878.954909021
19877.272152779
19875.028699592
19873.825421273
19873.223809387
19871.419083087
19869.013036531
19867.921235626
19867.375357631
19865.737813716
19863.554632
19862.24972823
19861.597308443
19859.640177757
19857.030970424
19855.542859001
19854.798845055
19852.566970599
19849.591528547
19848.089023393
19847.33781341
19845.084354159
19842.080140117
19840.554168398
19839.79122649
19837.502576904
19834.451455104
19832.943379567
19832.189384742
19829.927572364
19826.912224082
19825.373937649
19824.604839131
19822.297722705
19819.221985428
19817.71457778
19816.960916895
19814.700106314
19811.686093716
19810.112865966
19809.326298881
19806.966785123
19803.821204267
19802.297224584
19801.535278666
19799.249616925
19796.202478639
19794.558063305
19793.735906801
19791.269642292
19787.981767945
19786.336813247
19785.514387116
19783.047313947
19779.758361897
19778.068706068
19777.223932217
19774.689827279
19771.311526115
19769.533200559
19768.644097698
19765.977029154
19762.421497836
19760.063479391
19758.884575591
19755.348286357
19750.634219001
19748.033324005
19746.733004851
19742.832561284
19737.633168796
19734.647559188
19733.154923633
19728.677694534
19722.709636471
19719.034012278
19717.19645693
19711.684818514
19704.338364581
19700.948675094
19699.254048901
19694.171045127
19687.395747596
19684.052141728
19682.380551624
19677.36663323
19670.68339615
19666.815618635
19664.882014934
19659.082344691
19651.352112445
19649.808344074
19644.472911834
19637.361256366
19633.951966539
19632.247543466
19627.135162214
19620.320725409
19616.544911347
19614.657276671
19608.9954627
19601.448920311
19597.572333073
19595.634326822
19589.82145818
19582.073649638
19578.565029208
19576.810954616
19571.549673946
19564.536833197
19561.041047735
19559.293389115
19554.051350315
19547.064151288
19542.983276796
19540.943158899
19534.824083245
19526.668297068
19522.337061036
19520.171803141
19513.677470588
19505.021722271
19500.92710667
19498.880121066
19492.740453683
19484.557238437
19480.321419352
19478.20385498
19471.852543188
19463.387349728
19459.143846982
19457.022442409
19450.659616538
19442.179086186
19437.29754424
19434.857232725
19427.538136648
19417.783630314
19411.660988427
19408.600391244
19399.421495197
19387.189720613
19381.143763436
19378.121491703
19369.057504396
19356.978783808
19351.329910558
19348.506091936
19340.037108623
19328.750898058
19322.209454828
19318.9395632
19309.133208607
19296.065813156
19289.215365867
19285.791054033
19275.521766009
19261.837888899
19254.012544176
19250.10106378
19238.371390267
19222.742944322
19214.989027552
19211.113241849
19199.490575311
19184.004625564
19176.104609971
19172.15582193
19160.314336589
19144.537067231
19136.503764912
19132.488377622
19120.447270903
19104.404250896
19096.773731562
19092.95961458
19081.52183426
19066.282119794
19057.446340902
19053.029986764
19039.787064708
19022.144154168
19012.907284393
19008.290531281
18994.446997838
18976.00463707
18965.811690968
18960.717270896
18945.442220463
18925.094629245
18914.944913436
18909.872096608
18894.661808323
18874.4004557
18860.923812537
18854.18909934
18833.999385995
18807.113397728
18790.035972695
18781.50307548
18755.927627728
18721.881201249
18721.533328119
18701.680436099
18675.242660691
18661.966841439
18655.332470797
18635.443507704
18608.957873233
18594.709577283
18587.589520353
18566.245704393
18537.825405782
18523.326054277
18516.080631287
18494.3613633
18465.441967275
18450.12730753
18442.474740809
18419.536080866
18388.995579384
18372.629768448
18364.452325138
18339.941828055
18307.312048547
18289.550618115
18280.676365219
18254.079434692
18218.677048866
18199.848283855
18190.441199137
18162.249110171
18124.727617031
18088.33186386
18070.161402082
18015.759463908
17943.478240561
17908.658910363
17891.274589769
17839.222817063
17770.055951584
17757.249324211
17704.454766039
17694.76986174
17682.306225683
17644.967968579
17595.306248285
17587.273075883
17574.949196844
17538.029351416
17488.923513066
17463.350478842
17450.577986933
17412.316535692
17361.431737033
17331.398280414
17316.401039632
17271.487139265
17211.783105484
17184.879862846
17171.444014019
17131.199464898
17077.686754344
17047.243022499
17032.041513069
16986.518272396
16926.009839403
16921.240019354
16907.569423058
16866.623867011
16812.184003574
16786.167046158
16773.173668404
16734.253851292
16682.501209858
16651.205090471
16635.579053144
16588.78887237
16526.60662531
16497.298966572
16482.664631787
16438.839474033
16380.587143859
16349.397575477
16333.825067215
16287.196483454
16225.232041671
16192.502993085
16176.163233423
16127.242820461
16062.245671258
16029.519522339
16013.181459466
15964.26712067
15899.28035342
15860.108419554
15840.55865731
15782.053841306
15704.383412672
15662.48500711
15641.577739896
15579.023242376
15496.006235361
15454.826188429
15434.277219531
15372.794103924
15291.197443496
15241.819709503
15217.190666132
15143.542068898
15045.898122997
14993.007160223
14966.63144078
14887.782361212
14783.296068672
14729.53642733
14702.72996076
14622.602922574
14516.445745615
14461.658820029
14434.342943874
14352.70450305
14244.571061287
14229.758712764
14200.687638071
14113.830282482
13998.846322401
13946.627379176
13920.59099689
13842.77312857
13739.692245254
13689.365341777
13664.27105854
13589.263880764
13489.894407955
13439.844641738
13414.88943477
13340.301495687
13241.495633886
13178.029077092
13146.409960957
13052.007087422
12927.190264681
12867.645205519
12837.975606213
12749.376646525
12632.195125568
12559.787325159
12523.739211973
12416.214465532
12274.282825105
12202.176581463
12166.282460526
12059.232381917
11917.962739001
11834.666223911
11793.236532923
11669.815636052
11507.26134699
11401.722958431
11349.317294933
11193.541119561
10989.160454973
10862.363970317
10774.050812588
10730.163847682
10599.572663254
10427.920083442
10321.025041185
10267.989132742
10110.511011446
9904.2907792669
9874.7231025414
9711.4787215763
9498.0097838835
9417.0082258464
9347.234738125
9312.5420966513
9209.2348463578
9073.27236048
8999.2003126989
8962.3913605617
8852.8653950404
8708.9100278953
8640.5430084124
8606.5610217718
8505.4148434443
8372.3999424674
8292.3857204041
8252.6658229063
8134.6440271097
7979.9029882319
7977.2110518874
7946.4945094765
7855.0527178301
7734.7650582349
7673.4324879464
7642.9488177683
7552.2224904343
7432.9271465028
7359.2505079518
7322.686501587
7214.0808787227
7071.7749021314
6999.0722298985
6883.6948005525
6858.0718151376
6830.5478548645
6748.6369890934
6640.9484356677
6590.6172922405
6565.5949455522
6491.0964761506
6393.0784729299
6340.0246255002
6313.6630319077
6235.2340971984
6132.1756011655
6084.3858020668
6060.6307475332
5989.9206165858
5896.9220925399
5852.0109058982
5829.6837411984
5763.2120603031
5675.7606646467
5631.0876321383
5608.8831431576
5542.7936398998
5455.8840841747
5414.7994876711
5394.3733516039
5333.5561033819
5253.531699697
5212.1814742115
5191.6285699295
5130.4548537629
5050.0097096048
5011.9678520799
4993.0545210869
4936.7416864823
4862.6446217385
4825.0015146969
4806.2893784126
4750.5872598155
4677.3206772228
4641.2936323278
4623.3843043417
4570.0698970089
4499.93914502
4465.6684547227
4448.6311075705
4397.9080813005
4331.1758856984
4298.1258529754
4281.6955294656
4232.7804482801
4168.4285120722
4137.2903469845
4121.8085979872
4075.7100833657
4015.0463995343
3985.0291694279
3970.1048138083
3925.6662723629
3867.1876798406
3838.4640612999
3824.1823547658
3781.6552733497
3725.6872545632
3697.9472473792
3684.1547921031
3643.0853168236
3589.0373117769
3562.680322451
3549.5745005677
3510.5455977673
3459.1737958202
3433.8023267999
3421.1864599681
3383.6162866439
3334.1637358462
3309.822704663
3297.7189075273
3261.6724476198
3214.2226705974
3190.9821864611
3179.4250349268
3145.0041234512
3099.6885518619
3077.3812462892
3066.2878665992
3033.2470903266
2989.7458876512
2968.4188350242
2957.8124263284
2926.2200461511
2884.6211562756
2864.1993354896
2854.0427049738
2823.7884008073
2783.9476276652
2764.3933302337
2754.667746872
2725.695814192
2687.5400117467
2668.8107633543
2659.4951414443
2631.7429234361
2595.1899329038
2577.2631540015
2568.3462547547
2541.780237615
2506.7858423029
2489.6089546606
2481.0646977572
2455.6074677692
2422.0703551626
2405.6165990496
2397.4316834603
2373.0436502839
2340.9117549975
2325.1432303766
2317.2988439686
2293.9241177265
2263.1241796595
2248.0089072052
2240.48917042
2218.0805489537
2188.5506384103
2174.0574833152
2166.8469366043
2145.3584688733
2117.0383037818
2103.1365561604
2096.2199521088
2075.6063221763
2048.4364642815
2035.0965723383
2028.4592384909
2008.6768391238
1982.6000912029
1969.7937842758
1963.4216839691
1944.4287964
1919.3904356521
1907.0904781636
1900.9700886175
1882.7265212408
1858.6738277307
1846.854154267
1840.9725334059
1823.4398193969
1800.3223329906
1788.9579157274
1783.302636473
1766.443838959
1744.2131048365
1733.2800350719
1727.8392256803
1711.6190570528
1690.2287808688
1679.7042287886
1674.4665528934
1658.8513155701
1638.2572859242
1628.1194652228
1623.07410429
1608.031638651
1588.1916589803
1578.4198260129
1573.5564789088
1559.0561619657
1539.9300486844
1530.5044563721
1525.8133165234
1511.8259942191
1493.3754883347
1484.277357716
1479.749099016
1466.2470444593
1448.4357570681
1439.6472261011
1435.2729775496
1422.2298158766
1405.0231301441
1396.5271967643
1392.2985142627
1379.6891390814
1363.0541012665
1354.8345585822
1350.743392838
1338.5438711496
1322.4490666148
1314.4860915308
1310.5226023318
1298.7036964826
1283.1107947062
1275.4023062344
1271.5654453713
1260.1239803556
1245.0286785934
1237.5475102178
1233.8238000803
1222.7197620576
1208.0696750601
1200.804402602
1197.1881674378
1186.4046733742
1172.1776234763
1165.1167640586
1161.602299854
1151.1223862339
1137.2960983433
1130.4265423073
1127.0073399309
1116.8116606647
1103.3607584443
1096.6700465527
1093.3399202957
1083.4100924503
1070.3104673174
1063.7874239099
1060.5408252332
1050.8603590557
1038.0903843409
1031.7200925113
1028.5496207397
1019.0965433087
1006.6274501689
1000.3965519112
997.29558068811
988.05022165164
975.85626419416
969.75117484534
966.71296776495
957.65533955622
945.71037855485
939.71750995093
936.73533157378
927.84546021322
916.12339894197
910.22820309373
907.29484594925
898.55137248624
887.02433897097
881.21172193057
878.31971248215
869.70050701164
858.3396636517
852.5921788736
849.73288445945
841.21240752166
829.98452620801
824.28294838051
821.44686373397
812.99702419906
801.86562596437
796.18715560919
793.36301775639
784.95056723069
773.87256203987
768.18804735036
765.36146746241
756.94397838857
745.86449156452
740.13306889328
737.28389422929
728.80201006712
717.64442519494
711.80070026326
708.89670625413
700.25561753852
688.89779204915
682.81148329285
679.78852283995
670.79970514981
658.99923526713
652.27965353126
648.94560019662
639.04534250916
626.07954810076
618.07218376869
614.10698796183
602.36337987334
587.0538296093
582.24634184403
571.14462830289
570.0704831444
567.66062854415
560.49201598254
551.07448967064
546.81783432339
544.70185226584
538.40290817883
530.11747942809
526.27638552662
524.36628791116
518.67749049583
511.18831660124
507.66140133152
505.90707924468
500.68040390982
493.79540494851
490.54437041489
488.92688837884
484.10637236436
477.7528685358
474.75391149052
473.26149967067
468.81235429725
462.94515649391
460.18599957651
458.81259387916
454.71692132261
449.31284090274
446.79437720408
445.54044385012
441.79971956139
436.86089711152
434.60650462827
433.48367468018
430.13256040232
425.70467253005
425.24222246896
424.27746482902
421.39630481859
417.58517031554
415.45558300226
414.39486538505
411.22893403454
407.04528546322
404.76627561436
403.63156006902
400.24646421919
395.77712366936
393.387347976
392.19787671472
388.65099901034
383.97167578819
381.48858895828
380.25307361271
376.57048451583
371.71578421611
369.1426751137
367.86280758136
364.04976852682
359.02712719245
356.35356719002
355.02426231132
351.06602616724
345.85694176325
343.11814152336
341.75688515662
337.70543380305
332.378112438
329.70241306661
328.37265158756
324.41546021102
319.21328702197
316.57020648741
315.25688423113
311.34951800511
306.21492659646
303.00998597233
301.42011653563
296.70038512552
290.52217027822
287.23121594294
285.59974479049
280.76072179372
274.43598998834
271.62132157971
270.22483126589
266.07829182965
260.64838037888
257.92920872012
256.58027910216
252.57567121057
247.3332514513
244.62366928852
243.28003000868
239.29323151552
234.07894647591
231.3463030014
229.99196739741
225.97634628697
220.73103634135
217.95282495635
216.57685969031
212.50086499291
207.18528314382
204.34215950232
202.93526187028
198.7724218895
193.35449875872
190.41465883602
188.96154342951
184.66839470758
179.09553985561
176.02838895921
174.51456774347
170.05076943426
164.2761401602
161.06608589387
159.48465821164
154.83293057701
148.84099507208
145.50911588938
143.87125107545
139.06744493337
132.91094664382
129.37940295225
127.64897679575
122.59532934234
116.16698271959
112.57349777722
110.81865766079
105.71656935761
99.277301815334
96.208453975393
94.709789322581
90.352417214286
84.852827547228
82.23645432823
80.958677633935
77.243241901248
72.553206603109
70.31906815239
69.227931323799
66.055060827143
62.049614791901
60.139572805505
59.206714634332
56.494066394249
53.069541587601
51.43535008512
50.637223126317
48.316384299493
45.386548438641
43.987839485366
43.30473332897
41.318408057148
38.810973130192
37.613668878805
37.028939912329
35.328730007139
33.182595845163
32.157727674177
31.657225543156
30.201974968041
28.365166457301
27.488001881705
27.059644647441
25.814210170352
24.242338685277
23.491712339638
23.125160390325
22.059465879959
20.714540996191
20.072319166695
19.758713921314
18.846991391029
17.696464670778
17.147102894529
16.878850777213
16.09901236544
15.114984879001
14.645155615423
14.415746181671
13.748855168427
12.907409435615
12.505685621307
12.309536954028
11.739357984917
11.019989710694
10.676574450212
10.50890108453
10.021515891004
9.4066483526778
9.1131434243281
8.9698432332342
8.5533215032848
8.0278895931349
7.7770969344516
7.6546541279204
7.2987712571677
6.8498647620538
6.6356161193196
6.5310180054412
6.227012892822
5.8435703852567
5.6605810787342
5.571246609341
5.3116137456657
4.9841598223493
4.82792927979
4.7516601278318
4.5300060140897
4.2504671142693
4.1170646439022
4.0519417971063
3.8626889435326
3.6240300484314
3.5101672630848
3.4545845136502
3.2930615923336
3.0893840422721
2.9922190506966
2.9447886156843
2.806960828569
2.6331725772432
2.5502732567773
2.5098075002381
2.3922221212124
2.2439660938011
2.1732517804087
2.1387347229392
2.038438204455
1.9119875481431
1.8516786959924
1.8222414223112
1.7367078590086
1.6288755795904
1.5774505630354
1.5523501196212
1.4794198673505
1.3874813010897
1.3436393570903
1.3222406501435
1.2600676747995
1.1816939925815
1.1443234373511
1.1260837077536
1.073090431896
1.0062916180092
0.97444259443681
0.95889810636752
0.91373669614209
0.85681266464049
0.82967378075103
0.81642841131917
0.77794759381717
0.7294462921705
0.7063246003905
0.6950400613977
0.66225668994805
0.62093820078776
0.60124204503399
0.59162950573346
0.56370420053133
0.52850999129333
0.51173431559649
0.50354722791282
0.47976351424917
0.44979010445279
0.43550387215605
0.42853182689308
0.4082782721148
0.38275468793976
0.37059011292389
0.36465358106577
0.34740850569287
0.3256769851381
0.31532031677911
0.31026614968611
0.29558454552821
0.27708403022897
0.26826766742815
0.26396524620156
0.2514675823961
0.23571959326824
0.22821534303673
0.22455328683784
0.21391594109997
0.20051250533246
0.1941258140663
0.19100916352943
0.18195623505736
0.17054955764145
0.16511458433753
0.16246239609419
0.15475871359428
0.14505235683948
0.14042776018533
0.13817105003007
0.13161619350687
0.12335753625803
0.11942287524302
0.11750286089216
0.11192605443223
0.10489985043521
0.10155251043225
0.099919110862301
0.095174861299531
0.089197738691928
0.086350307987301
0.084960862699817
0.080925237529036
0.075841004731382
0.073419032277482
0.072237206731624
0.068804653298958
0.064480288054478
0.062420371019958
0.061415223069569
0.058495855686906
0.054818084248194
0.053066235778571
0.052211418919163
0.049728703637471
0.046601081594237
0.045111339458609
0.044384423662938
0.042273204751857
0.039613628733183
0.038346866222907
0.037728757543904
0.035933571130137
0.033672152922193
0.032595067977422
0.032069515119045
0.030543155418281
0.028620414301034
0.027704664485859
0.027257836611133
0.025960129329518
0.02432544599296
0.023546911018696
0.023167037821476
0.022063794496389
0.02067409312125
0.02001225258754
0.019689320528723
0.01875145577652
0.017570090860978
0.017007483113832
0.016732971387483
0.015935736113702
0.01493152664819
0.014453298924558
0.014219959843554
0.013542302988609
0.01268872750276
0.012282242994298
0.012083910278522
0.011507922097595
0.010782417513607
0.010621183534093
0.010541472929007
0.010305912507354
0.0099999997764826