20000.
19997.098478896
19995.647876092
19991.296699233
19985.496603496
19984.774934645
19984.108749496
19983.964961173
19983.328198506
19983.027379827
19982.876972175
19982.425756033
19981.824150419
19981.482179951
19981.311196898
19980.798256546
19980.114356627
19979.772745247
19979.601941734
19979.089539982
19978.406358156
19978.046177611
19977.866089761
19977.325835976
19976.605520394
19976.232595941
19976.046136311
19975.486767892
19974.740967773
19973.609914362
19973.044411632
19971.347999588
19969.086341217
19968.733654319
19967.926447694
19967.522856588
19966.312132273
19964.697947542
19964.317845802
19963.860177308
19963.631346979
19962.944871762
19962.029608283
19961.495388224
19961.228283536
19960.426990955
19959.35865099
19958.836530087
19958.575474738
19957.792329217
19956.748183094
19956.213610635
19955.946329756
19955.144508636
19954.07546403
19953.443162127
19953.127018665
19952.178618381
19950.914154917
19950.262344811
19949.936447719
19948.958788433
19947.655317377
19946.968454773
19946.625032315
19945.594800467
19944.221240912
19943.439405638
19943.048499465
19941.875826976
19940.312371075
19939.458036597
19939.030883053
19937.749477389
19936.041064773
19935.211650782
19934.796956695
19933.552926256
19931.894339932
19931.118635242
19930.730794189
19929.567316369
19928.016118414
19927.050229852
19926.567303092
19925.118593101
19923.18714381
19922.233318954
19921.756423614
19920.32580616
19918.418476221
19917.296265923
19916.735184443
19915.052034919
19912.808057039
19911.640108137
19911.056159332
19909.304415754
19906.968997615
19906.75748426
19906.263254663
19904.780639568
19902.803991409
19901.507447715
19900.859207493
19898.91461361
19896.322117597
19894.789953861
19894.023916183
19891.725980231
19888.662478822
19888.492491775
19886.580048507
19884.030410463
19879.868360769
19877.787662473
19871.546874443
19863.228872325
19860.804043495
19859.331888791
19858.595852305
19856.387906629
19853.444361217
19851.962191368
19851.221147883
19848.998183506
19846.034618519
19844.544246183
19843.799101931
19841.563837159
19838.583876088
19837.938701204
19837.230612176
19835.106496842
19832.274697143
19830.879995392
19830.182681246
19828.090886027
19825.302169247
19820.125645203
19817.537889869
19809.776651254
19799.433062144
19797.948840326
19796.727345052
19793.063311577
19788.178988973
19785.94621591
19784.829923771
19781.481425385
19777.017642859
19774.981693338
19773.9637971
19770.910422896
19766.839991102
19764.672824124
19763.589329656
19760.339202781
19756.006532117
19753.90869942
19752.859866531
19749.713702135
19745.51959618
19743.334277514
19742.241708798
19738.964365566
19734.595421326
19732.07025801
19730.807797427
19727.020900479
19721.972835622
19719.470904282
19718.220057544
19714.46799356
19709.466352657
19706.658345378
19705.254491659
19701.043530725
19695.43031647
19692.412859167
19690.904303768
19686.379331144
19680.347652399
19677.231766546
19675.674008504
19671.001474496
19664.773155805
19661.82442809
19660.350229937
19655.928298856
19650.033938395
19644.880402586
19642.304141361
19634.577385022
19624.279772163
19619.210239866
19616.675964653
19609.075103385
19598.945203772
19594.026833686
19586.343627816
19582.697728185
19580.875032741
19575.407964522
19568.120915327
19563.959679028
19561.879392574
19555.639860641
19547.32358129
19543.37412001
19541.399688474
19535.477590917
19527.584253309
19523.711642367
19521.77562476
19515.968724032
19508.228877329
19503.856162862
19501.670173029
19495.113673779
19486.375104441
19481.369005066
19478.866437493
19471.360663853
19461.357465433
19456.275517459
19453.735040949
19446.115601937
19435.960992979
19431.032330734
19428.568468136
19421.178755062
19411.330177288
19405.552118084
19402.66373327
19394.0011585
19382.457075797
19377.073773393
19374.382682703
19366.311653261
19355.555511663
19348.631424153
19345.170309057
19334.790678621
19320.959835398
19311.483515115
19306.747097702
19292.544815073
19273.624690257
19264.056797769
19259.274632466
19244.935258922
19225.832702284
19222.838396504
19218.767239981
19206.558943607
19190.293279282
19188.297847289
19184.658571098
19173.74488392
19159.202959567
19151.723211055
19147.984431626
19136.772472611
19121.833407088
19114.391561847
19110.671725104
19099.516558349
19084.653132383
19076.385275038
19072.252689331
19059.86030359
19043.349648788
19035.490564836
19031.562238927
19019.78212521
19004.086650232
18995.584575496
18991.334964293
18978.591834698
18961.614296869
18952.909194029
18948.558141062
18935.510975164
18918.128729299
18906.863891405
18901.233987665
18884.354333796
18861.871577441
18848.325038394
18841.555417209
18821.261139553
18794.236104193
18790.748758492
18784.401858133
18765.374017755
18740.033545512
18726.49677431
18719.732055479
18699.452558497
18672.447402103
18667.236262209
18660.286561484
18639.452980483
18611.711052954
18598.890460928
18592.483476595
18573.275764057
18547.696347023
18534.957360401
18528.591148029
18509.505628494
18484.088849095
18470.264667898
18463.356454414
18442.647313905
18415.071257377
18398.308975707
18389.933556804
18364.830170732
18331.412289782
18307.692987785
18295.844847428
18260.346414648
18213.122292466
18204.628107497
18167.999827974
18150.172825067
18123.076254549
18106.562129283
18098.310709898
18073.579007858
18040.655972541
18019.180189576
18008.45188607
17976.305286598
17933.532405095
17909.39992239
17897.345860689
17861.232334023
17813.194298438
17786.886488028
17773.74715541
17734.38736769
17682.043207667
17652.152934975
17637.22675065
17592.523884285
17533.096267421
17531.455401345
17519.65392992
17484.297161674
17437.265779217
17412.904125372
17400.736063918
17364.282875531
17315.797393977
17281.320897462
17264.108398041
17212.57369776
17144.09999043
17138.459346844
17116.331720931
17050.120114094
16962.236230788
16919.172211257
16897.681216636
16833.371886472
16748.006680891
16731.76595221
16674.789953284
16648.499467359
16635.369771697
16596.042781732
16543.751384335
16517.489222064
16504.373777663
16465.089897975
16412.856808922
16378.802594943
16361.801992376
16310.905990004
16243.290850846
16209.359098115
16192.419810659
16141.708089342
16074.339434779
16039.555759404
16022.192156595
15970.214051063
15901.172126336
15856.099730101
15833.611462664
15766.337849735
15677.08412415
15620.19850678
15591.8331482
15507.045761579
15394.712707571
15321.150494304
15284.501306452
15175.078913428
15030.399992541
14978.387292259
14876.985760042
14854.783258403
14822.143928775
14724.655610841
14595.667893601
14557.26051621
14464.982980786
14415.144711033
14390.290004419
14315.982720917
14217.502878542
14153.858837432
14122.14373179
14027.424174631
13902.118950908
13897.125275257
13826.637483748
13733.209602708
13675.262158927
13646.380190697
13560.099765195
13445.907192046
13376.02565702
13341.221201649
13237.350266451
13100.112602494
13036.858986778
13005.34680094
12911.266532208
12786.884004431
12709.046319626
12670.305338221
12554.789525589
12402.40504935
12302.725402564
12253.186405701
12105.763075422
11911.954067678
11886.253162006
11769.727949749
11616.136047534
11598.916414296
11488.40429762
11342.690988342
11270.363462054
11234.372831207
11127.0890691
10985.63606627
10919.647404052
10886.801862732
10788.856838458
10659.632837072
10588.036815402
10552.419333804
10446.28417305
10306.429330673
10243.845079782
10212.695609145
10119.814366227
9997.2854088192
9930.9320640548
9897.9207209286
9799.5436352517
9669.8935188295
9588.937766019
9548.7144010903
9429.0538500807
9271.8358220926
9253.5139235975
9217.392822541
9109.8733178034
8968.4624345669
8904.5671157752
8872.7903642689
8778.1388864192
8653.5057157243
8592.5463941052
8562.2279552962
8471.9129988256
8352.9732259951
8296.3801465262
8268.2275535507
8184.3416742367
8073.8162378538
8014.2639064564
7984.6526629839
7896.4737703076
7780.4148747965
7711.516302337
7677.2961486499
7575.5441197622
7441.969461592
7416.3003776091
7328.3085925248
7212.6080653846
7158.2445344128
7131.2166181634
7050.7436414345
6944.857184231
6895.3336345163
6870.7044471996
6797.3434656015
6700.7458539755
6646.0253399788
6618.8328844411
6537.9212563579
6431.5756028723
6383.234910547
6359.200984736
6287.640799279
6193.4782976737
6143.4778284008
6118.6291679504
6044.6846013741
5947.4800783647
5903.2167321423
5881.2087451266
5815.6758573396
5729.4331664903
5685.0699016857
5663.0172494157
5597.3712294518
5511.0254186039
5468.8935727161
5447.9485894583
5385.5937105983
5303.5626456676
5261.9541813749
5241.272521056
5179.7139913898
5098.7591596288
5059.6092675676
5040.1471917547
4982.2089883536
4905.9927622297
4868.6267452254
4850.0505941931
4794.7463248075
4721.9870328093
4685.8192551852
4667.8393823842
4614.3126502349
4543.8972591931
4509.0156018798
4491.6753154075
4440.0535461543
4372.1462215512
4339.0455545414
4322.5893132401
4273.5941169663
4209.1299752492
4177.5597359343
4161.8635226855
4115.1278490597
4053.6289875018
4023.3761761462
4008.3345428528
3963.546209326
3904.6059557907
3875.4296166884
3860.9233034114
3817.7293492875
3760.8881725221
3732.7648089106
3718.7820880071
3677.1474140397
3622.3587124982
3595.6643064473
3582.3909633863
3542.8642034463
3490.8394430221
3465.0414320663
3452.2140086379
3414.0159568951
3363.7418777726
3339.1140295659
3326.8678051693
3290.3979541976
3242.3926283759
3218.833504546
3207.1182121566
3172.2275509547
3126.2964167691
3103.7972916981
3092.6085214443
3059.2836352972
3015.4083842204
2993.8104352118
2983.0695403196
2951.0775153872
2908.9545595095
2888.3101854782
2878.0430040101
2847.4599253719
2807.1874275387
2787.4230568856
2777.5931148381
2748.3107953217
2709.7473492414
2690.8489370031
2681.449213518
2653.4465977757
2616.564148749
2598.4525304266
2589.4437875864
2562.6045255858
2527.251080346
2509.9055185649
2501.2774318744
2475.5707257815
2441.7056269451
2425.0873676534
2416.8206996073
2392.1893899054
2359.7376994499
2343.8417915212
2335.9340370346
2312.3704921309
2281.3217685164
2266.0833200091
2258.50230815
2235.9111048311
2206.1406268928
2191.4792892908
2184.18519856
2162.448269822
2133.8018339835
2119.7721482268
2112.7919346225
2091.9889035209
2064.5698088676
2051.0985152121
2044.3958663326
2024.4190534638
1998.086625108
1985.1697842894
1978.7427105749
1959.5860687181
1934.3320640229
1921.9205871992
1915.7447442853
1897.3360332062
1873.065959155
1861.1458322426
1855.2142458183
1837.5326726027
1814.2191058893
1802.7665726351
1797.0674451204
1780.0779364676
1757.6748495798
1746.663707003
1741.1840300604
1724.8479303565
1703.3046344902
1692.6982943375
1687.4199164405
1671.6833364645
1650.929282946
1640.7231074765
1635.6437045686
1620.4996518813
1600.5254716174
1590.6896335177
1585.7944042365
1571.1989200438
1551.9470283394
1542.4660380395
1537.7472848023
1523.6774636871
1505.1177525298
1495.9689698625
1491.4154532709
1477.8378970791
1459.9265740254
1451.093864483
1446.6975691963
1433.5884379087
1416.2941918477
1407.762989518
1403.5166781626
1390.8544405671
1374.1489809445
1365.900006234
1361.7941065733
1349.5503139865
1333.3963277838
1325.4127242117
1321.4388655029
1309.5886338341
1293.9534688634
1286.2225411822
1282.3744154564
1270.8989782003
1255.7579759637
1248.2747413813
1244.5498630681
1233.4417868015
1218.7850903536
1211.5206612051
1207.9046995776
1197.121440695
1182.8933600365
1175.8274196763
1172.3102930121
1161.8219101846
1147.9832245825
1141.1238321833
1137.7095208279
1127.5277600448
1114.0936816141
1107.4200282617
1104.0982075544
1094.1924113228
1081.122793565
1074.6220312011
1071.3863228429
1061.737537685
1049.0075279668
1042.6726692181
1039.5195999391
1030.1174870995
1017.7134876477
1011.5297969185
1008.4520553101
999.27490418715
987.168483361
981.12777740368
978.12130003536
969.15703216691
957.33234336994
951.42339118642
948.48260593547
939.71467692751
928.15005751947
922.3639699739
919.48446650019
910.89978100594
899.57808328086
893.90462061066
891.08132123459
882.6648134393
871.5663349557
865.99643993845
863.22485474085
854.96320814208
844.07054649789
838.59495908263
835.87049990766
827.75011581052
817.04552096351
811.65495546401
808.97302407881
800.98028432425
790.4460048034
785.13030446266
782.48587456682
774.60590625528
764.22258509199
758.97062078211
756.35818887187
748.57472290573
738.32122257865
733.11954929541
730.53247134072
722.82588575643
712.67675571792
707.50744694122
704.9368699984
697.28104178527
687.20245154489
682.03844856382
679.47101705347
671.82656577807
661.76758245307
656.56085766616
653.97287754166
646.26998345065
636.14040856985
630.78540144372
628.12482582139
620.210242107
609.81237717431
603.95846728543
601.05261899765
592.4186919228
581.09940717221
574.61533641359
571.40048312237
561.86344037299
549.39453650839
545.66452891751
536.57534110832
536.33560927125
534.39303580424
528.60742911263
520.99060688135
519.72540179025
518.03372681423
512.99166830581
506.34518002822
503.3676027496
501.88538659772
497.46487419176
491.63136449201
488.97164469842
487.64718547285
483.69529422783
478.47587989714
476.08163363086
474.88900687773
471.32902269138
466.62385647197
464.46915346289
463.3955358745
460.18955029856
455.94937972558
454.01755529329
453.05471455136
450.17842660681
446.37176164609
444.65490177042
443.79894966429
441.24096693932
437.85324371341
437.32341076494
436.57242453973
434.32719483114
431.35150708
431.26635271398
430.63185780596
428.7339686378
426.21645493128
424.83763021088
424.14989140676
422.09334787268
419.36679281203
417.89001817644
417.15358208938
414.95205159937
412.03474065656
410.45829876682
409.67234100345
407.32348615997
404.21261555225
402.49207227456
401.63454885259
399.07292505365
395.68282367082
393.73109093326
392.7588376115
389.85645899624
386.01995699352
383.73341137778
382.59522254609
379.20087203562
374.72187013177
371.95924624813
370.58558137054
366.49495016517
361.11092834382
358.04034169546
356.51485332028
351.97727529577
346.0168817135
342.44071608993
340.66651730545
335.39888411894
328.5018586981
324.08666296823
321.9013682882
315.43349957433
307.01137789307
301.76833239347
299.18048280605
291.54932923442
281.67638078562
274.53535158208
271.03301581328
260.7918188098
247.73630338152
241.69650777091
232.45364099815
227.89528046302
225.64973103453
219.04497127822
210.538364626
204.99838676294
202.2833056153
194.35192157658
184.2583751126
178.47772220843
175.65576305124
167.45478773628
157.11264010217
152.24412034509
149.86672954426
142.95499464389
134.23264288366
130.13249497543
128.12962751217
122.30409156614
114.94662359591
111.46867714429
109.769367245
104.82529724167
98.57785432443
95.611539783958
94.16202455777
89.944003443589
84.6124205194
82.073129491965
80.832205818132
77.220879125266
72.655499435722
70.476767636663
69.412025744041
66.313346619465
62.395880476097
60.524063406981
59.609318564715
56.947202806295
53.581728439689
51.972529454088
51.18614481991
48.897665264266
46.004720372607
44.620944234084
43.944743736521
41.97700771633
39.489733332433
38.299796741398
37.718342755015
36.026411427203
33.887969117999
32.864866322878
32.364956927648
30.91039280876
29.072152028612
28.1926958987
27.762995278802
26.512791557096
24.932987022667
24.177222836477
23.807975337244
22.733725772348
21.376412607172
20.727146431847
20.409946253862
19.48717559586
18.321384304906
17.763792590785
17.491393006152
16.699001789605
15.698036400194
15.219336826626
14.985489258063
14.305285233046
13.446130363403
13.035301218202
12.83461801244
12.250916440137
11.513731225069
11.161270595207
10.989107249629
10.488387802636
9.8560713607461
9.5537897125308
9.4061434260195
8.9767546228634
8.434571677296
8.1754128227472
8.0488349290665
7.6807390101082
7.2159967248092
6.9938831149103
6.8854034154961
6.5699558913505
6.1717246351896
5.9814236006177
5.8884849446935
5.6182440068986
5.2771159592778
5.1141240404565
5.034525754591
4.8030874760442
4.5109679158761
4.3714748492699
4.3033543296514
4.1052959878863
3.8553247696935
3.7358702468723
3.6775381885614
3.5079501562725
3.2939351669845
3.1917238234766
3.1418137347351
2.9967176168821
2.813625813283
2.7261943405716
2.6835027672422
2.5593975815122
2.402805966172
2.3280381045934
2.2915312033101
2.1854096126245
2.051519345527
1.9875982335574
1.9563884685429
1.8656688995855
1.7512193403781
1.6965857649689
1.6699114987145
1.5923787210669
1.4945722530664
1.4478886204046
1.4250965020064
1.3588503572604
1.2752875328268
1.2354067962508
1.2159365738637
1.1593477655837
1.0879713914379
1.0539102661834
1.0372816956568
0.98895368445545
0.92800063566434
0.89891652005057
0.88471808581179
0.84345426207832
0.79141397606245
0.76658507402308
0.75446427515254
0.7192396895914
0.67481842824612
0.65362663858575
0.64328162747576
0.61321865990438
0.57530875478147
0.55722494917628
0.54839733790132
0.52274476568932
0.4903981639915
0.47496952282184
0.46743819542757
0.4455531904242
0.41795870551066
0.4047978342319
0.39837362926666
0.37970628773287
0.3561700527586
0.34494562701195
0.33946676725325
0.32354681472189
0.30347548676796
0.29390421906536
0.28923238709182
0.27565776278596
0.25854410314389
0.25038384599623
0.24640081511368
0.23482787249995
0.22023836992655
0.21328219628099
0.20988693901743
0.20002203605484
0.18758628658259
0.18165741272241
0.17876362095287
0.17035590798431
0.1597575081499
0.15470494007101
0.15223889862425
0.14507413468529
0.13604287423665
0.13173767654601
0.12963644094112
0.12353169479974
0.1158368670974
0.1121689649731
0.11037879958644
0.10517790841062
0.098622577999595
0.095498019236333
0.093973060205959
0.089542741871026
0.083958837508832
0.081297447665509
0.079998557823713
0.076225081763438
0.071469194895049
0.069202570306856
0.068096359142562
0.064882697157597
0.060832486453946
0.058902278205377
0.057960263924184
0.055223654168803
0.051774771615819
0.050131214032546
0.049329105086062
0.046998963639046
0.044062419825651
0.042663079146222
0.041980163206325
0.039996307733506
0.037496230367485
0.036304928462431
0.035723546963083
0.034034669488542
0.031906377029567
0.030892276088082
0.030397377317951
0.028959745161715
0.027148107944362
0.026284918698399
0.025863671339566
0.024640004251198
0.023098028981955
0.022363354470344
0.022004827072676
0.020963365093908
0.019651017910499
0.019025770241171
0.018720646622964
0.017834323472611
0.016717488542788
0.016185406016923
0.015925749482083
0.015171507126618
0.014221121788139
0.013768356345293
0.013547408239674
0.012905611297518
0.012096927185073
0.011711677549398
0.011523678312205
0.010977594542112
0.010289523622428
0.010230955904575
0.010201797174587
0.010114818665128
0.0099999997764826