20000.
19997.098478896
19995.647876092
19991.296699233
19985.496603496
19984.774934645
19984.108749496
19983.964961173
19983.328198506
19983.027379827
19982.876972175
19982.425756033
19981.824150419
19981.482179951
19981.311196898
19980.798256546
19980.114356627
19979.772745247
19979.601941734
19979.089539982
19978.406358156
19978.046177611
19977.866089761
19977.325835976
19976.605520394
19976.232595941
19976.046136311
19975.486767892
19974.740967773
19973.609914362
19973.044411632
19971.347999588
19969.086341217
19968.733654319
19967.926447694
19967.522856588
19966.312132273
19964.697947542
19964.317845802
19963.860177308
19963.631346979
19962.944871762
19962.029608283
19961.495388224
19961.228283536
19960.426990955
19959.35865099
19958.836530087
19958.575474738
19957.792329217
19956.748183094
19956.213610635
19955.946329756
19955.144508636
19954.07546403
19953.443162127
19953.127018665
19952.178618381
19950.914154917
19950.262344811
19949.936447719
19948.958788433
19947.655317377
19946.968454773
19946.625032315
19945.594800467
19944.221240912
19943.439405638
19943.048499465
19941.875826976
19940.312371075
19939.458036597
19939.030883053
19937.749477389
19936.041064773
19935.211650782
19934.796956695
19933.552926256
19931.894339932
19931.118635242
19930.730794189
19929.567316369
19928.016118414
19927.050229852
19926.567303092
19925.118593101
19923.18714381
19922.233318954
19921.756423614
19920.32580616
19918.418476221
19917.296265923
19916.735184443
19915.052034919
19912.808057039
19911.640108137
19911.056159332
19909.304415754
19906.968997615
19906.75748426
19906.263254663
19904.780639568
19902.803991409
19901.507447715
19900.859207493
19898.91461361
19896.322117597
19894.789953861
19894.023916183
19891.725980231
19888.662478822
19888.492491775
19886.580048507
19884.030410463
19879.868360769
19877.787662473
19871.546874443
19863.228872325
19860.804043495
19859.331888791
19858.595852305
19856.387906629
19853.444361217
19851.962191368
19851.221147883
19848.998183506
19846.034618519
19844.544246183
19843.799101931
19841.563837159
19838.583876088
19837.938701204
19837.230612176
19835.106496842
19832.274697143
19830.879995392
19830.182681246
19828.090886027
19825.302169247
19820.125645203
19817.537889869
19809.776651254
19799.433062144
19797.948840326
19796.727345052
19793.063311577
19788.178988973
19785.94621591
19784.829923771
19781.481425385
19777.017642859
19774.981693338
19773.9637971
19770.910422896
19766.839991102
19764.672824124
19763.589329656
19760.339202781
19756.006532117
19753.90869942
19752.859866531
19749.713702135
19745.51959618
19743.334277514
19742.241708798
19738.964365566
19734.595421326
19732.07025801
19730.807797427
19727.020900479
19721.972835622
19719.470904282
19718.220057544
19714.46799356
19709.466352657
19706.658345378
19705.254491659
19701.043530725
19695.43031647
19692.412859167
19690.904303768
19686.379331144
19680.347652399
19677.231766546
19675.674008504
19671.001474496
19664.773155805
19661.82442809
19660.350229937
19655.928298856
19650.033938395
19644.880402586
19642.304141361
19634.577385022
19624.279772163
19619.210239866
19616.675964653
19609.075103385
19598.945203772
19594.026833686
19586.343627816
19582.697728185
19580.875032741
19575.407964522
19568.120915327
19563.959679028
19561.879392574
19555.639860641
19547.32358129
19543.37412001
19541.399688474
19535.477590917
19527.584253309
19523.711642367
19521.77562476
19515.968724032
19508.228877329
19503.856162862
19501.670173029
19495.113673779
19486.375104441
19481.369005066
19478.866437493
19471.360663853
19461.357465433
19456.275517459
19453.735040949
19446.115601937
19435.960992979
19431.032330734
19428.568468136
19421.178755062
19411.330177288
19405.552118084
19402.66373327
19394.0011585
19382.457075797
19377.073773393
19374.382682703
19366.311653261
19355.555511663
19348.631424153
19345.170309057
19334.790678621
19320.959835398
19311.483515115
19306.747097702
19292.544815073
19273.624690257
19264.056797769
19259.274632466
19244.935258922
19225.832702284
19222.838396504
19218.767239981
19206.558943607
19190.293279282
19188.297847289
19184.658571098
19173.74488392
19159.202959567
19151.723211055
19147.984431626
19136.772472611
19121.833407088
19114.391561847
19110.671725104
19099.516558349
19084.653132383
19076.385275038
19072.252689331
19059.86030359
19043.349648788
19035.490564836
19031.562238927
19019.78212521
19004.086650232
18995.584575496
18991.334964293
18978.591834698
18961.614296869
18952.909194029
18948.558141062
18935.510975164
18918.128729299
18906.863891405
18901.233987665
18884.354333796
18861.871577441
18848.325038394
18841.555417209
18821.261139553
18794.236104193
18790.748758492
18784.401858133
18765.374017755
18740.033545512
18726.49677431
18719.732055479
18699.452558497
18672.447402103
18667.236262209
18660.286561484
18639.452980483
18611.711052954
18598.890460928
18592.483476595
18573.275764057
18547.696347023
18534.957360401
18528.591148029
18509.505628494
18484.088849095
18470.264667898
18463.356454414
18442.647313905
18415.071257377
18398.308975707
18389.933556804
18364.830170732
18331.412289782
18307.692987785
18295.844847428
18260.346414648
18213.122292466
18204.628107497
18167.999827974
18150.172825067
18123.076254549
18106.562129283
18098.310709898
18073.579007858
18040.655972541
18019.180189576
18008.45188607
17976.305286598
17933.532405095
17909.39992239
17897.345860689
17861.232334023
17813.194298438
17786.886488028
17773.74715541
17734.38736769
17682.043207667
17652.152934975
17637.22675065
17592.523884285
17533.096267421
17531.455401345
17519.65392992
17484.297161674
17437.265779217
17412.904125372
17400.736063918
17364.282875531
17315.797393977
17281.320897462
17264.108398041
17212.57369776
17144.09999043
17138.459346844
17116.331720931
17050.120114094
16962.236230788
16919.172211257
16897.681216636
16833.371886472
16748.006680891
16731.76595221
16674.789953284
16648.499467359
16635.369771697
16596.042781732
16543.751384335
16517.489222064
16504.373777663
16465.089897975
16412.856808922
16378.802594943
16361.801992376
16310.905990004
16243.290850846
16209.359098115
16192.419810659
16141.708089342
16074.339434779
16039.555759404
16022.192156595
15970.214051063
15901.172126336
15856.099730101
15833.611462664
15766.337849735
15677.08412415
15620.19850678
15591.8331482
15507.045761579
15394.712707571
15321.150494304
15284.501306452
15175.078913428
15030.399992541
14978.387292259
14876.985760042
14854.783258403
14822.143928775
14724.655610841
14595.667893601
14557.26051621
14464.982980786
14415.144711033
14390.290004419
14315.982720917
14217.502878542
14153.858837432
14122.14373179
14027.424174631
13902.118950908
13897.125275257
13826.637483748
13733.209602708
13675.262158927
13646.380190697
13560.099765195
13445.907192046
13376.02565702
13341.221201649
13237.350266451
13100.112602494
13036.858986778
13005.34680094
12911.266532208
12786.884004431
12709.046319626
12670.305338221
12554.789525589
12402.40504935
12302.725402564
12253.186405701
12105.763075422
11911.954067678
11886.253162006
11769.727949749
11616.136047534
11598.916414296
11488.40429762
11342.690988342
11270.363462054
11234.372831207
11127.0890691
10985.63606627
10919.647404052
10886.801862732
10788.856838458
10659.632837072
10588.036815402
10552.419333804
10446.28417305
10306.429330673
10243.845080528
10212.69561026
10119.814368437
9997.2854124585
9914.2517360991
9872.9938713497
9750.2475884338
9588.9564581895
9505.41930178
9463.9240279513
9340.5219220012
9178.4851542192
9176.4351392846
9136.5172044511
9017.8022572742
8861.9116765339
8847.155117836
8813.6861681448
8714.037091772
8582.9220301962
8519.3552594153
8487.7486356007
8393.6305896391
8269.7613196169
8209.508594372
8179.5470534184
8090.3169285405
7972.8557877487
7914.2994537349
7885.1827568027
7798.4738170883
7684.3432993071
7625.2415736492
7595.8613886977
7508.3983092623
7393.3454728364
7338.3124929292
7310.9498080056
7229.4724075259
7122.2466239781
7067.6920808806
7040.5717105071
6959.833410417
6853.6207618673
6801.5231688648
6775.623065981
6698.5130236102
6597.0629945663
6546.0810702875
6520.7380422114
6445.2961340774
6346.0629164136
6298.9893306515
6275.5836411153
6205.887107544
6114.1609921872
6067.2233796782
6043.88987029
5974.42638669
5883.0487156639
5836.0036173306
5812.6223324623
5743.0390283664
5651.555328476
5608.8139769594
5587.5646687982
5524.2985538321
5441.0566456688
5400.2813196461
5380.0083876462
5319.6450866182
5240.2129111702
5199.3666780806
5179.0631106505
5118.6268876451
5039.1408959875
5000.6903436866
4981.5752285352
4924.667174382
4849.7997582625
4812.0578040443
4793.2971116461
4737.4527497494
4664.0043634632
4628.659193544
4611.0871804661
4558.7703889006
4489.9368532124
4455.7504693698
4438.7550110933
4388.1566027837
4321.5881445386
4288.836761292
4272.5542643901
4224.0767355925
4160.2945720739
4129.0953272527
4113.5835532014
4067.3969970193
4006.6205907153
3976.6928096855
3961.812853226
3917.5062196703
3859.2005320342
3830.2596918268
3815.870759879
3773.0274794568
3716.650444111
3689.1372405446
3675.4571091119
3634.7203386658
3581.1061234203
3554.8229635298
3541.7538097992
3502.8339336803
3451.6052453317
3426.376771956
3413.8317687904
3376.4716754226
3327.2934508941
3303.1781521605
3291.1861241607
3255.4706291256
3208.4521470326
3185.0325837542
3173.3869846547
3138.7050493146
3093.0513718992
3070.89753228
3059.8801863246
3027.0647425143
2983.8576096326
2962.5874577964
2952.0093071875
2920.5009386472
2879.0123052172
2858.6558057478
2848.5315941966
2818.3735888979
2778.6590058251
2759.1365094847
2749.4267569259
2720.50203924
2682.4085476493
2663.7207453075
2654.4257230976
2626.7348147309
2590.2624401812
2572.350543902
2563.4410971578
2536.8974806035
2501.9330480953
2484.8290388267
2476.3209318137
2450.9710050024
2417.5743210928
2401.1544232901
2392.9863420423
2368.6484354335
2336.5825058184
2320.8554140815
2313.0316082969
2289.7180851342
2258.9985078325
2243.9378318181
2236.4451886026
2214.1170365017
2184.6925476919
2170.2287233557
2163.0327596973
2141.5877142378
2113.3246902621
2099.4656720962
2092.5702822282
2072.0196977973
2044.9325232774
2031.6284966504
2025.0089758812
2005.2795413647
1979.2723184933
1966.5029488302
1960.1491901488
1941.2108236656
1916.2439952656
1903.9736987928
1897.8680455455
1879.6683132221
1855.6732033874
1843.8829637139
1838.015964766
1820.5267396047
1797.4663682895
1786.1340077972
1780.4946477287
1763.6831745605
1741.5145398084
1730.623396491
1725.2033928912
1709.0450173162
1687.7356917924
1677.2491317717
1672.0303106426
1656.471077375
1635.9504274146
1625.8541602967
1620.8294163685
1605.8481680996
1586.0883500686
1576.3590116166
1571.5167455018
1557.0790122038
1538.0348231039
1528.6534030905
1523.9841732446
1510.0618824825
1491.6964744494
1482.6443784369
1478.1389501177
1464.7046455355
1446.9819821756
1438.2398393691
1433.888593958
1420.9136846276
1403.7962561114
1395.3483982692
1391.1435524784
1378.6048902588
1362.0622981094
1353.8926345311
1349.8261964976
1337.700018039
1321.701067742
1313.7871920622
1309.848041254
1298.1013128089
1282.6027158426
1274.9438441321
1271.1315752807
1259.7630285026
1244.7629732169
1237.3601541727
1233.6752704657
1222.686331218
1208.1865263715
1200.9826260631
1197.3967993532
1186.703430146
1172.5940096395
1165.5940935691
1162.1098209098
1151.7193715413
1138.009809656
1131.2091493867
1127.8240742995
1117.7295061753
1104.4104897188
1097.786679997
1094.4896874206
1084.6580026374
1071.6863355186
1065.236131364
1062.0256019791
1052.4519552759
1039.8212068158
1033.5300433026
1030.3987493725
1021.0616745927
1008.7437239897
1002.6021378936
999.54538092926
990.43091399417
978.40744564464
972.40517668392
969.41786450259
960.51087938888
948.76207245166
942.88986534656
939.96740506706
931.2542609396
919.76224540592
914.00968222528
911.14690658605
902.61226695052
891.3569751346
885.71459192882
882.90680811065
874.53674964559
863.49997452418
857.95876576761
855.20151001794
846.98279596357
836.14724426612
830.6974896436
827.98594657944
819.90430804418
809.25136251508
803.8837489152
801.21330760553
793.25509232272
782.76696510046
777.47124811485
774.8368399431
766.98705400266
756.64424031969
751.40868254419
748.80450435219
741.04599739136
730.82622527421
725.63640638733
723.0553335826
715.36706995714
705.2430681394
700.0789675741
697.51111463637
689.86393063719
679.79794511625
674.62793482226
672.05769286912
664.40557196349
654.33810553026
649.10308747415
646.50130525215
638.75836384926
628.57850469891
623.1367001693
620.43349006665
612.39401716523
601.83653584636
595.58129488739
592.47809697493
583.26517997347
571.2037531808
565.52475462544
562.70646341915
554.33558027316
543.36779023333
538.28128503705
529.95531210879
529.12770075202
527.3119388692
521.90195399243
514.77488253319
513.46583265278
511.874921134
507.13170124548
500.87570858648
498.06149499856
496.66032312824
492.48041448441
486.96187396878
484.44727535581
483.19484953488
479.45696593078
474.51806241809
472.27031963525
471.15044406487
467.80672544122
463.38531874989
461.38302661549
460.38512728526
457.4043605811
453.46000440426
451.69136507499
450.80963387634
448.17475416098
444.68552195891
444.19634682015
443.42600382549
441.12298144911
438.07088083129
438.03346193511
437.38524795094
435.44635588802
432.87453005079
431.48305976492
430.7890027946
428.71352330891
425.96176382994
424.48609666724
423.75018120726
421.5500810652
418.6343731376
417.0883970694
416.31755122473
414.01355115383
410.96137386011
409.32483657012
408.5090133812
406.07128705601
402.84359898631
401.05793259624
400.16806974711
397.51031032411
393.99406950505
391.9593646987
390.94595605545
387.9214241679
383.92508268883
381.52891048107
380.33643830151
376.78133787659
372.09284243161
369.41422816654
368.08216066659
364.11470888716
358.89121569599
355.92574519122
354.45221125639
350.06811136601
344.30687995553
340.89297588193
339.19873847352
334.16638144695
327.57251876243
323.45604804375
321.41725211052
315.37764628296
307.50100564721
302.59916927791
300.17763157648
293.02866931837
283.76086278031
276.34591696315
272.71142326304
262.09224080255
248.57375802881
246.99595962523
239.04418190211
228.83860137452
223.7096600735
221.18845959115
213.79406429878
204.31796349768
198.66058768134
195.89091632965
187.81144077381
177.55478285155
172.16694173377
169.53464422881
161.87677477446
152.20163713187
147.60652416894
145.36125637716
138.82830207167
130.57212543064
126.6445740689
124.72532501092
119.14033449155
112.08075437906
108.71364626714
107.06821694132
102.27985297301
96.22681930653
93.335681203219
91.922851157133
87.811387986749
82.614063703539
80.129784949488
78.915801673271
75.383094288682
70.917586349439
68.782293917021
67.738879712373
64.702650793525
60.864981522235
59.029572296226
58.132728456581
55.523127310439
52.224970764815
50.647480025701
49.876694030987
47.634006702723
44.799832271201
43.444254960935
42.78192639072
40.854912460858
38.419898906044
37.25527850184
36.686274567696
35.030876706568
32.939287548565
31.938979090847
31.450274755593
30.028572437822
28.23243555482
27.373492732996
26.953871227129
25.733209333569
24.19121570044
23.45387286085
23.093672490869
22.045924261088
20.722495716244
20.089726130798
19.780624319978
18.881562522481
17.746056040805
17.203193304669
16.938021476081
16.166779303778
15.192804628959
14.727217226941
14.499801673159
13.838409279627
13.00324221282
12.604053306636
12.40907816718
11.842063574527
11.126140715912
10.783986611141
10.616875762793
10.130920850333
9.5174040633768
9.2242258755409
9.081041057464
8.6646848382402
8.1390855865923
7.8879494663391
7.7653023719069
7.4086849542995
6.9585401593673
6.7434821241131
6.6384585269027
6.3331001336657
5.9476924304517
5.763584420547
5.6736786807031
5.4122889083926
5.0824052007218
4.9248394592344
4.8478979914405
4.6242111770379
4.3419342574241
4.2072051287813
4.1414164922607
3.9501589719012
3.7088175013109
3.5935064730543
3.5372024317166
3.3735283654478
3.1670163385437
3.068417253486
3.0202748875747
2.8803325974343
2.7037769785278
2.6194905787854
2.5783378716836
2.4587183903673
2.3078136699109
2.2357806937284
2.2006117687104
2.0983895795944
1.969441310282
1.9078956090332
1.8778478038674
1.7905140691827
1.6803543335983
1.6277816803349
1.6021154147245
1.5275193753936
1.4334326814027
1.388535279399
1.3666167094074
1.3029152011546
1.2225746501805
1.1842405709968
1.1655266535137
1.1111406406556
1.0425529764351
1.0098298539053
0.99385549170087
0.94743265878105
0.8888909808439
0.86096337644715
0.84733035795199
0.80771292653394
0.75775601400987
0.73392594962108
0.72229343695297
0.68849048957669
0.64586782613122
0.62553804807443
0.61561440006561
0.58677809024526
0.55041980374033
0.53307939975396
0.5246151449718
0.50002025447402
0.46901128947874
0.4542233333555
0.44700513408761
0.4260315143432
0.39958945123423
0.38698039409989
0.38082586389676
0.36294336140445
0.34039937562734
0.3296499397433
0.32440319518859
0.30915871351003
0.28994123553951
0.28077860183171
0.27630644645912
0.26331284755964
0.24693354741173
0.23912465349114
0.23531330430819
0.22423988868598
0.21028165563418
0.20362745199394
0.2003797341197
0.19094408271035
0.17905072536699
0.17338125103684
0.17061419270449
0.16257517355788
0.15244259162629
0.14761275626806
0.14525552892689
0.13840730768706
0.12977593158851
0.12566190409672
0.12365405877703
0.11782097084469
0.11046928956334
0.10696540403591
0.10525536046043
0.10028751836321
0.094026535986674
0.091042644044599
0.089586397752256
0.085355932535502
0.080024425344596
0.077483636153775
0.076243654919154
0.072641507769647
0.068101975475577
0.065938713050836
0.064882988384395
0.061816153676764
0.057951341574023
0.056109694535534
0.05521093587533
0.052600118607025
0.049310061663104
0.047742362956794
0.046977304283897
0.044754904848013
0.041954385966031
0.040620004775894
0.039968814780154
0.03807721453065
0.035693601832079
0.034557911414339
0.034003689565933
0.032393786133883
0.030365185415589
0.029398678592103
0.028927023350442
0.027556975808468
0.025830648095964
0.025008187616005
0.024606830421832
0.023440995408219
0.021972014851275
0.021272182453307
0.020930670047631
0.019938678888038
0.018688769690146
0.018093324725322
0.017802754785314
0.016958744914767
0.015895311421848
0.015388715126574
0.015141504123165
0.014423444815099
0.01351872200695
0.013087745349004
0.012877437036642
0.012266572575975
0.011496923254453
0.011180604979265
0.011025724561829
0.010573837836679
0.0099999997764826