0.23516729311441123
0.2351784506964665
0.23518403048089065
0.23520077024173638
0.23522309374127182
0.23522590828519793
0.23522846450197094
0.23522902806095886
0.23523147005340853
0.23523264226921659
0.23523322128036608
0.23523496178937298
0.23523727785892962
0.235238594840474
0.23523925330910467
0.23524122872155254
0.23524387117911225
0.235245179752931
0.2352458391014601
0.23524782109436443
0.23525044217625102
0.23525184155132176
0.23525253753260197
0.23525461301807685
0.23525741432289823
0.23525883317742366
0.23525955227894044
0.23526170959123144
0.23526458606857786
0.2352689487092922
0.23527113018077367
0.2352777007569719
0.23528634482496713
0.23528775420424866
0.23529089158681865
0.23529245073595806
0.23529707234648037
0.2353034255060723
0.23530483018919784
0.23530657206819683
0.23530745548782153
0.2353101057581375
0.23531362813773796
0.23531569580111872
0.23531672616139318
0.23531981725760312
0.23532396547353765
0.2353259675512048
0.235326976806037
0.23533000458525197
0.23533401571969143
0.2353360925782257
0.23533712535621956
0.23534021753870776
0.2353443488357866
0.2353467917450879
0.23534801331166644
0.23535166344477493
0.23535658026413864
0.23535907512033596
0.2353603359619608
0.23536411850955588
0.2353691620945096
0.23537180747476089
0.23537313384388744
0.23537711297631408
0.2353824358133736
0.23538544857518484
0.2353869535254018
0.23539148644689395
0.23539750645174345
0.23540082892089903
0.23540248136396194
0.23540741902182352
0.23541407017280083
0.23541725301276048
0.23541885782171226
0.23542367228500977
0.23543005053660643
0.2354330786000684
0.23543457999920034
0.23543908422882684
0.2354450901353991
0.23544882648259874
0.23545069894557139
0.2354563275246857
0.2354637475021033
0.23546747428109596
0.23546933051658475
0.2354748662624803
0.23548229187625297
0.2354866188419946
0.23548879342068263
0.23549531722311265
0.23550398822491256
0.23550853364110783
0.23551079286612264
0.23551761102920396
0.23552653429407272
0.23552745520041513
0.23552936807755517
0.23553511816317066
0.23554277010791153
0.23554781234511424
0.23555032805256182
0.23555784535334004
0.23556797127551113
0.23557387223588577
0.23557684016524508
0.23558583243869552
0.2355974818567624
0.23559832381377088
0.23560575389558322
0.23561566140000617
0.23563183819934524
0.23563992867085284
0.23566429697736446
0.2356962608035305
0.23570591125649742
0.235711728320262
0.23571459484867
0.23572316058991347
0.2357347351567278
0.23574041730657597
0.2357433115254662
0.23575197720247296
0.23576348147180926
0.23576933715994744
0.235772242752238
0.23578092526867683
0.23579269458036442
0.23579509254179115
0.23579785856260413
0.23580617306309143
0.23581709976605766
0.2358226411861634
0.23582536069009297
0.23583351930470342
0.23584439833932272
0.23586459788004727
0.23587472327468986
0.23590480237576697
0.2359462018717571
0.23595133401079837
0.2359560994696651
0.23597050886730403
0.23598933455345542
0.23599830210823877
0.23600266686095683
0.23601573563723666
0.2360334154884355
0.23604124637598953
0.23604524862223175
0.2360571616633843
0.23607332152659613
0.23608164722460856
0.23608591110206237
0.23609860301459762
0.23611592724152602
0.23612392806914187
0.23612804010442057
0.23614044901816886
0.23615679869385317
0.23616549515927113
0.23616978775245265
0.23618271618358264
0.2361997842455563
0.23620980231909267
0.23621476111977904
0.2362297252144595
0.23624931669395866
0.23625938627209173
0.2362642938585826
0.23627913235081976
0.23629870796551478
0.23630985420889478
0.23631539918865418
0.23633200216568412
0.23635411655473582
0.2363660696159445
0.23637200781530304
0.2363900316517297
0.23641342423348355
0.23642605551748938
0.2364322312436173
0.23645068707940295
0.23647524042461207
0.2364870018612563
0.23649281986205686
0.23651041032550318
0.2365335451374645
0.2365541326514961
0.2365643057646937
0.23659518300657426
0.23663539466508074
0.23665598125273676
0.23666604449930048
0.23669600186091755
0.23673713369487936
0.23675595614961495
0.236787226859862
0.23680125586605527
0.23680849976311522
0.23683044231951397
0.23685907513563992
0.23687602996862525
0.23688432700116982
0.23690926701591788
0.23694246428919932
0.23695823441278793
0.23696614954884382
0.2369896681765112
0.23702181469616795
0.23703690161991894
0.23704463292643063
0.23706791695798837
0.23709894627571165
0.23711647972588387
0.2371252453180219
0.23715164393486038
0.23718650712526862
0.23720678964649017
0.23721681061123748
0.2372471056911445
0.2372870872429834
0.2373076561770129
0.2373179192458185
0.23734859270079303
0.23738940702625128
0.23740942820595157
0.23741935819359083
0.23744931991026885
0.2374886940233244
0.2375123590453998
0.23752406477550855
0.2375588508808221
0.23760653454798347
0.23762763617668756
0.23763857912557315
0.237671223476254
0.23771526999989984
0.23774321484191163
0.23775724792197414
0.23779950946502032
0.2378556678242766
0.23789442619132387
0.23791371679549267
0.23797170286765185
0.23804867988199516
0.2380880525192114
0.2381076509547498
0.23816645144191875
0.23824442155712175
0.23825710473227724
0.23827383217683296
0.2383243935790453
0.23839015544644546
0.2383990888029656
0.23841408604595007
0.2384590808101834
0.23851910037613192
0.23854998691215662
0.2385654578085826
0.23861204603703803
0.23867323151360448
0.2387045763094376
0.23872003680358383
0.23876650717245673
0.23882784023581932
0.23886260248745103
0.23887983616875358
0.23893163637302356
0.23899980438822693
0.23903324564789638
0.23904971982714746
0.23909878386613506
0.23916529024873753
0.23920026244670511
0.23921811011723385
0.23927155944095319
0.239342993702825
0.23937958058474057
0.23939792310233424
0.2394526543944623
0.23952627110313593
0.23957361163997173
0.2395973690044454
0.23966877846894594
0.2397636038489777
0.2398212919135032
0.2398500429465584
0.23993599523956785
0.24005243338911286
0.24006622408856643
0.24009337171873604
0.24017467816340865
0.2402830530062511
0.24034133045268907
0.24037039979000277
0.24045793071927246
0.24057300087915387
0.24059637844605095
0.24062646189237305
0.24071592384938953
0.24083805755984203
0.2408921405449224
0.2409199943395501
0.24100400860527602
0.24111398216639407
0.24117062913492757
0.24119857538013922
0.2412813979064564
0.24139482590329672
0.2414541063759052
0.24148454437210043
0.24157539333324887
0.241697931791379
0.24177126249829223
0.24180826724862875
0.24191949281882963
0.24206769477881115
0.24217333842717717
0.24222629963922793
0.2423838561491725
0.2425995241084509
0.24263400182465666
0.24280221924400094
0.24288089623277584
0.24300334547256544
0.24307853543453442
0.24311591238385752
0.24322882208812427
0.24337813422961144
0.24347700655039783
0.24352610578892778
0.24367368284201218
0.24387093225417256
0.2439824487887388
0.24403813530520374
0.24420634683261794
0.24442894620165367
0.24455257569039854
0.24461408381242086
0.24479850730523373
0.24504534373571632
0.24518646615618012
0.24525705914860274
0.24546959262989598
0.24575410396856642
0.24576113886702797
0.2458177955556044
0.2459871285794093
0.2462158946344257
0.24633237460688345
0.2463915235878497
0.24656831562945133
0.24680565263929938
0.24697408936433088
0.24705860824733794
0.24731384444220017
0.24764910255921746
0.24767995426650444
0.24779016092688613
0.24812196067973014
0.24856441486399092
0.24878325184770386
0.24889264246173173
0.24922245669690757
0.24965951850787296
0.2497446284732577
0.25004482040320236
0.25017885604764606
0.2502476482957438
0.2504530283735591
0.25073134708093725
0.2508679547068415
0.2509375417516915
0.2511460638017119
0.25142566372067426
0.2516076336091964
0.25169924861305876
0.2519732233885637
0.2523428112198488
0.2525258117142765
0.25261877149211626
0.2528971759297202
0.2532692791442577
0.2534627923285705
0.2535596898784586
0.2538503032277483
0.2542395200655301
0.25449412740475225
0.25462222828714376
0.25500700078285055
0.2555204042092557
0.25585128086860026
0.25601690529802984
0.2565154425960324
0.2571807477270541
0.25762215009756617
0.2578440019085067
0.25851103052901936
0.2593983540632894
0.2597258819801995
0.26036865085283584
0.260505522483564
0.2607137490419349
0.26133634254455695
0.26218093371552653
0.2624272950447721
0.2630385467788765
0.26336919705436557
0.2635359056364557
0.2640363828421388
0.2647066089602863
0.26514325522529697
0.2653629524253923
0.26602412185424285
0.2669033438612176
0.2669430785400399
0.267447770304235
0.2681213817938745
0.26854482209483505
0.2687571716048216
0.2693947848427596
0.2702495725393488
0.2707780520297887
0.27104415215113453
0.2718441461831399
0.27291352509089584
0.2734170220785502
0.2736688103721613
0.2744260642367551
0.2754391290877175
0.2760830532253965
0.2764072813639952
0.2773817173748772
0.27868944017060693
0.27956045954817393
0.2800002991616831
0.28132192297245967
0.28310286200822316
0.2833435280803229
0.28444196599421256
0.28592628282782573
0.28609109292878454
0.2871811060596515
0.2886428231170012
0.2893833877660802
0.2897559340888736
0.2908746094008404
0.29238145043556685
0.2930930481473787
0.29345270063953277
0.294532617727237
0.2959852965737455
0.29680163563085454
0.2972138625526217
0.2984519329903479
0.30012133553753184
0.30087783707840204
0.3012603075577432
0.3024092558224889
0.3039542282788855
0.30501839094770555
0.30555678569431655
0.3071768850613171
0.3093593013724435
0.3105159549758912
0.31110103304806347
0.3128600234164224
0.3152360898298715
0.3152633179620329
0.3158636281593117
0.31766874476969015
0.3201059838440799
0.32033879145627764
0.32087650434233816
0.32249275138621303
0.324672619948387
0.3257492411512312
0.32629377834968404
0.3279304622254376
0.3301380838474962
0.33123159301389354
0.33178458961983626
0.3334471148581834
0.33568920314759887
0.33682737389490947
0.33740318213808745
0.33913430589022797
0.3414690432177005
0.34270126842609133
0.34332498604596456
0.3452001686592982
0.34773184480312314
0.3489663313027344
0.3495911959002564
0.35146989818908586
0.3540053338834194
0.3553205967008459
0.3559865975842887
0.3579893444801297
0.360693674136015
0.36204686475929415
0.362732172843259
0.3647933424621892
0.3675765416310213
0.3690041227005503
0.3697272453835457
0.3719021405967291
0.374841728426739
0.37626445753191146
0.3769853657579109
0.37915353311005645
0.3820828299963494
0.3836125656765021
0.384388092141345
0.38672133825878224
0.3898752849889882
0.39153524328693295
0.3923774492072873
0.3949112786661189
0.3983420650039318
0.3999803473493577
0.4008118025444087
0.40331322307063705
0.40669931085997385
0.4083934713055575
0.4092537160548459
0.4118423037769748
0.4153466204668009
0.41718937367330716
0.41812585875079133
0.42094445752042364
0.4247655933104651
0.42665727243223484
0.42761912428420684
0.4305142867369279
0.4344398228451327
0.4364660083530005
0.4374971653309955
0.4406012267868383
0.44481524190481614
0.44689218218843557
0.4479495940920177
0.4511329023527504
0.45545469564481034
0.45765318750010775
0.4587732251044317
0.46214531316907437
0.46672670354409307
0.46903625981526453
0.47021343590102455
0.47375780236082193
0.47857564945614656
0.4809906041255514
0.48222184478189617
0.48592941043034177
0.49097011480509495
0.49351399328747175
0.4948112619572551
0.49871820602129396
0.504031144444721
0.5067349406163815
0.5081140865919974
0.5122681510160932
0.5179198077107658
0.5207480575428354
0.5221907233081016
0.526536299954948
0.5324490050739941
0.5354208283117969
0.5369367436616301
0.5415034737079865
0.5477174845064082
0.5508552382469409
0.5524557955589265
0.5572780524332241
0.5638409140652206
0.5671408048299001
0.5688239532822168
0.5738957581526728
0.5807979106638445
0.5843121370605845
0.5861046575106945
0.5915068730666289
0.5988611505021738
0.6025459224383805
0.6044251362687477
0.6100891571642275
0.6177994972357042
0.6216821111141337
0.6236620082999633
0.6296302339077006
0.6377550561830225
0.6418472411796257
0.643933751566745
0.6502240413525942
0.6587878653235034
0.6630942932857828
0.665289717677661
0.6719091043244332
0.6809209686729882
0.6854598029336962
0.687773359141303
0.6947497988943949
0.7042478673042266
0.7090321398245981
0.7114703622290149
0.718823581828642
0.7288347915686598
0.7338680669649063
0.7364326216602488
0.7441677081998948
0.7546981768833877
0.7600023441753145
0.7627042993833182
0.770854738691885
0.7819503823229467
0.7875245698941719
0.7903632505392013
0.7989270238183273
0.8105839805648738
0.8164483206316662
0.819433837528443
0.8284415599620973
0.8407013942958907
0.8468695418925662
0.850008640911639
0.8594808025139841
0.8723708425323973
0.8788587186710359
0.8821592836499341
0.8921197463337248
0.9056720196820003
0.9124932908854242
0.9159620198785423
0.9264311129356003
0.9406726505846896
0.9478392399690727
0.9514819219749435
0.9624771747328592
0.9774310717217387
0.9849568528228793
0.9887802389952098
1.0003221873990256
1.0160155555035053
1.0239150987918666
1.0279262804466227
1.040036389167412
1.0564977747755246
1.0647804961090481
1.068983917409527
1.081675696503525
1.0989223876889704
1.1076034163656778
1.112006402211749
1.125302095605384
1.14336348922508
1.1524558590745473
1.1570646377381215
1.170983207124701
1.1898839551178322
1.1994040771146468
1.204226554612595
1.2187920201887372
1.2385638007915656
1.2485233960301827
1.2535650483913623
1.2687940988330468
1.289458222093099
1.299872806225308
1.3051409780739094
1.3210559574271603
1.342641530737302
1.3535209016947052
1.3590199831972851
1.375634289900051
1.3981578359102678
1.4095140615561232
1.4152495159604734
1.432579829735712
1.456062266338954
1.467904079390875
1.473879603059082
1.4919372696894546
1.5163919098670382
1.528729751451658
1.5349498089876403
1.5537485362972907
1.5791918366901765
1.5920102724632161
1.5984661419737785
1.6179795312287308
1.6443725829434244
1.657737349007972
1.6644613184138788
1.6847878904385907
1.7122630755347648
1.7261481430474863
1.733125915155704
1.7542224094093173
1.7827172891348426
1.7970770410042338
1.8042844355745982
1.8260775293248186
1.8554888119052615
1.870377657285837
1.8778408403661195
1.9004106696627434
1.930844736167702
1.9462332883099918
1.9539361646376132
1.9772341964260967
2.0086215157687315
2.0244994084226486
2.0324353813859615
2.056442122433605
2.0887528949241267
2.105111370009292
2.113274595061863
2.1379729571874657
2.1711806719543594
2.1880007234129124
2.1963801967352197
2.2217374793315563
2.2557944993924197
2.273057779811817
2.2816427811627795
2.3076272770206345
2.3424874366291784
2.360169587431159
2.3689463837401963
2.3955173309114675
2.431122364316349
2.44919289691504
2.4581447088199657
2.4852521870838364
2.521531684123689
2.539959821230715
2.5490697057933
2.5766634424045556
2.613546742525597
2.632297019155594
2.6415457170839516
2.669568514363793
2.706975878663988
2.726009956551635
2.735376781665174
2.7637672347074873
2.801613509872617
2.820890764366275
2.830353883001593
2.8590472340389996
2.8972429760124925
2.916721147255876
2.9262578742706857
2.955186919985984
2.9936395464401997
3.0132766864221407
3.022864377523628
3.05196221005408
3.090579520749574
3.1103366522851403
3.11995388663686
3.1491575435781938
3.187852324325451
3.2076983874577674
3.217327147718373
3.2465843646679615
3.2852828897714343
3.3052046157358452
3.3148346122920804
3.3441172595540483
3.382776216125194
3.4027998809041007
3.4124380288293765
3.4417716398442013
3.480415348543932
3.5006644327446343
3.5103598720828106
3.5399017588785977
3.578720766051995
3.5996190265039303
3.609550669166217
3.6398638183807988
3.679560598965419
3.7032779699643172
3.7143687311245697
3.7483502955111665
3.7925693134536242
3.813286195707479
3.822971430447752
3.8526396537540157
3.8911222803709378
3.9086855168554626
3.9370956720692574
3.940054790606344
3.945974439138165
3.964005541102317
3.987467935887691
3.9918492606701723
3.9968508390863167
4.012065777115382
4.031861365538498
4.040725915468597
4.0449391332067615
4.057740362558104
4.07438678401421
4.0819270824702665
4.085512029351068
4.096392464260493
4.11052683801631
4.116909346283392
4.11994390400723
4.129143244472349
4.141076716258519
4.1464253640413995
4.148967075895298
4.156662705409474
4.166625481473727
4.171032202606632
4.17312394421622
4.17944864291601
4.187614528542096
4.188762472452992
4.190465529319446
4.195608355801547
4.20223306887978
4.202322219567057
4.203654571034956
4.207673016389265
4.212844314768945
4.215592091822314
4.216873217252385
4.220734916703732
4.225636402535677
4.228175487590771
4.229328092742898
4.232797455065431
4.237096840341936
4.239243413554636
4.240170755603373
4.242954759136381
4.2462432152984
4.247816542394408
4.248416971315703
4.250210503971224
4.2520487540052585
4.252801422525146
4.25293073311656
4.253303667017192
4.253061576471262
4.252556737280497
4.251963778535152
4.250167018441911
4.246753702333318
4.24420903340009
4.242471689245103
4.237242897490551
4.228879058885125
4.2234918520654885
4.220282539828958
4.210628599090449
4.196165541588708
4.187300364082353
4.182360183071024
4.167463840706342
4.145966129569936
4.132497629418097
4.125309171235186
4.103542123081828
4.07288412669185
4.05281338587023
4.042503013636593
4.011062535812032
3.96764945309038
3.9393615034746348
3.925467175073472
3.882589010847554
3.8246612564316402
3.775124321871575
3.752745105227926
3.681243757487057
3.587937022644969
3.578438561635904
3.5224724540789167
3.450433145189008
3.411655192467689
3.3954011499652874
3.3420783073226783
3.2744767410542055
3.2303005841701466
3.2133075636858264
3.1546808970372227
3.082518075592489
3.03928653628117
3.024101881302217
2.9688812618776748
2.902410253062632
2.8648885882326325
2.8525456513743563
2.805888249118666
2.750066777807525
2.7176597626060155
2.707548207767539
2.6677739028258856
2.620359268403532
2.592028898788493
2.5836341690747977
2.5492371599058816
2.508336092303784
2.483225376490112
2.4761503686072825
2.4459529325355844
2.410114738479992
2.387551177178033
2.38149410008722
2.3545924759099424
2.3227182203123227
2.3021847567237113
2.2969189798091394
2.2726287034392523
2.243893724414724
2.224998392447564
2.220355402213093
2.1981633851428275
2.1719535668863776
2.1544020253258176
2.1502573524199122
2.1297814429679898
2.1056412832815803
2.089213390277033
2.085475273070578
2.066431176131281
2.044022370448476
2.02855307387719
2.0251536053403494
2.0073287472232084
1.9863981646367868
1.9717625596704806
1.9686510002068627
1.9518846183810616
1.9322403356618079
1.9183424255780446
1.9154802995747593
1.8996487603139847
1.8811426207268647
1.867907124971751
1.8652647043086266
1.8502709410944755
1.8327861130581031
1.8201526265177745
1.817706443674088
1.8034724806104814
1.7869146871052104
1.774833568908394
1.772564670282809
1.759026372651067
1.743317739696854
1.7317472348661644
1.7296399561842908
1.7167433532339078
1.7018180967875336
1.6907223210494973
1.6887634275344623
1.676462132379005
1.6622635260043568
1.6516110499829653
1.6497891305273462
1.6380425222779775
1.6245207553318486
1.6142836041573798
1.6125886423820424
1.6013605778650448
1.588471233481513
1.5786241748706802
1.577047243568978
1.5663051378474397
1.5540081034301796
1.5445281369580044
1.5430611787647908
1.5327753435097315
1.521034024044249
1.5119000117590242
1.5105356801694472
1.500678843286479
1.4894595875827699
1.4806519851771842
1.4793835277985492
1.4699304816300385
1.4592021592047053
1.4507083935375604
1.4495291438346474
1.4404622858890304
1.4302003313350615
1.4219946259691079
1.4208995149251626
1.4121859510074888
1.4023549551723
1.394423629728753
1.3934068894386382
1.3850318824641072
1.3756109523113738
1.3679408395592079
1.3669974026202014
1.3589418417448278
1.3499073221062756
1.3424844612471052
1.3416095889205149
1.3338554844642536
1.3251851384456466
1.3179963952502287
1.3171856469459136
1.3097161073965136
1.3013890579478449
1.2944220859634146
1.2936712972533815
1.286470453485948
1.278467090163782
1.2717102791248687
1.2710155428081384
1.2640684808648213
1.2563703771909525
1.2498128067328178
1.2491704561542425
1.242463157114768
1.2350529968370256
1.2286843941537038
1.228090988240922
1.221610273708252
1.2144717830696592
1.2082824846217521
1.2077347942681729
1.2014682762774107
1.1945861624001544
1.1885670778594337
1.1880620733885026
1.18199810793394
1.1753580013014608
1.1695005801586937
1.169035419672651
1.1631630634436074
1.1567514642517045
1.1510476645047083
1.150619683005246
1.1449286527311255
1.1387328803364145
1.1331751391556824
1.1327818382949166
1.127262472416012
1.1212706185283021
1.1158518237355814
1.1154908621810413
1.1101340849289976
1.1043349671197635
1.0990484323505378
1.0987176166313672
1.0935149035937146
1.087898025240217
1.0827374629711168
1.0824347389276356
1.0773780849762344
1.0719335925080327
1.0668930933880436
1.066616537852226
1.061698426891648
1.0564170747150463
1.0514910816000556
1.0512388948891553
1.0464522692730112
1.0413253809424978
1.0365086710643028
1.0362791692796214
1.031617404809505
1.02663684242231
1.0219245044080156
1.0217161128124026
1.0171729910928755
1.0123311179038115
1.0077185368522172
1.0075297831756749
1.003099467327089
0.9983891233153079
0.9938719582752076
0.9937014664179898
0.9893784788161327
0.9847929447461359
0.9803671174650832
0.9802136016437318
0.9759928012818035
0.971525777765125
0.9671874518342127
0.9670497110588953
0.9629262700902943
0.9585718519355377
0.9543174181435379
0.9541943305919054
0.9501637220831008
0.9459163710327548
0.9417424333136026
0.9416329522701746
0.9376909251568477
0.9335454332724294
0.9294488084645105
0.9293519563624002
0.92549452204692
0.9214460184664421
0.9174237029079042
0.9173385679230438
0.913561971359698
0.9096059119489069
0.9056550605002567
0.9055807927417462
0.9018815179630357
0.8980136207362442
0.8941315681086565
0.8940673741528944
0.890442133017576
0.8866583072288741
0.8828426018832521
0.8827877403172554
0.8792334217271068
0.8755299406887646
0.87177817325569
0.8717319578530399
0.8682456426648658
0.8646189515394398
0.8609289286052068
0.8608907106777092
0.85746966578737
0.8539164624997054
0.85028606897651
0.8502552601759695
0.8468968867172456
0.8434141266460194
0.8398413123220722
0.8398173497369945
0.836519207326004
0.8331040054270309
0.8301301617313819
0.8299871274819952
0.8272505163744361
0.8242014055554849