0.23517963094748667
0.23519079269316323
0.23519637455996648
0.23521312057003615
0.23523545240689167
0.23523826799065117
0.23524082516521344
0.23524138893156374
0.23524383183954592
0.23524500448887667
0.23524558371642015
0.23524732487481395
0.2352496418100292
0.23525095928370032
0.23525161799840041
0.2352535941490855
0.23525623759147943
0.23525754665667073
0.2352582062511595
0.2352601889821789
0.23526281104715158
0.23526421094147873
0.23526490718220044
0.2352669834453764
0.2352697857889944
0.23527120517972178
0.235271924549857
0.23527408266803765
0.23527696021998679
0.23528132449065964
0.23528350677720714
0.2352900798002957
0.2352987271254065
0.23530013701594446
0.23530327556410308
0.23530483529557497
0.23530945865031602
0.23531581414596403
0.2353172193744521
0.2353189619128094
0.2353198456627834
0.2353224969241994
0.23532602062479135
0.23532808905991245
0.23532911980589186
0.23533221205928828
0.23533636181971168
0.23533836465096855
0.23533937428304527
0.23534240319406216
0.23534641583636315
0.23534849346820097
0.23534952663256645
0.23535261997391627
0.2353567528167508
0.23535919664040209
0.23536041866418622
0.23536407016824284
0.23536898881840296
0.23537148461639562
0.23537274592965166
0.23537652989224694
0.23538157536412313
0.23538422173819137
0.23538554860444974
0.23538952922839007
0.23539485405532157
0.23539786794906964
0.23539937346521758
0.2354039080856075
0.23540993035474705
0.2354132540631727
0.2354149071254519
0.2354198466401055
0.23542650027079787
0.23542968431242978
0.2354312897229675
0.23543610599119566
0.23544248664759826
0.23544551583835813
0.23544701780050925
0.23545152371934466
0.23545753187855908
0.23546126962851746
0.23546314279315433
0.23546877347808523
0.23547619625931798
0.23547992442656326
0.23548178135585693
0.23548731918165128
0.23549474757151168
0.235499076168779
0.23550125156389554
0.2355077778159289
0.23551645208315006
0.23552099920110417
0.23552325927637005
0.23553007999268918
0.23553900665379504
0.2355399278737591
0.23554184147110538
0.2355475937181901
0.23555524854467463
0.23556029267381218
0.23556280932704576
0.23557032946402295
0.235580459174227
0.23558636236963082
0.23558933141757696
0.23559832705206965
0.23560998093485097
0.23561082315003484
0.2356182560285615
0.235628167262929
0.23564435015448237
0.23565244367329746
0.23567682113124322
0.2357087971414732
0.23571845116698947
0.23572427039814875
0.23572713800815662
0.2357357069929464
0.23574728589394384
0.23575297021918104
0.23575586552873457
0.23576453447738352
0.23577604310754605
0.2357819009932507
0.2357848076832799
0.23579349349167195
0.23580526720421519
0.23580766611071383
0.2358104331760258
0.23581875081139678
0.23582968168689902
0.23583522517125574
0.23583794570470262
0.23584610740836534
0.2358569905629232
0.23587719775635144
0.23588732698042356
0.23591741756074344
0.2359588324475977
0.23596396675389747
0.23596873402578053
0.23598314887005198
0.23600198180122486
0.23601095268918912
0.23601531910243911
0.2360283928602292
0.23604607937010177
0.23605391328376948
0.2360579170479931
0.23606983463912862
0.23608600058628718
0.23609432951016232
0.2360985950062772
0.23611129177065004
0.23612862249112007
0.23613662644361388
0.23614074004761793
0.23615315367259845
0.23616950962206296
0.2361782093676192
0.23618250359818505
0.23619543694543516
0.23621251155597894
0.2362225334247841
0.2362274941208126
0.23624246390790668
0.23626206296170918
0.23627213631549404
0.23627704578335587
0.2362918899275862
0.2363114730707955
0.2363226235518791
0.23632817064948614
0.2363447799803948
0.23636690284486128
0.2363788604688016
0.23638480094804937
0.23640283163786227
0.23642623332842352
0.23643886935099537
0.23644504743946537
0.23646351036096733
0.23648807315681267
0.23649983907846475
0.23650565931893994
0.23652325651111866
0.23654640028274979
0.23656699565687478
0.2365771726953219
0.23660806173947407
0.2366482890986303
0.2366688834683267
0.23667895059508914
0.23670891959147894
0.2367500670193955
0.23676889699183387
0.23680017955980748
0.2368142141536267
0.23682146085794137
0.23684341185122615
0.23687205589070462
0.23688901717174352
0.23689731741959835
0.23692226708764003
0.2369554772398277
0.2369712534859741
0.23697917168601978
0.23700269949742359
0.2370348583153154
0.23704995124081274
0.23705768555955634
0.2370809786368613
0.2371120200242452
0.23712956030012644
0.2371383293063655
0.2371647381763666
0.23719961503138576
0.23721990540653237
0.2372299302933169
0.23726023715908007
0.23730023441870018
0.237320811356747
0.23733107842816414
0.23736176389170566
0.23740259424063684
0.23742262321875088
0.23743255710280947
0.23746253052506294
0.23750192022935035
0.23752559444166318
0.23753730476216783
0.2375721046295527
0.23761980674067804
0.2376409169186747
0.2376518641661534
0.23768452141046606
0.2377285851738532
0.23775654110663993
0.2377705797388845
0.23781285796118287
0.23786903858052866
0.23790781224397325
0.23792711049777848
0.23798511955098295
0.23806212724771034
0.2381015154621913
0.2381211216880142
0.23817994557282257
0.23825794692234528
0.23827063502848603
0.238287369151872
0.23833795063151264
0.23840373921995733
0.23841267590879167
0.23842767915821494
0.2384726919575414
0.23853273560824764
0.23856363455567334
0.2385791116635292
0.2386257185529441
0.23868692889613569
0.23871828615166463
0.23873375286764248
0.23878024192371355
0.238841599905967
0.23887637608246104
0.2388936167228604
0.2389454378308086
0.2390136337138591
0.2390470883228197
0.2390635691671657
0.23911265319949662
0.23917918634705282
0.2392141730110588
0.2392320279411751
0.23928549906045865
0.2393569624449029
0.23939356428860697
0.2394119142958461
0.23946666806314046
0.23954031483131807
0.239587674873453
0.23961144200563714
0.23968288082121952
0.23977774540642133
0.23983545719681404
0.23986422010191297
0.23995020805170747
0.24006669398925598
0.24008049079769653
0.24010764967705572
0.2401889899132835
0.24029740993131615
0.24035571161182256
0.2403847930770256
0.24047236046943743
0.2405874792889358
0.2406108663416539
0.24064096238556862
0.24073046215210517
0.24085264659813038
0.24090675296728487
0.24093461851702494
0.24101866813119355
0.24112868882888666
0.24118535946316322
0.24121331753215364
0.24129617552331636
0.24140965112068513
0.2414689574212756
0.24149940839708936
0.24159029633504536
0.24171288700492202
0.24178624949769215
0.2418232701868077
0.24193454368609185
0.24208280977849117
0.2421884991983128
0.24224148335566512
0.24239910882206614
0.2426148695540328
0.24264936376438773
0.2428176538280936
0.2428963661362935
0.24301886945248727
0.2430940925323148
0.24313148605251067
0.2432444456231191
0.24339382441654017
0.24349274051618794
0.2435418616671334
0.2436895046548952
0.24388684243132275
0.24399840912883183
0.24405412078005692
0.24422240802008807
0.24444510877383036
0.24456879426465014
0.24463033043846547
0.24481483836498655
0.24506178810471715
0.245202975714155
0.24527360139793475
0.2454862333848295
0.2457708770345319
0.24577791555023387
0.24583459870028826
0.24600401130993793
0.24623288425938197
0.24634941981932754
0.24640859672371304
0.24658547275864307
0.24682292250141924
0.24699143996988931
0.2470759993840952
0.24733135784776744
0.2476667799368864
0.24769764547450912
0.24780790575379127
0.24813986740356295
0.2485825397023034
0.2488014850156022
0.24891093002945477
0.24924090853938027
0.2496781914272982
0.24976334400127606
0.25006368656643674
0.2501977919268171
0.25026661926183585
0.2504721049061202
0.25075056560563
0.2508872448339958
0.2509568678766588
0.2511654982959015
0.25144524375358707
0.25162730929053523
0.2517189723390553
0.2519930918686227
0.2523628746619767
0.25254597376366894
0.2526389831393828
0.2529175370485082
0.2532898413120174
0.2534834594561962
0.2535804096935908
0.25387118188721436
0.25426061251249676
0.2545153610437462
0.25464353293460096
0.2550285198894542
0.25554221257511334
0.2558732766272896
0.25603899535779595
0.25653781807863757
0.2572035094318252
0.2576451700771965
0.25786715219933326
0.25853457622188836
0.25942243703500545
0.2597501629064768
0.2603933243891946
0.26053028274508083
0.2607386382080733
0.2613616221628281
0.2622067446686249
0.2624532665735231
0.26306491154366207
0.26339577755990107
0.2635625947971671
0.26406340060907757
0.2647340713136565
0.26517101081891387
0.26539099374541314
0.2660526569375683
0.2669322497792629
0.2670311755795011
0.267648226297903
0.2684743553331564
0.2689275385714016
0.26915485111556314
0.2698377985000838
0.2707539988631078
0.2712620236690137
0.2715181888686805
0.27228596147498646
0.2733191697574059
0.2738527511692821
0.27412217141768314
0.27492900096148876
0.27601926585708686
0.27625752821697136
0.27702307511033436
0.2780506635895417
0.2786876939132023
0.27900876061524266
0.2799734562713296
0.2812695913397468
0.28200737937972603
0.28238016804615135
0.2834978778449621
0.2850072752835277
0.2852543138648335
0.2863488434003629
0.287823572251107
0.28849052610696807
0.2888273814851673
0.2898399130992499
0.29119953683240823
0.2921406979229674
0.2926164942142045
0.29404637737772854
0.29597495984296684
0.29616879208647806
0.29750824792428854
0.2981985175509225
0.29854722033660586
0.2995947795034112
0.3010026185068328
0.3019267670908217
0.30239391403637744
0.3037972851722265
0.30568991870113965
0.3065509951625042
0.3069864678088685
0.30829472723481205
0.310055950507834
0.31107814868924144
0.3115951264221997
0.3131480967961863
0.31524530883542917
0.3156046272386238
0.31617540142769746
0.3178922246449467
0.32020735868375705
0.3213535214480263
0.3219330356892236
0.3236761125935746
0.326026572819328
0.3272238575303631
0.32782944080828996
0.3296512241477939
0.3321079271866846
0.33340848063825274
0.33406691410186407
0.3360465134371177
0.33872255797295414
0.3387288941927621
0.3392536999948864
0.3408312776914301
0.34295657944709385
0.34418121086778936
0.34480102583731187
0.3466642219298809
0.3491803694686379
0.3503862533859418
0.3509967362950869
0.35283217882514173
0.35530811925356676
0.35667170016772676
0.35736242575846267
0.35943939458127816
0.3622463449039206
0.3635636519068739
0.3642308569261689
0.3662370845529523
0.3689462092854005
0.37033734840511107
0.3710421146256
0.37316180506783986
0.3760252742240454
0.377482529042325
0.37822102983785283
0.38044242281805285
0.38344473794473977
0.3849661516477191
0.38573742411522843
0.38805805176846225
0.39119468164213056
0.39285474649380747
0.393696962465828
0.3962310847481898
0.39966203085879864
0.4013210251752046
0.4021630119674941
0.4046962711437897
0.4081262024731262
0.409834897442856
0.4107025707477756
0.4133135624512895
0.4168494373392182
0.41866037390762373
0.4195806305881723
0.42235059016388227
0.4261034630567204
0.4280963349545085
0.4291101527512744
0.4321623966584164
0.4363049133855451
0.4383337415066802
0.43936626529057266
0.4424744574550742
0.4466941624143325
0.4487947962505261
0.44986444933745434
0.4530847632714992
0.4574574998240748
0.45969886567191515
0.4608409377872411
0.46427980785395245
0.46895340658945717
0.47128079024311353
0.472467025364674
0.4760389263440849
0.480894596452845
0.48332974951365115
0.4845712882280137
0.48831018919432057
0.4933935405944042
0.4959840676611607
0.49730524464660697
0.5012844398208318
0.506697681141791
0.5093990860368415
0.5107768732544836
0.5149268986881583
0.5205724378102322
0.5234320693157336
0.5248907518206373
0.5292849197367825
0.5352645248318915
0.5382642182322946
0.5397942888634202
0.5444041807001329
0.5506768648063469
0.5538750619784739
0.5555065587603923
0.5604227203733118
0.5671149937237193
0.5704619438584283
0.5721690949808198
0.5773136778305433
0.5843163124228545
0.5878567551846079
0.589662509707393
0.5951051149690237
0.602514240891982
0.6062575793206268
0.6081666834607476
0.6139215016945393
0.6217569144413162
0.6256907705968615
0.6276967573306468
0.6337442674804831
0.6419781734309897
0.6461201858169732
0.6482320366527209
0.6545994670700243
0.6632689807738763
0.6676468686863966
0.6698787359035805
0.6766089479001064
0.6857733657123837
0.690378224906012
0.6927253564190613
0.6998039830847194
0.7094423985506852
0.7143049689998812
0.7167830585262106
0.7242576356741237
0.7344356162489591
0.7395550361521811
0.7421634444758178
0.7500319577365718
0.7607460361766447
0.7661323350870417
0.7688760220244275
0.7771535785841168
0.7884236720455581
0.7940973262996172
0.7969865984452966
0.8057043703238259
0.8175730536287489
0.8235401529296568
0.8265778969965459
0.8357446497492924
0.8482229685282096
0.8545027463842945
0.8576985616216571
0.8673434093686808
0.8804707042476129
0.8870788303801133
0.8904404633738205
0.9005869218067559
0.9143946265819006
0.9213468143082715
0.9248820030104727
0.9355535156908898
0.9500730464183504
0.9573796404563298
0.9610933524877652
0.9723049885090858
0.9875559723486012
0.9952310798008149
0.9991301909330321
1.0109028223075835
1.026912855569094
1.0349726530748489
1.0390650689209997
1.0514226875348283
1.0682236959700455
1.0766817072344037
1.0809739520789818
1.0939363861449423
1.1115543874822156
1.120426123203122
1.124925704898306
1.1385157630550624
1.156980879545596
1.1662802639654182
1.1709938508417204
1.1852318115296296
1.2045705301607423
1.2143132004906048
1.2192482918318384
1.2341569632403353
1.2543991959949483
1.2645992043099163
1.269762446151375
1.2853620589125532
1.3065340135915469
1.3172053542781255
1.3226033060292492
1.3389138415753277
1.3610412323514653
1.3721974912273223
1.3778364383710788
1.3948770632001946
1.4179843082430432
1.4296382479506213
1.4355239815558016
1.4533123826418646
1.4774216618316902
1.4895851922396606
1.4957229845479736
1.5142752980830863
1.5394064505897955
1.5520900387572492
1.5584843385187723
1.5778142294957385
1.6039835318375848
1.617162156971767
1.623799339325058
1.6438654668674004
1.6710133444721849
1.6847648490025606
1.6916833059140066
1.7126028285621464
1.7408872190806
1.7551952337581662
1.762385497718655
1.7841298542296677
1.8135082444038895
1.8283357981881008
1.8357779624890025
1.8582868274216922
1.8886733665295996
1.9040446464545069
1.9117495843122991
1.9350565254728367
1.9664937707605383
1.9823995505482803
1.9903612145139007
2.01444831615862
2.0469082670198055
2.063326341534943
2.071532117245719
2.0963615323442433
2.1297890503585677
2.1467309708088655
2.1551850061585593
2.180770135210902
2.215179691588015
2.2326268250319656
2.241318085056292
2.2676261419028685
2.30296922520109
2.3208870009918527
2.3297964489849337
2.3567703496734578
2.392965530605029
2.4113296841994387
2.420443285800554
2.4480413553115654
2.485027999078878
2.503811402079691
2.513113547474619
2.5412894598628637
2.5790003913085853
2.5981639227606808
2.6076329106529257
2.636321898803388
2.674664780155663
2.694162944819952
2.7037737159021513
2.732900929568009
2.7717694642077495
2.7915532403714076
2.8012787011373397
2.8307632761309303
2.870042485713599
2.8900538533969216
2.8998621429394458
2.9296088663407867
2.9691637417087904
2.9893378683508907
2.9991933108443773
3.0290955715947994
3.0687747730135593
3.0890389697119116
3.0989014328600626
3.1288393129184584
3.168472294237641
3.1887482042479163
3.198573921587729
3.228416808233098
3.267816758156401
3.288023828206528
3.2977666606646627
3.3273772805272857
3.3663455306849595
3.3864104251758267
3.39602552745551
3.4252715268105423
3.4636109240904576
3.4834930166733287
3.4929469289443813
3.5217326441498127
3.55928466317868
3.579054638000052
3.588356263773229
3.6167202674625782
3.6534786552456593
3.6736786537523693
3.6830196904400676
3.711577682311584
3.74820199787047
3.7705211873739106
3.7804677538340177
3.811052329207629
3.849430202235244
3.864388556168911
3.8908582184398997
3.8945790471440422
3.9100558813660102
3.9295529535419003
3.932166439884858
3.9360533847097887
3.947921048488951
3.962826829578873
3.965691874156201
3.968688467366749
3.97783180596405
3.9892671398773416
3.994326204244711
3.996591170000316
4.0035007776990135
4.012076620532152
4.015851574567608
4.017522857981735
4.0226209200174425
4.0288834622391425
4.031612431022263
4.032801421415552
4.036428535664294
4.040817804327643
4.042694634789496
4.043492421066604
4.0459269009537095
4.0488035211938005
4.049309211793274
4.049821918998105
4.05138734911284
4.053174182900287
4.053332609061221
4.053626915862287
4.054526664371614
4.055494552293032
4.055914733013638
4.056038593305649
4.056422551431724
4.056690339598687
4.056751653808152
4.056680918291214
4.056476258507751
4.055908682396759
4.055503552210069
4.055186959902398
4.054236580504176
4.052625944157037
4.051649799540758
4.051033178066329
4.049171769141458
4.046289382472622
4.044602556246351
4.04361077843918
4.040610644031396
4.036135488044675
4.033513618539592
4.032024911430804
4.027518966433916
4.020932170289442
4.0169809766813165
4.014782774132197
4.008131382736536
3.998532479596166
3.992561689196841
3.989289215574913
3.9793936479848235
3.965251804962514
3.9566108795718082
3.9519663006981056
3.9379292154617898
3.9181035968410844
3.906775589218894
3.90083223169767
3.8828598684306606
3.857851514557018
3.84324608392614
3.8357448812916988
3.813011999201447
3.7817906782911623
3.7629290749947315
3.7534582246903585
3.724640156618305
3.685551041839676
3.6612157144474597
3.649326175506886
3.612898565255283
3.5641585891526733
3.532098532774245
3.5170308968445725
3.470270471525108
3.408790569653352
3.365405857865728
3.3463129963660907
3.2854282389238323
3.2075781646336328
3.1633935718682955
3.1451265234571113
3.0851816984908558
3.0102803249171433
2.9720641981303597
2.9569114194483084
2.906170475784734
2.8432787425329322
2.805939671096718
2.7920794607479067
2.743632267481697
2.684698767315404
2.6482788842684655
2.6359730308890397
2.5902103289575082
2.5358146026319233
2.504427363537109
2.4945607189850016
2.4561946222783946
2.4108002886446753
2.3838872691595165
2.3759020288690005
2.343413491727275
2.3050640883633426
2.2816139764622
2.2750392253640572
2.2470206349757644
2.2140051995498764
2.19321947133742
2.1877050126028545
2.163099692214147
2.1341475587864545
2.1154256410934584
2.1107133510642226
2.0887369362010433
2.0629124360513718
2.0458081047786787
2.0417094490428034
2.021785199593631
1.9984049576176264
1.9825901585542023
1.9789686227504557
1.9606761286429912
1.9392444881672795
1.9244798404621606
1.9212371006742188
1.9042714071386981
1.8844297442724274
1.8705408565098338
1.8676060617856671
1.851745645565996
1.8332333847920907
1.8200924322926975
1.8174141528591046
1.8024966466831436
1.7851222647134886
1.7726342211925221
1.7701746034694228
1.7560790618205573
1.7396992402154423
1.7277919700900608
1.7255226131587829
1.7121569595798372
1.6966619876609572
1.6852793202001215
1.6831784209395284
1.6704707536802632
1.6557744725115962
1.6448714459078246
1.642921840361335
1.6308144782166545
1.6168473998212418
1.6063870198777639
1.6045748416476306
1.5930202579938155
1.5797248563454065
1.56967588701332
1.5679896454341047
1.5569476837583087
1.5442751577789353
1.5346106074289902
1.5330405506815132
1.5224765061569274
1.510384539989847
1.5010806164157273
1.4996182886565774
1.4895015764411428
1.477952778259272
1.4689881609682978
1.4676260922738211
1.4579293156019
1.446890120901605
1.4382454497999932
1.4369769375258263
1.4276752301200977
1.4171151250104035
1.40877263799753
1.4075915913402524
1.3986621494413611
1.3885531157002664
1.3804963899124354
1.3793972182791667
1.3708189648344318
1.3611350796129205
1.353325634799947
1.3523051794617564
1.3440344976184084
1.3347340226461997
1.3271972227006454
1.326246832411934
1.3183143354955682
1.3094109957334423
1.302125201450312
1.3012421283200226
1.29360640437383
1.2850608451939531
1.2780058711486788
1.2771859209868937
1.269830523065058
1.2616226272315034
1.2547865144652317
1.2540257280629004
1.2469354517499651
1.2390464908847332
1.232418056926806
1.2317127116985525
1.2248732399317164
1.217285577364147
1.2108542796045896
1.2102008727525904
1.2035987126235153
1.196295728334669
1.1900516227469
1.1894468567940721
1.183069287853814
1.1760353155920618
1.1699690211290472
1.169409791379226
1.1632448200042684
1.1564650913777614
1.1505677579439224
1.1500511413481285
1.144087459447081
1.1375480535587714
1.1318113326014718
1.131334577655919
1.125561525054512
1.1192493220641575
1.1136653392440978
1.11322585672944
1.1076333858242526
1.1015360239963956
1.096097353458655
1.0956927077519811
1.0902713509283886
1.0843771857423434
1.0790768263388681
1.0787047272776686
1.0734455657210964
1.067743631605556
1.0625749840104364
1.0622332791960807
1.0571279133750067
1.0516078878977837
1.0465647322867044
1.046251399742
1.0412919215747218
1.0359440897618288
1.031020566017238
1.0307337071770415
1.025912672932482
1.0207278958777346
1.0159184825938683
1.0156563156593585
1.0109667210525957
1.0059364028629387
1.0012358996298836
1.0009967531063384
0.9964320086744554
0.9915480653773057
0.9869515755203787
0.9867338822678485
0.9822877896825533
0.9775426251124225
0.9730455353180765
0.9728478264933438
0.9685145575818351
0.9639010306999687
0.9594989986698832
0.9593198982627581
0.955093972494012
0.9506053755059595
0.9462943107808158
0.9461325304548945
0.9420087964829362
0.9376388243320403
0.933414879356625
0.9332692128948156
0.9292428291391638
0.9249855620250674
0.9208451123121019
0.9207144313703096
0.9167808454945889
0.9126307263401596
0.9085703544612364
0.9084536039950242
0.9046085376901444
0.9005603439190907
0.8965768359191825
0.8964730289331873
0.8927124635883701
0.8887612869707402
0.884851620815161
0.8847598353368092
0.881079990878608
0.8772212360612931
0.8733825544772572
0.8733019290175243
0.8696992573034535
0.8659285975251991
0.8621582214358725
0.8620879503564761
0.8585591146784255
0.8548724957723594
0.851167885669584
0.8511072198962462
0.8476490775646577
0.8440426860493497
0.8404014643101266
0.840349699799662
0.8369593167105985
0.8334295457023269
0.8298494793059606
0.8298059648728286
0.8264805493374598
0.8230240805101623
0.8195030164244459
0.819467140182452
0.8162040881796093
0.8128177652765469
0.8093537032448909
0.809324896661137
0.8061217595920124
0.8028025969949855
0.7993936739583156
0.7993714047263264
0.7962258563596163
0.7929711795311803
0.7896155141235197
0.7895992915483794
0.7865091721493085
0.7833162384176935
0.7800122355008162
0.7800015901399107
0.7769649256396807
0.7738311145573841
0.772768331536252
0.7725781766948184
0.7718040928507495
0.7707895418720516