0.23522206098908882
0.23523323705028007
0.23523882607678173
0.2352555935732049
0.2352779540714468
0.2352819480849544
0.23528367467153916
0.2352850780991854
0.23528577217043448
0.23528785025173704
0.2352906176847255
0.23529118557421985
0.23529195389929375
0.2352942773175966
0.2352973314696948
0.2352988392813292
0.2352995835558675
0.2353018163878889
0.23530479356271047
0.2353065157078925
0.23530737573250138
0.23530994555015095
0.23531340710971838
0.23531497967605008
0.23531577716902463
0.2353181553824844
0.23532138582883602
0.2353214798334894
0.23532217608972794
0.2353242607161893
0.2353270458334494
0.23532896258340433
0.23532991988392019
0.23533279752347303
0.23533662681744177
0.23533906570094806
0.2353402864786628
0.23534394156058344
0.23534882492157091
0.23535124745037744
0.23535246136784935
0.23535611041192386
0.23536099765294244
0.23536099252143064
0.23536221100510857
0.23536586647774152
0.23537074061851448
0.23537728040245284
0.23538056528122647
0.23539038100886042
0.23540343787601056
0.23540842655175778
0.23541020597308357
0.23541578824907555
0.23541873555765697
0.23542020644393388
0.23542459291738776
0.2354304754135756
0.23543332543205847
0.23543475710857342
0.23543905216791147
0.23544477915758896
0.2354477598769973
0.23544925441823739
0.2354537737540296
0.23545967800585357
0.2354627360511356
0.23546423461127658
0.2354687481883689
0.2354747055778841
0.23547818237219043
0.23547989681147924
0.2354850606749364
0.23549191871661854
0.23549571608620726
0.23549760057868285
0.2355032878220591
0.23551077945985766
0.2355149988242234
0.23551706859528834
0.235523315114857
0.23553167481121795
0.23553220382737872
0.23553732345058623
0.23554413638009677
0.23554860046304402
0.23555082767109992
0.23555745647077128
0.2355664760254269
0.23557075364500882
0.23557293300839602
0.23557948414231264
0.23558820217671428
0.2355929367238162
0.2355952977888256
0.23560238106312598
0.23561185641037657
0.23561687627251887
0.23561940472283865
0.23562697517685127
0.23563705757779949
0.23564171644330148
0.2356440274924088
0.23565097445433847
0.2356602489863654
0.2356653978679387
0.2356679724521326
0.23567571159638645
0.23568607684675283
0.2356907501956942
0.2356931213939509
0.235700235066019
0.23570960194819376
0.2357140257999748
0.23571618762625887
0.23572269886601616
0.23573131891215218
0.23573667409764915
0.23573931895692476
0.23574728505367754
0.2357578652719405
0.2357646268727394
0.23576800762887154
0.23577809013859174
0.23579174110418358
0.23579831567575898
0.2358016730191801
0.2358116660999461
0.23582513682235465
0.235832255483068
0.23583585144697988
0.23584657594261849
0.23586100409982233
0.23586132056650544
0.23586926517594156
0.23587997888799972
0.23588587356651305
0.23588886302965656
0.23589781392882933
0.23590973507014512
0.23591594708694885
0.23591904189033958
0.23592832643503006
0.23594078588283868
0.2359427558726064
0.2359455734617659
0.23595399321672308
0.2359652648673467
0.23597147549993577
0.23597459633959342
0.23598397736596657
0.23599638574205906
0.23600327755471365
0.2360066828326876
0.23601691891405513
0.2360305848915799
0.2360376755184321
0.23604122650712836
0.23605190057805842
0.23606619655930855
0.236067941955147
0.23607096572841554
0.236080001642112
0.23609224868538953
0.23609837516177984
0.23610150341265138
0.2361108883032934
0.23612344238205535
0.23613058485130853
0.23613416427165013
0.2361449447602811
0.2361591313248517
0.23616611967199239
0.2361695516180133
0.23617988790666106
0.23619353351226507
0.2362014722470398
0.23620538308756828
0.23621729993955526
0.2362325584641522
0.23624093559447293
0.23624496489442326
0.23625702946060895
0.23627314903892382
0.2362825896451844
0.23628730149146354
0.2363014927048693
0.2363204026286832
0.2363297337094709
0.23633441151846105
0.23634839071708294
0.23636716417681114
0.23637861479109937
0.23638437951496463
0.23640160686461376
0.23642473764843286
0.2364296351129045
0.23643613340344824
0.23645559094427282
0.23648174751274526
0.23649424736182495
0.23650055383336224
0.2365196577668663
0.23654450329699633
0.23655769165680196
0.23656412380410588
0.2365833834665058
0.23660919863742857
0.23662274189971244
0.23662957887807856
0.23664993207498541
0.23667753712678746
0.2366917233627974
0.23669892730900416
0.2367205398674689
0.23674945309122436
0.23676577911950372
0.23677395422334885
0.2367984331111152
0.23683133953710567
0.23684813036043673
0.23685660982393444
0.2368817070752353
0.23691645627687782
0.2369230743671324
0.23693139337631083
0.2369563994568111
0.23698968476269083
0.23701434282205502
0.2370267177932093
0.23706341888176405
0.23711383778141393
0.2371157333154999
0.2371446142506426
0.2371829043036027
0.23720556769971862
0.23721680812169008
0.23725066046183343
0.23729577844291183
0.23731766226685483
0.23732865752779023
0.23736145640236977
0.23740585168226963
0.23742660467917792
0.23743712726384206
0.23746905827802509
0.23751066155902584
0.23753453917454542
0.2375462206140153
0.23758133346370194
0.2376279337430547
0.23765540859602552
0.2376691039575424
0.23770995989235305
0.237765090137836
0.23779850263644386
0.23781532494117935
0.237865509933571
0.2379342477719656
0.23796753424605954
0.23802772285209087
0.23803392734022963
0.23804715380991967
0.2380866124627475
0.23813985217175984
0.23817645151875147
0.23819491680313964
0.23825011008806138
0.23832444906534272
0.23836676635933715
0.23838812909452411
0.2384519847808104
0.23853825266865533
0.23854571995464502
0.23856344637113708
0.23861633411585823
0.23868790627682446
0.23872136389983487
0.23873829006363692
0.23878935584881117
0.23885791356251207
0.23886054562428982
0.2388761662385195
0.23892285847730282
0.23898592083499945
0.23902118483318383
0.23903896873905972
0.2390931123427112
0.23916284898223894
0.23919871875543755
0.23921592391703744
0.2392680185076197
0.23933668802242758
0.23937692883134018
0.239396856130208
0.23945664347657242
0.2395364067364909
0.23958080220930034
0.23960287213807377
0.23966981227446235
0.23975637254493984
0.23977381615739754
0.23979719200828523
0.2398675816266668
0.23996115813191196
0.24002128894124303
0.24005131830417006
0.2401414187144798
0.2402613087617426
0.24032138044787643
0.24035119817092315
0.24044082366904776
0.24056021427168334
0.24063082334096775
0.24066630599618336
0.24077239393065908
0.24091327634986245
0.24091727347576436
0.24094997796927975
0.24104880111301424
0.24117903958068176
0.24126664273777532
0.24131001096449195
0.2414403699083977
0.24161458885782247
0.24170023435738985
0.24174320766392132
0.2418717051591751
0.24204574370312276
0.24204625352640086
0.24208831106363857
0.2422155973481589
0.2423822511263096
0.2424664149612873
0.24250780060331475
0.24263240537923436
0.24279729432174152
0.24289594791195684
0.2429449163962189
0.24309310188473335
0.24328614474922855
0.2433975231620309
0.24354427345648907
0.24362313796024115
0.2436631970196925
0.2437831953497761
0.24394364618725847
0.24403539025590626
0.24408142470000121
0.24421955670903778
0.24440348353496918
0.24451301031686196
0.24456758839437637
0.24473230526147427
0.24495018381865064
0.2450645216225102
0.24512134703587107
0.24529241977105745
0.24551810538780874
0.2456266370454211
0.24567989947075897
0.2458413977920054
0.24605212672369248
0.2461580494794025
0.24620972356867124
0.24636502790975337
0.24657156553348428
0.246715800958607
0.24678784814430935
0.24700439854657227
0.2472918355871323
0.24743046382339476
0.24749916043103057
0.24770579234282025
0.24798019173898872
0.24811795341791226
0.24818630268993314
0.24839298055736417
0.24866370500147955
0.24879111931219441
0.24885372503829642
0.24904046469739438
0.24929346615324974
0.24942206384636395
0.24948762726185827
0.24968335228928404
0.24994675095378993
0.25014438872683914
0.2502436670224638
0.2505440419471337
0.2509387930625869
0.2510196637540409
0.2511284509667368
0.25145591059738265
0.25188961693871914
0.2519912404553295
0.25211128471194666
0.25247262984083874
0.25295305024164344
0.2531994368005478
0.2533227091113891
0.25369195899160424
0.2541886326666383
0.2544254062227776
0.25454523100613313
0.25490368138096947
0.2553858018999029
0.25564687151100335
0.2557785771978059
0.25617392219580826
0.2567023623053145
0.2570464813325069
0.25721919382896713
0.2577377216658067
0.2584315643634769
0.2587881970863264
0.2589672571213925
0.25950551934745464
0.26022289531839643
0.2605789385949494
0.26075694498010704
0.2612916932485119
0.2620068672275914
0.26247060764474683
0.26270365233871384
0.2634038813817911
0.26434155151618105
0.264931023067239
0.2652275017491071
0.2661204971086545
0.2673098146089538
0.26785586864697014
0.26824517705485584
0.2684422129258072
0.2690315961788658
0.2698294874928907
0.26991621133225574
0.27010559860105626
0.2706747594607678
0.27143431635754384
0.2718353621093146
0.2720361028430596
0.2726384638460519
0.27344643856572526
0.2740036952444128
0.2742849387809545
0.27512735949767975
0.2762649486700907
0.2763277908045145
0.2766404190396856
0.2775802826423011
0.2788410782096398
0.2797821787845527
0.28025746205907576
0.2816894659549876
0.28361140745242547
0.28420592915107135
0.2857991584164906
0.2858546668290703
0.28623959734536
0.2873964362021648
0.2889532470235399
0.28971296858603723
0.29009642499430616
0.29124910188143344
0.29279809437154725
0.2939478435836613
0.29453000076354136
0.2962807096088358
0.29864845831302633
0.2995920858746578
0.3016413985749882
0.3017105034673576
0.3030545065635899
0.3048632790296308
0.3059207677237944
0.30645497363116075
0.3080620765695669
0.3102273985841452
0.31144109289262145
0.3120554661748839
0.313902493736078
0.316401082780066
0.3175915523565819
0.31960722949725506
0.32055494872877865
0.3210342678078625
0.32247435107797917
0.3244161355251819
0.3253892325750683
0.32588140421901346
0.32735992726597346
0.3293547026683251
0.3303243370949771
0.3308148463957067
0.3322895595701627
0.3342742843068457
0.3357075025986296
0.33643408463047025
0.3386212443578055
0.3415756572188066
0.3430241111815286
0.34375739681777817
0.34596312839469306
0.3489492834242945
0.3492527054628992
0.3513065862282051
0.3540808565032117
0.35544756284232815
0.35613963973569523
0.3582209974115126
0.3610349357765473
0.36231869885206885
0.3629688499050488
0.36492450834394247
0.36756328528497667
0.36902646537317463
0.36976782296652533
0.37199839994239103
0.37501257292694956
0.37656442802761064
0.37735098692750013
0.37971812749142764
0.38291899084543835
0.3845264470771492
0.3853414871389968
0.3877939963497727
0.3911133656660671
0.39270640112140237
0.39351436234883697
0.3959456845439914
0.3992351556332362
0.40091232691092477
0.4017634693591221
0.4043250506660884
0.4077929810734535
0.409567134867441
0.4104681356578503
0.41318036295040683
0.41685443827908886
0.4187649913034491
0.4197361326830834
0.42265993823298414
0.4266265709420849
0.42853892155768486
0.4295113158316045
0.4324385779803511
0.43640927656922396
0.4384400008075163
0.43947341206403473
0.4425850001136587
0.4468091734563529
0.44894117410632706
0.4500267656796199
0.453295607128434
0.45773674903112255
0.45993104328252393
0.46104874226018044
0.4644145106578573
0.468987290109184
0.4713283477759832
0.47252146052329697
0.4761150150062898
0.4810004927901967
0.4834816218779012
0.4847466444602012
0.4885572094625076
0.49374068247084796
0.496338767351823
0.4976636713321603
0.5016550121863437
0.5070851981782467
0.5098337818857178
0.5112357026204382
0.5154596525214533
0.5212081343288906
0.5241053883775256
0.5255832482470923
0.5300365566941625
0.5360982548145898
0.5391570161344945
0.5407173125488169
0.5454196552172337
0.5518214159716159
0.5550512018878869
0.5566987183144781
0.5616645938631173
0.5684261133721863
0.5718337727519712
0.5735719289756622
0.5788116943364613
0.5859469022698455
0.5895444535838188
0.5913793423445718
0.5969114757279652
0.6044455924121915
0.608242898482335
0.6101794965332163
0.6160190778388183
0.6239726112525441
0.6279808673693983
0.6300248362776877
0.6361890289400188
0.6445853666026385
0.6488148480133971
0.6509713656424104
0.6574758661054022
0.6663362901251096
0.6707999608365326
0.6730755788579738
0.6799402488417916
0.6892917943134168
0.6940023176040144
0.6964034128405145
0.7036475830565715
0.7135164813537609
0.7184869811298381
0.7210201465118108
0.7286638051796732
0.7390771170505267
0.7443218908584679
0.7469942988615954
0.7550591935452141
0.7660463471457268
0.7715800401116591
0.7743990146744383
0.7829073549869952
0.7944983287857619
0.8003363568638314
0.8033095899934358
0.8122847052252411
0.8245109450472212
0.830669216763116
0.833804624040645
0.84327052648447
0.8561643325718657
0.8626594295615656
0.8659652421775993
0.8759469068844833
0.8895418260840382
0.8963908254516192
0.8998754981925002
0.9103985848236491
0.9247290222657238
0.9319495163766832
0.9356217369571084
0.9467126190452574
0.9618138772167573
0.9694239641783533
0.9732926467119155
0.984978392617418
1.000886640899683
1.0089048625662387
1.0129791128762302
1.0252873809759173
1.0420395008706134
1.0504847986382648
1.0547738867765681
1.0677328424654238
1.0853662964715824
1.0942579393030951
1.0987712551444921
1.112409436190282
1.1309620565035832
1.1403195203954128
1.145066501016305
1.1594125971232374
1.1789222447951455
1.188765046070994
1.1937550755620359
1.2088376242507184
1.2293417211968722
1.2396891684364968
1.2449314318583444
1.260778375289793
1.2823132323542556
1.2931840828124361
1.2986873671199948
1.3153254483822134
1.337925361132729
1.349337360654052
1.355109792312246
1.3725637602946992
1.3962598324847166
1.4082291219173797
1.4142778333780563
1.4325694328427918
1.4573880990541965
1.4699284736470963
1.4762591929648328
1.4954059228671017
1.5213671516156169
1.5344891671921046
1.5411057289740882
1.5611193640220868
1.5882345395778215
1.6019444635038396
1.608848241577449
1.6297331186816413
1.6580026637252139
1.672361756946851
1.6795816007944373
1.7014259491836576
1.7309641660813861
1.745863034285425
1.753341076679574
1.7759687316955675
1.8065265680136626
1.8219952276152838
1.829743759994893
1.853192725144985
1.8848139485110926
1.9008371583207238
1.908845119366795
1.9330823462785784
1.965712039891134
1.982196228646217
1.9904130228058088
2.0152850404323854
2.0487037748156247
2.0656558780369774
2.0740804055271673
2.099585104807794
2.133777622167836
2.151128289495605
2.1597208214575696
2.185738553821461
2.220528553767219
2.238199686221711
2.2469153645205044
2.2733112741065242
2.308500334391216
2.3263741526178663
2.3351478929986382
2.361725902454352
2.3970319915496985
2.4149848173508692
2.4237476504470337
2.4503004947852607
2.4854246857444644
2.5033044001570617
2.5119723542630576
2.5382477772763523
2.572828861424006
2.5904575179822658
2.5989325831336765
2.624636500138112
2.658254659616319
2.6754159071173027
2.6835797523735088
2.708357318389994
2.740508804068788
2.7569499517938887
2.7646642255138163
2.788101189226854
2.8181986650352386
2.8336224444008393
2.8407236512709377
2.862331401547693
2.889681599017339
2.903735525792801
2.9100274162704385
2.9292210383721544
2.952989917577197
2.9652531649233933
2.9704936433291853
2.986554997473439
3.005702213560652
3.015655515612617
3.0195198001477257
3.031494457083515
3.0445806393195105
3.051551463150911
3.0534759607921518
3.059749057716618
3.0640435313815564
3.065565880659063
3.063940584813001
3.0598370447225864
3.048189894342296
3.0435807902413736
3.0295594375517654
3.0225247035814564
3.018179764534385
3.0053609558241265
2.9860967201293604
2.9763062732276873
2.970788659706192
2.954380494416675
2.930846454863412
2.9187923970353564
2.9123029229169894
2.8929201274586345
2.86581966570968
2.8519278180349765
2.844665028410335
2.8229039936869316
2.792991197043183
2.7776135058596387
2.769745118500684
2.7461065286876614
2.714019124342254
2.697436655706507
2.6890984761384633
2.663984150623824
2.630233611405822
2.6126352834582187
2.6039208192387755
2.577600871357594
2.5425255864916574
2.523932477322306
2.5148580308343305
2.4873610584729033
2.4509806401718155
2.4308964592933875
2.4212462741877943
2.3918736740006965
2.3532737158692068
2.3235631751131405
2.3098589394806144
2.2675713239071364
2.2128749875663885
2.194370007941807
2.156266229108024
2.1378967889523164
2.1294106124275065
2.103188703330557
2.0692591869457697
2.0512548976319986
2.0430777892717416
2.0176216644301936
1.9848706421458615
1.9670145908217034
1.9590803407663109
1.9341217504276362
1.9022310607892585
1.8843839262789979
1.8766806789900776
1.8520853014886434
1.820926021905791
1.8048584601106317
1.7980678221153081
1.7761279325546493
1.7484268173421404
1.7337199615767562
1.727653856787342
1.7077518320211322
1.682725769356832
1.6661056381468944
1.6597606645412573
1.637899179265072
1.6110361568189568
1.5914550599468331
1.5850365634595582
1.560546998663155
1.5318216669936582
1.5139209172104482
1.5087711413056795
1.487441280213117
1.4628823835992908
1.4476568163990302
1.44367122182008
1.4260100690728812
1.4057462328094483
1.392636144764336
1.3894758970055485
1.374468004002245
1.357296384882427
1.3457364509152232
1.3431651350473146
1.3300871518643453
1.3151631999764029
1.3047572865326575
1.3026122074305369
1.2909646752277264
1.2777071117374863
1.268181031631007
1.266349919689602
1.255787875530745
1.2437951911495067
1.2349589113729857
1.233363874177767
1.223647907995173
1.2126409002100138
1.2043618480448521
1.2029484444371457
1.1939110116396146
1.1836937085346793
1.1758782786868935
1.174608103643769
1.1661304792862337
1.1565635829411673
1.1491442996083359
1.1479899618123168
1.1399863819742837
1.1309691118260319
1.123895591535008
1.1228373270168854
1.1152439670862118
1.106701559715226
1.0999341943062302
1.0989575929813133
1.0917249988778905
1.083600176663024
1.077106119201263
1.076200580256347
1.0692888752310141
1.0615363214377138
1.0552875539542261
1.0544451879662815
1.047821550306306
1.040404683353871
1.0343775480375959
1.0335923552868842
1.0272299235546225
1.0201191138491565
1.0142942786558806
1.0135615371117845
1.0074386995235554
1.0006100197623469
0.9949720972346184
0.9942879382541507
0.988387397500253
0.9818213937723639
0.9763581237170353
0.975719261094502
0.9700269205256891
0.9637074074224206
0.9584087364570177
0.9578122984015479
0.9523162667718512
0.9462293342818432
0.9410866743482759
0.9405300955457143
0.9352199696703697
0.9293532836920849
0.9243590192905357
0.9238399678756309
0.9187063751293848
0.9130487279067063
0.9081959188545771
0.9077122455608161
0.9027465655537483
0.897287595588643
0.8925669402536767
0.8921170358065353
0.8873083500600211
0.882036477423744
0.8774467204332758
0.8770279317051248
0.8723745480100974
0.8672845304168878
0.8628191842003139
0.8624300984417731
0.857921975070386
0.8530032206637627
0.8486558200061509
0.8482947587434793
0.8439250586177404
0.8391693163771866
0.8349346875654536
0.8346000512694884
0.830362305204231
0.8257617454625077
0.8216349744902763
0.8213252410593441
0.8172132887469661
0.8127604531374878
0.8087368580666335
0.8084505781992807
0.8044585504968782
0.8001463317182759
0.796221451067337
0.795957244668614
0.7920795497073656
0.7879011756181235
0.7840707586676768
0.7838273119333697
0.7800586235123725
0.7760076435118919
0.7722676418598465
0.7720437048166507
0.7683789520990304
0.7644492251263086
0.7607957848922778
0.7605901691893272
0.7570245272220042
0.7532102107413599
0.7496396651016611
0.7494512419565937
0.7459801227145573
0.7422756620231775
0.7387845242056659
0.738612222431341
0.7352312661254052
0.7316313840825762
0.7282163404194563
0.7280591444608275
0.7247642109670928
0.7212638980408868
0.7179218009087507
0.7177787489247771
0.7145659094573837
0.7111604131923897
0.7078882747432097
0.7077584566166456
0.704623985402481
0.7013088005917476
0.6981037857622914
0.6979863412111911
0.6949267069178873
0.6916975658617625
0.6885569858675477
0.6884511023680502
0.6854629603915801
0.6823158223391332
0.6792371284910593
0.6791420394504417
0.6762222232296095
0.6731532654749125
0.6701340419613505
0.6700490247255236
0.6671945376258989
0.6642001456820624
0.6612381038424973
0.6611624775739067
0.6583704860790288
0.6554472424568543
0.6525402153027098
0.6524733393738086
0.6497411639529469
0.6468858410939282
0.6440317761556089
0.6439730480087943
0.6412981568496462
0.6385077045185813
0.6357046602970744
0.6356535137826534
0.6330335135293276
0.6303050574476806
0.6275511922134354
0.6275070954354371
0.6249397270754915
0.6222705488720862
0.6195641238559891
0.6195265778816317
0.6170097070343189
0.614397245143859
0.6117366128688826
0.6117051494138779
0.6092367625285198
0.6066785951199423
0.6040621992464205
0.6040363800842201
0.6016145716494973
0.59910842644347
0.5965347858894092
0.5965141996658156
0.5941371767171771
0.5916808974098836
0.589148619993615
0.5891328825857661
0.5867989455281217
0.584390522091471
0.5818982703088236
0.5818870212357249
0.5795945744912222
0.5772320683810381
0.5747786127803884
0.5747715154896235
0.5725190391028642
0.570200692624426
0.5677848124975848
0.5677815512248007
0.5655676294657116
0.563291694249685
0.5609122960192442
0.5609125812451078
0.558735853117007
0.556500770818606
0.5541567671117877
0.5541603151487802
0.5520195286310162
0.5498237494877958
0.5475141547560024
0.5475207195521421
0.5454146431799041
0.5432568136133443
0.540980609223902
0.5409899471456499
0.5389174806836107
0.5367960794088278
0.5347305898848126
0.5346960684994617
0.5328187181942875
0.5308170924598433