20000.
19997.098478896
19995.647876092
19991.296699233
19985.496603496
19985.467344459
19984.017543449
19983.236178961
19982.801832498
19982.584662791
19981.933167863
19981.064541085
19980.476018154
19979.642430999
19979.497073892
19978.963995957
19978.253247572
19977.851624206
19977.650815535
19977.048401665
19976.245211507
19975.730020843
19975.472430475
19974.699679337
19973.669391091
19973.170145785
19972.920527792
19972.17169257
19971.17328938
19970.667589996
19970.414745087
19969.656229606
19968.644920546
19968.175478398
19967.940761445
19967.236627175
19966.297820199
19965.842973184
19965.615553545
19964.933310204
19964.023688771
19963.540590115
19963.299045152
19962.574427836
19961.608312423
19961.017983799
19960.722826011
19959.837378879
19958.656843918
19958.077200691
19957.787385369
19956.917964696
19955.758796163
19955.10815316
19954.78283959
19953.806930747
19952.505793329
19951.864078877
19951.543229367
19950.580711842
19949.2974275
19948.666693941
19948.351334616
19947.405286599
19946.143959161
19945.478298123
19945.14547591
19944.147042643
19942.815876165
19942.105975739
19941.751034976
19940.686250644
19939.266626781
19938.588235043
19938.249047804
19937.231520758
19935.874898942
19934.986930997
19934.542961823
19933.211113692
19931.435454777
19930.626927117
19930.222675556
19929.009970131
19927.393144508
19924.727465155
19923.394759103
19919.397175965
19914.068313336
19914.014137255
19912.087849715
19909.519756427
19908.173448117
19907.500328052
19905.481104508
19902.789125308
19901.242567784
19900.469334031
19898.149813141
19895.057539473
19894.921862547
19894.301869687
19892.442007122
19889.962461082
19888.779520592
19888.188076687
19886.413850584
19884.048462225
19882.631064892
19881.922404063
19879.796573225
19876.962485962
19876.787239704
19876.152649215
19874.2489994
19871.711083509
19870.429780164
19869.789159426
19867.867421226
19865.305392998
19864.071261901
19863.454225059
19861.603229622
19859.135504262
19857.754217224
19857.063609681
19854.99193126
19852.230029849
19850.797040879
19850.08058513
19847.931373135
19845.0661194
19843.729830641
19843.061719955
19841.057522959
19838.385575449
19837.113322968
19836.477227277
19834.569062679
19832.025128994
19830.69366318
19830.027963745
19828.030999619
19825.36869387
19823.796566996
19823.010550251
19820.652687124
19817.509306194
19815.970669697
19815.20139619
19812.89375496
19809.817318333
19808.012358946
19807.109940857
19804.402933395
19800.79416596
19798.570643941
19797.458976484
19794.124348778
19789.679052646
19787.437539393
19786.316877893
19782.955274359
19778.474025152
19776.430807598
19775.409277899
19772.34500554
19768.260048064
19765.9911878
19764.856855237
19761.454248285
19756.918350652
19754.795093232
19753.733550014
19750.549262764
19746.304345312
19743.660920865
19742.339341249
19738.375133349
19733.090761538
19730.262697137
19728.848816825
19724.607783986
19718.954492228
19716.161315745
19714.764875772
19710.576149468
19704.992565974
19702.198236358
19700.801220046
19696.610765638
19691.024880129
19688.424809313
19687.124902557
19683.22569741
19678.027959013
19675.593285677
19674.376061882
19670.724842479
19665.857604451
19663.162094858
19661.814478512
19657.772183804
19652.383750792
19649.702313318
19648.361731684
19644.340535714
19638.980221766
19635.741958839
19634.123027494
19629.267034524
19622.79424605
19619.00573088
19617.111747452
19611.43089443
19603.858983446
19599.089280544
19596.704864116
19589.553355569
19580.022071358
19574.86583139
19572.288220432
19564.557424274
19554.254446865
19549.241827062
19546.735998853
19539.220441622
19529.20419449
19524.65994938
19522.388223195
19515.574630771
19506.493540807
19500.757733848
19497.890462657
19489.29117878
19477.831367392
19471.342624207
19468.099063027
19458.37162151
19445.409261007
19439.57326106
19436.655917719
19427.906514745
19416.246771583
19409.258089491
19405.764691556
19395.288270398
19381.328507645
19372.832456762
19368.585827737
19355.851525784
19338.885481052
19336.724128481
19327.005115786
19314.054031887
19306.794782888
19303.166181337
19292.284468562
19277.785061301
19275.667666657
19272.092746048
19261.371962354
19247.086861986
19239.04987292
19235.032636675
19222.985960785
19206.93546323
19206.101389916
19202.549906735
19191.899397553
19177.707908469
19170.796878219
19167.342296835
19156.982287846
19143.177653891
19135.673399769
19131.922375645
19120.673714967
19105.685789489
19098.274920135
19094.570563222
19083.461803524
19068.660178004
19058.567761863
19053.523556688
19038.398950757
19018.251485633
19007.823815655
19002.612124525
18986.985624199
18966.170279884
18953.726314268
18947.507393079
18928.862870726
18904.03204575
18890.286775361
18883.417887969
18862.826209175
18835.405565123
18822.849455342
18816.574539154
18797.762339832
18772.708663257
18759.560297192
18752.989567482
18733.2911849
18707.058860315
18699.12419238
18691.328977478
18667.962826337
18636.853392976
18621.342975503
18613.592607533
18590.360854037
18559.430283964
18543.255583657
18520.487917452
18509.317117834
18503.734244526
18486.995727009
18464.701257253
18452.731521088
18446.74956264
18428.815320969
18404.930120805
18393.428496528
18387.680379594
18370.446805441
18347.493831419
18333.34493839
18326.274583534
18305.079876138
18276.858394123
18272.40923679
18265.900076007
18246.386503834
18220.400834172
18208.174922428
18202.065042796
18183.747703333
18159.353257355
18147.536931185
18141.631651312
18123.927339681
18100.348466429
18084.608402432
18076.743503427
18053.169324047
18021.784904242
18004.968667845
17996.566434186
17971.383253156
17937.860490476
17920.082358987
17911.199901107
17884.5789367
17849.145858056
17832.835166952
17824.685410959
17800.258484428
17767.741315995
17749.971808396
17741.093719274
17714.486087925
17679.071314415
17659.731258642
17650.069165393
17621.114593794
17582.582376594
17557.329120517
17544.716096189
17506.931365533
17456.678281311
17434.000679474
17422.672927603
17388.733815827
17343.584491282
17318.530578571
17306.017196542
17268.531274925
17218.67632687
17188.567279284
17173.532503693
17128.507038323
17068.656666355
17058.946839586
17021.99479726
16972.8498941
16944.828163878
16930.83465118
16888.923414403
16833.203113323
16798.409768166
16781.040072097
16729.038674669
16659.954065315
16655.719917578
16639.00589493
16588.964397335
16522.476438207
16491.687374952
16476.314364249
16430.281262306
16369.103799594
16331.844238041
16313.246271963
16257.579351186
16183.652173164
16150.169395272
16133.453991566
16083.411513848
16016.929588321
15973.92576217
15952.467164727
15888.264179375
15803.061973854
15756.108036048
15732.68340728
15662.618270005
15569.683241179
15542.693131284
15515.645940473
15434.786447567
15327.628928604
15267.737287159
15237.879279855
15148.655152665
15030.501823488
14956.223182001
14919.221625095
14808.765303556
14662.761272683
14610.331708148
14495.377453694
14495.01248354
14425.173516742
14332.578057809
14286.198313724
14263.06475159
14193.888586373
14102.175325032
14038.654588605
14007.001592911
13912.470175827
13787.419967274
13699.738338916
13656.106849168
13526.044373679
13354.552629661
13257.92993213
13209.881053042
13066.776722115
12878.379585409
12788.033741607
12743.09877158
12609.239013752
12432.944107649
12410.430232515
12288.204139993
12257.859904752
12226.173747756
12131.605881003
12006.652267679
11945.642523633
11915.254001946
11824.551487435
11704.687944712
11615.318929096
11570.890629871
11438.622763876
11264.614579859
11150.021415295
10996.414376183
10970.894803726
10938.07308997
10840.195937266
10711.054131683
10639.087093334
10603.285103669
10496.600391284
10356.021994534
10291.011837545
10258.659955651
10162.213265019
10035.026702848
9964.7220450155
9929.7546357098
9825.5869211999
9688.394524367
9623.7626277936
9591.6085436474
9495.7894440804
9369.5180137547
9306.5847882051
9275.2768673308
9181.9836238477
9059.0506952088
8996.2394757577
8964.9973667786
8871.9205235107
8749.3195473512
8667.8098672368
8627.3402254906
8507.0614878733
8349.2942759866
8319.9487637617
8219.3410824711
8087.0874345445
8061.8090420487
8017.8297665293
7887.3262289284
7716.6197895775
7648.6074986837
7513.8892575836
7496.1491523169
7414.1267008766
7306.1578305157
7245.43537023
7215.2636530145
7125.5002684272
7007.5504887788
6993.1488270908
6964.5191827576
6879.3315875854
6767.3667969723
6712.7742213207
6685.6433042515
6604.9067137428
6498.7725399234
6447.9442859351
6422.6794288478
6347.4772801066
6248.575686373
6201.6690785178
6178.3479824096
6108.909567182
6017.5374871469
5972.1691234058
5949.613369602
5882.4559586632
5794.0904634683
5749.8989220337
5727.9297041821
5662.5244122289
5576.4776405181
5533.2696238988
5511.7913217484
5447.8553547431
5363.7595915471
5323.3382644301
5303.241974027
5243.4071578086
5164.6762432421
5125.2505789734
5105.6507509867
5047.2998428818
4970.534680217
4932.4974273302
4913.5880948087
4857.2939369155
4783.2370472979
4746.6355812787
4728.4400095458
4674.2707297988
4603.0091248508
4568.373367594
4551.1533430528
4499.881749127
4432.417002942
4399.0198213907
4382.4157130771
4332.9784786668
4267.9286046939
4235.7870732627
4219.8071916415
4172.228353362
4109.6233500241
4078.7872624821
4063.4560920261
4017.8074741878
3957.7393690769
3928.2242861703
3913.5493879563
3869.8528083079
3812.3487082315
3784.0415849655
3769.9669389534
3728.0563265669
3672.8993815576
3645.7373746417
3632.2317894611
3592.0144827863
3539.0832471089
3513.0576622668
3500.1167268483
3461.5792413391
3410.8551625954
3385.9309993717
3373.5372984314
3336.6277257131
3288.0423730767
3264.1601180948
3252.2841182664
3216.9147431121
3170.3532017155
3147.4731706955
3136.0951498604
3102.2072820329
3057.5923969358
3035.6810292824
3024.7842982609
2992.3282319038
2949.5945639451
2928.6154189753
2918.1818679463
2887.1037119829
2846.1804178989
2826.0891145548
2816.0967093756
2786.3309812279
2747.1321796824
2727.8910231383
2718.3210408401
2689.8120650054
2652.2646597853
2633.8366418468
2624.6707023594
2597.3638303432
2561.3960905936
2543.7437985535
2534.9633245687
2508.8033360038
2474.3428139468
2457.4299126874
2449.0168627951
2423.9501335257
2390.9264831896
2374.7182031063
2366.6553130935
2342.6305285311
2310.9764326442
2295.4390838013
2287.7096260597
2264.6770686353
2234.3273098072
2219.4281178628
2212.0158200238
2189.9271277571
2160.8182727163
2146.5258407587
2139.4151141677
2118.2239564159
2090.2952347427
2076.5792998067
2069.7551188857
2049.4168388041
2022.6096762812
2009.4412238138
2002.8891826342
1983.360964281
1957.6191996853
1944.9703914588
1938.6766679712
1919.9174300805
1895.1871760386
1883.031380381
1876.9827513173
1858.9531911601
1835.1828906831
1823.4946468504
1817.6784700284
1800.3410107942
1777.4813681932
1766.2363625458
1760.6405650284
1743.9593205832
1721.9632551216
1711.1382862113
1705.7513469824
1689.6920704193
1668.5146489146
1658.0875842549
1652.8985127833
1637.4285328201
1617.0268864628
1606.9766085604
1601.9749180502
1587.0630597093
1567.3962804351
1557.7026231865
1552.8782990593
1538.4947902389
1519.5238087437
1510.1674827267
1505.510945608
1491.6273073861
1473.3147499603
1464.277255785
1459.7793185788
1446.3682380211
1428.6782606016
1419.9417915993
1415.593611288
1402.6287986461
1385.526900559
1377.0742354472
1372.8672599328
1360.3232911861
1343.7761098432
1335.5904973382
1331.5164083075
1319.3685559709
1303.3436463732
1295.3970326238
1291.4419131911
1279.6488629746
1264.0921458913
1256.4029226236
1252.5758680382
1241.1645071058
1226.1109139919
1218.6056148883
1214.8702107806
1203.7325597542
1189.0410315677
1181.7588995806
1178.1345748654
1167.328157434
1153.0736341337
1145.9781784078
1142.4468403603
1131.9179837373
1118.0302974492
1111.1099160292
1107.6658050836
1097.3973948208
1083.8541052128
1077.0838157104
1073.7145462258
1063.6698437846
1050.4229305637
1043.7841322139
1040.4804836558
1030.6321438428
1017.6458758521
1011.1234408753
1007.8779166126
998.20371594861
985.44907543936
979.02306146516
975.82578513086
966.29646996392
953.7353163395
947.38214374162
944.22144515581
934.80247844231
922.38985163485
916.08605179552
912.95032563547
903.60740157824
891.29873316832
885.01617222365
881.89151770582
872.5835907304
860.3256617365
854.03047744851
850.90017989222
841.57796093075
829.30701443226
822.95672880118
819.79984395037
810.40166361205
798.03814043817
791.57372242056
788.36117637305
778.80155461122
766.23546915223
759.5646254949
756.25101375349
746.3966611151
733.45698063496
726.40361229781
722.90240483948
712.49971125817
698.86194265142
690.92555574997
686.99122382432
675.32213847712
660.07110040462
650.15978083108
645.2600700456
630.78137755165
611.98056130584
604.81728267376
591.12407441374
584.97848559332
581.92969223818
572.87832007904
561.02844543136
555.37668978712
552.57219849052
544.24341052775
533.33331416331
527.95065554159
525.27973208044
517.34776284763
506.9578103956
501.77120165972
499.1978299404
491.55663115782
481.55000006253
476.50302717017
473.9994112199
466.56721380467
456.83857834623
451.88100813792
449.42243415018
442.12668082596
432.58291199363
427.66178359108
425.22225299604
417.98684004811
408.53077268943
403.57927949815
401.12608338127
393.85560531842
384.36621041705
379.2787592726
376.76034096061
369.30497706014
359.5934735421
354.13447165122
351.43612707949
343.46382930715
333.11471175242
325.92030503451
322.38158050841
311.99427639912
298.66328509528
296.60799346242
288.69632017295
278.47472233042
277.22809878893
271.16076178836
263.27703493412
262.12929967962
260.42604444112
255.38239592751
248.80915036761
245.17797845319
243.38231374323
238.0738431665
231.17555395434
227.34722759228
225.45690457419
219.87971890062
212.6574908183
208.64365916665
206.66524305025
200.8418444169
193.33176383935
189.03352560002
186.92037536017
180.72160534272
172.77516619399
167.95184817602
165.59092065451
158.70540661162
149.96802071963
145.16924462404
142.82775015073
136.02744181878
127.46133046423
123.3901084175
121.40352434853
115.63362527727
108.36472682673
104.91355979147
103.22941447816
98.337460219349
92.173558609309
89.244362154015
87.814858703965
83.662272842079
78.429334679408
75.941165405738
74.726840511294
71.199133788732
66.753211669994
64.638655073367
63.60662964782
60.608369753894
56.829377196745
55.031832341145
54.15449510947
51.605516112002
48.392524817449
46.86421004203
46.118249018361
43.950856057682
41.218613528884
39.919042461813
39.284703782956
37.441529910587
35.117780528547
34.012548390001
33.473045534663
31.905341411164
29.928684148177
28.988481792624
28.529515353009
27.195757830441
25.513900815491
24.713726482275
24.323099801967
23.187876611061
21.756234372219
21.074789095858
20.742112760047
19.775262317447
18.55586790106
17.975091942762
17.691556516451
16.867503780673
15.828163033558
15.332833975733
15.091012948343
14.388193457713
13.501751390214
13.079081044519
12.872733916
12.273021009128
11.516638305751
11.155869254875
10.979745137778
10.467881346102
9.8223220577535
9.5143643590147
9.36402540045
8.92711226375
8.3761070030403
8.113242577912
7.9849202480273
7.6120029679913
7.1417302072801
6.9173829615972
6.807866163569
6.4896097102383
6.0882901417315
5.8968458770771
5.8033931734788
5.5318277450558
5.1894044812087
5.026065632599
4.9463343739669
4.7146495956676
4.4225289905992
4.2832312147606
4.2152363772043
4.0176599754294
3.7685548559716
3.6497152529574
3.5917082535858
3.4231605142843
3.210669101099
3.1093310419564
3.0598678407886
2.9161495340294
2.7349703363944
2.6485716402856
2.6064012550342
2.483876118086
2.329421836443
2.2557726037906
2.2198258533895
2.1153862054031
1.9837366685917
1.920965902647
1.8903293313641
1.8013202243987
1.6891265845357
1.6356360869484
1.6095294466526
1.5336831847649
1.4380852482521
1.3925101310257
1.3702670955542
1.3056471550909
1.2242025877488
1.1853774586882
1.1664291096307
1.1113821204184
1.0420058331885
1.0089358450546
0.99279653331834
0.94591116976082
0.88682343076023
0.85865949906228
0.84491474264352
0.8049865368627
0.75466856176676
0.73068615559253
0.71898228256894
0.68498351307739
0.64213946436996
0.62172045909729
0.61175574612248
0.58280967559136
0.54633415298813
0.52895130683732
0.52046839913712
0.49582723873066
0.46477747434638
0.4499811523411
0.44276058132298
0.42178664671552
0.3953587293789
0.38276555130506
0.37662019180527
0.35876979142025
0.33627833990854
0.32556147728127
0.32033181010295
0.30514147474304
0.28600226617712
0.27688314971963
0.27243321297934
0.25950792812349
0.24322305389443
0.23546428838595
0.23167821844211
0.22068137062289
0.20682655542684
0.20022586751052
0.19700494428908
0.18764973382767
0.175863505044
0.17024857458002
0.16750869832281
0.15955080621633
0.14952524572796
0.14474929270313
0.14241882963105
0.13565015683292
0.12712300584466
0.12306102403984
0.12107896778745
0.1153222923189
0.1080702139933
0.10461575657245
0.10293015909162
0.098034576403109
0.091867406547584
0.08892984223975
0.087496474470247
0.08333350567328
0.078089345975913
0.075591519042311
0.074372728704181
0.070833001682609
0.066374035439321
0.064250271919328
0.063214010329572
0.060204431981544
0.056413359014535
0.054607764510257
0.053726755747358
0.051168098010128
0.047945091627383
0.046410099142014
0.045661131288232
0.0434859719682
0.040746083432966
0.039441218745605
0.038804541279368
0.036955513193789
0.034626464617152
0.033517292533543
0.032976102032698
0.031404398840426
0.029424699883452
0.028481922915429
0.028021923206398
0.026686021719693
0.025003359587836
0.024202059489437
0.023811091409404
0.022675675727305
0.021245558612805
0.020564537996436
0.020232258156676
0.019267286757603
0.018051868793131
0.017473101586362
0.017190714120546
0.016370640367538
0.015337738790717
0.014845892009892
0.014605915257171
0.013909009888001
0.013031251833503
0.01261329275066
0.012409367438975
0.01181716094532
0.01107127984624
0.010848214421559
0.010738372784288
0.01041547604756
0.0099999997764826