20000.
19997.098478896
19995.647876092
19991.296699233
19985.496603496
19984.774934645
19984.108749496
19983.964961173
19983.328198506
19983.027379827
19982.876972175
19982.425756033
19981.824150419
19981.482179951
19981.311196898
19980.798256546
19980.114356627
19979.772745247
19979.601941734
19979.089539982
19978.406358156
19978.046177611
19977.866089761
19977.325835976
19976.605520394
19976.232595941
19976.046136311
19975.486767892
19974.740967773
19973.609914362
19973.044411632
19971.347999588
19969.086341217
19968.733654319
19967.926447694
19967.522856588
19966.312132273
19964.697947542
19964.317845802
19963.860177308
19963.631346979
19962.944871762
19962.029608283
19961.495388224
19961.228283536
19960.426990955
19959.35865099
19958.836530087
19958.575474738
19957.792329217
19956.748183094
19956.213610635
19955.946329756
19955.144508636
19954.07546403
19953.443162127
19953.127018665
19952.178618381
19950.914154917
19950.262344811
19949.936447719
19948.958788433
19947.655317377
19946.968454773
19946.625032315
19945.594800467
19944.221240912
19943.439405638
19943.048499465
19941.875826976
19940.312371075
19939.458036597
19939.030883053
19937.749477389
19936.041064773
19935.211650782
19934.796956695
19933.552926256
19931.894339932
19931.118635242
19930.730794189
19929.567316369
19928.016118414
19927.050229852
19926.567303092
19925.118593101
19923.18714381
19922.233318954
19921.756423614
19920.32580616
19918.418476221
19917.296265923
19916.735184443
19915.052034919
19912.808057039
19911.640108137
19911.056159332
19909.304415754
19906.968997615
19906.75748426
19906.263254663
19904.780639568
19902.803991409
19901.507447715
19900.859207493
19898.91461361
19896.322117597
19894.789953861
19894.023916183
19891.725980231
19888.662478822
19888.492491775
19886.580048507
19884.030410463
19879.868360769
19877.787662473
19871.546874443
19863.228872325
19860.804043495
19859.331888791
19858.595852305
19856.387906629
19853.444361217
19851.962191368
19851.221147883
19848.998183506
19846.034618519
19844.544246183
19843.799101931
19841.563837159
19838.583876088
19837.938701204
19837.230612176
19835.106496842
19832.274697143
19830.879995392
19830.182681246
19828.090886027
19825.302169247
19820.125645203
19817.537889869
19809.776651254
19799.433062144
19797.948840326
19796.727345052
19793.063311577
19788.178988973
19785.94621591
19784.829923771
19781.481425385
19777.017642859
19774.981693338
19773.9637971
19770.910422896
19766.839991102
19764.672824124
19763.589329656
19760.339202781
19756.006532117
19753.90869942
19752.859866531
19749.713702135
19745.51959618
19743.334277514
19742.241708798
19738.964365566
19734.595421326
19732.07025801
19730.807797427
19727.020900479
19721.972835622
19719.470904282
19718.220057544
19714.46799356
19709.466352657
19706.658345378
19705.254491659
19701.043530725
19695.43031647
19692.412859167
19690.904303768
19686.379331144
19680.347652399
19677.231766546
19675.674008504
19671.001474496
19664.773155805
19661.82442809
19660.350229937
19655.928298856
19650.033938395
19644.880402586
19642.304141361
19634.577385022
19624.279772163
19619.210239866
19616.675964653
19609.075103385
19598.945203772
19594.026833686
19586.343627816
19582.697728185
19580.875032741
19575.407964522
19568.120915327
19563.959679028
19561.879392574
19555.639860641
19547.32358129
19543.37412001
19541.399688474
19535.477590917
19527.584253309
19523.711642367
19521.77562476
19515.968724032
19508.228877329
19503.856162862
19501.670173029
19495.113673779
19486.375104441
19481.369005066
19478.866437493
19471.360663853
19461.357465433
19456.275517459
19453.735040949
19446.115601937
19435.960992979
19431.032330734
19428.568468136
19421.178755062
19411.330177288
19405.552118084
19402.66373327
19394.0011585
19382.457075797
19377.073773393
19374.382682703
19366.311653261
19355.555511663
19348.631424153
19345.170309057
19334.790678621
19320.959835398
19311.483515115
19306.747097702
19292.544815073
19273.624690257
19264.056797769
19259.274632466
19244.935258922
19225.832702284
19222.838396504
19218.767239981
19206.558943607
19190.293279282
19188.297847289
19184.658571098
19173.74488392
19159.202959567
19151.723211055
19147.984431626
19136.772472611
19121.833407088
19114.391561847
19110.671725104
19099.516558349
19084.653132383
19076.385275038
19072.252689331
19059.86030359
19043.349648788
19035.490564836
19031.562238927
19019.78212521
19004.086650232
18995.584575496
18991.334964293
18978.591834698
18961.614296869
18952.909194029
18948.558141062
18935.510975164
18918.128729299
18906.863891405
18901.233987665
18884.354333796
18861.871577441
18848.325038394
18841.555417209
18821.261139553
18794.236104193
18790.748758492
18784.401858133
18765.374017755
18740.033545512
18726.49677431
18719.732055479
18699.452558497
18672.447402103
18667.236262209
18660.286561484
18639.452980483
18611.711052954
18598.890460928
18592.483476595
18573.275764057
18547.696347023
18534.957360401
18528.591148029
18509.505628494
18484.088849095
18470.264667898
18463.356454414
18442.647313905
18415.071257377
18398.308975707
18389.933556804
18364.830170732
18331.412289782
18307.692987785
18295.844847428
18260.346414648
18213.122292466
18204.628107497
18167.999827974
18150.172825067
18123.076254549
18106.562129283
18098.310709898
18073.579007858
18040.655972541
18019.180189576
18008.45188607
17976.305286598
17933.532405095
17909.39992239
17897.345860689
17861.232334023
17813.194298438
17786.886488028
17773.74715541
17734.38736769
17682.043207667
17652.152934975
17637.22675065
17592.523884285
17533.096267421
17531.455401345
17519.65392992
17484.297161674
17437.265779217
17412.904125372
17400.736063918
17364.282875531
17315.797393977
17281.320897462
17264.108398041
17212.57369776
17144.09999043
17138.459346844
17116.331720931
17050.120114094
16962.236230788
16919.172211257
16897.681216636
16833.371886472
16748.006680891
16731.76595221
16674.789953284
16648.499467359
16635.369771697
16596.042781732
16543.751384335
16517.489222064
16504.373777663
16465.089897975
16412.856808922
16378.802594943
16361.801992376
16310.905990004
16243.290850846
16209.359098115
16192.419810659
16141.708089342
16074.339434779
16039.555759404
16022.192156595
15970.214051063
15901.172126336
15856.099730101
15833.611462664
15766.337849735
15677.08412415
15620.19850678
15591.8331482
15507.045761579
15394.712707571
15321.150494304
15284.501306452
15175.078913428
15030.399992541
14978.387292259
14876.985760042
14854.783258403
14822.143928775
14724.655610841
14595.667893601
14557.26051621
14464.982980786
14415.144711033
14390.290004419
14315.982720917
14217.502878542
14153.858837432
14122.14373179
14027.424174631
13902.118950908
13897.125275257
13826.637483748
13733.209602708
13675.262158927
13646.380190697
13560.099765195
13445.907192046
13376.02565702
13341.221201649
13237.350266451
13100.112602494
13036.858986778
13005.34680094
12911.266532208
12786.884004431
12709.046319626
12670.305338221
12554.789525589
12402.40504935
12302.725402564
12253.186405701
12105.763075422
11911.954067678
11886.253162006
11769.727949749
11616.136047534
11598.916414296
11488.40429762
11342.690988342
11270.363462054
11234.372831207
11127.0890691
10985.63606627
10919.647404052
10886.801862732
10788.856838458
10659.632837072
10588.036815402
10552.419333804
10446.28417305
10306.429330673
10243.845079782
10212.695609145
10119.814366227
9997.2854088192
9930.9320640548
9897.9207209286
9799.5436352517
9669.8935188295
9588.937766019
9548.7144010903
9429.0538500807
9271.8358220926
9253.5139235975
9217.392822541
9109.8733178034
8968.4624345669
8904.5671157752
8872.7903642689
8778.1388864192
8653.5057157243
8592.5463941052
8562.2279552962
8471.9129988256
8352.9732259951
8296.3801465262
8268.2275535507
8184.3416742367
8073.8162378538
8014.2639064564
7984.6526629839
7896.4737703076
7780.4148747965
7711.516302337
7677.2961486499
7575.5441197622
7441.969461592
7416.3003776091
7328.3085925248
7212.6080653846
7158.2445344128
7131.2166181634
7050.7436414345
6944.857184231
6895.3336345163
6870.7044471996
6797.3434656015
6700.7458539755
6646.0253399788
6618.8328844411
6537.9212563579
6431.5756028723
6383.234910547
6359.200984736
6287.640799279
6193.4782976737
6143.4778284008
6118.6291679504
6044.6846013741
5947.4800783647
5903.2167321423
5881.2087451266
5815.6758573396
5729.4331664903
5685.0699023757
5663.0172504467
5597.37123149
5511.0254219485
5468.8524085901
5447.8870782084
5385.4720935793
5303.363037365
5263.7593899178
5244.0686079352
5185.4371218747
5108.2802609613
5069.8943547029
5050.8097043443
4993.9857185318
4919.2136273634
4882.2867166663
4863.9273396643
4809.2624060756
4737.3303273018
4700.3673651573
4681.9941749214
4627.3043970914
4555.3771348919
4520.9750785481
4503.8715982732
4452.9484108704
4385.9453412069
4352.5174176289
4335.8991166698
4286.4239490874
4221.3341245489
4189.7017594686
4173.9745754402
4127.1463576181
4065.5249618526
4034.9206011571
4019.7049219147
3974.4012915623
3914.7897107371
3885.6974872343
3871.2325481798
3828.1600161008
3771.4745374418
3743.4398716585
3729.5007815543
3687.9941629007
3633.3696906013
3606.6140813398
3593.3102508145
3553.6924833189
3501.5474353633
3475.7847844783
3462.9746262945
3424.8267326743
3374.6157761497
3350.1205419042
3337.9396808501
3301.6621897341
3253.9047764157
3230.2403414036
3218.4727399404
3183.4265258216
3137.2911581665
3114.7805182008
3103.5858392538
3070.2426316229
3026.341592008
3004.6890162147
2993.9208911354
2961.8475079113
2919.6168478199
2898.8958279728
2888.5905304216
2857.8939249073
2817.4719561194
2797.5821552424
2787.6899703259
2758.22279394
2719.4171863018
2700.4225518799
2690.9750448126
2662.8303771411
2625.7615215065
2607.6203519177
2598.596821655
2571.7131530062
2536.3004038259
2518.9063684438
2510.2541347065
2484.4753449967
2450.5149642401
2433.796552345
2425.4801669715
2400.7011286285
2368.0557490576
2352.0550873809
2344.0953446631
2320.3773758526
2289.1263063585
2273.8252291816
2266.2130864078
2243.5292184362
2213.6368692389
2198.944515335
2191.6349469348
2169.8517075555
2141.1438110218
2127.0615544962
2120.0551958896
2099.1742873513
2071.6526448713
2058.1319994492
2051.4048032662
2031.3548592627
2004.9261035705
1991.9587040734
1985.5064891363
1966.2749721208
1940.9224014985
1928.4570549536
1922.2544348923
1903.7660184717
1879.3911168502
1867.4228364545
1861.4673072336
1843.7144375284
1820.3070379382
1808.797632332
1803.0702472296
1785.9966745649
1763.483138778
1752.4214170799
1746.9166029752
1730.5056967345
1708.864056017
1698.2190870792
1692.9214944723
1677.1276663904
1656.2981977423
1646.0529429126
1640.9541047004
1625.7521606941
1605.7017503887
1595.8317816038
1590.919571074
1576.2734773215
1556.9548791882
1547.435479092
1542.6976269963
1528.570930444
1509.9363586859
1500.7542567126
1496.1841657006
1482.5572248896
1464.5808387602
1455.716792034
1451.3049065518
1438.1493161992
1420.7938452099
1412.2315623151
1407.9697899574
1395.2614843569
1378.4953291716
1370.21665167
1366.0959756946
1353.8081524951
1337.5961487522
1329.5879243163
1325.6018093293
1313.7150241772
1298.0316197988
1290.2744653895
1286.4132892975
1274.8989513351
1259.7066607858
1252.1867181317
1248.4435974512
1237.281237399
1222.5531865986
1215.2643080251
1211.6361808448
1200.8166604323
1186.5407750207
1179.4609961372
1175.9369634187
1165.4279153706
1151.5618000003
1144.6781310762
1141.251742408
1131.0339918787
1117.5524872627
1110.8570560978
1107.5243978361
1097.5862930668
1084.4740695783
1077.9555945073
1074.7110642674
1065.0359506593
1052.2711543084
1045.9194153058
1042.7579377492
1033.3307268635
1020.8935572852
1014.6950208696
1011.6098800645
1002.4106256144
990.27495261728
984.22012354029
981.20660582721
972.22130154296
960.36876087195
954.44675653088
951.49946225892
942.71207432551
931.12166836626
925.32291923577
922.43710087763
913.83353430975
902.48680999367
896.80211461834
893.97320864841
885.53992028618
874.41915975158
868.83910990465
866.06245228489
857.78560875864
846.87273311977
841.38800700851
838.65897873935
830.52488893944
819.80202522979
814.40321795523
811.7171614827
803.71203042691
793.1611940689
787.83829143124
785.19025068089
777.29941199161
766.9015118499
761.6435572552
759.02811365179
751.23554773557
740.96976685945
735.76362423362
733.17428595252
725.46081854369
715.30228287613
710.13070924409
707.55896043946
699.89946136501
689.81562188032
684.65273541207
682.08580061423
674.44259689478
664.3847219806
659.18563320099
656.60136546915
648.90919202765
638.79295759623
633.46171526027
630.81280224527
622.93233941388
612.57798358836
606.81525670982
603.95425451059
595.45192826675
584.3013927305
577.75896820682
574.51527801608
564.89306508658
552.3136694467
547.7128001884
538.37473173886
536.44339991378
530.55163569522
522.79648670832
521.58628510819
519.86865067774
514.74961121794
508.00254953937
504.98388324094
503.48128325643
499.00025663139
493.08753153037
490.39799218424
489.05872869403
485.06284344586
479.78573756279
477.36543438306
476.15986506293
472.56139427671
467.805700892
465.62784884941
464.54272779355
461.3025141301
457.01735901439
455.06483401938
454.09170186075
451.18477368887
447.33779669475
445.60210395681
444.73678462404
442.15089594294
438.7264180691
438.17235775634
437.4119693773
435.13871249926
432.12607073635
432.01510594512
431.37100731494
429.44446758038
426.88912568217
425.52096566026
424.83853081163
422.79778613185
420.09203426412
418.625663031
417.89439791877
415.70825811491
412.81118493494
411.24868456818
410.46965351606
408.1414036399
405.0576008073
403.35831821125
402.51135200998
399.98110928915
396.63217718674
394.71267204725
393.7564057699
390.90148505988
387.12709778272
384.88249538663
383.76507924453
380.43225827147
376.0334778963
373.3319100568
371.98841318577
367.98686201718
362.71834040355
359.70458240112
358.20710661212
353.75198035111
347.8978860941
344.41948535631
342.69334850897
337.56667058485
330.85020502773
326.57713309769
324.46133744867
318.19584180146
310.02964927015
304.98508263292
302.49366362253
295.14085748633
285.61438259596
276.84646412582
272.56396260042
260.10984822686
244.38503785754
235.5939325993
230.88483528109
228.56570231107
221.74713795285
212.97108297445
207.28876569706
204.50471631195
196.37491818009
186.03569080871
180.26096463541
177.4411731025
169.24370681303
158.8998070416
154.03095775336
151.65276687638
144.73624688066
136.00240894665
131.88553076142
129.87406269034
124.02186321796
116.62706722209
113.11983059328
111.40596407229
106.41859669884
100.11434547987
97.112709190209
95.645809739279
91.376724053212
85.97953681999
83.403931855563
82.14520846145
78.481875138529
73.850292547336
71.637186362224
70.555629269029
67.407949919194
63.42839485954
61.52550130764
60.595570749689
57.889265566498
54.467936374671
52.831372714483
52.031624020848
49.704286199207
46.762292109467
45.354783188173
44.666996136803
42.665584895083
40.135836154744
38.925495448003
38.33408182084
36.613210782035
34.438282609277
33.397724131292
32.889295155103
31.40997906522
29.540539581825
28.646191376581
28.20922280885
26.937905087181
25.331490875454
24.563040942669
24.187602473541
23.095368381376
21.715391249363
21.05532751966
20.73285795488
19.794780303111
18.609700066932
18.042921789583
17.766039058514
16.960624980169
15.94324938396
15.456735486852
15.219074468385
14.527793054989
13.654679714878
13.23720412483
13.033277420971
12.440154136088
11.691096892087
11.332983349536
11.158061367712
10.649328684453
10.006915100847
9.6998255884133
9.5498330622635
9.1136289853588
8.5628584869226
8.2996104686436
8.1710370707187
7.7971447166884
7.3250987364995
7.0995071945846
6.9893302791358
6.6689528029747
6.2645097159975
6.0712505846552
5.976868397615
5.702434422152
5.356023131196
5.1905152242475
5.1096891602388
4.8746845700107
4.5780715010353
4.4362328763265
4.3669700947189
4.165602875328
3.9114825395225
3.7902329505842
3.7310249719357
3.558892875157
3.3416728605129
3.2379371274542
3.1872831817693
3.040026509127
2.8542126908447
2.7654849830734
2.7221608887942
2.5962185397922
2.437312368425
2.3614422750836
2.32439752333
2.216713752597
2.0808553939822
2.0159970335954
1.9843299269155
1.892282025094
1.7761590062716
1.7207284870301
1.6936653447749
1.6150030993637
1.5157737255457
1.4684124661626
1.4452896956604
1.3780831988166
1.2933105378071
1.2528536428522
1.2331022821974
1.1756969373641
1.103291917801
1.0687409226804
1.0518733201183
1.002851071167
0.94102345736955
0.911522850309
0.89712119030305
0.85526712834609
0.80248330120201
0.77730030599924
0.7650067294941
0.7292803417774
0.68422695396934
0.66273413171148
0.65224223445685
0.6217526654589
0.58330537279658
0.56496565257667
0.55601317084058
0.52999794030014
0.49719450633331
0.48154831489093
0.4739108370972
0.45171754445655
0.42373472218336
0.41038892022964
0.40387448165285
0.38494508094565
0.36107874530653
0.34969712336274
0.34414156299071
0.32799885597572
0.30764694103581
0.29794205738913
0.2932050306772
0.27944106879454
0.26208891813655
0.25381509257764
0.24977664899337
0.23804277886275
0.22325057347662
0.21619787432279
0.21275552026083
0.20275384155373
0.19014581289721
0.18413490207455
0.18120108299304
0.17267712592545
0.1619323099316
0.15681002200259
0.15430996316422
0.14704640934104
0.1378907188412
0.13352627104613
0.13139612655204
0.12520742670696
0.11740685703614
0.11368860365173
0.11187387136901
0.10660163648905
0.099956447866139
0.096789102543703
0.095243267613463
0.09075232483089
0.085092064137793
0.082394316092641
0.081077686893973
0.077252695403325
0.072431925805961
0.070134407876568
0.069013123756699
0.065755689879303
0.061650349857731
0.059693891207447
0.058739069346924
0.055965266631979
0.052469541328458
0.050803681237635
0.049990690928587
0.047628950363286
0.044652609295316
0.043234320189576
0.042542159376637
0.04053145724268
0.03799756838697
0.036790169432382
0.036200934253753
0.03448925014091
0.032332234458828
0.031304454672777
0.030802882119878
0.029345869927404
0.02750982558285
0.026635017614075
0.026208101589173
0.024967973237046
0.023405266747014
0.022660720243158
0.022297376432146
0.021241928200636
0.019911967144014
0.019278334654088
0.018969120196161
0.018070917775926
0.01693912246489
0.01639991799185
0.016136786761412
0.015372454359605
0.014409361977559
0.013950545593905
0.013726645346366
0.013076275879415
0.01225679604861
0.011866406693697
0.011675899892242
0.011122534612879
0.01042529388239
0.010338812114737
0.010295840625473
0.010167994819234
0.0099999997764826