0.23515300507154385
0.23516415783184486
0.23516973520473344
0.23518646772855642
0.23520878157291278
0.2352115949126418
0.23521415002023024
0.2352147133390785
0.2352171542712797
0.23521832598503928
0.23521890474558993
0.2352206445025632
0.23522295956962852
0.23522427598125709
0.23522493416492277
0.23522690872244206
0.2352295500394974
0.23523085804427354
0.23523151710796472
0.23523349824608208
0.23523611818948867
0.23523751696322534
0.23523821264405498
0.23524028722889959
0.23524308733072447
0.2352445055642917
0.23524522435473033
0.23524738073374662
0.2352502559666307
0.23525461671974318
0.23525679724732307
0.23526336498985734
0.23527200528589293
0.2352734140731052
0.2352765501058448
0.23527810858060408
0.23528272817120335
0.2352890786254848
0.23529048267704375
0.23529222379246129
0.23529310682951932
0.2352957559520746
0.23529927680187776
0.23530134357153118
0.23530237348513316
0.23530546324124338
0.23530960966855535
0.23531161087351476
0.23531261969147232
0.23531564615998443
0.2353196555482186
0.23532173151121524
0.23532276384176465
0.23532585468221298
0.2353299841892024
0.23533242603962484
0.2353336470767283
0.23533729562218647
0.23534221032136454
0.23534470408689936
0.23534596438234331
0.23534974529127287
0.23535478669104296
0.23535743092038716
0.2353587567138016
0.23536273411895473
0.2353680546516083
0.2353710661025603
0.23537257039739118
0.23537710135144518
0.235383118734094
0.23538643976809132
0.2353880914940599
0.23539302700163106
0.23539967528093103
0.2354028567292732
0.2354044608415479
0.23540927321461394
0.2354156486812832
0.23541867543925804
0.23542017618637584
0.2354246784597844
0.23543068175764514
0.23543441648035562
0.23543628813075382
0.23544191427119043
0.23544933100160084
0.23545305617290344
0.23545491160491938
0.23546044494215193
0.2354678673410278
0.23547219241735254
0.23547436605056135
0.23548088701618555
0.2354895542364074
0.23549409768185106
0.23549635592221774
0.23550317112847752
0.23551209046027458
0.23551301100342195
0.23551492304651478
0.23552067062900295
0.23552831923649029
0.235533359282705
0.23553587389486844
0.235543387911137
0.23555350944651046
0.23555940781857052
0.23556237445253084
0.23557136283366764
0.23558300708129426
0.23558384873931823
0.23559127558234647
0.23560117876724204
0.2356173485113861
0.23562543545390613
0.23564979316243984
0.23568174287863805
0.23569138919435187
0.23569720374812703
0.23570006902396948
0.23570863100896758
0.2357202005565056
0.2357258801871064
0.23572877314293506
0.2357374350311594
0.23574893425036486
0.2357547873935729
0.2357576917146081
0.23576637041874307
0.23577813463394273
0.23578053150091266
0.23578329631212533
0.23579160718220585
0.23580252905309404
0.23580806808265772
0.2358107863943369
0.2358189414316164
0.23582981569506908
0.23585000637344666
0.23586012733335154
0.2358901931406913
0.23593157481302268
0.23593670444223247
0.2359414678015039
0.23595587089157494
0.23597468818750286
0.23598365188223797
0.2359880147119481
0.23600107771930295
0.23601874985930843
0.23602657724241868
0.236030577730736
0.2360424855027018
0.23605863832029259
0.23606696028253843
0.2360712222854738
0.23608390857925377
0.236101225286223
0.2361092224950192
0.23611333271360815
0.2361257361714318
0.23614207858165548
0.2361507712484521
0.2361550619454322
0.23616798468336345
0.23618504516165129
0.2361950588400104
0.23620001544576266
0.2362149729482444
0.23623455565618912
0.23624462086186296
0.23624952626959936
0.23626435821644715
0.23628392511261478
0.23629506644844822
0.23630060897559732
0.236317204594407
0.23633930916835674
0.23635125694561457
0.23635719250470744
0.2363752084044508
0.2363985904375914
0.23641121623401798
0.23641738922439448
0.23643583685444264
0.23646037925517757
0.23647213549788018
0.23647795090498652
0.23649553357610692
0.2365186580121662
0.23653923642367952
0.23654940499117338
0.23658026856522738
0.23662046204132245
0.23664103961685087
0.23665109836988274
0.23668104225764833
0.2367221560327587
0.23674096978148743
0.23677222675968737
0.23678624929503292
0.23679348994110255
0.23681542272701822
0.2368440425457449
0.23686098991144935
0.23686928322044773
0.2368942120560307
0.23692739441467003
0.23694315744792374
0.23695106903567295
0.23697457702795413
0.23700670930542503
0.23702178927874898
0.23702951709689288
0.2370527906528653
0.23708380599310755
0.23710133153864824
0.23711009317702716
0.2371364799200117
0.23717132728587867
0.23719160071172538
0.23720161713448903
0.2372318985655797
0.23727186192674846
0.2372924215915861
0.2373026800250977
0.23733333957334143
0.23737413534253726
0.2373941474911484
0.23740407296647142
0.23743402112730372
0.23747337718466105
0.23749703156382163
0.23750873197794248
0.23754350214584896
0.23759116445365602
0.23761225618170267
0.2376231941525277
0.23765582357151313
0.23769985013037587
0.23772778212852208
0.23774180877878348
0.23778405100613048
0.23784018358670175
0.2378789242394892
0.23789820598486294
0.23795616544342185
0.23803310692549498
0.2380724615231878
0.2380920509370514
0.23815082432817575
0.2382287582719298
0.23824143573667167
0.23825815544669157
0.23830869359788776
0.2383744245205161
0.23838335401799154
0.23839834430511478
0.23844331818349387
0.2385033098576685
0.23853418202045362
0.23854964572362508
0.2385962123414306
0.23865736902076795
0.23868869938743276
0.2387041526762786
0.23875060140411555
0.2388119056097218
0.23884665173542377
0.2388638773576226
0.2389156533540234
0.23898378909637996
0.23901721489667002
0.23903368135729172
0.2390827222426392
0.23914919762961995
0.23918415307493926
0.2392019923383761
0.2392554164213621
0.23932681695733066
0.23936338651248595
0.23938172035656521
0.23943642562093462
0.23951000751867507
0.23955732546705907
0.23958107151986513
0.23965244699383317
0.2397472269716337
0.23980488756000487
0.23983362484443238
0.23991953584447995
0.2400359186522937
0.24004970227712844
0.24007683687997747
0.24015810419175004
0.24026642671867526
0.24032467610042743
0.2403537313928273
0.24044122009531896
0.24055623390408207
0.2405796004857586
0.24060966934321876
0.24069908751426078
0.24082116246949808
0.24087521837424336
0.2409030585556581
0.24098703188550316
0.24109695085928795
0.24115357042129493
0.24118150297377328
0.24126428442940712
0.24137765730162503
0.24143690786368832
0.2414673308286098
0.24155813465198608
0.2416806126453922
0.24175390654213932
0.24179089283429453
0.2419020628993843
0.2420501905897004
0.2421557812316336
0.24220871587147752
0.24236619252519448
0.24258175304744262
0.24261621166231118
0.24278434495458492
0.2428629810410835
0.24298536765674966
0.24306051926600467
0.24309787702513946
0.24321072898081914
0.24335996393487125
0.2434587855567835
0.24350785941925823
0.24365536011553907
0.24385250719591817
0.24396396563841302
0.24401962304713035
0.2441877468942275
0.24441022885293484
0.24453379348749987
0.24459526912365356
0.24477959483653758
0.24502630004726844
0.2451673469745034
0.2452379021081294
0.24545032151329213
0.24573467962686318
0.2457417103363165
0.24579833638071671
0.24596757723874543
0.2461962195028047
0.24631263510120235
0.24637175174496564
0.2465484465166279
0.24678565297414143
0.24695399619282515
0.24703846813797012
0.24729356273730363
0.24762863096356735
0.24765946665439284
0.2477696112204713
0.24810122348575334
0.24854342507873528
0.2487621366094811
0.24887146422484288
0.24920108821877848
0.2496378940077216
0.24972295462948177
0.25002297211368596
0.2501569270223728
0.2502256786374496
0.25043093646217324
0.2507090907330858
0.25084561543851014
0.25091516079546483
0.25112355734661634
0.2514029887219211
0.2515848478431145
0.25167640720802276
0.25195021434856
0.2523195764006193
0.2525024627011839
0.2525953650413401
0.25287359638084056
0.2532454667671084
0.2534388584008168
0.2535356949350189
0.25382612433185625
0.2542150935892925
0.254469537418624
0.2545975560684257
0.25498208020597607
0.2554951486506551
0.25582580829646123
0.25599132351888343
0.25648953027798677
0.25715438813769065
0.25759549140849536
0.2578171923102815
0.2584837630285598
0.25937046435768624
0.2596977630298629
0.26034007723354397
0.2604768484306897
0.2606849257088144
0.2613070670415314
0.26215104289093333
0.26239721826274265
0.26300801460299583
0.2633384150361452
0.26350499778821296
0.2640050944457209
0.26467480570175106
0.2651111127852826
0.2653306389074571
0.26599128950388656
0.26686980738218563
0.2669095129944826
0.26741379805643417
0.2680868597112631
0.2685099522883976
0.2687221265772883
0.2693592089156922
0.27021327592195166
0.2707413040495046
0.2710071761903497
0.27180647775222205
0.27287491331059804
0.2733779634096188
0.27362952636960924
0.2743860963405733
0.2753982307806541
0.27604155651284445
0.2763654819200428
0.2773389965204097
0.2786454586441795
0.279515624087793
0.2799550300100482
0.2812753277883291
0.2830544366988095
0.2832948522078794
0.2843921310658779
0.28587485715320105
0.28603948504147114
0.2871283022459197
0.2885883812220959
0.28932810496078387
0.2897002256793243
0.2908176048108718
0.2923226689288953
0.2930334109527459
0.29339263029284307
0.29447122934110426
0.2959221043742782
0.29673741146116844
0.29714911540618627
0.298385591724783
0.30005280525006156
0.3008082942984954
0.3011902521315199
0.30233726771548813
0.30388127904355616
0.30472872072457396
0.30515688916419076
0.3064447144679748
0.30817443728974314
0.3092768702117917
0.3098340443122579
0.31150891980746337
0.31376955795199013
0.3140351770034592
0.3145686903356246
0.3161722750201981
0.3183360773469928
0.31933177360393994
0.3198350404882625
0.32134780946699315
0.32338711720060404
0.3244015154104561
0.32491447982427846
0.32645595071846867
0.32853497806997495
0.32953998793508543
0.330048280260807
0.33157593996699947
0.33363440869563443
0.33476265695008023
0.33533335319650703
0.33704996915147
0.3393624119003755
0.34076468751091926
0.3414752251221413
0.343611856910963
0.3465020595490142
0.3470679800853619
0.3490387135303156
0.3517005209633516
0.35297644376891624
0.3536223379226088
0.35556424892154725
0.35818707336995614
0.3594363485388286
0.36006887036975266
0.3619708587973623
0.364536163161965
0.366018740732527
0.36677013759739974
0.3690300606373491
0.3720862010066934
0.3735047934817762
0.374223599886901
0.37638552972939743
0.3793053738001537
0.3808890278081411
0.3816921131630757
0.3841079540075164
0.3873772209354581
0.3888977244373579
0.38966875813731827
0.39198816432837785
0.3951236537322192
0.3967708788896592
0.3976067539043278
0.40012156909860996
0.4035254025825968
0.4052229122540821
0.40608477301223367
0.4086780364750058
0.412188796046724
0.4140101776300857
0.4149356786811795
0.4177209817630051
0.4214961778029035
0.4233645494377437
0.4243144179220629
0.427173109976685
0.43104925870844624
0.4329938378634404
0.43398310800406575
0.4369605736892883
0.440999699990874
0.44305512590081225
0.44410152019398896
0.44725142007596985
0.45152732643087223
0.45369712181944455
0.45480240030498575
0.45812994246945915
0.4626501916246372
0.46490779183830655
0.46605824136886737
0.46952182394595005
0.47422849415105056
0.4765900573180586
0.47779392096885376
0.4814185503076644
0.48634552715291407
0.488828913666868
0.4900952373623377
0.49390836781976866
0.4990928259503241
0.5017231870284904
0.5030647924123678
0.507105156592567
0.5126003437484877
0.5153880436995489
0.5168101399249668
0.5210933708330125
0.5269211200160749
0.5298365513431251
0.5313237582829754
0.5358034785506324
0.5418983082022739
0.5449827333410997
0.5465562049744108
0.5512964783903955
0.5577469205938591
0.5610014371061984
0.5626616262707124
0.5676636552275858
0.5744712438335478
0.577896867289561
0.5796441898757877
0.5849092393108204
0.5920756551331948
0.5956525594551865
0.5974767097661474
0.6029737186118311
0.6104546831191131
0.6142371965718534
0.6161660960343743
0.6219795316495619
0.6298921281032829
0.6338814279078105
0.6359155646430349
0.6420468903176397
0.6503928441620344
0.6545874751013926
0.6567259839929345
0.6631725957628347
0.6719476505597437
0.6763643117196548
0.6786156584804742
0.6854032414242993
0.6946423180617434
0.699302496149426
0.7016776043590387
0.7088392238671307
0.7185877227429617
0.7234938822216103
0.7259938401048024
0.7335327194345415
0.7437945647240115
0.7489522700277838
0.751579774649431
0.7595040589416545
0.7702897469916984
0.7757124971936326
0.7784742672780858
0.7868043963149861
0.7981412422688478
0.8038496030216301
0.8067559832178326
0.8155232225678828
0.8274539322039997
0.8334489614858511
0.836500238596094
0.8457055115559378
0.8582300517616638
0.8645404246893496
0.8677510367595997
0.8774380363285464
0.8906162629314542
0.8972397280899228
0.9006082275117159
0.9107725823408241
0.9245971696376143
0.9315507392771462
0.9350855342620398
0.9457527335321958
0.9602578834134079
0.9675528348257374
0.9712593699648194
0.9824459431932812
0.9976532297005677
1.0053079031558922
1.0091952127061121
1.020928546329083
1.0368747445035615
1.0448964088807964
1.0489678440840848
1.0612581333188422
1.0779559312142009
1.0863616929594722
1.0906255980899207
1.1034981863872846
1.1209812912067496
1.1297831135050538
1.134245180017392
1.1477173266405356
1.1660082786583066
1.1752136182789388
1.179877234914882
1.193959241126776
1.2130707224676098
1.2226957486516563
1.2275686690036918
1.2422841279923318
1.2622471457518432
1.2723014404682569
1.2773880238024988
1.292750227754368
1.3135813996564265
1.3240759942091476
1.3293812835293204
1.3454056023318948
1.3671242710707716
1.3780707354895305
1.3835999704170552
1.400302395140839
1.422928643335501
1.4343339712450434
1.4400900092098239
1.457479307490905
1.4810230387420957
1.4928960309061334
1.4988825518511097
1.5169700346279733
1.5414444982292552
1.5537550946354883
1.5599559811135375
1.5786927580116046
1.604028477890876
1.616842319442398
1.6232899536547312
1.6427747530624295
1.6691044785505658
1.6824137274597653
1.6891030405593153
1.7093207086591469
1.7366206842804828
1.7503994213313159
1.7573161894397415
1.778223729897683
1.8064322032761315
1.8206785974902926
1.8278207154742931
1.8494121208414063
1.8785178834190246
1.8932267405089216
1.900590337440436
1.9228543051487146
1.9528388310561173
1.968001812263492
1.97558135777731
1.9985016154900839
2.029339637844561
2.0449444764710814
2.052732428503064
2.0762866916563936
2.1079447353239154
2.123968182456418
2.1319514724639212
2.1561007331989184
2.1885227322603273
2.204943261875
2.213109647921903
2.237817534117899
2.2709511721044944
2.287742112661496
2.2960767861324745
2.321299234405516
2.355081966532134
2.3722132972023284
2.380699776489692
2.40638775536379
2.440750575510841
2.458188796835332
2.4668088833159114
2.4929082730215812
2.5277755558705683
2.54548265895565
2.5542159385226495
2.580665996895097
2.6159535609662945
2.6338898908341153
2.64271515855211
2.6694528857969657
2.7050738071214964
2.723196516511976
2.732091011359898
2.7590488045748014
2.794910358161474
2.813175098433454
2.8221153405775117
2.8492235652537214
2.8852306248948802
2.9035941846195916
2.9125572173391383
2.9397479978796537
2.9758081060874892
2.9942286204171125
3.0031920917948947
3.0303995945526974
3.066423229632784
3.0848659923784973
3.0938108303779215
3.120979507632207
3.156890827772386
3.1753362247700045
3.184250201641165
3.211345834789034
3.2470969496000723
3.26555553007471
3.2744399508122286
3.301470500421043
3.337068069845767
3.355621720116301
3.3645095563019853
3.391581704976434
3.4271594007717407
3.446082161457527
3.455090693248603
3.482574610376668
3.5186033358438396
3.538990673058059
3.5485922480786996
3.577971463142276
3.616342540661897
3.6385117737688706
3.648804268980326
3.680423477608607
3.721532028680536
3.733776156847468
3.7631876350876157
3.7639807002978336
3.7700084125021878
3.7883934166754583
3.812430024158433
3.8164667618795023
3.821597503536488
3.8372244337228265
3.8576759397412084
3.8668301028981578
3.871209943083243
3.8845321649247464
3.90198105529145
3.9099262029367767
3.9137351745940743
3.925307653572839
3.940469548056842
3.947410863693156
3.950743409412994
3.9608567423909236
3.9741041391158367
3.980148933425918
3.983053463206452
3.9918568020562684
4.003378068274516
4.008595300193334
4.011101958515404
4.018688872791278
4.02860030455179
4.03302758612149
4.035152199763791
4.04157321238014
4.049937436779491
4.051260244057279
4.053030763322616
4.058374381396622
4.065314582018006
4.065468559308372
4.066878111788891
4.071127318081349
4.076635146153518
4.0795944585595025
4.0809876186551675
4.085184265448631
4.090556447934104
4.093374573464331
4.0946686818678035
4.098561756532029
4.103440152962207
4.105931100239989
4.107024683071838
4.110309317505639
4.11426108461889
4.116234894986438
4.117016229890448
4.119360651518302
4.1218993037299665
4.123065351138248
4.123361818841557
4.124254975953779
4.124627656893355
4.124448942770408
4.123963400741325
4.12252274102209
4.119473229814944
4.1170645660792475
4.115328555979752
4.110152094848277
4.101733832799969
4.096316184957567
4.0930729921631945
4.083352794571304
4.068804316168089
4.059427866435716
4.054228200318615
4.038550922580954
4.016024677074485
4.000750254210056
3.992734437429913
3.9683467673683723
3.934275543202098
3.9119702876055777
3.900951404250576
3.866888632740471
3.820657035938387
3.783748536174053
3.76712665816116
3.7136688695567015
3.643742236852517
3.6129688329590333
3.562463405766677
3.5361294481209447
3.5248774692342946
3.4881058416742454
3.4408174704641903
3.4060952209500117
3.392651112622674
3.345806865355805
3.287387465397338
3.2494530291613715
3.236375548856654
3.1873644908364414
3.1279188097231105
3.09342606975303
3.0824060057950162
3.0393276622645446
2.9873115839816475
2.9563643298887965
2.946953617213907
2.9087553179310643
2.8627177655396703
2.8346186451313735
2.8264335412935764
2.7920433847138746
2.750644825301866
2.724826695331883
2.7175862597182667
2.6862089509884797
2.648474109517994
2.624516149444073
2.618019558232102
2.5890843476133245
2.554330507719628
2.5319324587177863
2.526042794993809
2.499156397339776
2.46692443595062
2.445879360007511
2.4405058361028167
2.415401827621253
2.38538127520209
2.3655452373464043
2.3606251862359895
2.337115055511417
2.3090795938149236
2.2903445822283732
2.2858300908357214
2.26376677848233
2.2375326869432692
2.2198086435210755
2.2156592691891297
2.1949166609718285
2.1703226888380036
2.1535288275258733
2.149708694982439
2.130173196481542
2.1070736220512023
2.0911356662846057
2.0876126827419053
2.0691810293130906
2.047444307344713
2.0322942183651365
2.0290399258586485
2.0116190175688953
1.9911276578829422
1.9767038388029803
1.973693267892069
1.9572000536951337
1.9378500902564753
1.9240973139472124
1.9213086922161082
1.9056695776864105
1.8873694089212265
1.8742383871218997
1.8716527439514863
1.856802612836876
1.8394714737939712
1.8269182087676614
1.8245189513087734
1.8104000288063837
1.7939663896656663
1.781951461645593
1.7797239767125135
1.7662847155967842
1.750684799222742
1.7391726907990983
1.7371039999964346
1.724298089175186
1.7094745963384779
1.6984331026558541
1.6965115781044666
1.6842971096409551
1.670198170862484
1.6595979093990814
1.6578130463490506
1.6461518395910788
1.6327301758547486
1.6225441909402731
1.6208864288062526
1.6097434930132313
1.5969557531852543
1.5871592029667871
1.5856197852378833
1.5749628971132499
1.5627691379119704
1.5533511446432633
1.5519213199184883
1.5417334065592943
1.5301065734170707
1.5210256892154075
1.519699210614706
1.509927578130533
1.4988136658071025
1.490055127225493
1.488824523977232
1.47945624897
1.4688335039391858
1.4603823964658356
1.4592412224636653
1.4502523999068715
1.440091105690917
1.431930107788799
1.4308723667472547
1.422240542800273
1.4125128505580673
1.4046257233993387
1.40364582365148
1.3953500105704248
1.3860298936578974
1.378401437687653
1.37749415970637
1.369514725975049
1.3605778435263804
1.3531938239901558
1.3523542923090508
1.344672864452752
1.3360964402714688
1.328943520134824
1.3281671786051394
1.3207665536790154
1.3125292679949163
1.3055949474752673
1.3048775371346704
1.297741603906097
1.2898234951020369
1.2830960567489862
1.2824335958762911
1.2755472625877007
1.2679296384422423
1.2613980962505167
1.2607868620880436
1.2541359907629752
1.2468013460284297
1.2404553989677323
1.2398919109823736
1.2334632562346826
1.2263951967248357
1.2202251855211923
1.2197061898621113
1.2134873424068688
1.206670515022454
1.2006673810899273
1.2001898362511232
1.194169169840537
1.1875891962433032
1.1817444443085923
1.1813055076356203
1.175472130030499
1.1691155451888888
1.1634212085547582
1.163018223678307
1.1573619307248495
1.1512161266237697
1.145664732925014
1.1452952180424774
1.1398064499723222
1.1338596206261666
1.1284441609651625
1.1281057979527576
1.1227755987441366
1.117016689619335
1.111730590715053
1.1114212142947044
1.1062411951098665
1.10065985540709
1.0954969512256907
1.0952145400388231
1.0901768408778512
1.0847633802673708
1.0797178859993368
1.079460552668723
1.0745578110192247
1.0693031585654478
1.064369645713272
1.064135628875588
1.0593609470961902
1.05425660696855
1.049429985537366
1.0492176411705723
1.0445645578669562
1.0396025826255992
1.0348780679854706
1.0346858631140825
1.0301483212760774
1.0253212644917318
1.0206943726641062
1.0205208760485323
1.0160932071746434
1.0113940917403335
1.0068606184306284
1.0067044963641643
1.002381381972613
0.9978036922989619
0.9933596728259888
0.9932196810581234
0.9889961414611659
0.9845337546947317
0.9801754829894573
0.9800504621487294
0.9759218242442427
0.9715690255690286
0.9672930065350085
0.9671818756805719
0.9631437681178666
0.9588951853408683
0.9546981495340207
0.9545999007449254
0.9506482099350871
0.9464988417339701
0.9423776928675724
0.9422913880773457
0.9384222824484423
0.934367382371448
0.9303192633894702
0.9302440263230565
0.9264538879800047
0.9224890911441577
0.9185112417924515
0.9184462589914503
0.9147316955482195
0.9108528968445325
0.906942720656548
0.9068872357587618
0.9032450794814931
0.8994483026642055
0.8956034750851597
0.8955567793878649
0.8919840483401938
0.8882657140678614
0.8844839252862764
0.8844453656096067
0.8809392411297952
0.8772960638034552
0.8735750695697212
0.8735440418260759
0.8701018618872982
0.8665305537537145
0.8657351958305783
0.8656249608639764
0.8652544111550206
0.8647619777363245