0.23516481168977707
0.23517596843443148
0.2351815478000407
0.2351982863040225
0.23522060812672932
0.23522342246152086
0.2352259784856602
0.23522654200294268
0.2352289838112575
0.23523015593987415
0.23523073490750177
0.2352324752859019
0.23523479118135443
0.23523610806392078
0.23523676648306116
0.23523874174703238
0.23524138400651906
0.2352426924815114
0.23524335178057235
0.23524533362502453
0.23524795450918973
0.2352493537798259
0.23525004970892646
0.23525212503798762
0.23525492613388294
0.2352563448805656
0.23525706392805704
0.23525922107826489
0.23526209733948378
0.23526645965237564
0.2352686409599283
0.23527521104400018
0.23528385445691377
0.23528526373336983
0.2352884008815129
0.23528995991353177
0.23529458117325114
0.23530093386300802
0.23530233843644843
0.23530408018283516
0.23530496353601904
0.23530761360700178
0.23531113572092013
0.23531320322908597
0.23531423351178626
0.23531732437525918
0.2353214722805611
0.23532347420666372
0.2353244833856234
0.23532751093720672
0.23533152176838015
0.2353335984713852
0.23533463117167067
0.23533772312108506
0.23534185410727645
0.23534429683268074
0.23534551830730463
0.23534916816468368
0.23535408461583177
0.23535657928261214
0.23535784002938093
0.23536162229238672
0.2353666654978364
0.23536931067820807
0.23537063694734991
0.23537461577979849
0.2353799382166486
0.2353829507508011
0.2353844555871962
0.23538898816700055
0.2353950077164488
0.23539832993635842
0.2353999822548825
0.23540491953930007
0.23541157019154912
0.23541475278982457
0.23541635747778353
0.23542117157806758
0.23542754934600196
0.23543057718273805
0.2354320784686338
0.23543658235852116
0.2354425878120348
0.2354463238771071
0.23544819619895882
0.23545382435454448
0.23546124376804975
0.2354649702678326
0.23546682636378113
0.23547236169136082
0.23547978674679784
0.23548411338440167
0.23548628779888706
0.23549281110864495
0.23550148145369285
0.23550602652762484
0.23550828558163447
0.23551510323120045
0.23552402581300705
0.23552494665627288
0.23552685938856274
0.23553260903945655
0.23554026040461185
0.23554530226130263
0.2355478177785306
0.23555533450888344
0.23556545966919318
0.2355713601800515
0.23557432788443708
0.23558331948190384
0.23559496800201316
0.23559580990709653
0.23560323942642458
0.23561314618066917
0.2356293217547225
0.2356374116133458
0.23566177807929162
0.23569373945495964
0.23570338918940387
0.23570920581725505
0.23571207212812817
0.23572063721701925
0.23573221091212873
0.23573789262445563
0.23574078662398812
0.23574945164299171
0.23576095503526467
0.23576681028142124
0.23576971565293112
0.2357783975072817
0.2357901659338549
0.23579256370520585
0.23579532951594584
0.23580364338593526
0.2358145692497077
0.23582011025464455
0.23582282955151432
0.2358309875448446
0.23584186575084864
0.23586206375243687
0.23587218837689236
0.23590226516922727
0.23594366156975738
0.23594879327291265
0.23595355836713958
0.23596796666933428
0.23598679089834376
0.2359957577827471
0.2360001222014936
0.23601318997587606
0.23603086848786103
0.23603869876679337
0.2360427007077342
0.2360546128337798
0.23607077147336852
0.236079096522585
0.23608336007448863
0.23609605101120676
0.23611337393213316
0.23612137413126347
0.23612548585103507
0.2361378938172452
0.23615424223112666
0.23616293803683266
0.23616723030069817
0.23618015774308226
0.2361972244879865
0.23620724179820618
0.23621220021769526
0.23622716316749934
0.2362467531236301
0.23625682194239206
0.2362617291504955
0.23627656650598566
0.23629614060652168
0.23630728599760115
0.23631283055141222
0.23632943225052958
0.23635154493497865
0.23636349707851617
0.23636943481933598
0.23638745727738766
0.23641084802714893
0.23642347835811903
0.2364296536091252
0.23644810801980876
0.23647265946427556
0.23648441999888056
0.23649023754923057
0.23650782665937267
0.23653095966933632
0.2365515456025207
0.23656171792625952
0.23659259279442924
0.23663280129517061
0.23665338631767768
0.2366634487838434
0.23669340380543766
0.2367345325030931
0.2367533534458441
0.2367846217712271
0.2367986496536191
0.23680589298607496
0.23682783384562006
0.23685646440446925
0.23687341794060143
0.23688171432647245
0.2369066523997191
0.23693984708275348
0.23695561597495363
0.2369635304947701
0.23698704727537484
0.23701919132157104
0.23703427703823152
0.23704200773891343
0.23706528995116144
0.23709631684139582
0.2371138489187594
0.23712261382424255
0.23714901037893202
0.23718387082106968
0.2372041517626847
0.23721417193861924
0.23724446464811702
0.23728444304075652
0.23730501036499232
0.23731527262877983
0.23734594366855274
0.23738675477131857
0.23740677438257682
0.2374167035865557
0.23744666294897088
0.23748603392626777
0.23750969709997313
0.23752140190684667
0.23755618524428815
0.23760386520194027
0.2376249651111831
0.2376359071955219
0.23766854895299402
0.23771259200932776
0.2377405346207272
0.2377545665841171
0.2377968247725785
0.23785297865481395
0.23789173394540067
0.23791102301104997
0.23796900446118757
0.23804597530459118
0.2380853448088578
0.23810494167758922
0.23816373745894973
0.23824170129220593
0.23825438347562583
0.23827110957691383
0.23832166694108922
0.23838742343426708
0.23839635612058138
0.2384113521555316
0.23845634329248908
0.23851635801443374
0.23854724205423752
0.23856271170140086
0.23860929617670415
0.23867047665201505
0.23870181894191403
0.2387172781847056
0.23876374479514909
0.23882507284674434
0.23885983229776298
0.23887706457942953
0.23892886057948465
0.23899702298981695
0.23903046156463414
0.23904693440337993
0.23909599442124213
0.239162495420791
0.23919746470930242
0.23921531091975962
0.23926875585988516
0.2393401842645315
0.23937676813728415
0.23939510914853634
0.23944983592038652
0.2395234465833962
0.23957078319726358
0.23959453859722388
0.23966594215854056
0.23976075965350255
0.23981844294620547
0.23984719159151693
0.23993313671311925
0.24004956525138754
0.240063354722182
0.24009050008987834
0.2401717997382848
0.24028016549534786
0.24033843806775207
0.2403675049658657
0.24045502856155113
0.24057008893485404
0.24059346459393233
0.2406235455065861
0.24071299985923042
0.24083512336558147
0.24088920164758168
0.24091705307798345
0.24100106023431694
0.24111102431517556
0.24116766652397884
0.24119561039115414
0.24127842578466752
0.24139184420793666
0.24145111948593836
0.24148155487163103
0.24157239599363867
0.24169492395077455
0.24176824826481416
0.2418052498094922
0.2419164657400418
0.24206465480150535
0.2421702892441692
0.24222324584138707
0.24238078848258754
0.24259643778312487
0.24263091218197427
0.24279911499085116
0.24287778487606992
0.24300022323983925
0.24307540654103812
0.24311278015757404
0.24322567983256188
0.24337497856879792
0.24347384208463912
0.2435229369160736
0.2436705007081638
0.2438677323482189
0.24397923879385283
0.24403492025513396
0.24420311655498345
0.2444256955332012
0.24454931375862882
0.24461081623878425
0.2447952227500185
0.24504203639138106
0.24518314570082891
0.24525373211826065
0.24546624578779078
0.24575073051564128
0.24575776468659194
0.24581441605315085
0.24598373307039487
0.24621247762646048
0.24632894641898417
0.24638808978390253
0.24656486493249608
0.2468021792691353
0.24697059975478708
0.24705511048602913
0.24731032208979548
0.24764554722821666
0.2476763961539021
0.24778659203027828
0.24811835922189188
0.2485607695382677
0.24877958473438616
0.24888896440734656
0.24921874560305687
0.24965576295031516
0.24974086434612278
0.2500410259798287
0.25017504760277914
0.2502438327940827
0.2504491916400304
0.2507274817894947
0.2508640750144819
0.2509336548193361
0.25114215507379023
0.2514217257215369
0.2516036763729403
0.2516952817139067
0.2519692273760095
0.2523387759958968
0.2525217566581146
0.25261470646067047
0.25289308083608175
0.253265143615004
0.25345863568945115
0.2535555226426588
0.2538461040446656
0.2542352778848182
0.25448985682704617
0.2546179434279874
0.25500267279098154
0.25551601804063606
0.2558468570109322
0.25601246247422615
0.25651094236707
0.2571761698198488
0.25761752024529117
0.25783934584762525
0.25850629494360855
0.25939351041863024
0.25972099852228303
0.26036368843191815
0.2605005426202039
0.2607087432528631
0.2613312582264975
0.26217574253369924
0.26242207156745356
0.26303324421266305
0.2633638510976792
0.26353053782669117
0.26403094894203394
0.26470108564334854
0.2651376730022315
0.2653573404909822
0.2660184198134716
0.26689751953342233
0.26693724916422
0.2674418702958606
0.26811538629491016
0.26853876620618145
0.2687510852852722
0.2693886063211365
0.27024326885441574
0.27077166995602403
0.2710377304836735
0.2718376042534104
0.272906819328344
0.27341023870421666
0.2736619878638187
0.27441912295563764
0.2754320262208249
0.2760758464325755
0.27640002199538327
0.2773742979835965
0.2786818018366421
0.2795526729102904
0.27999243720402545
0.281313830720861
0.2830944519161755
0.2833350744726391
0.2844333110916511
0.2859173516581038
0.286082130113927
0.28717193554655984
0.2886333681160328
0.28937378672301367
0.28974625913051383
0.2908647093329921
0.2923712417680789
0.29308269087135097
0.293442268137374
0.2945219563193021
0.2959743218949949
0.2967904817283749
0.2972026178240297
0.2984404114088297
0.30010943378548005
0.3008657594930842
0.3012481409446452
0.30239644583386976
0.30394222251016034
0.30479065137230466
0.3052193201007299
0.30650867054399505
0.3082404857800447
0.30934427562268924
0.3099021395690497
0.31157912663544335
0.31384268512244745
0.3144821142157891
0.31520827045058325
0.3173929085208574
0.320351189471266
0.3211624725811843
0.3234865736686167
0.32457453999686303
0.32512471100292334
0.32677856226943225
0.32901007180299874
0.3300551608977605
0.3305837410469881
0.33217207630076345
0.33431512893398346
0.33534711572822623
0.33586930757608
0.33743900027044754
0.33955302574196905
0.3408848989564112
0.34155949864235213
0.3435885638520258
0.3463291298766863
0.34763081971723464
0.34828959177969115
0.35027124219367706
0.35294548290694805
0.3543435138445527
0.3550515102075996
0.35718021146507634
0.3600592519429594
0.3604388032716169
0.36110380589624713
0.3631037547989674
0.3658038998142669
0.36717519413494637
0.3678697145729305
0.3699590217598087
0.37277879172588074
0.374370084896109
0.37517697008110235
0.3776045859956159
0.3808886907317942
0.38245466789009575
0.38324851921801983
0.38563669928909616
0.38886768667935817
0.3904146473988042
0.3911991361897512
0.39355923496874445
0.3967506186168659
0.3983980815519575
0.39923411525108043
0.4017493163890848
0.40515436018167733
0.4068346357250433
0.4076877434599221
0.4102548108149359
0.4137295836185478
0.4155520513423198
0.4164781415757571
0.4192650947356481
0.42304329475548835
0.4248970301996753
0.42583948783083303
0.4286758939370905
0.43252086152699487
0.4345230683606486
0.43554197757768043
0.43860898389089004
0.44277179662771304
0.44484931153774676
0.44590702043119584
0.4490912176145964
0.4534144999027781
0.455598349059579
0.456710849872928
0.4600601810465736
0.4646104007294075
0.4669015498903138
0.4680692397713161
0.4715851646669319
0.47636355198734437
0.47877566593564586
0.4800054497375672
0.483708619918491
0.4887438513311589
0.49126263002967413
0.4925470813850316
0.4964149729710807
0.5016751899111936
0.5043245692401886
0.5056758468768384
0.509745481505771
0.5152811476618784
0.5180733934062445
0.5194976609871104
0.5237877073205056
0.5296240310961768
0.5325783973455157
0.5340854941062664
0.5386254392145788
0.544803745912413
0.5478866662192458
0.5494591701048205
0.5541965473364495
0.5606426438854382
0.563913714195073
0.5655822264721121
0.5706096998103747
0.5774517654124937
0.5809183961906953
0.5826866172029944
0.588015274607932
0.5952689142399016
0.5989009196999304
0.6007531971237086
0.6063357322452363
0.6139342214169827
0.6177803018084232
0.6197416687140584
0.6256537040789186
0.6337023267033154
0.637739141724408
0.6397974394968301
0.6460023356131533
0.654449156217963
0.6587076317883318
0.660878679491399
0.6674242322076172
0.6763355096093353
0.6808114876701689
0.6830930277390265
0.6899724727059946
0.6993378346955372
0.7040623226306063
0.7064701484752991
0.7137313226432359
0.7236168051285946
0.7285854060739612
0.731117084506215
0.738752584159858
0.7491470401641686
0.754382705653818
0.7570498618562482
0.7650949034282503
0.7760465454819762
0.7815549359855394
0.784360252279015
0.7928230057777058
0.8043420614298397
0.8101477699131664
0.813103651101752
0.8220216604557676
0.8341595227600764
0.8402635725734312
0.8433702794855332
0.8527443211325955
0.8655010051995249
0.8719165115676932
0.8751805022606208
0.8850301567992904
0.8984316233051215
0.9051797436297951
0.9086115558992383
0.9189687754310822
0.9330583739333443
0.9401407526705285
0.9437409186995765
0.9546072557872375
0.9693859407041399
0.976817472589169
0.9805932936768836
0.9919909746728711
1.0074881013164985
1.0152904624899926
1.019252660809284
1.0312141772974923
1.0474736342523359
1.0556543448121862
1.059806400321046
1.0723423517455593
1.0893773200809347
1.0979555784714805
1.102306891177458
1.115445841182798
1.13329445030396
1.1422827958640551
1.1468393399368544
1.1605994313196606
1.179285335977143
1.1886953340539375
1.1934625583818774
1.207860347237379
1.2274049445778925
1.2372463032190235
1.242228682322718
1.2572777879463426
1.2776982143778823
1.2879864418259015
1.2931913354182918
1.3089141798699506
1.3302395745916633
1.3409887413724644
1.346422710905658
1.3628392691503748
1.3850953793248255
1.3963127254139003
1.401978814612738
1.419098422783194
1.4422959776588324
1.4539953411631081
1.459899833908838
1.4777416927889298
1.5019049394162565
1.5140935948466925
1.5202393848420122
1.5388124132996368
1.563951207716708
1.5766334319703523
1.5830217891589404
1.6023300071846933
1.628447294977898
1.6416389362391184
1.6482769201886527
1.6683420216136569
1.6954648061798812
1.7091793159622923
1.716072633367796
1.7369122510771577
1.7650617076821673
1.779243614028801
1.7863631288127324
1.8078888468478378
1.836941025570836
1.8516371509855118
1.8590052504790828
1.8812856676655874
1.9113312735904793
1.926535749485648
1.934148159785757
1.957170750375051
1.9881893862097937
2.003873631540736
2.011714643998201
2.035432130114393
2.0673561344136484
2.0835226506401736
2.091592050286039
2.1160044854526614
2.1488306643955695
2.16545131392806
2.1737335674898293
2.198794421724777
2.2324563755592193
2.249516055197551
2.2580020701632324
2.2836845783835242
2.318142869380808
2.3356168618459865
2.3442927516231937
2.37055566090249
2.405751387347517
2.4236129964881123
2.43246386637795
2.4592629897322995
2.495133485280546
2.5133505130947875
2.522358744304827
2.5496417248824432
2.586113552186805
2.6046509255715726
2.6137974778619686
2.641507767685257
2.6785021176434016
2.697323244993836
2.7065883188600393
2.7346672057854216
2.7721026235215946
2.7911670075332182
2.8005288872771947
2.8289119584058717
2.866699618155682
2.8859669937309165
2.8954040362212448
2.9240272652683323
2.96207906806299
2.981509041535332
2.9909994718758988
3.01979860349308
3.0580262730365315
3.077582167598443
3.0871058522429404
3.1160218598505574
3.1543440225992057
3.173997668953749
3.1835382570550967
3.2125239730621256
3.2508746057820943
3.2706164236521498
3.280165828613842
3.3091998543328236
3.3475460098825276
3.367406978874864
3.3769750688987408
3.406091938286019
3.444472128860174
3.4645807884777726
3.4742203654535815
3.5035884803695767
3.542211812805721
3.5629917911166697
3.572884518252846
3.6030748526942764
3.6426626865139107
3.6661861059167737
3.6772228182312188
3.7110301710426286
3.7551285824607286
3.77631815535324
3.7862490275726066
3.8166755454300287
3.856255883459568
3.873246059783007
3.9024167450207816
3.9052943697696794
3.911390601480936
3.9299591902059228
3.9542014657133855
3.958660718017893
3.963852640938534
3.9796459767240946
4.000270886795353
4.0095546820815215
4.013989246600647
4.02746288243459
4.04505722629004
4.053047332005626
4.056868183932469
4.068464532319073
4.083601606653208
4.0904518485128225
4.093730727833416
4.10367079104084
4.116637224364904
4.122454127008379
4.125240258421013
4.133676141961882
4.144669067707571
4.146724256536337
4.149081727957628
4.156210975231943
4.165491630157887
4.16658129595757
4.168532684135278
4.174426559231252
4.1820923470097435
4.185601504229968
4.187279653436092
4.192343514939227
4.19890676097126
4.202419363349195
4.204075355491649
4.209069561514692
4.215472837013649
4.218751793433982
4.220268311031087
4.2248353900252775
4.230591088963269
4.2334646521495065
4.23474917392403
4.238608451848603
4.24332002783283
4.245616120169922
4.246570427264403
4.249427406512454
4.2526675549305
4.25415990818308
4.25464966269204
4.256105186246097
4.257284616756717
4.257577874013986
4.25737053360491
4.2567335005048275
4.2548355476785575
4.253176769399401
4.251855964729598
4.247884288196254
4.24113558908619
4.236766633998041
4.234062340735578
4.2259370260629625
4.213510036725624
4.205735502777488
4.201311469725892
4.187985259674833
4.168522566251318
4.156194842042116
4.149526456871053
4.129351508728019
4.10070465814199
4.081989600487264
4.072283736568523
4.042708290727646
4.001625347644051
3.9725250976929107
3.958143835284126
3.9137156291487347
3.8533492666918443
3.8131549855172326
3.794582868069936
3.735798678046554
3.658325981727605
3.6171452628426395
3.5992037392224563
3.541172712367276
3.4665551794032217
3.4248325144473766
3.4076852895294416
3.3507027968143475
3.2788479876232026
3.2337565977042853
3.216760269759834
3.1573567953939548
3.084539176307083
3.042210563903266
3.0275183745817644
2.973692338641151
2.9088550632221635
2.87207275888683
2.860063761332789
2.814356437832493
2.7596193808333758
2.7276772448655078
2.7177774061483344
2.6785868395844745
2.631824521189531
2.6037613381291678
2.5954944364628965
2.5614286585628707
2.520885691359897
2.495906354523521
2.4889021747804083
2.4588645985628452
2.4231866767175236
2.4006630350354743
2.394638617251502
2.3677826263896007
2.3359381764925504
2.3153846799720275
2.3101266158678566
2.2858079876868516
2.2570194726173467
2.238066362628835
2.233415356586045
2.2111490951808297
2.1848350126025564
2.167203341588401
2.163041240334636
2.1424644382590645
2.118191390359109
2.101671418115262
2.0979106861310926
2.0787518898108988
2.0561961584478596
2.0406296453351094
2.0372051300796215
2.019260082016906
1.9981778837233262
1.9834442351784909
1.9803069445521853
1.9634200965042652
1.9436253107153698
1.9296311526873544
1.9267436872018948
1.9107945544470042
1.8921424889609355
1.8788140576703463
1.8761473263229493
1.861040647600478
1.8434164219521199
1.8306941202119804
1.8282250092304415
1.8138837541336674
1.7971940758661882
1.7850286239866373
1.7827383523142106
1.769098788676626
1.7532661581325453
1.7416158851456411
1.7394888463213098
1.726497067872312
1.711455695637037
1.7002846328045726
1.698307578340507
1.685917056585235
1.6716099802556534
1.6608865148306937
1.6590479765359547
1.6472178280120497
1.6335948670174876
1.623290786442225
1.6215806658664542
1.6102744188573386
1.5972907151645528
1.5873805237612795
1.5857897986296583
1.574974509222347
1.562589478415988
1.5530499050604676
1.5515704177077818
1.5412160310528717
1.5293926017385306
1.5202022423465151
1.5188265456723775
1.508905430290355
1.4976094868708756
1.4887692629336389
1.4874891161061476
1.4779973949281884
1.4672138995506252
1.458670236122412
1.4574818558246971
1.4483521802154513
1.4380181452881065
1.429762415515267
1.4286587282559953
1.4198912224225635
1.4099966201043532
1.4020193008985902
1.4009947907451898
1.3925689597022013
1.383088324086388
1.3753744016450489
1.3744239304262011
1.366320337185751
1.3572296306150637
1.3497649453351956
1.3488837054850598
1.3410841202570918
1.3323608003717968
1.3251320544602578
1.3243155425503328
1.3168028555663038
1.3084257672986959
1.3014204656986545
1.3006644601509167
1.2934226037411214
1.2853718838968413
1.2785782812105584
1.2778788229768248
1.2708927028748926
1.2631496953981867
1.2565567486752702
1.2559101241375699
1.2491655579022392
1.241712738376686
1.2353100636771541
1.2347127892788097
1.2281964503961884
1.2210173564553304
1.2147951894814701
1.2142439977174757
1.2079433640337933
1.201022531953715
1.1949716910630472
1.1944635175904446
1.1883668236198162
1.1816897291930994
1.1758015812283777
1.1753335528331064
1.1694297453874076
1.162982748779937
1.1572491768059727
1.1568186002410326
1.1510972964500792
1.144867590342985
1.1392809635199537
1.1388853149161882
1.1333367633243994
1.127312323901009
1.1218654690619658
1.1215023840659835
1.1161174270813905
1.1102869687871475
1.1049731428925822
1.104640407304755
1.0994104466616372
1.093763377955629
1.0885762431753239
1.0882717840905758
1.0831887474432675
1.0777151292463283
1.072648729854177
1.072370607192166
1.0674269170933373
1.0621174273310647
1.057166163410957
1.0569125621217275
1.0521011065109567
1.0469469970479395
1.042105608700042
1.0418748311330492
1.037188935208628
1.032182004049245
1.0274455450665327
1.0272360039779862
1.0226694041356599
1.0178019549851867
1.013165780994545
1.0129759925045945
1.0085228114143492
1.0037876308368987
0.9992473721824743
0.9990759502481971
0.9947306702876005
0.9901209964061752
0.9856725436642952
0.9855181931035378
0.9812756395771226
0.9767851254651949
0.9724246206572942
0.9722861322991689
0.9681414443711578
0.9637641528338665
0.959487957336679
0.9593642016215943
0.9553128251108864
0.9510431666332793
0.9468478773297482
0.9467378000720288
0.9427754583521355
0.9386082013571441
0.9344906070870205
0.9343932260118322
0.9305158988035404
0.9264461600833791
0.922403229295821
0.9223176257220771
0.9185215470375327
0.9145447264395591
0.9105736120250141
0.9104989310425489
0.9067805671968331
0.9028923018263323
0.8989903652509823
0.8989258086709698
0.895281834073579
0.891478143948634
0.8876428227728117
0.8875876464740213
0.8840149284359492
0.8802920323408442
0.8765209439429258
0.8764744525308132
0.8729700824773388
0.869324359716427
0.865615319097731
0.865576862328426
0.8621381048158464
0.8585661641331119
0.854917077085807
0.8548860678365046
0.851510288303712
0.8480091110823335
0.8444179159807371
0.8443937839741833
0.841078560611396
0.8376451759716877
0.8353377361884669
0.8350927920515728
0.8329988285245242
0.8304798085862819