0.23517892199851942
0.23519008350494858
0.23519566525209537
0.235212410903076
0.2352347422608575
0.2352375577848668
0.23524011490439312
0.23524067865882814
0.23524312151420254
0.23524429413862252
0.23524487335373165
0.23524661447481077
0.23524893136028413
0.23525024880567694
0.2352509075062375
0.2352528836145025
0.23525552700030652
0.23525683603726288
0.23525749561761844
0.2352594783062247
0.23526210031470796
0.2352635001791979
0.23526419640501173
0.23526627262349983
0.23526907490742724
0.23527049426734364
0.2352712136220437
0.23527337169391685
0.23527624918411788
0.23528061336113096
0.2352827956008437
0.2352893684833305
0.23529801562128297
0.23529942548244343
0.23530256396362564
0.2353041236616359
0.23530874691615175
0.23531510227756677
0.23531650747471755
0.23531824997518722
0.23531913370617888
0.23532178491064487
0.2353253085353308
0.23532737692610667
0.23532840764992297
0.23533149983682586
0.2353356495085009
0.23533765229645537
0.23533866190685512
0.23534169075283706
0.23534570330849425
0.23534778089589692
0.23534881403806096
0.23535190731282105
0.23535604006683428
0.23535848383794575
0.23535970583545826
0.23536335726073823
0.23536827580569833
0.235370771549574
0.23537203283572952
0.2353758167170169
0.23538086208046793
0.2353835083974301
0.23538483523512257
0.23538881577335846
0.23539414048594917
0.23539715431465463
0.2353986597982833
0.23540319432105222
0.23540921646008262
0.235412540097298
0.23541419312399628
0.235419132531956
0.2354257860201605
0.23542896999274274
0.2354305753687124
0.23543539153322682
0.23544177205144587
0.23544480117742964
0.23544630310722894
0.23545080892900008
0.23545681695877457
0.23546055462812843
0.2354624277524467
0.2354680583163745
0.23547548093649615
0.2354792090239705
0.2354810659133972
0.2354866036196777
0.23549403185002024
0.2354983603535378
0.23550053570174126
0.235507061813017
0.23551573589260252
0.23552028291277122
0.23552254293918054
0.23552936350878703
0.23553828997474052
0.23553921117668342
0.2355411247326455
0.23554687685552933
0.23555453151642486
0.23555957553684917
0.23556209213573656
0.2355696121097418
0.23557974160228032
0.23558564466925624
0.23558861365292688
0.23559760909428942
0.23560926272052202
0.23561010492087078
0.23561753763869445
0.23562744865873417
0.23564363120022044
0.235651724543933
0.23567610147602466
0.2357080767861415
0.23571773060637413
0.2357235497129919
0.23572641726084953
0.23573498605926071
0.23574656471120992
0.23575224891144628
0.23575514415832882
0.23576381291898468
0.23577532129856812
0.2357811790579975
0.2357840856849491
0.23579277130418097
0.235804544763845
0.23580694361603843
0.2358097106213321
0.23581802807656826
0.23582895871231083
0.2358345020780529
0.2358372225523422
0.2358453840785037
0.2358562669963242
0.23587647375001747
0.23588660275404527
0.235916692674752
0.23595810667722594
0.23596324085899192
0.23596800802669662
0.23598242255799703
0.236001255072861
0.236010225769296
0.23601459208712955
0.2360276655586751
0.23604535168593116
0.23605318542571427
0.23605718910271245
0.2360691064323996
0.2360852720299662
0.23609360076847882
0.2360978661715832
0.23611056265716268
0.23612789300450485
0.23613589677743885
0.23614001029130186
0.23615242364556843
0.23616877923453286
0.23617747879160783
0.2361817729280872
0.23619470599285025
0.23621178022710415
0.2362218018778279
0.23622676246494745
0.2362417319249476
0.23626133054352014
0.23627140368035085
0.23627631304010643
0.23629115685956545
0.23631073957017595
0.2363218898077552
0.23632743678366772
0.2363440457494737
0.23636616812693118
0.23637812548869064
0.2363840658369328
0.23640209613294058
0.23642549730009718
0.23643813305038447
0.23644431100311103
0.23646277351745787
0.23648733577025666
0.23649910143419395
0.23650492154597438
0.2365225183515108
0.23654566160830687
0.23656625653078
0.23657643334367684
0.23660732170965418
0.23664754816662936
0.23666814208915893
0.23667820899295983
0.23670817732079943
0.23674932385266578
0.23676815339312643
0.23679943527973868
0.23681346955248525
0.23682071609549116
0.23684266660398073
0.23687130999854986
0.23688827090907466
0.2368965709721734
0.23692152008552342
0.2369547294976713
0.2369705053920071
0.23697842341599165
0.23700195069968522
0.23703410881090345
0.23704920139153207
0.23705693553718876
0.23708022809471255
0.237111268788557
0.2371288086722236
0.2371375774822836
0.23716398576312384
0.23719886183295552
0.23721915175680477
0.23722917641822355
0.23725948260675525
0.2372994789637844
0.23732005544190937
0.23733032228333079
0.23736100705684354
0.23740183648504376
0.23742186501505017
0.23743179867521516
0.23746177142484987
0.23750116023324358
0.23752483391747267
0.2375365439742068
0.237571343050804
0.23761904410211368
0.23764015378885614
0.23765110078933174
0.23768375729275845
0.2377278200655261
0.2377557753610217
0.23776981367423017
0.23781209093811564
0.23786827027836582
0.23790704306285823
0.2379263408771047
0.2379843486097866
0.23806135454346164
0.23810074186285152
0.23812034764103382
0.23817917018138146
0.2382571697361369
0.23826985755893648
0.23828659129854762
0.23833717162451143
0.23840295867752787
0.23841189517488284
0.23842689807916786
0.23847190984217284
0.2385319521089356
0.23856285034318508
0.23857832709412352
0.23862493291125378
0.23868614182557474
0.23871749836515233
0.23873296472361513
0.23877945270589382
0.23884080925627335
0.23887558463262554
0.2388928248731456
0.23894464477993946
0.23901283906166496
0.2390462929035568
0.23906277336491724
0.23911185624840295
0.23917838785800785
0.23921337369077522
0.2392312282037456
0.23928469807062583
0.23935615978164673
0.2393927607656258
0.23941111034249948
0.2394658628183397
0.2395395078592565
0.23958686678058996
0.23961063335150803
0.2396820704805366
0.23977693281295503
0.2398346432400265
0.23986340546294144
0.23994939136384769
0.2400658745554314
0.24007967101284108
0.2401068292458063
0.24018816754032452
0.24029658496252823
0.24035488525051163
0.24038396601882922
0.24047153131601845
0.24058664733946789
0.2406100338471176
0.24064012916715719
0.2407296267611064
0.24085180829179537
0.24090591331726854
0.24093377819154355
0.24101782577454176
0.24112784376370203
0.24118451303811225
0.24121247042769195
0.24129532638099555
0.24140879924317207
0.24146810405965094
0.24149855428963787
0.24158943998793256
0.24171202765764999
0.24178538832396076
0.2418224080972121
0.24193367884242473
0.24208194124968646
0.24218762803941693
0.24224061087830054
0.24239823238236805
0.24261398778348764
0.24264848104606582
0.2428167669355262
0.24289547721422305
0.24301797742311176
0.24309319859994133
0.24313059116795194
0.24324354787317126
0.24339292283668007
0.24349183642073377
0.24354095631256156
0.2436885955116255
0.24388592821051988
0.24399749202559687
0.24405320223254384
0.24422148512202319
0.2444441800500599
0.24456786232292288
0.24462939688484353
0.24481389995968666
0.24506084318851115
0.2452020270521002
0.2452726508573894
0.24548527718401586
0.2457699132309433
0.24577695153879356
0.24583363316833484
0.24600304120487168
0.24623190801201397
0.24634844037782558
0.2464076156776927
0.24658448688624984
0.24682193015123582
0.24699044298007622
0.24707500006530334
0.24733035150324054
0.24766576417029554
0.24769662891320798
0.2478068861114739
0.24813883845842394
0.24858149822400447
0.2488004373125354
0.24890987920049867
0.24923984827096973
0.2496771184554999
0.24976226858112902
0.2500626024905817
0.25019670384498777
0.25026552916386346
0.25047100874215245
0.25074946128259773
0.250886136396587
0.25095575737076575
0.25116438156296306
0.25144411865779204
0.2516261786986493
0.2517178389864568
0.2519919501982553
0.25236172178881916
0.2525448152244014
0.25263782175015265
0.2529163670704375
0.25328865978139453
0.25348227189443423
0.25357921910433173
0.25386998217053997
0.25425940051129664
0.25451414092945684
0.25464230874006694
0.25502728337180075
0.2555409594362228
0.25587201272054744
0.25603772603238345
0.2565365323524336
0.2572022015127609
0.25764384731730133
0.2578658219515764
0.25853322325378275
0.2594210531941136
0.2597487676908419
0.26039190661364076
0.2605288599861794
0.2607372080421339
0.2613601695609688
0.26220526153553086
0.2624517742135298
0.2630633965877819
0.2633942502072587
0.26356106120104794
0.26406184813078964
0.26473249328876514
0.2651694159643869
0.26538939040144416
0.2660510278496865
0.2669305857551186
0.2670295077568237
0.26764653374595265
0.268472629230638
0.2689257939034639
0.2691530970874261
0.26983601609027363
0.27075217787673084
0.271260180989631
0.2715163352339385
0.2722840745973796
0.27331723758458565
0.2738507952053577
0.27412020343264343
0.27492699649062313
0.27601721160511883
0.27625546281135827
0.27702097396469966
0.2780485138004962
0.2786855135279603
0.2790065647534463
0.27997121332438324
0.28126728400222667
0.2820050347430031
0.28237780450813105
0.2834954567161646
0.2850047750743855
0.28525180043213016
0.28634627114607714
0.28782091934335197
0.28848783598910943
0.2888246725410634
0.28983714688732926
0.2911966923393759
0.2921377982895602
0.29261356657098586
0.29404336409627124
0.2959718283566785
0.2961656484650001
0.2975050201841133
0.2981952456630097
0.2985439261165895
0.2995914173813565
0.30099916360927403
0.3019232502367621
0.30239036574246
0.30379364089474037
0.3056861422633184
0.3065471573150737
0.3069825988332524
0.30829076337906425
0.3100518564160436
0.3110739775388859
0.31159091613925793
0.31314376694737006
0.31524081407277443
0.31560010351045326
0.31617083202231144
0.31788751545423805
0.3202024562793211
0.32134852136438447
0.32192798596370886
0.3236709110018897
0.32602116143780435
0.3272183370357168
0.3278238648471357
0.3296454784604879
0.33210194694481254
0.3334023735832461
0.33406074252311296
0.33604014424768236
0.3387159150987189
0.338722250413793
0.33924700179777645
0.3408244135946818
0.3429494875478487
0.344173985210388
0.3447937322371124
0.34665672072186665
0.34917258190163936
0.35037832568954996
0.3509887374585429
0.3528239627855409
0.35529960411496614
0.3566630169981867
0.3573536571679904
0.3594303647554086
0.3622369541807374
0.3635540882094278
0.3642212053765797
0.3662271646710694
0.3689359195672305
0.3703268649532394
0.37103153274340456
0.37315092241906034
0.3760139767271031
0.37747101616941897
0.3782094075113615
0.38043046596722235
0.3834323194622828
0.38495349454114136
0.38572464571664755
0.38804490259716795
0.3911810206890186
0.39284080934122667
0.3936828847970501
0.39621657714670516
0.39964692863374357
0.40130562959520144
0.40214746721000544
0.40468027031028486
0.40810957167323436
0.40981794665640275
0.4106854572380518
0.41329595153236026
0.41683113954120954
0.4186417175892497
0.4195617918712676
0.42233119368507815
0.4260832958599108
0.4280739060412099
0.4290866047505507
0.4321352802851348
0.4362731101091134
0.43829705997028395
0.43932706476847305
0.4424278760582905
0.4466367636216737
0.4487603118742407
0.44984170769709336
0.4530972905912381
0.45751974461355266
0.4597061910965738
0.46082003881846934
0.4641734174301743
0.4687291427431363
0.4710368365652417
0.47221296992565714
0.4757544437456738
0.48056769312831166
0.4830122571733432
0.4842586225176328
0.48801216132060404
0.4931156518706297
0.4957189463172683
0.49704671955040547
0.5010459234845202
0.5064867485005344
0.5091991999944152
0.5105826884709774
0.5147499849534761
0.5204193302248206
0.5232916045668887
0.524756799709817
0.5291708492252515
0.5351775440767728
0.5381998264668797
0.539741518242039
0.5443866586418749
0.5507079829931398
0.5539201736441237
0.5555588693435648
0.5604966921778389
0.5672194217656835
0.5705443007527184
0.5722400523267582
0.5773501772478059
0.5843047173323774
0.5878534147664155
0.589663437249696
0.5951188303341459
0.6025461281390033
0.606265686004765
0.6081625368323271
0.6138802310109248
0.62166402341401
0.625595496051414
0.6276002706445509
0.6336440834437144
0.6418728579782259
0.6460141419174883
0.6481256211732321
0.6544919303809551
0.6631598886588057
0.6675343336478157
0.6697644272282356
0.676489264545968
0.6856461337937481
0.6902543892736707
0.6926032873203007
0.6996872078731918
0.709333178644418
0.7141828670823412
0.7166543370360954
0.7241087952542592
0.7342588925934513
0.7393721042211465
0.741977333032361
0.7498361959628136
0.7605368434501374
0.7659217799413903
0.7686647841564753
0.7769402236139956
0.7882074001882375
0.793879889559803
0.7967685801391801
0.8054845667319883
0.8173507429197191
0.8233181382847159
0.8263560377677063
0.8355232558482513
0.8480021626608463
0.8542826488634268
0.8574788340274954
0.8671247789165506
0.8802535731437364
0.8868602543677915
0.8902211535985481
0.9003653388278808
0.9141699380651719
0.9211159961141732
0.924648055240357
0.9353100134930523
0.949816328823385
0.9571165894064158
0.9608270731962948
0.9720288547349292
0.9872661799514575
0.9949367407394362
0.9988335378229842
1.0105990827603926
1.0265993334939454
1.0346524850601515
1.0387415142508942
1.0510887893516643
1.0678754966067254
1.0763262712638446
1.0806148303814964
1.0935660040779407
1.1111684444335383
1.1200325740476744
1.1245282850306533
1.1381065147064329
1.156555294415024
1.1658463919179545
1.170555763306252
1.1847808422965023
1.2041017806072036
1.2138352137770128
1.2187656080349332
1.2336599297156652
1.253882362339402
1.2640723016097337
1.2692304249270363
1.2848144031720574
1.305964792635961
1.3166252307582156
1.3220176427296646
1.3383112578370224
1.3604153210866603
1.3715597747587112
1.37719272632453
1.3942150404203715
1.41729705378138
1.4289381830418502
1.4348174138017586
1.4525859565370343
1.4766678877750612
1.4888174960916665
1.4949482254588107
1.5134789729160352
1.538580442084869
1.551249014852568
1.5576357014458424
1.5769423486733716
1.6030796772757168
1.6162876537686526
1.6229397237316812
1.6430511404967658
1.6702610965605
1.6840065577743886
1.6909219346266837
1.7118320102772449
1.7401032440389175
1.7543808011688535
1.7615556320135528
1.7832529002779038
1.8125665802229742
1.827372191060649
1.8348032260389942
1.857278123415286
1.8876179655078549
1.9029667618619748
1.9106603098039627
1.9339324926411323
1.965321995743217
1.9812021286492623
1.9891508249610974
2.0131983621665244
2.045604058718545
2.062016536177731
2.0702193594050913
2.095039769021971
2.1284546048759583
2.1453764945112264
2.1538203694186806
2.1793745153737456
2.2137414898315275
2.2311594102526504
2.2398359360771387
2.2660990652759794
2.3013806912072554
2.3192736204331257
2.3281704912661385
2.3551060672273016
2.3912487668859734
2.4095887035950367
2.4186900353949388
2.446250743085782
2.483186226733874
2.501944612643472
2.5112340842232923
2.5393714298334844
2.5770296008213656
2.596166827141816
2.6056224984317615
2.6342709906855966
2.672558550606095
2.6920318439554753
2.701629977885645
2.7307188176742776
2.769534901505477
2.7892958251224993
2.799009600345491
2.828458769012941
2.867689502267552
2.887680357695572
2.897478048283658
2.9271927628089194
2.9667036709291863
2.98686076726247
2.9967072145721736
3.026582470386493
3.0662242856178956
3.0864773085808106
3.096333459753355
3.126252681849776
3.165859161807848
3.1861326117645805
3.1959559596342597
3.2257924531893756
3.265181726669336
3.2853994848778036
3.2951458031765357
3.324768260454762
3.3637490712618927
3.3838460145917355
3.3934739463657775
3.4227609084236836
3.4611494964450693
3.4811016888511683
3.490584718528951
3.5194622651846883
3.557126462687545
3.57704987020927
3.586415392791653
3.614980125658856
3.6519832081462327
3.6726353063336497
3.6821608266691506
3.711298596994005
3.7486194575138327
3.7706629506387728
3.780484418512967
3.810687005027367
3.84857040026596
3.859126718162905
3.884639548264787
3.889778050544402
3.9049316370630693
3.92404960434426
3.926952484690103
3.930788344438376
3.9424970651696145
3.9572248370727854
3.9636522025241576
3.9665569363979993
3.9754185657890666
3.986508601394035
3.9914172738524893
3.9936177756385804
4.000329538687999
4.00866769618643
4.012340992979159
4.013970185758887
4.018938871184334
4.0250508970692955
4.027712916798995
4.028875988632094
4.03242312308057
4.036725350623191
4.038560013193832
4.039343860308959
4.041734864984425
4.044572631172639
4.044975826586997
4.045485112562116
4.047038930524817
4.048831984816268
4.049068095724842
4.0493708761142955
4.050295811733217
4.051307783269995
4.05178872287853
4.051933344007022
4.052381300562599
4.052709230227674
4.0527926780510874
4.052725427773871
4.05253191949159
4.05195714720466
4.051541973496436
4.051213032693717
4.050225349092662
4.048542497394372
4.047521437981599
4.046874534019727
4.044920991624726
4.041890601535239
4.040114489464316
4.039068893493948
4.035904881452154
4.031180906295495
4.028405866878852
4.026829031359377
4.022055037988745
4.015072424284016
4.010867669765753
4.0085275669391605
4.001445421126907
3.991221957639477
3.9848338332816926
3.9813333885408935
3.9707469386359477
3.955619073078556
3.9465885661937876
3.9417499701013052
3.927125530784801
3.906505665415953
3.8946942407246667
3.8885128774817335
3.8698160257056307
3.8438406611804536
3.828607004159516
3.820804817349274
3.797148833595091
3.764711157413301
3.7450001751317914
3.735137079104659
3.7051012970615624
3.664433777364814
3.6388965918932676
3.6264817488429912
3.5883878115857946
3.5375383005272454
3.5028923113645374
3.4867739370075843
3.43655469055171
3.3708116808076802
3.325062747333535
3.3052538345772122
3.241618109856946
3.1608197719996958
3.1189764594045193
3.1017459381055366
3.0451596451946026
2.9744444398920096
2.9362491246783082
2.921255639977405
2.870707232771442
2.808282386665633
2.771291038943923
2.75774239915114
2.709997804635802
2.652107399253051
2.6165274562884937
2.6046502975046026
2.5601298884222143
2.507304493713344
2.4767691964985215
2.4672686458120325
2.4300550982112834
2.3860556630554193
2.359833073007205
2.3521275587992436
2.3205362064409685
2.283266004329079
2.260360489605697
2.2539999378663604
2.2266817223913278
2.1945056242586545
2.1741521128920183
2.1688026691380293
2.14474866367924
2.116455874957069
2.0980806894338584
2.0934967933861723
2.0719597456757564
2.0466605313216744
2.0298386236677994
2.0258413591760185
2.0062732031143615
1.9833192142800777
1.9677389173834614
1.9641990124140833
1.9462011048869028
1.9251228987774536
1.9105571956724925
1.9073816537359476
1.8906651607948495
1.8711232714322827
1.8574068450215275
1.854528645977987
1.8388836967304298
1.8206312557874946
1.807642787776796
1.8050132110655592
1.7902857091196227
1.7731408655445369
1.7607899268123535
1.7583730193284974
1.7444478364913416
1.728274064006775
1.7164917525924175
1.7142604468195548
1.7010495988138197
1.6857419735148758
1.6744744045926
1.6724078394637234
1.659842326357544
1.6453180975689892
1.6345219458032574
1.6326036308919878
1.6206278582104405
1.606820001714652
1.5964594659597235
1.5946760239191018
1.5832439933425735
1.5700967976835598
1.5601415310692885
1.5584818328661396
1.5475545314223988
1.5350205608017535
1.5254442509564536
1.5238988177440642
1.5134424167707083
1.5014804069259085
1.4922597943707716
1.4908203810669065
1.4808049842229132
1.4693783737551438
1.4604925672537068
1.4591518706387958
1.4495506365057829
1.4386265337265292
1.4300565284803854
1.4288079810891456
1.4195965031479945
1.4091449533249267
1.4008732890189108
1.3997109123898233
1.3908667771636414
1.3808602382075426
1.3728707546380636
1.3717890537145219
1.3632915233221323
1.3537044869708466
1.3459773288941859
1.3449716380102286
1.336796435706425
1.3276014982958058
1.3201311548493182
1.3191958981881402
1.3113354654847003
1.3025181685864353
1.29528981737518
1.2944209287702255
1.2868532889044062
1.278388984865989
1.2713886174689202
1.2705819447161
1.2632911041589305
1.2551601222361284
1.2483760126774037
1.2476276518068408
1.2405986155240853
1.2327824846566464
1.2262036004511152
1.2255098803956708
1.218728524074231
1.2112098459396485
1.204825784165699
1.2041832502444723
1.1976362615274707
1.1903986395621509
1.1841995874032156
1.1836049872652947
1.1772798153861725
1.170307793324462
1.1642844933520944
1.1637347647443703
1.1576195758507852
1.150898583207632
1.145042301854976
1.1445345617239546
1.1386181984219381
1.1321345009696149
1.1264369996141839
1.1259685342006063
1.1202404785050566
1.1139811325892433
1.108434640772014
1.1080028964785567
1.1024532351746101
1.0964060453787101
1.0910032354342738
1.0906058102969654
1.0852252026153875
1.0793786815084718
1.074112644983549
1.0737472806341246
1.0685269274612335
1.0628702582776894
1.0577344829007442
1.0573990569650957
1.0523306718964052
1.0468536719741224
1.0418420208419705
1.0415345396521765
1.0366103214674678
1.0313034082700647
1.026410098911455
1.0261286907002654
1.0213412962278727
1.0161954551991697
1.0114150400530872
1.0111579481722466
1.0065004681808174
1.0015072213207177
0.996834568812916
0.9966001456672766
0.9920660797597086
0.9872174555100197
0.982647733465668
0.9824344341265627
0.9780176691645026
0.9733061739806925
0.968834831662404
0.9686412085810218
0.9643359949389585
0.9597545868756009
0.955377339270999
0.9552020361300416
0.9510029691364617
0.9465450313474909
0.9422578440692709
0.9420995912905736
0.9380015893265388
0.9336609055274243
0.9294599801101775
0.9293175891994447
0.9253158753929046
0.9210866090755068
0.9169683673824022
0.9168407261303619
0.9129308135331771
0.9088074758939723
0.9047685545682509
0.9046546232725503
0.900832290098402
0.8968097410421805
0.8928469605773368
0.8927457674485472
0.8890070494998881
0.8850804475069627
0.8811908258767608
0.8811014623711788
0.8774426312897755
0.8736074456516245
0.86978816209274
0.8697097790895295
0.8661273345491666
0.8623792937420947
0.8586277049468146
0.8585595094306233
0.8550501614603535
0.851385254260851
0.8476988671697883
0.8476401210263357
0.8442007716389036
0.8406152467434908
0.836991703995491
0.8369417148722108
0.8335694466675301
0.8300598253208323
0.8264968701165359
0.8264549935985287
0.8231470872137131
0.8197099869380444
0.8162055756349731
0.8161712086468373
0.8129251041129691
0.8095573827758206
0.8061095706262427
0.8060821568406011
0.802895388692718
0.7995942578688714
0.7962010633588519
0.7961800768483197
0.7930504151317908
0.7898129720360016
0.7864727606956781
0.786457708911723
0.7833830434888425
0.7802066219331897
0.776917814414158
0.7769082563605721
0.7738864645157101
0.7707690195786314
0.7701105882054119
0.7700325096350386
0.769776200781062
0.7694351880619877