0.999224867856046
0.999200260868789
0.999187956800343
0.9991510445042117
0.999101826181844
0.9990957011413172
0.9990900467552537
0.9990888262940284
0.9990834213891151
0.9990808679446731
0.9990795912158923
0.999075761027347
0.999070654090474
0.9990677510813808
0.9990662995684862
0.9990619450271943
0.9990561389472125
0.9990532387006147
0.9990517885687885
0.9990474381707337
0.999041637615083
0.999038579415109
0.999037050305714
0.9990324629746855
0.9990263465058069
0.9990231797701706
0.9990215963923671
0.9990168462559623
0.9990105127114077
0.9990009070053026
0.9989961040644525
0.998981695224371
0.998962483155372
0.9989594869645511
0.9989526292735229
0.9989492003825949
0.998938913699965
0.998925197979009
0.9989219680714427
0.9989180789535387
0.9989161343796927
0.9989103006540955
0.9989025223084873
0.998897982070875
0.9988957119320842
0.9988889015106037
0.9988798208860412
0.9988753827943299
0.99887316372889
0.9988665065275848
0.9988576302003332
0.99885308558111
0.9988508132513819
0.9988439962570937
0.9988349068692688
0.9988295305682094
0.9988268423896661
0.9988187778473023
0.9988080250363032
0.9988024818469061
0.9987997102221694
0.9987913953409077
0.9987803087396641
0.9987744663468597
0.9987715451174112
0.9987627814213461
0.9987510963900094
0.9987444448309615
0.9987411190088477
0.9987311415330534
0.9987178380973009
0.9987105680858385
0.9987069330292231
0.9986960278484032
0.9986814874454354
0.9986744277572717
0.9986708978648746
0.998660308177264
0.9986461884416838
0.9986395843331851
0.9986362822367203
0.998626375938013
0.9986131674063372
0.9986049422455763
0.9986008296000712
0.9985884916501713
0.9985720408419877
0.9985639161438661
0.9985598537308945
0.9985476664788031
0.9985314166077389
0.998521854916804
0.9985170739839946
0.9985027311682981
0.9984836071304948
0.9984736524847497
0.9984686750660264
0.9984537427911586
0.9984338327871699
0.998432029481774
0.9984278156292495
0.9984151740576328
0.9983983184096714
0.9983872612820165
0.9983817326008343
0.998365146534671
0.9983430314043954
0.9983299598807537
0.9983234239565821
0.9983038161542629
0.9982776718897056
0.9982762210672352
0.9982598975397868
0.9982381324719379
0.998202596595992
0.9981848274599192
0.9981315198627677
0.9980604391086363
0.9980397114814294
0.9980271260299356
0.9980208331534722
0.9980019544958576
0.9979767824597874
0.9979641059712169
0.9979577675722677
0.9979387523468317
0.9979133982144058
0.9979006460796074
0.9978942698562517
0.9978751411580639
0.9978496357169809
0.9978441131617249
0.9978380517036048
0.9978198673032977
0.9977956209791342
0.9977836779143784
0.9977777062446433
0.9977597912096782
0.9977359040557873
0.9976915543195713
0.997669377586402
0.9976028471036607
0.9975141335647819
0.9975013997306881
0.9974909187623312
0.9974594757866982
0.9974175504403711
0.9973983812711374
0.9973887963332267
0.9973600414601794
0.9973217004760951
0.9973042098183598
0.9972954641949422
0.9972692272749937
0.9972342437515954
0.9972156146979753
0.9972062998367148
0.9971783551960158
0.9971410945916657
0.9971230501585647
0.9971140276310393
0.9970869599947552
0.9970508687969895
0.9970320602989269
0.9970226557121252
0.9969944418942788
0.9969568223604223
0.9969350748392073
0.9969242006260455
0.9968915779106915
0.9968480794777614
0.9968265161398466
0.9968157340274664
0.9967833876155998
0.9967402576208692
0.9967160384015871
0.9967039282368426
0.9966675976517236
0.9966191550297248
0.99659310776773
0.9965800834897971
0.9965410105473719
0.9964889111922849
0.9964619904083706
0.9964485293366038
0.9964081460068047
0.9963542993270454
0.996328799595677
0.9963160491226054
0.9962777976019733
0.9962267935356891
0.9961821862046693
0.9961598806531812
0.9960929637055118
0.9960037348276749
0.9959597882921377
0.9959378131809146
0.995871887558648
0.995783980696398
0.9957412803338015
0.9956745514893667
0.9956428766044929
0.9956270382114031
0.9955795228723565
0.9955161659767492
0.9954799746035456
0.9954618776866171
0.995407586733956
0.9953351947075254
0.9953008032405812
0.9952836063904874
0.9952320156643172
0.9951632242706959
0.9951294628026034
0.9951125809683661
0.9950619352865101
0.9949944041619179
0.9949562385974925
0.9949371544432202
0.9948799017607085
0.9948035602623316
0.9947598092231483
0.9947379318845386
0.9946722995799078
0.9945847838004211
0.9945403039407018
0.9945180621221728
0.9944513363773623
0.9943623624781197
0.9943191593947039
0.9942975560751829
0.9942327458307544
0.9941463263418471
0.9940956024001554
0.9940702380082509
0.9939941444424748
0.9938926782501483
0.9938453390881956
0.9938216673754647
0.9937506518881457
0.9936559575788158
0.9935949690515471
0.9935644712904892
0.9934729774303297
0.9933509740837384
0.9932673269442119
0.9932254968266407
0.9931000054687031
0.9929326615360136
0.9928479667687354
0.9928056125766855
0.9926785489333061
0.992509108125652
0.9924825330992367
0.992446388028255
0.9923379520542297
0.9921933543048862
0.9921756074060929
0.9921432302297839
0.9920460980654326
0.9919165754601155
0.9918499120595089
0.9918165762120427
0.991716568002187
0.9915832097876859
0.9915167347903547
0.9914834931340017
0.9913837675129576
0.9912507861214025
0.9911767651056378
0.9911397494282482
0.9910287015898964
0.9908806205248667
0.9908100839529806
0.9907748109465512
0.9906689911986692
0.9905278824911105
0.9904513917512129
0.9904131408447189
0.990298387251564
0.9901453641019429
0.9900668438807488
0.9900275779751914
0.9899097793081242
0.9897526953246926
0.9896508095485843
0.9895998570138237
0.9894469978839718
0.9892431528950105
0.9891202012380039
0.9890587111498652
0.9888742386461307
0.9886282275979672
0.98859645801102
0.9885386048697972
0.9883650433909589
0.9881335865242207
0.9880098010330056
0.987947894093752
0.9877621710078294
0.987514491851875
0.9874666570022055
0.9874028236922149
0.9872113213659756
0.986955933426106
0.9868377668423394
0.9867786703225523
0.98660137865167
0.9863649460087398
0.986247063893873
0.98618810984073
0.9860112455287253
0.9857753831964968
0.985646947017619
0.9855827136361023
0.9853900109310536
0.985133022539602
0.9849766031878471
0.9848983707847037
0.9846636698845241
0.9843506582766356
0.9841281102381471
0.9840167899986689
0.9836828217524214
0.9832373757411998
0.9831571127068774
0.98281050767902
0.9826415241768647
0.9823843057488761
0.982227335011426
0.9821488268444089
0.9819132984347149
0.9815991837228407
0.9813939461496333
0.9812912884090234
0.9809833085055518
0.9805725379005326
0.9803403028232209
0.9802241356893576
0.9798756256840778
0.9794107780015798
0.9791556187073874
0.9790279791692078
0.9786450500465621
0.9781342757534115
0.9778418569373529
0.9776955690872781
0.9772566915751052
0.9766712580754234
0.9766550804605901
0.976538515357571
0.9761888111939588
0.9757223704429134
0.9754802124019145
0.975359079713647
0.9749956718880819
0.9745109467043347
0.9741653668090366
0.9739924679793037
0.9734737519398798
0.972781758922361
0.9727246919914119
0.972500227044635
0.9718267989403377
0.97092827074759
0.9704860978235323
0.9702648335874764
0.9696010075710927
0.9687153031457778
0.9685462085120841
0.9679514873393229
0.967676303471986
0.9675386431408699
0.9671256489449437
0.966574757605069
0.9662973559152531
0.9661585860697586
0.9657422629650496
0.965186929142517
0.9648238217959314
0.964642149968284
0.9640971108576155
0.9633699880642232
0.9630038253196964
0.9628206243127142
0.9622709970640713
0.9615377493190052
0.9611578273444166
0.9609677374948009
0.96039744156652
0.9596366054504172
0.9591379473356774
0.9588883977053096
0.9581397027524775
0.9571406854230631
0.9565006871655336
0.9561803273537742
0.9552191713035858
0.9539363751953247
0.9530907379450473
0.9526672897843471
0.9513968091976593
0.9497006505616524
0.9490862834693016
0.9478814169409393
0.9477644639689048
0.947447862549125
0.9464979772292585
0.9452302543297444
0.9445400415513721
0.9441945244677393
0.9431578745835485
0.941774240297481
0.9410883535565557
0.9407450080327189
0.9397148716935589
0.9383399423786754
0.937135669703165
0.936532302162529
0.9347218863128239
0.9323036303459772
0.9322966386866547
0.9317623457758728
0.9301592102257885
0.9280182843998044
0.9270290435436512
0.9265336031466086
0.9250470505043696
0.923062067640387
0.9220886488696484
0.9216011573740603
0.9201384509893112
0.9181853594820204
0.9169402383986186
0.9151967515502062
0.9141716890532409
0.9136583071383992
0.9121178865157252
0.9100608943587706
0.9091098044036895
0.90863353212777
0.9072044686611668
0.9052963949682125
0.9043314704438181
0.9038482683185424
0.9023983980709683
0.9004625111231098
0.899026107752051
0.8983062868701851
0.8961462220407993
0.8932600782056966
0.8931492954947928
0.8925169442278394
0.8906194012400919
0.8880846853159918
0.8866560219232261
0.885940120270998
0.8837917598810775
0.8809212983879643
0.8791009149781023
0.8781882030826665
0.8754489455670122
0.8717868435150194
0.8711038837505654
0.868511972314186
0.867255587726333
0.866626212029109
0.8647374950151206
0.8622145633605122
0.8607939130837091
0.860082087629754
0.8579458215222397
0.8550914855328106
0.8537404237689573
0.8530635370780308
0.8510321235010943
0.8483181238699801
0.8469592140447646
0.8462783924991321
0.8442351274610208
0.8415052036071922
0.8402443147776724
0.8396126906735925
0.8377170949339563
0.835184784973815
0.8331264889971534
0.8320942044975385
0.8289953304289494
0.8248501857471099
0.8243012666545234
0.8215455311372268
0.8199812493549561
0.8191972589930208
0.8168440074539012
0.8136984204828428
0.8122352232928753
0.8115019714255872
0.8093010362573687
0.8063593533180735
0.8048175672120121
0.8040448069776308
0.8017251517573261
0.7986241499076945
0.7970512896743182
0.7962628639432835
0.7938960843843306
0.7907316291789761
0.7892418967197335
0.7884951822316416
0.7862536261970906
0.7832567648809495
0.7817673648933787
0.7810207600362679
0.7787794706000873
0.7757826684379525
0.7742272874091918
0.7734474457977509
0.771106242310295
0.7679750867997166
0.7663276238100376
0.7655013801235089
0.7630206830026237
0.7597018954903133
0.7580481691888755
0.7572186563257073
0.7547280521848738
0.7513954628353365
0.7497375190958472
0.7489057601502549
0.7464083241934709
0.743066033478902
0.7414041800756555
0.7405703222643074
0.7380664988930306
0.7347150850193722
0.7330409693673323
0.7322008005609311
0.7296779324083166
0.7263003703215012
0.7246461006255843
0.7238157921011203
0.7213224889107934
0.7179841399415057
0.7163263097433585
0.7154940783385929
0.7129949296534922
0.7096482131499334
0.7079270010349148
0.7070626885728662
0.7044670378007858
0.7009899784405431
0.699260268794943
0.6983915389764278
0.6957825477578363
0.6922870547308433
0.6905482471369343
0.6896748155913913
0.6870516353472602
0.6835366289456534
0.6817981560553599
0.6809248038549612
0.6783018170968914
0.674786752649663
0.6730276869327771
0.6721438788696669
0.6694894165631768
0.6659317349424004
0.6641329633341032
0.6632290767210578
0.6605142094695942
0.6568750357585572
0.6550717128368023
0.6541655342718368
0.6514437533040939
0.6477953137567833
0.6459632219000158
0.645042573113265
0.6422772645308142
0.6385703816564765
0.6367322883122482
0.6358087180408043
0.6330346183275269
0.6293162966964118
0.6274565865362921
0.6265222739523151
0.6237158705850162
0.6199546341927838
0.6180903293842632
0.6171539308914161
0.6143412614538085
0.6105724075297154
0.6086918042935716
0.6077474857241544
0.6049110092133759
0.6011111420685191
0.5992236067751046
0.5982761634726199
0.5954303027774636
0.5916190712186532
0.589718900550792
0.5887655344780186
0.5859018751356947
0.5820681960452143
0.5801636761458638
0.5792086342227183
0.5763399450950945
0.5725012140744828
0.5705905508121534
0.5696330042828905
0.5667567880095022
0.5629098688551362
0.5610017210131328
0.5600460876647657
0.5571756213318164
0.553338523205306
0.5514337887128604
0.5504805791942546
0.547617387784015
0.5437923178579441
0.5418919025566723
0.5409416275939244
0.5380872336967318
0.5342763812665935
0.5323844964464446
0.5314393137832725
0.528600190194026
0.5248123365457774
0.5229321689341302
0.521993712936148
0.5191747562229128
0.5154165359276545
0.5135525447840233
0.5126230721334022
0.5098310482575955
0.5061115462189937
0.5042678107020728
0.5033493745533114
0.5005904358300838
0.49691787175731394
0.4950968012846096
0.49419061422362287
0.4914683836322751
0.48784757795081135
0.4860533661444854
0.4851615151853027
0.48248224457468253
0.47892147446160643
0.47715671469442306
0.476280484786743
0.4736480129535263
0.47015232535953233
0.46842054874012495
0.467561680128694
0.46498121501120704
0.46155744522137765
0.459861255267077
0.4590210245195165
0.4564963790292653
0.45314950018653205
0.45149154183874224
0.4506712425329345
0.44820628052978867
0.44494132401806424
0.44332392467778997
0.44252469333845884
0.4401228057509833
0.4369441775486507
0.4353695056501597
0.4345924021507429
0.4322567485197514
0.42916855453933067
0.42763858738353666
0.426884581384621
0.42461804848676865
0.421624045682257
0.42014062304999483
0.41941062191306017
0.417215907071316
0.4143196164662393
0.41288442144242693
0.4121792621971878
0.4100588482102162
0.40726352409477884
0.405878172920699
0.4051986664953187
0.4031549539283367
0.40046375656584815
0.3991298021314772
0.3984767350431627
0.39651204638108056
0.3939280453770131
0.39264403122296015
0.3920167596841843
0.390129094194764
0.3876497811577846
0.3864269224973115
0.3858308511617298
0.38403646232979316
0.3816829094512115
0.38051468380161413
0.37994675300951536
0.37823633662186834
0.3759965867322465
0.3748826407661831
0.37434276898397867
0.3727159892437377
0.37058974124790794
0.3695351660984759
0.36902583836956104
0.36749011476385546
0.3654869981416208
0.36449369793027436
0.36401588628089493
0.36257405862745057
0.3606977931678717
0.35976664971910355
0.35932085771104133
0.357974332590694
0.3562268171603518
0.35535947187665745
0.3549465665410861
0.353697837249734
0.35208236099494344
0.35128080483345414
0.3509018204951157
0.34975387482301673
0.34827435139749874
0.34754012882384655
0.3471959119287486
0.3461511447430193
0.34481076298468966
0.3441457282681116
0.34383728721611906
0.3428985616251148
0.34170112855466
0.34110748265022045
0.3408360034247477
0.3400066983074415
0.33895669477570406
0.3384366247780262
0.3382033232856486
0.3374868699289152
0.3365889017241133
0.33614487030732293
0.3359511312479115
0.3353514286387236
0.33461075826851977
0.33424558776098634
0.3340930148372768
0.3336145698807206
0.3330373106784487
0.33275429550986846
0.33264477732807857
0.3322928887680397
0.33188625590906506
0.33168929376723
0.33162508521567247
0.33140606628963215
0.33117868518486493
0.3310724680780698
0.3310563106665148
0.33097781639821267
0.33094017739097475
0.33093049549890396
0.33096580692073857
0.3310373501612264
0.3312025216957142
0.3312967597017074
0.3313879575957758
0.33162178123818425
0.3320066350935051
0.3322147439382177
0.3323678874961417
0.33278069028790924
0.33340833861293756
0.3337450702217752
0.3339693720226096
0.3345863586719622
0.33549192530479366
0.33598346331867873
0.33629588955954715
0.3371630355063442
0.3384112650828188
0.33912688985729805
0.3395750733978344
0.3408196297791122
0.3425925738893026
0.3436412056107527
0.3442976035094767
0.3461120433287579
0.348676407428402
0.3493590027471658
0.3514041263992506
0.3514146959418166
0.3519039981366922
0.35329833062506966
0.3552122528524766
0.3554889118550491
0.3559581369626547
0.35730292938618285
0.35913729505385483
0.35996316347033025
0.36041431736904794
0.36171315827868816
0.36347609318400864
0.3642813363556272
0.3647167663131391
0.3659744630813496
0.3676754153756924
0.36845167231064363
0.36886783944416374
0.37007337332708673
0.37169914418174005
0.3724375659676718
0.3728304793283611
0.37397174883570644
0.3755073365458356
0.3761977732415559
0.3765626025782463
0.37762520995083126
0.3790523090080871
0.37925793100683797
0.37958841957141354
0.3805538392913651
0.3818485989576577
0.38190520501089853
0.3821939625116084
0.38304032622698486
0.38417408914572126
0.38478934579462043
0.3851113406028219
0.38605294974723453
0.3873140269431523
0.38798266029716283
0.38833351927498005
0.3893575210585994
0.3907284751427656
0.39144140039950587
0.3918162570623382
0.3929085287113129
0.39437031754472673
0.3951269875977129
0.3955256943913209
0.3966855753947504
0.39823732599144224
0.3990465256116112
0.39947415797068825
0.40071570284290314
0.4023763179495745
0.4032601819085738
0.40372942195224887
0.40508783925923963
0.40690454097030415
0.4079055532019407
0.4084410214608462
0.40998412847323557
0.4120476679527463
0.41323388409259504
0.413876132256813
0.41571375390337617
0.4181706365523976
0.4195544983758122
0.4203129701150193
0.4224667098783443
0.4253444203108251
0.42688511274138735
0.4277369506045449
0.4301410936666794
0.43334955919248036
0.43511991327163885
0.43611234744624516
0.4388879736303319
0.4425839349933974
0.444693422446677
0.44590051446710804
0.44923069523327763
0.4536467240219069
0.45622652784952633
0.4577462351510527
0.4618572302021964
0.4672678171782439
0.47053399448395306
0.4725477387973852
0.4778323368846236
0.48468704045346106
0.4889376842125257
0.49176037685638996
0.498822023277042
0.5077102842826988
0.5125779680322072
0.516004400749261
0.5241896474163702
0.5341224000961147
0.5385779753663369
0.5416545847781916
0.548893517559684
0.5576127725989277
0.5619758226068905
0.5652967155099708
0.5727554242115745
0.5814267380391887
0.5857172214034535
0.5893140172253469
0.5969431879814845
0.6053903828077222
0.6092805696419961
0.6126586084735992
0.6195422169329878
0.6269767838091478
0.6303831259586552
0.6335602275867981
0.6397808365563918
0.6463385354932897
0.6493342760921987
0.6523490177687249
0.6580242472648533
0.6638613531231986
0.666519859240783
0.6694065438124541
0.674640226443786
0.6798915022636037
0.6822753648583506
0.6850626852813106
0.6899414191273958
0.694717651846498
0.6968778720242333
0.6995888890443036
0.704182185758008
0.7085714363112041
0.7105482523845198
0.713200934856714
0.7175630013840235
0.7216334920264793
0.7234578887678441
0.7260658882348252
0.7302380479611131
0.7340415749710896
0.7357369621853276
0.7383104228990846
0.7423235944921456
0.7458988409068235
0.747482633913473
0.7500289358938236
0.7539058801319405
0.7572813362326424
0.7587663237498982
0.7612907176020427
0.7650479415051628
0.7682443386495597
0.7696398089541326
0.7721459350726194
0.7757952397059107
0.7788275066937904
0.7801401452190729
0.7826304463993896
0.7861801505271457
0.7890589478475073
0.7902935367824535
0.7927695796158934
0.7962254682770642
0.7989583700704208
0.8001183247673475
0.8025810463203592
0.8059470954286331
0.8085394876830836
0.8096272626765523
0.8120771576466908
0.8153560809875666
0.8178118363858481
0.8188292293465389
0.8212664906516702
0.8244601485084856
0.8267821282179787
0.8277305051248556
0.8301551284959265
0.8332648297591655
0.8354552525941854
0.8363357127125485
0.8387475736555321
0.841774296597843
0.843835007361591
0.8446485025791765
0.8470474121765492
0.8499919634571285
0.8519246251234783
0.8526720449219665
0.8550577893723794
0.857920916249845
0.8597271449666712
0.8604093757215294
0.862781743193021
0.8655642102676208
0.8672456677299744
0.8678613070090225
0.870224586953557
0.8729314621243424
0.8744892353356295
0.8750465774521594
0.8773915231291757
0.8800150775133441
0.8814523182981262
0.8819448345099241
0.8842757018599428
0.8868212130961471
0.888139497784802
0.8885709062016496
0.8908876869034359
0.8933564089141646
0.8945579884097211
0.8949295542809792
0.8972322364905653
0.8996255043811291
0.9007128023303307
0.9010258392634453
0.9033144605492155
0.9056337361348492
0.9066093314709344
0.9068652273134151
0.9091398734891196
0.9113867372842634
0.9122533504856124
0.9124535601496534
0.9147143624789372
0.9168905026092623
0.9176509793125359
0.9177970160878781
0.9200441478273725
0.9221513474085432
0.9228086404592986
0.9229020666842992
0.9251357392636052
0.9271758629974589
0.9277330138106253
0.9277754313352246
0.9299958903181765
0.931970870846688
0.9324309906302288
0.9324240314465169
0.9346315523945667
0.9365433767328939
0.9369096282321634
0.9368549452562569
0.9390498297287909
0.9409005262076737
0.9411761061709855
0.9410753645866483
0.9432579361797591
0.9450495619598731
0.9452376846039046
0.9450925537395941
0.9472631543103615
0.9489977836522724
0.9491016653942783
0.9489138111621076
0.9510727972497902
0.9527525107649087
0.9527753559109706
0.9525464338985554
0.9546941736937614
0.9563210484927319
0.9562660366512626
0.955997686224615
0.9581345560435871
0.9597106565599745
0.9595809311644438
0.9592747694234148
0.9614011514786774
0.9629285217887277
0.9627271797396296
0.9623847974154478
0.9645010767024447
0.9659817328875195
0.9657118163267541
0.9653347726573295
0.967441335055963
0.9688772596703038
0.9685417472870573
0.9681315671914811
0.9702287975629817
0.9716219337970617
0.9712237351665237
0.9707819055772767
0.9728701859039018
0.9742224332882018
0.9737643830943482
0.9732923515403745
0.9753720584845078
0.97668526840759
0.9761701225673904
0.9756692936069277
0.9777407981830055
0.9790167720605827
0.9784472024178379
0.9779189378924248
0.9799826043041242
0.9812230893132492
0.98060168456121
0.9800472991566692
0.9821034841274359
0.983310173742709
0.9826394328395127
0.9820601982437615
0.9841092487294825
0.9852837787921449
0.9845661133999987
0.9839632531109372
0.9860055076981703
0.987149457023383
0.9863871897307622
0.985761883696739
0.9877976683426899
0.9889125570577731
0.9881079208570169
0.987461297706613
0.9894909332021835
0.9905782263764293
0.9897333630932149
0.9890665168689888
0.9910903040772239
0.9921514016242291
0.9912683749712207
0.9905823344008923
0.9926005759772953
0.9936368307796098
0.9927176029279208
0.9920133781177992
0.9940263509647996
0.9950390471563944
0.9940855112629955
0.993364036137469
0.9953720263855965
0.9963624061893888
0.9953763536112542
0.9946385517794277
0.9966418150198991
0.9976110564424848
0.9965942071375203
0.9958409519030678
0.9978397358704784
0.998788968813685
0.9977429612707606
0.99697507564758
0.998969626597366
0.9998999231048009
0.9988263261904538
0.9998580526985572
0.999907422939109
0.9999502392994355
0.9999999996777246