0.9992636570981003
0.9992390604042779
0.999226761483542
0.9991898646345955
0.9991406669178721
0.9991345444423456
0.9991288924243075
0.9991276724742217
0.9991222698330007
0.9991197174580397
0.9991184412640101
0.9991146126797622
0.9991095078820538
0.9991066060890053
0.999105155184147
0.9991008024670202
0.9990949988193896
0.9990920997878503
0.9990906502635675
0.9990863016881983
0.9990805035629261
0.9990774466443666
0.9990759181756941
0.9990713327668961
0.9990652188611363
0.9990620534525891
0.9990604707383467
0.9990557225926923
0.9990493917026274
0.9990397900227551
0.9990349890951732
0.9990205862955144
0.9990013822818464
0.9989983873474175
0.9989915325321719
0.9989881050792123
0.9989778227108033
0.9989641127428727
0.9989608841901948
0.9989569967037653
0.9989550529456815
0.9989492216674721
0.9989414465852824
0.9989369082526532
0.9989346390663876
0.9989278315026212
0.9989187546886645
0.9989143184594867
0.998912100325346
0.9989054459180706
0.9988965733164982
0.9988920306049256
0.9988897592290571
0.9988829450964856
0.9988738595246041
0.9988684854808093
0.9988657984309461
0.998857737274816
0.9988469889792444
0.9988414481177895
0.998838677657074
0.9988303662680833
0.9988192843236788
0.9988134443851339
0.9988105243828713
0.9988017643685927
0.9987900842468359
0.9987834354827625
0.9987801110582089
0.9987701377753923
0.9987568399309653
0.9987495729753448
0.9987459394467372
0.9987350388502964
0.9987205045606566
0.9987134478409705
0.9987099194328943
0.998699334198581
0.9986852204015072
0.9986786190708652
0.9986753183634007
0.9986654162319873
0.9986522132573833
0.9986439915574712
0.9986398806425024
0.9986275478846653
0.9986111040002872
0.9986029827221041
0.9985989220192106
0.9985867398977976
0.9985704968686674
0.9985609392041594
0.9985561602847143
0.9985418235097262
0.998522707527627
0.9985127570757332
0.9985077817540992
0.998492855771166
0.9984729541579704
0.9984711516126461
0.9984669395362161
0.9984543032933614
0.9984374547515245
0.9984264022860673
0.9984208759361858
0.9984042968647486
0.9983821910626846
0.9983691250536118
0.9983625918870072
0.9983429923585405
0.9983168591284578
0.9983154089184058
0.998299092281992
0.9982773364040411
0.9982418155368616
0.9982240539072597
0.9981707688380511
0.9980997181409529
0.998078999282473
0.9980664191560857
0.9980601289424377
0.9980412582743406
0.9980160968934426
0.9980034257717698
0.9979970900565356
0.9979780828833315
0.9979527394897347
0.9979399927571748
0.9979336192352081
0.9979144986422875
0.9978890040107786
0.9978834837964441
0.9978774249077603
0.9978592482167574
0.9978350121739723
0.9978230741744537
0.9978171050375738
0.997799197602141
0.9977753205831995
0.9977309896704732
0.997708822352314
0.9976423201279506
0.99755364429785
0.9975409158791919
0.9975304393685058
0.9974990097688696
0.9974571022641233
0.9974379412549298
0.997428360397651
0.9973996177689969
0.9973612931165617
0.9973438099111871
0.9973350680144595
0.9973088422766627
0.9972738736676242
0.9972552525581728
0.9972459416695754
0.9972180089492281
0.9971807642441575
0.9971627275128272
0.99715370883673
0.9971266527569504
0.9970905769730003
0.9970717765098663
0.9970623759411198
0.9970341741798512
0.9969965707270243
0.9969748325048745
0.9969639629420356
0.9969313541808794
0.9968878743610297
0.996866320253111
0.9968555427565063
0.996823210195144
0.9967800986751167
0.9967558898336074
0.9967437848587315
0.9967074698472304
0.9966590479993542
0.9966330119116176
0.9966199932219506
0.9965809370489688
0.9965288600639091
0.9965019508435784
0.9964884955548193
0.9964481295790124
0.9963943060494258
0.9963688172854087
0.9963560722971054
0.9963178372352407
0.9962668551243228
0.9962222670043647
0.9961999710617535
0.996133082954392
0.9960438925620059
0.9959999649937026
0.9959779993693493
0.9959121022209929
0.9958242333547912
0.9957815514602215
0.9957148514914681
0.9956831903200243
0.9956673587853445
0.9956198640284541
0.995556534591779
0.9955203589117209
0.9955022698435811
0.9954480024463424
0.9953756418481348
0.995341265319795
0.9953240759410074
0.995272507636946
0.9952037461584516
0.9951699993796348
0.9951531248919684
0.9951025012577287
0.9950349995482812
0.994996850616726
0.9949777747813638
0.9949205470656993
0.9948442388799017
0.9948005069434829
0.9947786391595129
0.9947130355321178
0.9946255580198168
0.9945810976221677
0.9945588655380467
0.9944921690102505
0.9944032340989956
0.9943600499594347
0.9943384561150291
0.9942736743089808
0.9941872927681312
0.9941365911152742
0.9941112378721908
0.9940351777708809
0.9939337562395808
0.9938864379296795
0.9938627766468175
0.9937917924648172
0.9936971399323428
0.9936361783326361
0.9936056940417526
0.9935142406182561
0.993392291247835
0.9933086811530327
0.9932668695698839
0.9931414338645362
0.9929741642496944
0.9928895071426946
0.992847171793188
0.9927201647281841
0.9925507994760642
0.9925242363120176
0.9924881073775701
0.9923797198502177
0.9922351867824012
0.9922174478292041
0.9921850851498444
0.9920879965061598
0.9919585319975477
0.9918918985275006
0.9918585776530667
0.9917586143940067
0.9916253161874056
0.9915588711317859
0.9915256444540177
0.9914259638003374
0.9912930424385621
0.9912190548713364
0.9911820559278267
0.9910710583304231
0.9909230443444804
0.9908525397594877
0.990817282755257
0.9907115110497774
0.990570466481779
0.9904940105475445
0.990455777054206
0.9903410757427527
0.9901881224000143
0.9901096380396258
0.9900703900753871
0.9899526452769262
0.9897956332218681
0.9896937941588981
0.9896428649991535
0.989490076069815
0.989286324856593
0.989163429853444
0.9891019681192081
0.9889175807875962
0.9886716835584671
0.9886399286924332
0.9885821023618786
0.9884086214132083
0.9881772721478174
0.9880535443036884
0.987991666215585
0.9878060297960829
0.9875584664574845
0.9875106540110608
0.9874468506050607
0.9872554381114567
0.987000170228422
0.9868820592966868
0.9868229906283078
0.98664578261561
0.9864094617581424
0.9862916354752885
0.9862327093635544
0.9860559289797486
0.9858201787930433
0.9856918037912938
0.985627601028653
0.9854349903042912
0.9851781248416578
0.9850217804647906
0.9849435855942986
0.9847089974771782
0.9843961366763808
0.9841736961448587
0.9840624297510123
0.9837286234192901
0.9832833941715101
0.9832031702929068
0.9828567346959028
0.9826878340011483
0.9824307418735383
0.9822738483695647
0.9821953788658678
0.9819599666368807
0.9816460072754172
0.9814408714653474
0.9813382646864917
0.9810304379968071
0.9806198724399958
0.9803877536549852
0.9802716447708524
0.9799233099392282
0.9794586968079573
0.9792036667149151
0.9790760919035768
0.9786933574790506
0.9781828439865206
0.9778905750657572
0.9777443623309808
0.9773057108522137
0.9767205803293626
0.9767044111216729
0.9765879065412242
0.9762383843859939
0.975772187336746
0.9755301562528745
0.9754090871604052
0.9750458706027926
0.9745614015597739
0.9742160050193622
0.9740431981084356
0.9735247588158663
0.9728331370988429
0.97277610094291
0.9725517569754069
0.9718786934993147
0.9709806554163718
0.9705387252461589
0.9703175827942659
0.9696541238033434
0.9687689126432982
0.9685999126469832
0.9680055255129425
0.9677304968564368
0.9675929142921418
0.9671801540586418
0.9666295762075593
0.9663523330042647
0.9662136425679224
0.9657975583709856
0.9652425446737003
0.9648796475712563
0.9646980811533292
0.9641533594525564
0.9634266626203721
0.9630607155052886
0.9628776226099035
0.9623283209147114
0.96159551007714
0.9612158156879083
0.9610258399553663
0.9604558877102854
0.9596955129389235
0.9591971590228691
0.9589477620599216
0.9581995274445569
0.9572011293426242
0.9565615308929686
0.9562413719410452
0.9552808224052015
0.9539988441721575
0.9531537515694412
0.9527305774474719
0.9514609260518891
0.9497658895701363
0.9491519332593017
0.9479478790435234
0.9476832092717707
0.9472927440455198
0.946121231234643
0.9445573910020536
0.9440886644730375
0.9429566588294472
0.942341946032499
0.9420342662099891
0.9411111506048432
0.9398792000779941
0.939078028776628
0.9386768966160891
0.9374733685978079
0.9358667476930245
0.9358023824379181
0.9348908964146296
0.9336744887015139
0.9329154350650325
0.9325354246809372
0.9313952692060197
0.9298733515559757
0.9289349539089402
0.9284650199884624
0.9270550232434902
0.9251724250917128
0.924297338015535
0.9238591612114259
0.9225444546811611
0.9207892596715189
0.9197136161267467
0.9191748487992735
0.9175582716576556
0.915399436755993
0.914371768795515
0.9125005606625627
0.9116349055093617
0.9112014749372693
0.9099009924400736
0.9081648321026251
0.9068434220484
0.9061813285734305
0.9041945916603884
0.9015405208707917
0.901444445299193
0.8997692825540203
0.8975321304435765
0.8970623228728637
0.8963125589763931
0.8940626371862305
0.8910562348822113
0.8904379597100524
0.8880816307739547
0.8873757476545087
0.88648074482861
0.8837947748826357
0.880204212566695
0.8785646489660266
0.8777428162349942
0.8752764455555619
0.8719801441906849
0.8708719444312217
0.8685631002245982
0.8672047028895674
0.8665241316504019
0.8644817612173026
0.8617532363746442
0.8601844954142863
0.8593983032795394
0.8570388058140156
0.8538855944222645
0.8529482348307311
0.851849408772417
0.8485510476126042
0.8441389038037606
0.8437480147494754
0.8402885184150007
0.8400228494795375
0.8380986917066986
0.8355282239497364
0.8341617769353118
0.8334771733479673
0.8314225161684272
0.828677269797361
0.8271874560499679
0.826440895492364
0.824200157644255
0.8212055893488251
0.8197214931825753
0.8189777810738952
0.8167455411156945
0.8137621996878229
0.8120134091921486
0.8111366709078475
0.8085048416813692
0.8049856673702404
0.8046365218113782
0.8023457001735834
0.7992834751628525
0.797650835043586
0.7968323783995419
0.7943754641341071
0.7910902931502594
0.7895274745221008
0.7887440384655242
0.786392242870595
0.7832476963808012
0.7815757045711307
0.7807373136393291
0.7782203547484136
0.77485388576204
0.7733101025052975
0.7725360771957179
0.7702124073285557
0.7671048469963845
0.7655128801809837
0.7647145425232119
0.762317761269265
0.7591116962141586
0.7574316848524653
0.7565889406430997
0.7540586543145539
0.7506728667691966
0.7490575522136598
0.7482472359057287
0.7458143126802551
0.7425587617469582
0.7409081500758326
0.740079944643714
0.7375931904302704
0.7342648082252585
0.7326130399233047
0.731784116019522
0.7292951298400303
0.7259632108322639
0.7243012714768033
0.7234670887505402
0.7209622282686173
0.7176084359895888
0.7159136390945937
0.7150627609024252
0.7125076524148721
0.7090857502493223
0.7073874687134266
0.7065346974275073
0.7039738357325015
0.7005436853825223
0.6988276227766683
0.6979657603581927
0.6953775129578176
0.6919100430140839
0.6901670225662564
0.689291448155522
0.6866619270725239
0.6831384817489099
0.681399690790069
0.6805261596549678
0.6779027370559164
0.6743871890278937
0.6726373016933745
0.6717581100661257
0.6691176327561043
0.6655789042402196
0.6637785572306003
0.6628738609202999
0.6601566695299044
0.656514491386744
0.6547087841505435
0.6538013901470798
0.6510760654134934
0.6474229922379791
0.6456080294066203
0.6446960236836202
0.6419568182858957
0.638285275180429
0.6364571709400724
0.6355386453935342
0.632779828820734
0.6290822819452146
0.6272342272089064
0.6263058057618709
0.6235172322227923
0.6197802226652405
0.6179206373783659
0.6169866370679084
0.6141812926335465
0.6104225383492073
0.6085547487952139
0.6076169182660727
0.6048000643993502
0.601026875993173
0.599153200557204
0.5982127795166586
0.5953881453544109
0.5916057646386333
0.5897226808142011
0.5887779676380203
0.5859404357617446
0.5821422085001192
0.580252928929954
0.5793056154787796
0.5764602701439012
0.5726532582194537
0.5707603196650779
0.5698117544983944
0.5669626451046215
0.5631525013444717
0.5612569181398562
0.560307681500807
0.5574565445314034
0.5536458028944596
0.551754876251611
0.550808694280994
0.5479667228381611
0.5441705563253847
0.542282640935421
0.5413387482041154
0.5385036271606048
0.5347190927313977
0.532840892466269
0.5319026939063648
0.529084645377824
0.525325536323471
0.5234619345218192
0.5225319079557509
0.5197383642675457
0.5160146863319183
0.5141678602739485
0.5132471219451263
0.5104814192756362
0.5067976754050714
0.5049713345819545
0.5040617534571609
0.5013294897533852
0.4976931606455774
0.49589129457754483
0.49499486599094394
0.49230201806784735
0.4887210461350771
0.4869461087159383
0.48606405659367424
0.48341428036629824
0.4798934952557626
0.4781490632406021
0.4772831584673547
0.474681754186534
0.4712281377303457
0.4695171918352297
0.4686689025945444
0.46612025976565247
0.46273956356368867
0.4610650516055416
0.46023582389957324
0.45774426516737393
0.4544421353726746
0.45280635229312877
0.4519973082132325
0.4495661814402226
0.4463469710034738
0.4447523865111372
0.4439647332426469
0.44159764190436723
0.43846603948247564
0.43691483615777477
0.436149641525925
0.43384976899383554
0.43080991517788286
0.4293040766782747
0.4285623147836289
0.4263325610139991
0.4233882341693521
0.42192956151690164
0.42121212260531876
0.4190551330359402
0.4162097913281264
0.4147999876858183
0.41410772057165507
0.41202601296547814
0.4092829619966346
0.40792368012613534
0.40725741557100015
0.4052534495331708
0.40261593217515906
0.40130874329818395
0.40066927896383747
0.39874540960541033
0.39621654345633484
0.39495961302789145
0.39434613017965925
0.3924998265771082
0.3900764324984184
0.38887731761155675
0.38829348383561346
0.38653574997428714
0.3842321349051576
0.38308970413431664
0.3825350407208629
0.38086435903390514
0.37867864458233985
0.3775969323372479
0.3770734097383806
0.3754956566606045
0.3734354606518064
0.3724116729275224
0.3719180594931055
0.370429409799156
0.36848994380994343
0.3675284374213881
0.3670668591728842
0.3656736406304029
0.3638630783320451
0.3629654035817166
0.3625366677150799
0.3612412064664087
0.3595625880162947
0.35872933227992165
0.35833381738085907
0.3571371172810675
0.3555918276440555
0.3548253897734846
0.35446430852754873
0.3533698953451127
0.3519624853640079
0.3512642622738888
0.3509383834263831
0.34994840940844035
0.3486817136024987
0.3480535551694641
0.34776386618271965
0.34688112702766755
0.34575879275010557
0.3452026175492194
0.34495015493337927
0.34417756794978516
0.34320341035643076
0.3427212349120678
0.3425071042470243
0.3418477627864841
0.3410258446957843
0.34061972644949323
0.34044509465949035
0.33990222805912673
0.33923684327191167
0.33890917199424386
0.33877540175773696
0.33835277957159227
0.33784895693009087
0.337602418844098
0.33751107941813013
0.3372130170983369
0.33687657215065586
0.33671436081885603
0.33666734667521664
0.3364990394059633
0.33633702185972164
0.3362630484622385
0.3362627223067814
0.33623062651361585
0.33625186421600856
0.3362711574854644
0.33632061245837835
0.336433150598658
0.3366492405355253
0.336768698353363
0.3368722625491599
0.33714117044215414
0.3375683855387226
0.33779845136649844
0.3379628417702817
0.3384062322181792
0.33906988977037006
0.3394292697168906
0.33966692553702765
0.34031808436925315
0.3412651730668373
0.34180128575302043
0.3421454825840704
0.34309232621381663
0.3444487045030774
0.34527776382824343
0.345811637185548
0.34727103266185005
0.3493439096540481
0.3500203762997019
0.35171280917684977
0.3520834883416278
0.35323063880459776
0.3548073198517089
0.3550328515991067
0.3554218822687332
0.3565308870533875
0.3580444051031153
0.35872967804976474
0.35910714613348726
0.3601883923357394
0.3616560350122969
0.3623262410681131
0.36269119335756644
0.36374042025048675
0.36515883564394147
0.3658046446955454
0.36615291506055236
0.367157442076589
0.3685110727593822
0.3691220512314832
0.3694486891334071
0.37039381097804125
0.371664122408413
0.37188598527169064
0.37218544808466203
0.3730547843450365
0.37422105117858206
0.37430347561050104
0.3745677601020134
0.3753379531974701
0.3763696987279827
0.37689472196248225
0.3771712485161135
0.37797628585120363
0.37905387283115316
0.3796279348596456
0.37993134166763903
0.38081238996190303
0.3819909713445314
0.3826012369074553
0.3829244724315517
0.38386136943558236
0.3851139235388644
0.3857550159341755
0.3860952934891111
0.3870800736265246
0.38839627051024916
0.3890688491809877
0.38942682663835715
0.3904613138437348
0.39184428005347577
0.3925022212748899
0.3928519351606156
0.3938637071341456
0.3952174027740895
0.395863095998382
0.3962061912118337
0.39719991963189627
0.39853101607969477
0.3991879661499465
0.39953772622580913
0.4005507376306177
0.4019094069000378
0.40261569290045796
0.4029936364217804
0.40408628003254304
0.4055536482626923
0.4066313755054207
0.40722937120885305
0.4089292161418622
0.4112177651908143
0.4125007883386856
0.4132202053978315
0.4152497248932386
0.417982827036358
0.41946492450035544
0.4203034016377595
0.422652974125265
0.42581139929741074
0.42758372688304774
0.42860142668927986
0.43142403294799203
0.4352044689452735
0.4374509260253859
0.4387759446438553
0.4423863462887152
0.447189632371263
0.4500743585632921
0.4518381593587172
0.4565266794867244
0.4626902520279607
0.4658488521768625
0.4677920091656535
0.4728890822611886
0.4795195350528459
0.48310117528709623
0.4853821711877539
0.49121872073597733
0.4986888810796044
0.503201333012283
0.5063496045373095
0.5139784941977995
0.5233641157778688
0.528095137546206
0.5315007794224076
0.5394474860345114
0.5489312472851048
0.5537637744349762
0.5575610612677276
0.5659595296729625
0.5755226962187969
0.579979945456648
0.5835889569218545
0.5912705814634138
0.5997945284753352
0.6037221293296569
0.6071003535343363
0.6140212511997939
0.6215271257236568
0.624974243411121
0.6281574225912673
0.6344293866844045
0.6410742116224877
0.6441164659042508
0.6471411028810583
0.6528760181673339
0.6588092782608866
0.6615173911295213
0.6644163719195543
0.6697144239760929
0.6750666125876917
0.6775015565338296
0.6803026917824532
0.6852482461335756
0.6901274829751487
0.6923392361670302
0.695065006029001
0.6997261216518118
0.7042187114461017
0.706246827476002
0.7089148027718425
0.7133447008462297
0.7175176742127489
0.7193926684112701
0.7220162227943464
0.7262555482121509
0.7301598887522059
0.7319048503583666
0.734493933370258
0.7385731401045533
0.7422469830065622
0.7438791128634916
0.7464409683578428
0.7503825036641533
0.7538539779284574
0.7553859256801041
0.7579257092465365
0.7617458730144896
0.7650354792323969
0.7664764469318033
0.7689977326950362
0.7727081929534129
0.7758307195290715
0.777187342925957
0.7796925274033351
0.783301521036624
0.7862675501760067
0.7875445868251173
0.7900352042433729
0.7935484696234
0.7963655398055778
0.7975663975802669
0.8000433623968309
0.8034648531155566
0.8061383440815818
0.8072654818792397
0.8097292731262178
0.8130616976986216
0.8155954964700316
0.8166507246399449
0.8191015246218606
0.8223467502603903
0.8247437470699793
0.8257284502669096
0.8281662478733501
0.8313255993702735
0.8335880529395695
0.8345033535753689
0.8369280203566134
0.8400024986872715
0.8421323019681982
0.8429791785395032
0.8453905238557636
0.8483809636657845
0.8503798342517408
0.851159205634046
0.8535570156589843
0.8564641963451938
0.8583338102348199
0.8590465945330761
0.8614306585721687
0.8642553800664649
0.8659974631492463
0.866646026146674
0.8690133812582551
0.8717538725800751
0.8733706340575934
0.8739517009036012
0.8763075132839456
0.8789698725974384
0.8804626778902571
0.8809818262236075
0.883323285572026
0.8859060019665786
0.8872772875257579
0.8877341228444287
0.8900611383771386
0.892565427722905
0.8938175334831687
0.8942133071959179
0.896525872824737
0.8989531165165315
0.9000885438078549
0.9004246079889894
0.9027227688659943
0.9050744772459027
0.9060958835550706
0.9063736655866528
0.9086575157600699
0.9109353188097274
0.911845503826745
0.9120664984077321
0.9143361778974715
0.9165418138301373
0.9173437027154958
0.9175094629484332
0.9197651542139332
0.921900456610612
0.9225970816617513
0.9227092095968287
0.924951133614623
0.9270180177579485
0.927612499445795
0.9276726363793462
0.9299010485317732
0.931901497537036
0.9323970254501874
0.932406842403244
0.9346220282695428
0.9365580792940175
0.9369578936400685
0.9369190819961501
0.9391213532839168
0.9409950843053674
0.9413024580850516
0.9412167208921979
0.9434064113789437
0.9452199285070286
0.9454381508056132
0.9453071944830316
0.9474846562217085
0.9492400818896504
0.9493724423275349
0.9491979690582748
0.9513635688469558
0.9530630308749821
0.9531128053727993
0.9528965061977922
0.9550506221515164
0.9566962436889226
0.956666681608458
0.9564102302209029
0.9585532486217061
0.960147139098869
0.9600414515941139
0.9597464985091766
0.9618788113644923
0.9634230586458159
0.9632444082000167
0.962912576508404
0.9650345785264857
0.9665312413321566
0.9662827334468922
0.9659156138811406
0.9680277003107769
0.9694788021793692
0.9691634772367743
0.9687626249184013
0.9708651895438782
0.9722727133255302
0.9718935402120226
0.9714604711117555
0.9735539048363888
0.9749197884347583
0.9744796588273743
0.9740158480222252
0.9761005367173009
0.9774266691188273
0.976928393008249
0.9764352733327384
0.9785115956972404
0.979799812724118
0.9792461168084337
0.978725073458112
0.9807934026232018
0.9820454867889442
0.9814390083075994
0.9808913837515444
0.9829520825483836
0.9841697588254704
0.9835130466880379
0.9829401337262846
0.9849935580917221
0.986178494742658
0.9854740058172188
0.9848770525836283
0.9869235473886682
0.9880773527723584
0.9873274538129548
0.9867076582465044
0.9887475598970018
0.9898717849837686
0.9890787496802492
0.988437269982703
0.9904708982057471
0.9915670316619942
0.9907330454561656
0.9900709826464704
0.9920986550754959
0.9931681276541248
0.9922952885353762
0.9916136976867959
0.9936357188864532
0.99467990722172
0.993770212929982
0.9930701220942326
0.9950867754016667
0.9961069893620252
0.9951623677033747
0.994444742933738
0.9964563042537588
0.9974537993298989
0.9964760865004325
0.9957418379068664
0.9977485905269301
0.9987245786185642
0.9977155098226796
0.9969655344910738
0.9989677335427951
0.9999233597483342
0.9988846133170945
0.9981513418400502
1.0001183557730173
1.0010380349160724
0.9999999996607342