0.9993100485562526
0.9992854641743992
0.9992731714108354
0.9992362930382558
0.9991871199679312
0.9991810005603998
0.9991753513747558
0.9991741320360444
0.9991687321024241
0.999166181006669
0.9991649054522552
0.9991610787869065
0.9991559765478515
0.9991530762093139
0.9991516260317276
0.999147275496484
0.9991414747581874
0.9991385771799794
0.9991371283823789
0.9991327819871236
0.9991269867688256
0.9991239313829654
0.9991224036806611
0.999117820571042
0.9991117097310279
0.9991085459098117
0.9991069639892546
0.9991022182247361
0.9990958905097052
0.9990862936456091
0.9990814951260963
0.999067099551386
0.999047905172698
0.9990449117410396
0.9990380603655167
0.9990346346325111
0.999024357424341
0.9990106543376032
0.9990074274055076
0.9990035418704846
0.9990015990881339
0.9989957707372448
0.9989879995584303
0.9989834635043507
0.9989811954574006
0.9989743913117459
0.9989653190556552
0.998960885054254
0.9989586680340403
0.9989520169687038
0.9989431488234165
0.9989386083935855
0.9989363381586283
0.9989295274489565
0.9989204464413254
0.9989150750974451
0.9989123893975961
0.9989043322917406
0.9988935893970733
0.99888805132007
0.9988852822516411
0.9988769750397564
0.9988658986653987
0.9988600616623937
0.9988571431279685
0.998848387517476
0.9988367132680697
0.9988300678470665
0.9988267450941349
0.9988167768265406
0.9988034856699008
0.9987962223693739
0.9987925906684173
0.9987816955553542
0.9987671685778695
0.9987601154087808
0.9987565887761017
0.99874600886838
0.9987319021743571
0.9987253041663114
0.9987220051202311
0.9987121079733209
0.9986989116455341
0.9986906940851461
0.9986865852400726
0.9986742586924664
0.9986578230896576
0.9986497059020656
0.998645647244598
0.9986334712599936
0.9986172364145067
0.9986076835660117
0.9986029070547537
0.9985885775050626
0.9985694711583994
0.9985595257227756
0.9985545529094721
0.998539634452329
0.9985197428753708
0.9985179412391691
0.9985137312871278
0.9985011014180116
0.9984842613758192
0.9984732144868224
0.998467690925413
0.9984511202203769
0.9984290255757993
0.9984159661627104
0.9984094362944353
0.9983898466623361
0.9983637266306055
0.9983622771530676
0.9983459687590316
0.9983242238731327
0.9982887209579648
0.9982709683068661
0.9982177101833725
0.9981466954375527
0.9981259870673661
0.9981134133103501
0.9981071262817018
0.9980882651698846
0.9980631165336626
0.9980504518313487
0.9980441193261124
0.9980251217842024
0.9979997912353458
0.997987050964417
0.9979806806735884
0.9979615697753988
0.99793608807325
0.9979305706588983
0.9979245148435242
0.9979063473736407
0.9978821236284409
0.9978701916874667
0.9978642255801423
0.9978463272345316
0.997822462338033
0.9977781539401395
0.9977559978833034
0.9976895294588766
0.9976008987323748
0.9975881767911383
0.9975777056122881
0.9975462920117305
0.9975044058473655
0.997485254598427
0.9974756786220076
0.9974469506389203
0.9974086455208352
0.9973911712292597
0.9973824337900411
0.9973562214272621
0.9973212706573527
0.9973026590499553
0.997293352913077
0.9972654344507144
0.9972282087628433
0.9972101812436353
0.9972011671742493
0.9971741249172578
0.9971380675698448
0.9971192767173271
0.9971098809545955
0.997081693614258
0.9970441093960298
0.9970223822965386
0.9970115182959745
0.9969789262255052
0.9969354686688581
0.9969139256009862
0.9969031536253355
0.9968708376306359
0.9968277482083028
0.9968035517797054
0.9967914530124603
0.9967551566286517
0.9967067596288245
0.9966807369066837
0.996667724901175
0.9966286887862251
0.9965766385580921
0.9965497431690356
0.9965362947973687
0.9964959495787816
0.9964421537392668
0.996416678093371
0.9964039396654354
0.9963657242900124
0.9963147684400577
0.9962702032985841
0.9962479188492179
0.9961810652379546
0.996091920878299
0.9960480159968468
0.9960260617198112
0.9959601986293186
0.9958723752104918
0.9958297154056782
0.9957630499753651
0.99573140520667
0.9957155818753922
0.9956681117369943
0.9956048151441859
0.9955686582348372
0.9955505785547032
0.9954963393323164
0.9954240163256933
0.9953896576655568
0.9953724772232683
0.9953209357385024
0.9952522100417788
0.9952184808329474
0.9952016151325864
0.9951510178697189
0.995083551344021
0.9950454223072112
0.9950263564221831
0.994969158569623
0.9948928902293522
0.9948491811419543
0.9948273247863917
0.994761755460151
0.9946743237196557
0.9946298866008084
0.9946076661601236
0.9945410045791339
0.9944521163018667
0.9944089548212756
0.9943873723101689
0.9943226245196107
0.9942362883688991
0.9941856133759948
0.9941602734681564
0.9940842533941194
0.9939828852824507
0.9939355919139623
0.9939119431064041
0.9938409963691138
0.9937463938065035
0.9936854644152252
0.9936549962362049
0.9935635911795704
0.993441706370822
0.9933581405857566
0.9933163511719051
0.993190982033458
0.9930238013113407
0.9929391892503944
0.9928968764387543
0.9927699370480612
0.9926006621691691
0.9925741131939011
0.9925380035606357
0.9924296739811788
0.992285218280068
0.9922674888307388
0.992235143491438
0.992138106903604
0.9920087118855221
0.9919421142159718
0.9919088112510613
0.9918089017584956
0.991675675328494
0.9916092660867378
0.9915760573251482
0.9914764304578206
0.9913435808988709
0.9912696333401246
0.9912326544123521
0.9911217169091886
0.9909737831579568
0.9909033168331715
0.9908680789695158
0.9907623647285978
0.9906213968793443
0.9905449825769427
0.990506769911872
0.990392131135752
0.9902392612906413
0.9901608198242038
0.9901215933199999
0.9900039129550636
0.9898469869352758
0.9897452037470397
0.989694302546732
0.9895415975859889
0.9893379585403291
0.9892151313023356
0.9891537034829492
0.9889694180279848
0.9887236569409079
0.9886919196829661
0.9886341254213968
0.9884607407971264
0.9882295202367963
0.9881058613460313
0.9880440177676398
0.9878584850124296
0.9876110602064982
0.9875632745572891
0.9874995069203806
0.9873082018784141
0.987053077599209
0.9869350332346833
0.9868759978802889
0.9866988899339236
0.986462702786827
0.9863449432865601
0.9862860505965115
0.9861093706021554
0.9858737545566949
0.9857454527311154
0.9856812865928248
0.9854887858899409
0.985232067467063
0.9850758127705079
0.9849976627942597
0.9847632095813338
0.9844505291668741
0.9842282172287797
0.9841170152418972
0.9837834025828726
0.9833384326151136
0.9832582555723711
0.9829120226390995
0.9827432209940016
0.9824862799400365
0.9823294788185961
0.9822510555618994
0.9820157823021273
0.9817020087627362
0.9814969946765147
0.981394448855521
0.9810868054324827
0.9806764851442805
0.9804445054625325
0.9803284662539596
0.9799803409568669
0.9795160083850994
0.9792611328367389
0.9791336354488147
0.9787511339138127
0.9782409323801482
0.9779488427581
0.9778027198732712
0.9773643387669319
0.97677957065376
0.976763411502393
0.9766469793168765
0.9762976748736947
0.9758317693323216
0.9755898901104334
0.9754688970892259
0.975105909320378
0.9746217466652758
0.9742765694487737
0.9741038724885944
0.9735857642333148
0.9728945866569079
0.9728375873133386
0.9726133880585087
0.9719407607429907
0.9710433089203827
0.9706016691284135
0.9703806723529173
0.9697176523929333
0.9688330312715305
0.968664144479612
0.9680701569201887
0.9677953139259574
0.9676578243859295
0.9672453440172967
0.966695141160728
0.9664180875388524
0.9662794920917188
0.9658636936764422
0.9653090629137898
0.9649464173062745
0.9647649769800054
0.9642206349670319
0.963494447673444
0.963128758496663
0.9629457949256668
0.9623968826618636
0.9616645944599371
0.9612851723123838
0.9610953330888544
0.9605257919646488
0.9597659690644883
0.9592679790386475
0.9590187647005806
0.9582710807541938
0.9572734233922036
0.9566343032069623
0.9563143845311155
0.9553545605320692
0.9540735606779225
0.9532291196093517
0.9528062733066909
0.9515376138353508
0.9498439197436293
0.949230454836982
0.9480273723667487
0.9477629178415004
0.947372770621297
0.9462022193566384
0.944639678797767
0.944171345436357
0.9430402962626634
0.942426107124741
0.9421186903155324
0.9411963686226322
0.9399654880187185
0.9391650191780224
0.9387642403111361
0.9375617806819413
0.9359566042022239
0.9358922972586357
0.934981640540226
0.9337663502125263
0.9330080002671086
0.9326283436725367
0.9314892575788344
0.9299687845031552
0.9290312880431512
0.9285618077803961
0.9271531846626321
0.9252724476491003
0.9243982379036553
0.9239605025684103
0.9226471315617484
0.9208937417442451
0.9197869087454292
0.9192324926360332
0.9175689719820975
0.9153473825704492
0.9138778706805468
0.9131413739838101
0.9109313861246814
0.9079784683381741
0.9075827776731019
0.9057762096965652
0.9033632895030729
0.9030905069786104
0.9013285877948596
0.8989754200619379
0.8977949068507544
0.8972035629818164
0.8954291628115458
0.8930593038173293
0.8919421426360575
0.8913825957059855
0.8897036086691494
0.8874614014640767
0.8862061230969963
0.8855772826438312
0.8836903060571939
0.8811698418588425
0.8800295998519648
0.8794584930902324
0.8777447772053041
0.8754561205511564
0.874203715063487
0.8735763379666059
0.8716937085969366
0.8691790612061404
0.8675898667456673
0.8667933962202262
0.8644031454425768
0.8612088919964975
0.8608332567632503
0.8600882233465834
0.857852348273188
0.8548648102240498
0.8534976003553362
0.8528126172724698
0.8507569742993003
0.8480106972883303
0.8466513067018638
0.845970255446887
0.8439263800829777
0.841195804091755
0.8398812040879889
0.8392226346807036
0.8372462173426356
0.8346058759294499
0.8330458012907563
0.8322639738577104
0.8299174442079559
0.8267813884524828
0.8251731796754664
0.8243671482441828
0.8219478768245724
0.8187141976482519
0.8171887053358098
0.8164241970628432
0.8141295523853568
0.8110626685926237
0.8094436490274656
0.808632122720716
0.8061962142847129
0.8029397957706146
0.801441905086634
0.8006911846869882
0.798437824180871
0.7954258099321247
0.7938713569397076
0.7930921725055305
0.7907532635218679
0.7876263149889154
0.7860137645791461
0.785205311283064
0.782778419548208
0.7795331588122945
0.7780014874044057
0.7772336067713138
0.7749285168054484
0.7718462409256616
0.7702442088609368
0.769440872194065
0.7670292062537419
0.7638035767181217
0.7622158801193114
0.7614196481901019
0.7590292548863444
0.7558317304432625
0.754222044770136
0.7534146417265533
0.7509906156205368
0.74774747795746
0.7461217116585804
0.7453060939155369
0.7428573147329404
0.7395804367556362
0.7379485175646444
0.7371296725584593
0.7346711262107757
0.7313806079718665
0.7297206554882172
0.7288875575765058
0.7263861120885222
0.7230374086640018
0.7213743180111608
0.7205394990801034
0.7180328153559815
0.7146765343479754
0.7129979377329018
0.7121551683507841
0.7096245278614626
0.7062355115470705
0.7045539148336386
0.7037095030953305
0.701173868918563
0.6977776537460612
0.6960677883484632
0.6952090015337161
0.6926301064103331
0.6891752354084307
0.6874385457346097
0.6865661190318184
0.6839461747946161
0.6804356627118792
0.6786991355025901
0.6778267081552005
0.6752067209491669
0.6716958698771403
0.6699545541577709
0.6690796606666812
0.6664522264240436
0.6629311787203901
0.6611596938886354
0.6602695552254253
0.6575962626589513
0.6540134012260632
0.6522249523866017
0.6513262744489692
0.6486272895973373
0.6450099300097473
0.6431966862758697
0.6422855667055122
0.6395491630654556
0.6358816820253721
0.6340575248983105
0.633141029763842
0.6303884578096106
0.6266996835135806
0.6248686447945471
0.623948872582254
0.6211864468533892
0.6174850911128318
0.6156338799842169
0.6147041930217588
0.6119119603670332
0.6081713825890983
0.6063147063430141
0.6053825947153659
0.6025830772997707
0.5988338278717712
0.5969721841687148
0.5960379703508
0.5932321379715635
0.5894757415998622
0.5875996922082846
0.5866586992949893
0.5838324885599419
0.580050279259406
0.5781702778881558
0.5772278439735065
0.5743973001186716
0.5706110694009123
0.5687335393830014
0.5677929622305503
0.5649679933735963
0.5611912357266208
0.5593136643478616
0.5583737477791745
0.555550748187312
0.5517788133035381
0.5499030000626643
0.5489647111484086
0.5461465763874381
0.5423835218710319
0.5405169273369641
0.5395840566114003
0.5367821686815244
0.5330433615301855
0.5311887272990286
0.5302626902256709
0.5274812880945187
0.5237724959681004
0.521935037842148
0.521018471542071
0.5182654653729136
0.5145973093923675
0.5127776222609989
0.5118708515639651
0.5091471972642327
0.5055209988876485
0.5037224991248073
0.5028272455757918
0.500138096930452
0.49656073985724014
0.49478769414385443
0.4939060889389339
0.49125783052778815
0.48773779262724365
0.48599403395769364
0.4851279806344041
0.4825263119257623
0.4790711221297334
0.47735935984142974
0.47651019757471696
0.4739591203012395
0.47057403223282707
0.4688963270256946
0.4680650708998776
0.46556761127314233
0.462256576670256
0.46061765109114083
0.45980661837384307
0.45736972009533866
0.45414183841569117
0.4525431111806665
0.4517529935382329
0.4493787095910212
0.4462366284544001
0.4446805171124376
0.4439124974156708
0.4416043579686398
0.43855267399265596
0.4370414503882627
0.4362966419644862
0.4340579671050642
0.431101006647085
0.42963655863570094
0.42891589178482514
0.42674944911449336
0.42389082594707683
0.4224746864748745
0.4217789257419985
0.4196869810806661
0.41692966997718883
0.41556402120458263
0.41489425134034247
0.41288003202934226
0.410228275082811
0.4089144271563988
0.40827131860988264
0.406336799383057
0.40379322171616816
0.4025322941682266
0.40191643553300993
0.40006333789130766
0.397630255107834
0.3964249208347953
0.3958376485317886
0.39406994424317465
0.3917525868650044
0.3906052449571767
0.3900477618632732
0.38836901594154466
0.3861720717545329
0.3850814414241288
0.3845532204735687
0.38296175914566716
0.3808832042137446
0.37985497089486825
0.3793587672723832
0.3778628343295548
0.3759133312338295
0.37494668721029795
0.3744822079696428
0.3730808154138817
0.37125921780420834
0.3703563082596284
0.36992465157119403
0.3686210083368975
0.3669315245622054
0.3660941249515495
0.3656962199232006
0.36449300931380935
0.36293916864420617
0.36216945924817756
0.3618064213822608
0.36070688028209746
0.35929288944544047
0.3585925850882371
0.3582653246309333
0.3572720471863701
0.3560012997740872
0.35537247857830034
0.35508207445424106
0.3541981509539036
0.3530746445219784
0.3525191363011641
0.3522665698526399
0.3514947661134356
0.3505220980019595
0.35004193955364055
0.3498282965275436
0.3491716698974206
0.34835379318351395
0.3479510312929202
0.34777742187637195
0.34723906788161174
0.34657998965657727
0.3462568123120187
0.3461244288759048
0.3457076546444214
0.34521164229271595
0.34497029115476496
0.34488038370219415
0.34458861655602124
0.34426010597778445
0.3441029938644937
0.3440569258741396
0.3438938745939139
0.3437376648985563
0.3436673970558274
0.3436666749228873
0.34363639408848323
0.34365775076849775
0.34367724703006325
0.34372359306063094
0.3438306773822693
0.3440355857539532
0.3441482539155875
0.3442437335479342
0.3444936429988182
0.34488926993157193
0.3450994008117764
0.3452466831755664
0.3456464295289555
0.3462420694362265
0.3465557052745448
0.3467586459175612
0.34731832832837883
0.348127540373745
0.3485546851131477
0.34881980930062023
0.34955652768306295
0.350602582542213
0.35116431812455273
0.3515056779029931
0.3524562929120249
0.35378998664106476
0.3545572915419502
0.35502397759897836
0.35631658484789774
0.35811649518489475
0.3591042654310789
0.3597020138362205
0.36135009330704604
0.3636230918397788
0.36424430973109406
0.36600801260807747
0.36609303311722047
0.3665142507920889
0.36770907399367186
0.3693275366569388
0.3695980481757345
0.3699926458141405
0.3711175438227547
0.37263482702731743
0.3733127704396303
0.3736815680612338
0.3747372725732554
0.37615632916387076
0.3768012607710909
0.37714926431730067
0.3781483602769865
0.37948791285627403
0.3800966647154055
0.3804228503735121
0.38136178374840296
0.3826181812935523
0.3831866548735281
0.38348934074540797
0.38436289303265664
0.3855300296650205
0.3860539859694159
0.3863313222636443
0.3871338804462261
0.3882049762285128
0.388404552212403
0.38865530875126814
0.3893830486519412
0.3903536477686745
0.39047067460945
0.3906922508056935
0.3913374300069383
0.3921975911779118
0.3925907265637607
0.39279584407808465
0.3933941346928472
0.39419154604285517
0.3946244425795176
0.3948514241190113
0.39551135392196257
0.39639054471917373
0.3968558897570053
0.39710085566814424
0.3978110569572581
0.3987569105825559
0.39926043893761853
0.39952685591840603
0.4002966417147791
0.40132163976304996
0.4018824391872169
0.40218149596198216
0.40304135819004283
0.4041862142770745
0.40483840724989995
0.40519062655855
0.40619569917012643
0.4075340211046498
0.408319555904951
0.4087518155441631
0.40997204991215985
0.41159746000143493
0.41253779535906127
0.4130668540630156
0.4145421836712669
0.4165087805766178
0.417602331709192
0.4182309822534202
0.4199639417161862
0.4222754864590802
0.4236161907785445
0.4244125806371253
0.4265703718518909
0.4294460036336946
0.4312106671799747
0.43231476556174603
0.43522507244044006
0.43908376828478385
0.4413696839508551
0.44287907016056793
0.4467377437756454
0.4517965902334307
0.45565249541780417
0.45876108927845477
0.4660315600041184
0.47501549024199785
0.47727075157517607
0.4838238871716626
0.48714044325955713
0.48950322917843586
0.49516767195509076
0.5022486581546487
0.5062604147252
0.5094706729151266
0.5167354358968352
0.5253582041721465
0.5296295765464502
0.5331299172142507
0.5407528010085406
0.5494647203998284
0.5535372910792462
0.5569096966679042
0.5640590551513579
0.5720697540665635
0.575797138195745
0.5790276610053523
0.5856792319680271
0.5929905043490022
0.5963813195145968
0.5994810859705431
0.6056703939025767
0.6123431045347596
0.6154277702541704
0.6184136144390078
0.6241931778059647
0.6303040517565401
0.6331200644772527
0.636010594520829
0.6414378795154764
0.6470657455017957
0.6496509061371813
0.6524639815272725
0.6575937883268625
0.6628112907294416
0.6651998830171778
0.6679512165815781
0.67283162227722
0.6777011848287148
0.6799222941182367
0.6826249065767593
0.6872957777872275
0.6918684909447446
0.693945681432043
0.6966098895991956
0.701102957443669
0.7054191618215474
0.7073708906849157
0.7100045757117308
0.7143443087117192
0.7184349864507665
0.7202753399573998
0.7228843280280737
0.7270891100129281
0.7309775311948956
0.7327170388825001
0.7353054975104676
0.739388830832473
0.7430921527799118
0.7447385534844723
0.7473093547353246
0.7512809512276353
0.7548116306035393
0.7563705361425477
0.7589255672735289
0.7627922741448653
0.7661592458677923
0.7676346882203409
0.7701751061745735
0.7739416597594863
0.7771512859163348
0.7785461537033446
0.781072587641702
0.7847422097125659
0.7877990238386807
0.7891154023023393
0.7916281114106976
0.7952029710154414
0.7981102504115614
0.7993496813100438
0.801848675706064
0.8053302407184479
0.8080904392437507
0.8092541163131768
0.8117392482818145
0.8151285488043261
0.8177436190572485
0.8188325327028178
0.8213035644356921
0.8246013869295977
0.8270730161406266
0.8280880587236398
0.8305447115572437
0.8337517391020502
0.8360815185183136
0.8370235594421371
0.8394655484644795
0.8425824593514616
0.8447720028999868
0.8456419408513596
0.8480689976620279
0.8510965317096543
0.8531475564024036
0.8539482147124153
0.8563560009319107
0.8592909266038692
0.8612055010567102
0.8619320570057896
0.8643282714302486
0.867179494304167
0.8689594550169083
0.8696193440130597
0.8719998790640412
0.874764520704869
0.8764121926161815
0.8770043944633192
0.8793691258744599
0.8820484442779711
0.8835663102740715
0.8840921464053814
0.8864410565274562
0.8890365115646097
0.8904272437122323
0.8908881562977207
0.8932212856590154
0.8957344845290386
0.8970009333937173
0.897398450598933
0.8997158947052833
0.9021485802112088
0.9032937578665315
0.9036294843050336
0.9059313901132031
0.9082854272303293
0.9093124877795377
0.9095880942788862
0.9118746560665633
0.9141520171851286
0.9150642358816853
0.9152814487667579
0.9175529037041653
0.9197556532397745
0.9205564051575871
0.9207169954635785
0.9229736189273468
0.9251038977671069
0.9257966365891407
0.9259024093643521
0.9281445103551319
0.9302045206340863
0.9307927580750512
0.9308455421980202
0.9330734586677416
0.9350654490111867
0.9355527351671187
0.9355543735006884
0.9377684680934698
0.9396947197868705
0.9400846246252093
0.9400369651550908
0.9422376207977511
0.9441004345662972
0.9443965309250563
0.9443014180875493
0.9464890342502464
0.9482907184200299
0.9484965660937827
0.9483558334847064
0.9505308223325952
0.9522736816411307
0.9523928133462788
0.9522082764958538
0.95437105969778
0.9560573854455213
0.9560932940201432
0.9558667448146995
0.9580177498753171
0.9596498106846283
0.9596059379358473
0.9593391382142656
0.9614787966542957
0.9630588312578344
0.9629385576421886
0.9626332360102379
0.9647619796654119
0.9662921890581427
0.9660988258834262
0.965756671994673
0.9678749318855784
0.9693574742083346
0.9690942559158372
0.9687169183044967
0.9708251218975337
0.972262106858341
0.9719321849246213
0.9715212677945555
0.9736198375634164
0.9750133227892381
0.974619760230239
0.9741768217968241
0.9762661737523414
0.9776181601911234
0.9771639300183304
0.976690479920464
0.9787710209840121
0.9800834503143043
0.9795714303908
0.979068926696664
0.9811410575829397
0.9824158122427213
0.9818487819235315
0.9813186352974309
0.983382745222928
0.9846216443010654
0.9840022860591123
0.9834458567745915
0.9855023225312741
0.9867071198840952
0.986038019886502
0.9854566109252813
0.9875058023418305
0.9886781916253092
0.9879618288428996
0.9873567016757885
0.9893989741450742
0.9905405806594597
0.989779347149158
0.9891517055704572
0.9911874003811871
0.9922997852471549
0.9914959701336397
0.9908469649838602
0.9928764185224945
0.9939610861471109
0.9931168734622791
0.9924476292760344
0.9944711494003392
0.9955295254695139
0.9946470330271806
0.9939585829188321
0.9959764862719944
0.997009950878842
0.9960911734414166
0.9953845293209183
0.9973971186763402
0.9984069922425066
0.9974538351116996
0.9967299798919169
0.9987375258771828
0.999725056719551
0.998739355796596
0.9981291497591114
1.0000033333131504
1.0008999443212026
0.9999999996379059