0.23523104584767437
0.23524222492566174
0.23524781546093412
0.23526458748485932
0.23528695402755903
0.23528836704775824
0.23529404455184316
0.23529490882059878
0.23529649961219576
0.23529729839734836
0.23529969476245283
0.23530287968833655
0.2353044844865079
0.2353052848887633
0.23530768610521408
0.23531088780333229
0.23531263516029582
0.2353135077098085
0.23531611495468968
0.23531962692407046
0.23532126412071358
0.23532209228137518
0.23532457677364127
0.2353278895112057
0.23532982070186867
0.23533078416652128
0.23533369185703534
0.2353375093951021
0.23534127155660386
0.23534370135539215
0.2353510053609591
0.23536072528746402
0.23536321493118534
0.23536990334057625
0.23537103738021264
0.23537257508822237
0.23537718824637952
0.2353833195862709
0.2353839955162774
0.2353856130825962
0.2353904561826219
0.235396947686185
0.23539982684817806
0.23540127670646135
0.23540563498540587
0.23541147213188324
0.23541158431276873
0.23541292132884492
0.23541694039153097
0.23542230591232988
0.23542516486629292
0.23542659577989317
0.23543088855034655
0.23543657568014095
0.23543928380421855
0.23544062961504242
0.2354446590660845
0.23545004260877514
0.23545293012099897
0.23545437657076915
0.23545874190417873
0.23546452932856451
0.2354676239203259
0.2354691647561237
0.23547376895051286
0.2354799707905628
0.23548368250168428
0.2354855530651475
0.23549112027496316
0.23549869565132908
0.2355023043579536
0.2355041442468208
0.23550966396217027
0.23551700033938316
0.2355206325147833
0.2355224321467056
0.23552779894394263
0.23553508701877837
0.23553884993058105
0.2355407586483707
0.2355464962149272
0.2355541315216235
0.2355590251554945
0.23556145570030843
0.23556877640455617
0.23557849923047272
0.23558326891866865
0.23558564846647168
0.23559274480707862
0.2356023531675817
0.23560700942764998
0.23560938182265412
0.23561648502262597
0.2356259450850038
0.2356307818462315
0.23563319122137885
0.23564041942962835
0.23565005773314027
0.2356551902716919
0.2356577476076474
0.23566543490659247
0.23567569789506168
0.23568119412658892
0.23568394875295742
0.2356922453859144
0.23570309123972344
0.23570434829003714
0.23571070357141632
0.23571916751871635
0.2357239659449543
0.23572634653446856
0.2357335166709502
0.23574310074929247
0.2357477469195683
0.23575008184884796
0.23575711437386826
0.23576636743020168
0.23577171641630085
0.23577436247386968
0.23578228511524885
0.2357928366423131
0.23579871712753908
0.23580164742870255
0.23581043845399258
0.23582216084521673
0.23582807001785505
0.23583102250411692
0.2358398975490385
0.23585170859577084
0.23585782189288804
0.23586086348878327
0.23587007846720437
0.23588201833050476
0.23588794191259724
0.235890798852343
0.2358993866794015
0.2359108519561391
0.23591677822534587
0.23591976994382274
0.2359286748481786
0.2359407163692807
0.2359464480125026
0.23594934029133785
0.23595810271887083
0.2359695306488102
0.23597670957725392
0.2359802128611679
0.23599076428347526
0.2360048235848188
0.23601298015453331
0.2360170303596278
0.23602930102150066
0.2360454039998604
0.23605485607151847
0.2360595253388815
0.23607350603349145
0.23609218627316084
0.23610524013494263
0.2361117465276989
0.23613149650168547
0.23615729112116393
0.23617366731773184
0.2361817323250219
0.23620602289030174
0.23623799283586047
0.23624328901640212
0.23626279715946583
0.23628912576127922
0.2363131186237186
0.23632516372863396
0.2363612305513927
0.23640987650423365
0.2364363254869038
0.2364766539442426
0.23648675639822542
0.23651413254796547
0.23652662195072366
0.23653284913146483
0.23655138665932796
0.23657645148785528
0.23659144833708068
0.23659902423265652
0.23662175271732344
0.2366518741282252
0.23665997135981495
0.23668432431507438
0.2367167641455258
0.2367342491467343
0.236742955640464
0.236769430541802
0.23680341617939724
0.23680754272527849
0.2368285848253869
0.23685645803738495
0.23687154203523975
0.23687901582226048
0.23690161116171504
0.23693123986955467
0.2369475031464272
0.23695551384764957
0.23697959294768028
0.23701135334132073
0.23702812769303688
0.23703645365648912
0.23706119348843652
0.23709490490929316
0.2371162796166011
0.23712714634842202
0.23715974817993543
0.23720323138829716
0.2372052982421135
0.2372304293563143
0.23726390644980755
0.23728290428058507
0.2372923455285783
0.2373207789498946
0.23735855561735442
0.23738349870453268
0.23739594787595303
0.23743358209930326
0.23748250078258426
0.23748480358417665
0.23749468419788564
0.23752427109513205
0.237563928834922
0.2375851653715657
0.23759584791471638
0.2376277151414913
0.2376708446525406
0.23769151358231802
0.23770211463914423
0.23773338110831296
0.23777654810704346
0.23779972568904933
0.23781169272321243
0.2378474603820087
0.2378959223457857
0.2379187952123161
0.2379304498527804
0.2379655473280771
0.23801176839436947
0.23803515437330638
0.23804663119234135
0.23808125773950026
0.23812691332672423
0.23815724591189324
0.2381723317168538
0.23821750762910118
0.238277699707272
0.23830532474047847
0.2383190675558629
0.2383601446308957
0.23841579463576618
0.2384430217656605
0.23845687406767113
0.23849851112413473
0.23855394617384096
0.23858614484995525
0.23860221412819713
0.23865060448174039
0.23871454454087188
0.2387473708950323
0.23876360681013745
0.2388126785708074
0.23887671390445075
0.23891030341509867
0.23892676000194366
0.23897613348667415
0.2390418004280594
0.23907462304842778
0.23909106187117593
0.2391399313502329
0.23920590513110132
0.23924486336872272
0.2392644872635729
0.23932325645781788
0.23940295149459545
0.23940924896076154
0.2394262898496409
0.23947732341105002
0.2395455269000112
0.23957823297450642
0.23959456189499606
0.23964399952668367
0.23970897820719567
0.23976140776654697
0.2397873592783078
0.23986536411931492
0.2399695652070265
0.2400209874365811
0.24004689738196994
0.24012421777914092
0.24022792732951145
0.24027826685814122
0.240303443917249
0.24037939002434008
0.2404793281195364
0.24053550897391338
0.2405632512633186
0.24064648868053015
0.24075820179298466
0.24081273470555153
0.24084036639409792
0.24092239466484594
0.24103455763685577
0.24108977681344337
0.241117969920022
0.2412034555061285
0.2413144484142314
0.2413698407205259
0.24139679239865455
0.24147723362272458
0.24158603126251985
0.24164577450159597
0.2416760621679958
0.24176693770421506
0.2418882119842756
0.2419474397088338
0.24197700429825245
0.24206540331645615
0.24218507941711595
0.24224390727753312
0.24227392786786883
0.24236353843364297
0.24248471848976816
0.24255071197612343
0.2425840657515142
0.2426846558879126
0.242817507579648
0.24290803744942807
0.2429530929667181
0.24308805820352206
0.243268552817114
0.24341354616277275
0.24348639713654424
0.24370319507922636
0.24399834859353542
0.24411603520033537
0.24433045786069235
0.24443945313295146
0.24449297670198725
0.2446538500622393
0.24486806183183388
0.24498758042709165
0.24504721507443633
0.24522674941029518
0.2454648409184512
0.24560690232447674
0.24567758320219446
0.24589020449912624
0.2461736157532026
0.24634619747043213
0.24643246362943955
0.2466911584437235
0.2470389400510455
0.24708148316943895
0.24715129683864917
0.2473612938426592
0.24764051068472648
0.24779410771072127
0.24787048875136228
0.2481004156113671
0.24840597057676098
0.24859403739832056
0.2486879176458253
0.24897010191335278
0.2493458847450118
0.24954666030562708
0.2496468155986818
0.24994853027000039
0.25034763481850447
0.2503987740199132
0.25048126510046986
0.2507295526006304
0.251059640006607
0.25123554564633815
0.25132338388719905
0.25158662335945664
0.2519401552998189
0.25213632532147495
0.2522351262924272
0.2525327050622513
0.25292695664556747
0.2531320827037483
0.25323398019216214
0.2535406563709784
0.25394824755583545
0.25421462620798446
0.25434782421461716
0.2547468384663874
0.25528529623399104
0.2553889370300811
0.25573476169442433
0.2561920279710524
0.25641177003867094
0.25652035828871916
0.256846914193213
0.2572818109870017
0.25753272993256215
0.2576580056825064
0.25803403605551206
0.25853648470361995
0.2588255180129271
0.25897033662308117
0.2594053305166842
0.2599870578577871
0.2604580544789314
0.2606950843770819
0.26140514832127937
0.2623639166255818
0.26266110836381873
0.2634737646506806
0.2638326808367714
0.2644263441810335
0.2647279277315652
0.264880648450829
0.2653388267607233
0.2659528915543211
0.2663633591266257
0.26657019329333753
0.2671891254744528
0.26802458248993855
0.26839780302834193
0.2685870966579507
0.26915503580715655
0.26991600004415506
0.2703409745951317
0.2705544074412874
0.27119672287466845
0.2720535767826668
0.2725341661328831
0.27277499980758485
0.27349854416536484
0.27446783275479136
0.2751462473524415
0.2754883675725287
0.2765154660935968
0.277895589692691
0.27864968073216023
0.27902934398472
0.2801719169230995
0.28170430583196904
0.2824203507189017
0.28278008026813695
0.28386145565205134
0.28531529559738933
0.2860849097923251
0.28647328276681566
0.28763980811189954
0.2892129779895219
0.28957324336116486
0.29066997382266524
0.2921453858419112
0.2930477397532313
0.29350363342597285
0.29487554642014147
0.29671822963627553
0.2976138060718935
0.29806455729541365
0.2994188834484525
0.301245542215466
0.3015228027443036
0.3019572585146095
0.30326280733791017
0.30502128325646344
0.30595788265554463
0.3064311289448147
0.30785397849211615
0.3097709726953041
0.3107557883311289
0.31125357148125715
0.31275048136674904
0.31476575166618026
0.3164231519827793
0.31726595756053233
0.3198062506403165
0.3232445702391937
0.3236530999773446
0.32464021013537664
0.32513921461486883
0.3266396363270683
0.3286592476088128
0.3300608947700603
0.33077142365045464
0.33290826841799925
0.33580149480730226
0.3369915491156295
0.3390790447874238
0.34021252416014786
0.34078601416437104
0.34251034628680194
0.3448357748361428
0.3460780175651914
0.346706834809895
0.34859744387948216
0.3511506820993433
0.3523982785021121
0.3530298831663606
0.354929169513438
0.3574936432319138
0.3587720817411826
0.359419405428104
0.3613658646645428
0.36399402966503414
0.3653585045307116
0.3660496647001272
0.36812804070973965
0.3709374329688454
0.3722925241374265
0.37297909190995904
0.3750440369533295
0.3778326943079747
0.37933898837455
0.3801025106496054
0.3823998429074804
0.38550579719786604
0.3870885507579964
0.3878911201701489
0.3903061122922449
0.39357330102756494
0.39522735314439267
0.39606656421203995
0.3985922301225578
0.40201088829426235
0.40374503752506546
0.4046253770874724
0.4072750622562014
0.41086473812993757
0.41262754156187004
0.41352288371949136
0.416217620794116
0.4198690528563432
0.42172907324203607
0.4226745073359474
0.42552052232154514
0.4293798428118698
0.4313303742905037
0.4323224350683102
0.4353090426011435
0.43936220818308214
0.44138008420463276
0.4424069576390523
0.445498511958351
0.4496959513923084
0.45179391322388895
0.45286206519907546
0.45607847652547223
0.460445695746872
0.46272970969869165
0.4638935263718411
0.4673988117358539
0.4721641964249697
0.47454475592865075
0.4757581163401301
0.47941285842409675
0.4843827722713399
0.48688292583348314
0.4881576243566177
0.4919975163535885
0.49722077590109204
0.49985924635147966
0.5012047911821061
0.5052586880852371
0.5107745976772078
0.5135661572471176
0.5149900096942721
0.5192804039830562
0.5251199382670314
0.5280636734324514
0.5295652448856203
0.5340904330728993
0.5402504848289733
0.5433665722551455
0.5449561367548695
0.5497471822624965
0.5562706677152593
0.5595547087886187
0.5612298749660948
0.566279573109504
0.5731558888571843
0.5766239302266774
0.5783928674838179
0.5837259646761351
0.5909890864953761
0.5946497569823342
0.596516803155603
0.6021464604669142
0.6098142064381927
0.6136788543008066
0.6156497510502255
0.6215933752428291
0.6296894770855304
0.6337693361351775
0.6358497628135545
0.642124570925948
0.6506724698364625
0.6549793733692223
0.6571753077579732
0.6637994246917616
0.6728237745694248
0.6773703810302667
0.6796882107966304
0.6866810032972792
0.696208130164594
0.7010076916973282
0.7034540912338214
0.7108357960487388
0.7208931674294172
0.725959476629518
0.7285413758718924
0.7363330067337146
0.7469490856912685
0.7522969418423462
0.7550217632487658
0.763245830102883
0.7744510755525521
0.7800958362929731
0.7829712614266041
0.7916510629021675
0.8034769380651252
0.8094346153946348
0.8124686326430017
0.8216284023042794
0.8341075743052314
0.8403948342450194
0.843595737093398
0.853260638888962
0.8664269704378531
0.8730610980140234
0.8764374656922864
0.8866335362692773
0.9005220029789911
0.9075208494148774
0.9110815180715567
0.9218355799720284
0.9364821461108794
0.94386407972873
0.9476181149282238
0.9589576938047907
0.9743991905388326
0.9821830557625642
0.9861397278771699
0.9980929783040612
1.0143669898224739
1.022572027881284
1.02674076596852
1.0393363317279576
1.0564809837784954
1.0651267364268695
1.0695170708839559
1.082783911006356
1.1008376038249528
1.1099437727629555
1.114565252087665
1.128532388126853
1.1475334103324601
1.1571196579525918
1.161981731717066
1.1766778924485926
1.196663881832771
1.2067495583516163
1.2118614184009322
1.2273145578482123
1.2483217757690588
1.2589255460776594
1.2642959123056867
1.280532559929176
1.3025949232587573
1.3137342780745762
1.3193711212533332
1.33641554179507
1.359563383760907
1.3712540148130075
1.3771642068875494
1.3950373411755514
1.419295865026043
1.4315508915214343
1.4377397779785865
1.45645794878257
1.4818453570379488
1.4946743936487803
1.5011452843580553
1.5207186568806783
1.547243947160158
1.560652010619494
1.5674055891365852
1.5878363866821403
1.615496820433686
1.6294830763898809
1.6365167299679813
1.6577972629764768
1.6865754181623085
1.7011690655719571
1.7084948743825088
1.730662242629693
1.7606014141004789
1.7757057957323334
1.7832721609030435
1.8061694990068906
1.8370461615915554
1.8526772843849937
1.8604887773127723
1.8841307387354111
1.915955167922915
1.9320949917549683
1.9401384576271425
1.9644858605419568
1.997193031462671
2.013735337640228
2.0219532525579686
2.046831801062369
2.0801725670497806
2.0970835684541855
2.1054536523247545
2.130797009955583
2.1646668707010233
2.181855767490094
2.1903267845354386
2.2159806936544237
2.2501547427985638
2.2675052723763245
2.2760126620112797
2.301782751821455
2.3359807440336793
2.3533569704172264
2.3618256075687745
2.387485948720962
2.4213836745151203
2.4386212560338056
2.4469611151297443
2.4722411339759884
2.5054529364117086
2.5223661474186247
2.5304753115570837
2.55506921772062
2.5871596977143696
2.6035127226814363
2.6112637321892063
2.6347890298169157
2.665219087205885
2.6807454462568345
2.6879937683543234
2.710017591038118
2.7381772874836416
2.752559890293701
2.7591338056142307
2.7791426054751307
2.804310318551823
2.8171744947964728
2.8228699320617463
2.8402548148162152
2.861573927736891
2.872466701022409
2.8770333833313653
2.891050027677839
2.907467060301482
2.9158212051520302
2.918932966033041
2.928617068547028
2.9387397538989273
2.9437591982009588
2.9449069685759355
2.9487716834695945
2.9503398999591988
2.9502909453888755
2.947769211328456
2.941024303324591
2.9255508357503146
2.924377965759076
2.9114925223020354
2.890540732134861
2.8883366312683334
2.8827278688452918
2.86615872646679
2.841655125591552
2.829452765727723
2.822704519987064
2.8026188760221293
2.774147789938328
2.7595537188248733
2.7518123652968427
2.7286732963134988
2.6966288921516863
2.6800937825205438
2.671564453745611
2.6459853915715406
2.6111299506673284
2.593002697607798
2.5838535998359835
2.5563306604892957
2.519293543870185
2.499821722076326
2.490179302154899
2.461075629914743
2.422323121271987
2.401604970016973
2.3915327918237916
2.361008851102433
2.3207476473194015
2.2985689610178084
2.2879989260220217
2.255787556645728
2.2136769221495998
2.1887357392770608
2.1771622479847106
2.141566467004581
2.0955269592969885
2.05851333712825
2.042603826493046
1.9921863202610395
1.9290449266166485
1.9264932767203604
1.8873972026903885
1.8825012865853226
1.8747646364005308
1.8505081032054447
1.819505220478116
1.805256384245885
1.7989195435721843
1.7789977540708224
1.7534946894237455
1.7410399170638515
1.7355358560239644
1.7181485171327893
1.6958911130882044
1.6826918878624388
1.6770423072841634
1.65886980858619
1.6358215176734145
1.6221214972781555
1.6165087681965988
1.5979961291793399
1.574772491912738
1.560467189785224
1.554967948886401
1.5361037329104343
1.5128070415304193
1.49660412488479
1.4911027586095997
1.4705890967998483
1.446126214487672
1.4296552157625495
1.4248752937497549
1.4050096482936516
1.382153898895452
1.3679390440375931
1.364248396319518
1.347791179120058
1.3289385954628812
1.3166978029579128
1.3137820331094376
1.2998103382673816
1.2838573730049492
1.2730638892705175
1.2707001311348023
1.2585326461374913
1.2446827525907525
1.2349637004632747
1.2329986119718268
1.2221644924519612
1.209868988904377
1.2009660335986556
1.1992938126789754
1.1894677325408411
1.1783475679910274
1.1700815772881195
1.1686288417123247
1.1595850418512998
1.1493767590955217
1.141622858691541
1.140338366575439
1.1319190628255125
1.1224380496126045
1.115108420058408
1.1139560860636117
1.1060499256714185
1.0971654727283506
1.0901975415235734
1.0891516856845707
1.0816790294106962
1.073297335625588
1.0666455721795103
1.0656876896584173
1.0585904366352434
1.050642921535305
1.0442729776038255
1.0433895549807173
1.036623975187145
1.0290591447664676
1.022943602693292
1.0221246547780203
1.0156563202823727
1.0084341008479762
1.0025495951226715
1.0017876779650632
0.9955881107696392
0.9886760758164066
0.9830018295011667
0.9822913371759742
0.9763362285722091
0.9697073928303372
0.9642249905216499
0.9635616103658671
0.9578302363343972
0.9514619825617422
0.9461557095455407
0.9455359937757607
0.9400110843120651
0.933884582520373
0.9287415623927661
0.9281626215799117
0.9228300355837048
0.9169296384034453
0.9119394798811814
0.9113987923892908
0.9062468736832007
0.9005593817080462
0.8957135461364923
0.8952088499573556
0.890227708751106
0.8847416677986202
0.8800328667771764
0.8795620963837825
0.8747430364324879
0.8694482039963243
0.8648699703509328
0.8644312155947682
0.859766357474948
0.8546533531492374
0.8501969769476648
0.8497888534962755
0.8452680969002212
0.8403263684644945
0.8359910072441085
0.8356110524060913
0.8312332764910624
0.8264583463272709
0.8222380843061238
0.8218850802355343
0.81764101891499
0.8130232438011302
0.8089121366256965
0.8085845813832044
0.8044680592718176
0.8000000122262095
0.7959933676763752
0.7956898272217995
0.7916949990941212
0.7873696264085408
0.783462985202489
0.7831820928545025
0.7793033863441171
0.7751139602884011
0.7713030691199557
0.7710435216305358
0.7672756210737594
0.7632157220551662
0.759496523053347
0.7592570775805223
0.755594911988129
0.7516584147980567
0.7480270371876914
0.7478065089101684
0.7442452420286095
0.7404263046059679
0.7368790574195763
0.7366763175330397
0.7332113392819373
0.7295043927449906
0.7260377582819721
0.7258517322320183
0.7224786507877355
0.7188783904285553
0.7154890179849642
0.715318683808153
0.712033318238155
0.7085346946365348
0.7052193946687219
0.70506378140162
0.7018621543791744
0.6984603650550805
0.6952161031983438
0.6950742892940033
0.6919526199136802
0.6886431010254913
0.6854669921116502
0.6853381038581661
0.6822928005572734
0.6790712181413501
0.67596052076034
0.6758437306115864
0.672871384239987
0.6697336254823946
0.666685736338034
0.6665802613342434
0.6636776377344638
0.6606198032732166
0.657632250839086
0.6575373509026304
0.6547013838974565
0.6517197786151661
0.6487902181562949
0.6487051944329633
0.64593297901519
0.6430241041142497
0.6401503115560679
0.6400745047267412
0.6373632897990363
0.6345238334543988
0.6317037003809763
0.6316364890125858
0.6289836704508244
0.626210500160642
0.6234420282941308
0.6233828270841424
0.6207859410525886
0.6180760956729965
0.6153573911755037
0.6153056493502042
0.6127623656436477
0.6101130473350489
0.6074423154307284
0.607397515129834
0.6049056309503594
0.6023141932912591
0.5996897365927468
0.5996513912335767
0.5972088234800519
0.594672773553899
0.5920929796939391
0.5920606321754117
0.5896654145882588
0.5871823894110603
0.5846457383251976
0.584618960175476
0.5822692316896966
0.5798370134001777
0.5773420562988796
0.5773204452798805
0.5750144527716786
0.5726309312013718
0.5701763077043405
0.5701594875640914
0.5678955693764818
0.5655587707755027
0.5631431806706844
0.5631307980717526
0.5609073865522566
0.5586154468374445
0.5562376593952596
0.5562293851001624
0.5540450007820397
0.5517961508870809
0.549455009787175
0.549450533503463
0.5473037753169437
0.5450963617904208
0.5427907527754493
0.5427897859540066
0.5406793433321291
0.5385117631874781
0.5362406664927448
0.5362429419156535
0.5341675444168871
0.5320383936790423
0.5298007625909602
0.5298060237801935
0.5277645256473908
0.5256722884571083
0.5234672766844853
0.5234752921180864
0.5214665469281282
0.5194100009578337
0.5172366333934744
0.5172471801246525
0.5152701413563876
0.5132480140729129
0.5111054626273508
0.5111183361688527
0.5091720252346627
0.5071831030011404
0.506840420555536
0.5068296123610903
0.5067966054632919
0.5067526061468909