0.23520194306400413
0.23521311233927403
0.23521869797197031
0.23523545528308232
0.23525780219800593
0.23525944384397465
0.2352609169335292
0.23526307050661033
0.2352644368256036
0.23526511388396804
0.2352671572300625
0.23526983987300637
0.2352701309063907
0.2352706752800816
0.2352723149397586
0.23527449949362952
0.23527554272873724
0.23527606449650187
0.23527763293127507
0.23527972677678846
0.23528070137401547
0.23528118962790315
0.23528265731626302
0.23528461666165185
0.2352856047922262
0.23528609966486677
0.23528759317335277
0.23528955395538945
0.23529070412249434
0.23529127179192214
0.2352929748051945
0.23529524552759304
0.23529666155488274
0.23529736958466013
0.2352995021537179
0.23530232586997357
0.23530432069097906
0.23530531540911387
0.23530829364684427
0.23531224706501236
0.23531235209686432
0.23531325615992887
0.23531597917528363
0.23531957304466503
0.23532149212484169
0.23532244178804337
0.23532529079090567
0.23532910182419794
0.23533092166963016
0.23533183811908595
0.23533457652236006
0.23533826523149146
0.23534021703250435
0.23534119815964638
0.23534415917023185
0.23534805934727737
0.23535044116551787
0.23535161865653273
0.2353551723064308
0.2353598835503039
0.23536227842376686
0.2353634705781481
0.23536700441419764
0.23537187730300982
0.23537215870732464
0.23537488060222742
0.23537847746390453
0.23538092936141988
0.23538214769402427
0.23538578817684902
0.23539069195229684
0.23539339173446128
0.23539476110481403
0.23539885296450813
0.23540433080329953
0.23540728631759106
0.23540877215747052
0.2354132297089086
0.23541919253192148
0.23542212013233482
0.2354235898895753
0.23542799919236515
0.23543391644792147
0.2354367669494572
0.2354382039219122
0.23544249774491408
0.23544830004028114
0.2354511714858092
0.23545262658416055
0.2354570092442395
0.23546273769504678
0.23546374998140845
0.23546500847497348
0.23546881401527603
0.23547378572471325
0.2354766880715565
0.23547810861714852
0.2354823787591807
0.23548807948011352
0.23549153231091438
0.2354932602763376
0.23549838257528136
0.2355054230776508
0.23550865296366186
0.2355103170340185
0.23551532908372508
0.23552192317318613
0.23552538417391594
0.23552709244267536
0.23553219699318198
0.23553905076992654
0.2355425991129722
0.23554438369846406
0.23554976939781472
0.23555684091081727
0.23556075862472275
0.23556268839036157
0.23556847774011783
0.23557617254396093
0.2355806018870877
0.23558280910005255
0.2355894308081522
0.23559820368934303
0.23560247975505713
0.2356045894988781
0.23561095645314864
0.23561931662270463
0.23562379143867457
0.2356259865988075
0.23563255910665895
0.23564142277223396
0.23564588748101262
0.2356481442421997
0.2356549816725579
0.23566389771359836
0.23566834523559457
0.2356705311714613
0.23567710198800626
0.23568576466018937
0.23569050765014127
0.23569285547353538
0.23569988513991816
0.23570918731610593
0.2357135128748263
0.23571562743956367
0.23572203417276866
0.23573046763143848
0.23573559648251438
0.23573813690558318
0.23574575826592106
0.2357559533677787
0.23576172305258514
0.23576462821869065
0.23577332666785097
0.23578491151689399
0.23579079059558228
0.23579371919123704
0.23580253976159446
0.23581414577992738
0.235820212597601
0.23582317487741095
0.23583214985439882
0.23584400268926559
0.23584991005079226
0.23585285686376797
0.23586171481793808
0.23587339342009592
0.2358794874310579
0.23588249148781304
0.23589153927140338
0.2359034445913779
0.2359094467988277
0.23591238882365775
0.23592119763403085
0.23593311428925726
0.23593917105772272
0.23594225031374527
0.2359515245070833
0.23596364973874928
0.23596977506925
0.23597275988900115
0.23598174962894516
0.23599354105531373
0.2360001055483657
0.23600332123367243
0.23601294947027365
0.23602597438465817
0.23603230642324535
0.23603553962004103
0.23604510654648764
0.23605835966734262
0.2360647226069134
0.23606803866073287
0.23607790902463377
0.23609142111519033
0.23609821094298544
0.23610171121584203
0.23611219169313924
0.2361261502814172
0.2361354164891212
0.23614006714733246
0.23615385624362228
0.2361727472095708
0.2361827406497392
0.2361878630157771
0.23620317048703168
0.23622372356811108
0.236235427654769
0.23624130860847264
0.23625895194854266
0.23628248052225062
0.23629696246623347
0.23630420509910197
0.23632593372163563
0.23635509459081944
0.23636836367566116
0.23637503679492103
0.23639529131399326
0.23642166420851987
0.23643519013073164
0.23644180606264495
0.236461693009361
0.2364880025756915
0.23650343075019412
0.23651108574776844
0.23653422994028067
0.23656439054260348
0.23657082192844436
0.2365918375280425
0.23662047942927358
0.23663372749814662
0.2366405086049091
0.2366607346205008
0.23668811406120946
0.23670290430812113
0.23671039288155743
0.23673307705613347
0.23676267656775565
0.2367784578293419
0.23678617359850057
0.23680927704448348
0.23684023748143362
0.2368542096972299
0.23686120605147318
0.23688227669206924
0.23691010052883937
0.2369241824854339
0.2369311703685268
0.2369522152962433
0.2369799187829006
0.23699643643016838
0.2370046241069267
0.23702895281750508
0.23706220608128684
0.23707914356208568
0.2370878301157365
0.23711379095316595
0.23714864743311687
0.23716499710986158
0.23717322607660485
0.237197961095779
0.23723058817764067
0.237247853381644
0.2372563526440793
0.23728199792093987
0.23731590693555912
0.23733309096094646
0.23734165781431327
0.23736721262510552
0.23740179952884718
0.2374211869833682
0.23743107212668016
0.23746061632597723
0.23750029241990334
0.23752486998398326
0.2375372957064062
0.23757443380085233
0.23762400618108312
0.2376485765504384
0.2376608381110358
0.23769804291842006
0.23774608948267764
0.23776989917641847
0.23778139570108364
0.23781588708461102
0.23786203183332444
0.23788857104939196
0.237901933387163
0.23794194742923494
0.23799558432965653
0.23802336922268272
0.23803737307476067
0.23807922943811002
0.23813577060292357
0.2381675500227192
0.2381836257893676
0.23823149596761994
0.2382965846043283
0.23832781423504915
0.23834376741160646
0.2383918090885805
0.23845509191744985
0.23848818192015658
0.23850452490320473
0.23855346643445569
0.23861867868368206
0.23865206299008973
0.23866873907368075
0.2387184934281926
0.23878582101814066
0.23881710970001926
0.2388329716086651
0.23888056076643174
0.23894423249612318
0.2389809141043782
0.23899930681494672
0.23905479494162857
0.23912776821815115
0.23916707470420867
0.23918639559607188
0.23924468258990167
0.23932157371663276
0.23936494693506752
0.23938640054819932
0.23945076765497614
0.2395361376905842
0.23957935559325688
0.23960088246039274
0.2396650016523752
0.23975165930465955
0.2398082143567327
0.2398368764940424
0.23992271874452092
0.24003747916596516
0.2401101976660771
0.240146748133855
0.24025661399473142
0.2404013308047214
0.24040383424357475
0.24048899877552113
0.24060401740472448
0.2406606715496499
0.24068923273198048
0.24077569190745055
0.24088973897779742
0.24095218938097154
0.24098318694117773
0.24107652064477086
0.24119960371618837
0.24126372129140577
0.241295503701114
0.24139036374797915
0.24151868475835006
0.2415851515018139
0.2416188783112695
0.2417204265984189
0.241854753428242
0.2419279981099481
0.24196436617895573
0.2420732996978472
0.24221854363841053
0.2422980586275377
0.24233778663013855
0.24245658316988294
0.24261655732202442
0.24270055524243106
0.24274298369317213
0.24287029325882514
0.2430402482034631
0.2432055869671626
0.24328846495824374
0.2435371913221037
0.2438696222671237
0.2440306878478468
0.24411116702765737
0.24435549437030388
0.24467198193694908
0.24473642065215148
0.2449866103292618
0.24503087330734188
0.24508970091567647
0.2452676652962904
0.2455004273446839
0.2455407771744034
0.24559970589893393
0.24577582895107164
0.2460134902239255
0.24613553908377087
0.2461972933549074
0.24638260704558318
0.24663076154459998
0.2467771492580112
0.24685037502121093
0.24707236990897674
0.2473627322795991
0.247499255050801
0.2475660107784323
0.24776571860989158
0.2480346139216132
0.2481864214334342
0.24826309419269296
0.2484916152716958
0.2488027427062475
0.24882421376157834
0.24889393252137262
0.24910236669039132
0.2493845191635967
0.2495165051596863
0.24958370303010913
0.24978505719045163
0.25005538036287034
0.2502180121493676
0.2502999338152864
0.25054650713768944
0.2508724024376511
0.25103020912649576
0.25110801675124367
0.25134219423241894
0.2516545954264669
0.2518224366067005
0.2519066259772143
0.25215964607730473
0.25249579688367907
0.25267612518575167
0.2527661531735959
0.253035212367995
0.2533975523075628
0.25357811567887356
0.2536694771131732
0.25394367088069786
0.25431018363290453
0.2545324283929634
0.2546436518294324
0.25497816216219193
0.25542560142380055
0.25566795311948826
0.25578955136149684
0.25615550481485677
0.25664173147675046
0.2568878220085155
0.2570101468628541
0.2573775540992039
0.2578682304588947
0.2581682819136197
0.25831850489365593
0.25876918434587654
0.2593740924946665
0.2597031300324654
0.25986872619672546
0.2603652614079226
0.2610323317706499
0.2613768029704688
0.26155039854397916
0.2620718831103445
0.26276803649453573
0.26313242236347084
0.2633152605776851
0.263861990469322
0.2646014286186689
0.26469854049477204
0.2648982217879409
0.26549979992524747
0.2662998667412748
0.2666717465386514
0.266856981027378
0.2674137260161925
0.2681562574261125
0.2685253542896275
0.2687096712304931
0.26926276447672826
0.2700065681431867
0.2703817289489061
0.2705712042129284
0.27114037294372767
0.2719013235581869
0.272396384280958
0.2726451912091543
0.27339128896645076
0.27439530878860474
0.2748773693730255
0.27512036352545927
0.27585112519885563
0.27682924316271307
0.2774425246604614
0.27775088122177954
0.2786777698532296
0.27992335697998755
0.2805648589292806
0.28088809516739915
0.28185971549639416
0.2831632752588887
0.28394586930852006
0.2843402297336324
0.2855258868437801
0.2871190536199792
0.2881753433974021
0.2887097056610542
0.2903137244150106
0.29248819700208323
0.29386583644975217
0.29484375389082057
0.2953382991373657
0.296825799678842
0.29882706963168165
0.30010477104374933
0.3007518385351083
0.30269841947067294
0.3053290958088023
0.30571769914190716
0.307886007998968
0.310823564211366
0.31197010049258717
0.31297028501736346
0.31347573423166303
0.31499584897655075
0.3170433830316347
0.31818174926507753
0.31875724489286117
0.3204890601758325
0.3228243195788305
0.32395772484585006
0.32453071707038816
0.32625410246467074
0.32857678611168684
0.3300063523486495
0.3307309490805605
0.3329116181821714
0.33585920352730353
0.33591051459236904
0.3365121137316064
0.3383212885157244
0.3407620159713182
0.34203223763464197
0.342675130633973
0.3446094096726828
0.34721781946012137
0.3488678621354015
0.34970520864875904
0.35222491232112807
0.35564072324459817
0.3571927260787213
0.35992627634894075
0.3612420656017181
0.3619083135409216
0.36391213165790554
0.366617300041934
0.3680472814784542
0.3687716364548431
0.370950889383933
0.37389491050557544
0.3754245066708557
0.376199731341997
0.3785321849714785
0.3816859677817986
0.3832627883520005
0.3840622511134219
0.3864677074238403
0.3897220768012409
0.3913126054005486
0.3921193060933842
0.3945464368041595
0.39783051473343883
0.399481037328889
0.40031862508064175
0.4028387754706748
0.4062508956584492
0.4079452045722383
0.408805456009425
0.4113942071220319
0.4148993187684988
0.4167356744109422
0.4176689008111139
0.42047761246657284
0.4242861461388995
0.42616115877437305
0.4271144974373145
0.42998392410446307
0.4338754047548769
0.43584923784837337
0.4368534428020966
0.4398765972943772
0.4439790197119364
0.446054323758539
0.4471108136567012
0.45029158991621704
0.45461085795510287
0.4567859470279243
0.4578938606021338
0.461229968108964
0.46576150864600063
0.46810525246268947
0.46929987848613447
0.47289772604260316
0.47778995184471945
0.48021871671706784
0.48145690599366736
0.485186075713168
0.4902574176234347
0.4928055502114478
0.49410491734488426
0.49801870737570797
0.5033423204088703
0.5060326429638083
0.5074047878370451
0.5115382518796124
0.5171624710347631
0.5199914155869021
0.5214343557737223
0.5257817673421581
0.5316973828307642
0.5347072270460612
0.5362426280037864
0.540869243471566
0.547167233365648
0.5503312817983207
0.5519452702744182
0.5568092393447761
0.5634307823605598
0.5667611155601874
0.5684598208561866
0.5735797065108258
0.5805498814174758
0.5840792554746225
0.5858794617579904
0.5913060658931646
0.5986954026435793
0.6024060357484372
0.604298440417775
0.6100036470931205
0.6177723516248896
0.621690195521468
0.6236880975750246
0.6297121709643833
0.6379158185381617
0.6420490559537556
0.6441565502834344
0.6505119098310633
0.6591672546444202
0.6635264860540648
0.6657489101324386
0.6724517218274552
0.6815806830957273
0.6861781589161393
0.6885216894228279
0.6955906706564464
0.7052186656864434
0.710065168275463
0.7125351973084818
0.7199866941184999
0.7301357160656493
0.7352463689109784
0.7378505040354568
0.74570757167991
0.7564089231382625
0.7617958937964947
0.7645401939561315
0.7728211980403424
0.7840995308522329
0.7897779188033155
0.7926699237848058
0.8013977219950701
0.8132838795926435
0.819267279919755
0.8223137277332652
0.8315087475706671
0.8440300920182774
0.8503334461960367
0.8535417395516629
0.8632264332947054
0.8764130506995306
0.8830519539791382
0.8864298025400336
0.8966275559031825
0.9105107578622873
0.9175006678443925
0.9210556830916603
0.931789591172445
0.9464002003678266
0.9537571285606867
0.9574971791041451
0.968791123743488
0.9841609829181831
0.9919011456836635
0.99583417832191
1.0077122866725932
1.0238735039519273
1.0320134439693045
1.036147545176245
1.048634377400096
1.065619585465932
1.0741761571281183
1.0785195435613437
1.0916400640861026
1.1094823760438197
1.1184726383531687
1.1230335984374022
1.13681299963106
1.155545750774589
1.164986985156076
1.1697738820642165
1.184237593747714
1.2038943367575954
1.2138039263725855
1.2188251277214348
1.2339986043076152
1.2546127869574757
1.2650081120686132
1.2702719247934298
1.28618044825636
1.3077851063615484
1.3186833394411757
1.3241978906672844
1.3408662099393605
1.3634934261473122
1.374911280143004
1.3806843714342607
1.3981362613871136
1.4218165077956466
1.433769880294565
1.439808786689804
1.4580664401668508
1.4828276866525925
1.4953312080687107
1.5016424266725565
1.5207256942471479
1.5465923055373865
1.5596587877011885
1.566247734729596
1.586173209057918
1.6131646290854
1.6267241542460975
1.633554098150943
1.6542099532268515
1.682168762864652
1.6963898620596016
1.7035448568455083
1.7251874985879492
1.7544616717025847
1.7692373903822347
1.7766615591782116
1.7991208929443836
1.8294718022226581
1.844856247074644
1.8525749249975523
1.8759285654027567
1.9074569066750238
1.9234138629583095
1.931406551392959
1.9555924509438272
1.9882068641006272
2.0047104662744304
2.0129616171479094
2.037932956535533
2.0715624563703887
2.088602423875225
2.0971039391731914
2.1228368056239426
2.1574407800576134
2.174980244841495
2.183710341709256
2.210139276302213
2.245619666769492
2.263615208331096
2.27254838668212
2.299596838170383
2.335839609309909
2.354228953011085
2.363329895422464
2.3908916440166412
2.4277416756215326
2.446446183745986
2.4556709883628356
2.4836139597334883
2.5208803301829223
2.539813134051346
2.5491132147755047
2.5772914666792226
2.6147633946762863
2.6338158755158143
2.643131302362145
2.6713647582175493
2.708784409210311
2.7278268076703753
2.7370865416374026
2.765161801352391
2.802225392537174
2.8211052448113696
2.8302262857101743
2.857894139533838
2.8942485435261656
2.912789315825498
2.921675861607623
2.948648881069324
2.983888141434757
3.001887554253865
3.0104298505451097
3.036379104110334
3.0700394045005064
3.0872676920364523
3.095340502462338
3.1198912559705287
3.151443680319052
3.1676441938395326
3.1751054315812763
3.197833700838423
3.2266756674247796
3.241569282935558
3.248257688344968
3.2686848939335
3.29412196373827
3.307428230617739
3.3131586665111774
3.3307427787875734
3.351939229518762
3.363522547132505
3.368076114087334
3.382210500886256
3.3979847226475366
3.4069320288995595
3.40951317719877
3.4179220480247388
3.4244072717303795
3.4253048588636283
3.4254073806987257
3.4255957212500827
3.42483741352801
3.4227698170031853
3.418156958641154
3.4156274139116833
3.413831790440677
3.408580652485143
3.400167504786909
3.395894457373518
3.393349227825557
3.3858013171691113
3.3746287753686
3.36905225681401
3.365947938611687
3.3566868605561124
3.3434595679703447
3.336942230985403
3.3334444909391534
3.3229741633831464
3.3083261709077947
3.301179136286059
3.2974307244823167
3.2861850968820425
3.2706638425472137
3.2631672598139128
3.259297037378679
3.247667840167686
3.2317686447737897
3.224196878179814
3.2203318900288624
3.208705393704969
3.1929197470613793
3.1855937250687125
3.1818851105275967
3.1707206692100747
3.155641530188235
3.1526392787727846
3.149198515711994
3.138836821917945
3.1248917130437173
3.11698604546936
3.113019957716433
3.101063765186449
3.0849913567291765
3.0761215301734595
3.0716886070901555
3.0583092833551597
3.040351138950096
3.0305908476462204
3.0257332474910217
3.0110527970652905
2.991381095300265
2.980743564313568
2.9754732575682845
2.959521715835329
2.938184689869205
2.9266252852430585
2.9209273395696784
2.903651389204375
2.8805890945347175
2.8679840327221617
2.861808746744061
2.8430452393081995
2.8180579943599993
2.804893292437358
2.7984848480931914
2.7789724987589657
2.753061768489293
2.739592749530911
2.7330803764918277
2.713208702397147
2.6868997950652074
2.6716461526771824
2.6643599539723763
2.6420232035126356
2.6125805275964535
2.5955846796856323
2.587590443144127
2.5629312790592107
2.5306114504864476
2.5159292336727357
2.5090408122684518
2.487784158056111
2.4599630638045547
2.4458156476633293
2.439230632333111
2.4188428283525765
2.39223159375748
2.3781877200106276
2.3717210309355017
2.351600850939478
2.3254267989471398
2.3113656038599744
2.3049764619895567
2.2849693372069293
2.259041458866233
2.244893836389114
2.2385701885243265
2.2186014004084185
2.1928365965941787
2.1785462437808767
2.1722893985537364
2.152311193345589
2.1266672088894008
2.1120782974336487
2.1058645138096206
2.085712674011074
2.060016655818984
2.0452481582839086
2.0391705703791305
2.019056201387517
1.9936015101726805
1.9786281145842823
1.972737438908618
1.9526875638791048
1.9275537835396217
1.9121055285139794
1.9064080396864427
1.886176062132261
1.8611610310344042
1.8447390122081997
1.8392622054428938
1.8184080541304355
1.7932034154455505
1.7750803529318457
1.7699705759852444
1.7479454277026558
1.722406665668302
1.706163428895876
1.7020392666055293
1.6831659229876808
1.6613300418463914
1.6470010797021644
1.6435994571781591
1.627123307445831
1.608077226439989
1.5951920848652017
1.592317890527368
1.5776254861954337
1.5606573375755406
1.5488668568938373
1.5463841121126367
1.5330416959387547
1.5176518368208498
1.5067092601469334
1.5045236029966562
1.4922275497182145
1.4780673241737063
1.4677999493188874
1.4658457944795373
1.4543843689322145
1.4412104530071177
1.4314976135255744
1.429729047003399
1.4189540213260565
1.4065953592328737
1.3973519999300554
1.3957364747702998
1.3855427139573537
1.373877197809968
1.3650422074843718
1.3635562560177972
1.3538676141819688
1.3428061546622208
1.3343344392164123
1.3329607846403688
1.3237206487952042
1.3131965299234059
1.3050537694566144
1.3037793855498339
1.2949444191427486
1.2849062364687496
1.2770654487468174
1.2758802539202188
1.2674162592380591
1.2578232208816498
1.2502625026260448
1.249158476463646
1.241037640603621
1.2318564155981866
1.2245574449702379
1.2235280266560264
1.2157270714570505
1.206929656235475
1.1998766890919315
1.1989163650587065
1.191415292195108
1.1829775535322278
1.1761567431634963
1.175260762779271
1.168041994899948
1.159942667184813
1.153341598629177
1.1525057772025404
1.145553565571628
1.137773556316545
1.1313809247949136
1.1306015065154393
1.1239015197841045
1.116423425968156
1.1102288132989466
1.1095023754885855
1.1030414126459174
1.095849182219993
1.0898429005531156
1.0891662864476672
1.0829320754948357
1.0760107692631302
1.0701863868664514
1.0695563438997568
1.06354007857273
1.0568775361692289
1.0512222877051456
1.050636649724634
1.0448222770191586
1.0384016855656533
1.032908367723608
1.032364255524734
1.0267442428371907
1.0205550238653796
1.0152169169960117
1.0147118783975548
1.0092765883107673
1.0033069677650988
0.9981168404680391
0.9976485588106236
0.9923888263138257
0.9866276216670927
0.9815786025687965
0.9811448832188973
0.9760520150745245
0.97048861843333
0.9655741857754145
0.9651729484352457
0.9602386961809959
0.9548630419859455
0.9500770053627104
0.9497062778387299
0.9449228146890062
0.939725352241593
0.935061836324541
0.9347197492728005
0.930079649810827
0.9250513191163029
0.9205047489696204
0.920189531261127
0.9156857531893318
0.910817963032875
0.9063830506774614
0.9060930251738198
0.9017188924787248
0.8970035000350698
0.8926752316866008
0.8924088113429259
0.8881579982051179
0.8835872900048546
0.8793609137828109
0.8791165978612612
0.8749831136154663
0.870549786559658
0.8664208010448282
0.8661971715676596
0.8621753455457675
0.8578724899067774
0.8538366321442329
0.8536323503293572
0.8497168179826559
0.8455378990312948
0.8415911343729814
0.8414049371798195
0.8375906260765632
0.8335294675058137
0.829667978562367
0.8294986753461873
0.8257807914545333
0.8218315591122478
0.8180517347713581
0.8178982040636701
0.8142722182847835
0.8104294035698236
0.8067278297069045
0.8065890157866688
0.8030506517968655
0.7993090560898274
0.7956825054275105
0.7955574153084415
0.7921026366968389
0.7884573548505549
0.7849027780049234
0.7847904784048912
0.7814154754956375
0.7778618854374112
0.774376398923564
0.774276012965874
0.770977193836887
0.7675109335717686
0.7640918170687961
0.7640025218704086
0.7607764974091091
0.7573934616638568
0.7540381417465026
0.7539591649442929
0.7508027411957465
0.7474990585360138
0.7442051075236588
0.7441357251715152
0.7410458906880907
0.73781791540872
0.7345830397358275
0.7345225734697944
0.7314964880851483
0.7283407972238717
0.7251628231408496
0.7251106371696022
0.722145628444008
0.7190589806609372
0.7159358690315641
0.7158913685766647
0.712984916076778
0.709964270787134
0.7068940861311013
0.7068567146088833
0.704006440754683
0.7010489371967168
0.6980298499820295
0.6979990867974998
0.6952027517163438
0.69230570519717
0.6893359822607263
0.689311340662161
0.6865668376127892
0.6837277046615743
0.6808057162107665
0.6807867412662463
0.6780920827483737
0.6753084603137937
0.6724326787469285
0.6724189454572149
0.6697722679096146
0.6670419002223265
0.6642108718453136
0.6642019871870624
0.6616014996064432
0.6589223239917926
0.6561346280944225
0.6561302157303974
0.6535742810544792
0.6509442403660171
0.6481986203767532
0.6481983340852893
0.6456853711089812
0.6431025880630087
0.640397792537284
0.640401322598451
0.6379297927120268
0.6353927299243065
0.6333527756942633
0.6332202913030524
0.6313691849156998
0.629244887857907