20000.
19997.098478896
19995.647876092
19991.296699233
19985.496603496
19985.073284522
19984.69865279
19984.13749532
19983.786084077
19983.61038076
19983.083280103
19982.380500924
19982.311174104
19982.169602789
19981.744894882
19981.178631771
19980.907614722
19980.772107566
19980.365591631
19979.823583305
19979.570255308
19979.443592505
19979.063608931
19978.556975459
19978.300240506
19978.171874258
19977.786780479
19977.273333705
19976.979231689
19976.832182293
19976.391040623
19975.802866941
19975.435727629
19975.25216049
19974.701469221
19973.967237884
19973.453191485
19973.196173227
19972.425138336
19971.397138217
19971.373028084
19971.138716767
19970.435799344
19969.498614691
19969.006933574
19968.761097536
19968.02360762
19967.040330197
19966.565468843
19966.328042383
19965.615779978
19964.666136391
19964.157230414
19963.902782271
19963.139457339
19962.121736263
19961.510503043
19961.204893429
19960.288092704
19959.065757361
19958.449683439
19958.141653586
19957.217592598
19955.985577954
19955.891413503
19955.189499277
19954.253652138
19953.623676894
19953.308696706
19952.363786024
19951.103974846
19950.398545775
19950.045840567
19948.987762407
19947.57707896
19946.808453919
19946.424152476
19945.271292629
19943.73424997
19942.973430927
19942.593032261
19941.451879856
19939.930445041
19939.18830875
19938.817250935
19937.704118976
19936.220039844
19935.468775199
19935.093153465
19933.966330782
19932.463999765
19932.218795251
19931.893365968
19930.917110048
19929.615509998
19928.88084722
19928.51352596
19927.411602854
19925.942466972
19925.05197994
19924.606751315
19923.271125197
19921.490429821
19920.632335863
19920.203302713
19918.916258765
19917.200329692
19916.320633153
19915.880799422
19914.561356571
19912.802235589
19911.880614279
19911.419819585
19910.037499554
19908.194555639
19907.200568764
19906.7035939
19905.21274382
19903.225117593
19902.088708841
19901.520528755
19899.816085904
19897.543722733
19896.455584893
19895.911538248
19894.279487649
19892.103628651
19890.973076215
19890.407824051
19888.712164018
19886.451509061
19885.288632783
19884.707220101
19882.963084138
19880.637807721
19879.515859453
19878.954909021
19877.272152779
19875.028699592
19873.825421273
19873.223809387
19871.419083087
19869.013036531
19867.921235626
19867.375357631
19865.737813716
19863.554632
19862.24972823
19861.597308443
19859.640177757
19857.030970424
19855.542859001
19854.798845055
19852.566970599
19849.591528547
19848.089023393
19847.33781341
19845.084354159
19842.080140117
19840.554168398
19839.79122649
19837.502576904
19834.451455104
19832.943379567
19832.189384742
19829.927572364
19826.912224082
19825.373937649
19824.604839131
19822.297722705
19819.221985428
19817.71457778
19816.960916895
19814.700106314
19811.686093716
19810.112865966
19809.326298881
19806.966785123
19803.821204267
19802.297224584
19801.535278666
19799.249616925
19796.202478639
19794.558063305
19793.735906801
19791.269642292
19787.981767945
19786.336813247
19785.514387116
19783.047313947
19779.758361897
19778.068706068
19777.223932217
19774.689827279
19771.311526115
19769.533200559
19768.644097698
19765.977029154
19762.421497836
19760.063479391
19758.884575591
19755.348286357
19750.634219001
19748.033324005
19746.733004851
19742.832561284
19737.633168796
19734.647559188
19733.154923633
19728.677694534
19722.709636471
19719.034012278
19717.19645693
19711.684818514
19704.338364581
19700.948675094
19699.254048901
19694.171045127
19687.395747596
19684.052141728
19682.380551624
19677.36663323
19670.68339615
19666.815618635
19664.882014934
19659.082344691
19651.352112445
19649.808344074
19644.472911834
19637.361256366
19633.951966539
19632.247543466
19627.135162214
19620.320725409
19616.544911347
19614.657276671
19608.9954627
19601.448920311
19597.572333073
19595.634326822
19589.82145818
19582.073649638
19578.565029208
19576.810954616
19571.549673946
19564.536833197
19561.041047735
19559.293389115
19554.051350315
19547.064151288
19542.983276796
19540.943158899
19534.824083245
19526.668297068
19522.337061036
19520.171803141
19513.677470588
19505.021722271
19500.92710667
19498.880121066
19492.740453683
19484.557238437
19480.321419352
19478.20385498
19471.852543188
19463.387349728
19459.143846982
19457.022442409
19450.659616538
19442.179086186
19437.29754424
19434.857232725
19427.538136648
19417.783630314
19411.660988427
19408.600391244
19399.421495197
19387.189720613
19381.143763436
19378.121491703
19369.057504396
19356.978783808
19351.329910558
19348.506091936
19340.037108623
19328.750898058
19322.209454828
19318.9395632
19309.133208607
19296.065813156
19289.215365867
19285.791054033
19275.521766009
19261.837888899
19254.012544176
19250.10106378
19238.371390267
19222.742944322
19214.989027552
19211.113241849
19199.490575311
19184.004625564
19176.104609971
19172.15582193
19160.314336589
19144.537067231
19136.503764912
19132.488377622
19120.447270903
19104.404250896
19096.773731562
19092.95961458
19081.52183426
19066.282119794
19057.446340902
19053.029986764
19039.787064708
19022.144154168
19012.907284393
19008.290531281
18994.446997838
18976.00463707
18965.811690968
18960.717270896
18945.442220463
18925.094629245
18914.944913436
18909.872096608
18894.661808323
18874.4004557
18860.923812537
18854.18909934
18833.999385995
18807.113397728
18790.035972695
18781.50307548
18755.927627728
18721.881201249
18721.533328119
18701.680436099
18675.242660691
18661.966841439
18655.332470797
18635.443507704
18608.957873233
18594.709577283
18587.589520353
18566.245704393
18537.825405782
18523.326054277
18516.080631287
18494.3613633
18465.441967275
18450.12730753
18442.474740809
18419.536080866
18388.995579384
18372.629768448
18364.452325138
18339.941828055
18307.312048547
18289.550618115
18280.676365219
18254.079434692
18218.677048866
18199.848283855
18190.441199137
18162.249110171
18124.727617031
18088.33186386
18070.161402082
18015.759463908
17943.478240561
17908.658910363
17891.274589769
17839.222817063
17770.055951584
17757.249324211
17704.454766039
17694.76986174
17682.306225683
17644.967968579
17595.306248285
17587.273075883
17574.949196844
17538.029351416
17488.923513066
17463.350478842
17450.577986933
17412.316535692
17361.431737033
17331.398280414
17316.401039632
17271.487139265
17211.783105484
17184.879862846
17171.444014019
17131.199464898
17077.686754344
17047.243022499
17032.041513069
16986.518272396
16926.009839403
16921.240019354
16907.569423058
16866.623867011
16812.184003574
16786.167046158
16773.173668404
16734.253851292
16682.501209858
16651.205090471
16635.579053144
16588.78887237
16526.60662531
16497.298966572
16482.664631787
16438.839474033
16380.587143859
16349.397575477
16333.825067215
16287.196483454
16225.232041671
16192.502993085
16176.163233423
16127.242820461
16062.245671258
16029.519522339
16013.181459466
15964.26712067
15899.28035342
15860.108419554
15840.55865731
15782.053841306
15704.383412672
15662.48500711
15641.577739896
15579.023242376
15496.006235361
15454.826188429
15434.277219531
15372.794103924
15291.197443496
15241.819709503
15217.190666132
15143.542068898
15045.898122997
14993.007160223
14966.63144078
14887.782361212
14783.296068672
14729.53642733
14702.72996076
14622.602922574
14516.445745615
14461.658820029
14434.342943874
14352.70450305
14244.571061287
14229.758712764
14200.687638071
14113.830282482
13998.846322401
13946.627379176
13920.59099689
13842.77312857
13739.692245254
13689.365341777
13664.27105854
13589.263880764
13489.894407955
13439.844641738
13414.88943477
13340.301495687
13241.495633886
13178.029077092
13146.409960957
13052.007087422
12927.190264681
12867.645205519
12837.975606213
12749.376646525
12632.195125568
12559.787325159
12523.739211973
12416.214465532
12274.282825105
12202.176581463
12166.282460526
12059.232381917
11917.962739001
11834.666223911
11793.236532923
11669.815636052
11507.26134699
11401.722958431
11349.317294933
11193.541119561
10989.160454973
10862.363970317
10774.050812588
10730.163847682
10599.572663254
10427.920083442
10321.025041185
10267.989132742
10110.511011446
9904.2907792669
9874.7231025414
9711.4787215763
9498.0097838835
9417.0082258464
9347.234738125
9312.5420966513
9209.2348463578
9073.27236048
8999.2003126989
8962.3913605617
8852.8653950404
8708.9100278953
8640.5430084124
8606.5610217718
8505.4148434443
8372.3999424674
8292.3857204041
8252.6658229063
8134.6440271097
7979.9029882319
7977.8106111317
7947.3904022611
7856.8239848305
7737.6721813751
7679.587930629
7650.7095157704
7564.7242119655
7451.5785243165
7399.7120675089
7373.91437516
7297.0596813484
7195.8313499915
7141.9573149334
7115.1717395281
7035.4162598653
6930.4645561552
6878.2692139623
6852.319138352
6775.0548600848
6673.389337763
6623.3573058766
6598.4821277362
6524.4157333473
6426.9521886407
6380.8832693766
6357.9727910514
6289.7337377423
6199.8862673398
6151.5853212636
6127.5761405344
6056.1093766897
5962.1152810429
5917.1073180676
5894.7309074655
5828.1081182568
5740.4475649623
5697.1632058467
5675.6435693742
5611.5711470296
5527.2650007871
5483.6445167662
5461.9635362219
5397.4335709921
5312.5779973141
5271.3506509032
5250.8571084485
5189.8532854075
5109.6159133982
5070.1402726056
5050.5169656142
4992.1015693316
4915.2640325112
4878.2306702272
4859.8187529678
4804.9989086001
4732.8665066184
4696.482395745
4678.3953628872
4624.5511342603
4553.7215788682
4519.2899891725
4502.1719454567
4451.2058709342
4384.1474626592
4351.4398877396
4335.1777177412
4286.7549516686
4223.0315758674
4191.2192562183
4175.4030748215
4128.3117409908
4066.3484341273
4035.8746042348
4020.7234362391
3975.6103572054
3916.2459909705
3886.8285408824
3872.2027838283
3828.6548990177
3771.3519406103
3743.5123416187
3729.6697016989
3688.4481487877
3634.1939139817
3607.4763854842
3594.1913680379
3554.6291408333
3502.5560806284
3476.7444547974
3463.9100595475
3425.6904456136
3375.3861410139
3350.8114673087
3338.5913051284
3302.1975670406
3254.2889673042
3230.7042698043
3218.9760945296
3184.0464080657
3138.0623847112
3115.4208641729
3104.161437481
3070.6267271455
3026.4766539735
3004.8350121272
2994.0722926634
2962.0148835197
2919.804963952
2899.0712014337
2888.7595969501
2858.0443255621
2817.5980554907
2797.7597807849
2787.8930836676
2758.5012811942
2719.7936658568
2700.794298542
2691.3444429619
2663.1928008333
2626.1148097627
2607.9140468454
2598.8610233751
2571.890076439
2536.3637208708
2518.9340183304
2510.264133848
2484.4331157364
2450.404762953
2433.7081113195
2425.4024965397
2400.6553362768
2368.0514625382
2352.0514828785
2344.0920777808
2320.375108413
2289.1253406205
2273.7898559219
2266.1606823772
2243.4264071186
2213.4684252421
2198.7646857687
2191.4494841694
2169.6495811278
2140.9200094804
2126.8168738693
2119.8001826062
2098.8886993812
2071.3272651835
2057.7947501127
2051.0616825449
2030.9943755948
2004.5430476072
1991.5523789336
1985.0886486117
1965.8230575546
1940.4261419921
1927.9493495625
1921.7410695135
1903.2359224266
1878.839287173
1866.8497182442
1860.883655128
1843.099620901
1819.6516753482
1808.1237137159
1802.3871486857
1785.2864247361
1762.7375818906
1751.6467270245
1746.1274948747
1729.6739229257
1707.9767499421
1697.2995678518
1691.986032653
1676.1450264413
1655.2541500719
1644.9682975568
1639.8493646488
1624.5879453752
1604.4600980187
1594.5442640638
1589.6093510171
1574.8960612739
1555.4899686082
1545.9238623568
1541.1628930123
1526.9677791128
1508.2441370101
1499.0084491698
1494.4118345237
1480.7063898765
1462.627790554
1453.704140593
1449.262752647
1436.0198403002
1418.5506713321
1409.9215477431
1405.6266899232
1392.8204549571
1375.926785074
1367.5754731334
1363.4188445175
1351.0246081048
1334.6740491086
1326.5817395004
1322.5540023205
1310.5440165126
1294.7001834946
1286.8389439915
1282.9262417368
1271.2593716441
1255.8684206277
1248.2485418452
1244.4559571154
1233.1472021774
1218.2285605226
1210.8261709005
1207.1418602675
1196.1560564505
1181.6636836221
1174.4673288449
1170.885602637
1160.2058296827
1146.11750877
1139.1151203997
1135.629985659
1125.2384283981
1111.5307836788
1104.702724063
1101.3044392617
1091.1721796165
1077.8073605447
1071.1402453295
1067.8221690307
1057.9294838896
1044.8816570148
1038.3603790439
1035.1150183678
1025.4396697054
1012.6797390375
1006.2876613038
1003.1067683055
993.6242918976
981.12028280972
974.84041516929
971.71557059269
962.40100900595
950.12033667501
943.93451885769
940.85672858031
931.68344002895
919.59136608539
913.47740091003
910.43567844557
901.37114718157
889.42533813474
883.35707882687
880.33849230674
871.34448256465
859.49524451195
853.43835187329
850.42593035338
841.45231475723
829.63461575796
823.54054348172
820.51031420463
811.48636150036
799.60861817711
793.39808843946
790.31093568108
781.12136470089
769.03460740079
762.54819798111
759.32553803023
749.73904575455
737.14506083861
729.8846333323
726.28128003287
715.57760575115
701.55102272484
692.78275382875
688.43980108401
675.57361384175
658.7919610872
656.06506136503
644.46515093209
642.68547974684
640.13121834096
632.52918255266
622.53338546031
617.88636976559
615.57588616639
608.6961446242
599.64261267235
595.35900416703
593.22868860374
586.88336943593
578.52839624776
574.56026277472
572.58641414315
566.70546128372
558.95804348164
555.29605492421
553.4740671155
548.04389442414
540.8864478568
537.56350264468
535.90969323647
530.97873027286
524.47461742374
521.48923196796
520.00291765528
515.56934384784
509.71665829368
506.30987792295
504.61503582658
499.56447418195
492.90893802539
489.18684208779
487.33634726205
481.82675752268
474.57741027401
470.5104365392
468.49003798885
462.48074801553
454.58809430393
450.38044380019
448.29124569793
442.08161957501
433.93571249063
429.02161527042
426.58547463754
419.35973908961
409.91545637192
404.44079863657
401.7309498644
393.70985789939
383.26364005697
381.44721295106
379.15775299557
372.37149258043
363.51171053786
359.0962782224
356.9087149928
350.42565932561
341.96439923327
337.45265526634
335.21915476347
328.60696017564
319.99313951526
315.17151819854
312.78802054375
305.74513548597
296.60068500124
291.52251847543
289.01613282471
281.62552973403
272.06453799488
266.50160365285
263.76293749606
255.71464663969
245.3643051739
240.50783900535
238.11577183911
231.08137411572
222.02437110845
217.65210034722
215.49835983701
209.16416905313
201.0072484501
196.88850937576
194.86089674243
188.90248671152
181.24038708031
177.24627474203
175.28234849595
169.52017256861
162.13084925283
158.18633816367
156.25021727244
150.58288111236
143.34489610266
139.43022143069
137.51315872183
131.91867541703
124.81180086298
120.97026112525
119.09406027262
113.63825450921
106.7506415049
103.38591189354
101.74352890597
96.971273692671
90.954636049227
88.093649023332
86.697081683574
82.63882193295
77.521762521641
75.089434633761
73.902040878332
70.451334803669
66.099720089697
64.031185201934
63.021320697583
60.086288672297
56.384433626865
54.624559082394
53.765328668116
51.267883365122
48.117475500429
46.619281342981
45.887769078039
43.761384591772
41.078685465772
39.802163948533
39.17885657924
37.366891989173
35.0806209579
33.991866808771
33.460227386121
31.914680702901
29.964428175595
29.03491134
28.581022293269
27.261485870558
25.596379765121
24.802210483408
24.414414307619
23.28702853504
21.864410116786
21.185573141541
20.854099602446
19.890473509499
18.674545011265
18.094184792662
17.810803687893
16.987012418096
15.947587373255
15.451418887277
15.20915388098
14.50491264674
13.616386553933
13.192242680309
12.985151208793
12.383178991531
11.623734245717
11.261220149822
11.08422509076
10.569756952927
9.9207511574052
9.6109721699841
9.4597291269517
9.0201310097878
8.4656122785119
8.2009520873941
8.071741115781
7.696195206762
7.2225054420376
6.9964408587836
6.8860760011146
6.5653176828551
6.1607605142652
5.9677046290965
5.8734572960824
5.5995522840119
5.2541115811326
5.0892799947048
5.0088136123775
4.7749678354052
4.4800675174717
4.3394011599069
4.2707330019506
4.0711797987015
3.8195374109862
3.6994525520936
3.640833409814
3.4704904001962
3.2556989268685
3.1532356552367
3.1032197053348
2.9578817808073
2.7746307756087
2.687220940285
2.644554141038
2.5205755902232
2.3642646037181
2.2897110826753
2.2533206083009
2.1475827011107
2.0142766159616
1.9507005104553
1.9196689501766
1.8295048699221
1.7158390409614
1.661633984607
1.6351770229821
1.5583069464315
1.4614052066914
1.4151981725935
1.3926454448651
1.3271208602674
1.2445252011437
1.2051428936031
1.1859215696044
1.1300775331511
1.0596878153541
1.0261278580078
1.0097485694515
0.96216277920364
0.90218505727095
0.87359129835437
0.85963607755483
0.81909379885895
0.76799603821928
0.74363739140998
0.73174933723833
0.69721335254577
0.65368749350867
0.63293981184137
0.62281423737902
0.59339910604679
0.55632857186105
0.53865912543407
0.53003597754676
0.50498599515417
0.47341787245518
0.45837205845862
0.45102942780078
0.42969975697645
0.40282098149579
0.39001094993454
0.38375951666522
0.3656000392141
0.34271701771785
0.33181193805934
0.3264902190425
0.31103171893897
0.29155289424232
0.28227062992064
0.27774091352544
0.26458325939934
0.24800419965878
0.24010418783082
0.23624905736659
0.22505109664835
0.21094174544259
0.2042189098339
0.20093827150821
0.19140919153765
0.17940296958854
0.17368251781094
0.17089106061505
0.16278300557185
0.15256749745982
0.14770047460237
0.14532549951519
0.13842726112029
0.12973625719018
0.12559574883286
0.12357531512517
0.1177069451441
0.11031364647572
0.1067915348206
0.10507287645367
0.10008108442575
0.093792298699589
0.090796492739787
0.089334666223973
0.085088890026145
0.079740076295281
0.077192147461495
0.075948877689643
0.072337929561997
0.067788968999851
0.065622135285189
0.064564831481559
0.06149403842167
0.057625628493041
0.055783031564977
0.054883946311703
0.052272706459239
0.048983280108016
0.047416518063352
0.046652031101913
0.044431732647028
0.041634834462624
0.040302708575513
0.039652715100303
0.037764958960922
0.035387004647941
0.03425445038295
0.033701839292134
0.032096923234187
0.030075288818658
0.029112468361861
0.028642679306559
0.027278310868604
0.025559710018635
0.024741235994073
0.024341880499557
0.023182076237278
0.021721172810814
0.021025441806759
0.020685978055877
0.019700118950998
0.0184583369555
0.017866976618246
0.01757843948397
0.016740486179039
0.015685019661586
0.015182396630422
0.014937157665647
0.014224953741998
0.013327889881997
0.012900709666269
0.012692281734599
0.012086985791205
0.011324588364512
0.011046328080373
0.010909772486407
0.010510151174956
0.0099999997764826