20000.
19997.098478896
19995.647876092
19991.296699233
19985.496603496
19984.774934645
19984.108749496
19983.964961173
19983.328198506
19983.027379827
19982.876972175
19982.425756033
19981.824150419
19981.482179951
19981.311196898
19980.798256546
19980.114356627
19979.772745247
19979.601941734
19979.089539982
19978.406358156
19978.046177611
19977.866089761
19977.325835976
19976.605520394
19976.232595941
19976.046136311
19975.486767892
19974.740967773
19973.609914362
19973.044411632
19971.347999588
19969.086341217
19968.733654319
19967.926447694
19967.522856588
19966.312132273
19964.697947542
19964.317845802
19963.860177308
19963.631346979
19962.944871762
19962.029608283
19961.495388224
19961.228283536
19960.426990955
19959.35865099
19958.836530087
19958.575474738
19957.792329217
19956.748183094
19956.213610635
19955.946329756
19955.144508636
19954.07546403
19953.443162127
19953.127018665
19952.178618381
19950.914154917
19950.262344811
19949.936447719
19948.958788433
19947.655317377
19946.968454773
19946.625032315
19945.594800467
19944.221240912
19943.439405638
19943.048499465
19941.875826976
19940.312371075
19939.458036597
19939.030883053
19937.749477389
19936.041064773
19935.211650782
19934.796956695
19933.552926256
19931.894339932
19931.118635242
19930.730794189
19929.567316369
19928.016118414
19927.050229852
19926.567303092
19925.118593101
19923.18714381
19922.233318954
19921.756423614
19920.32580616
19918.418476221
19917.296265923
19916.735184443
19915.052034919
19912.808057039
19911.640108137
19911.056159332
19909.304415754
19906.968997615
19906.75748426
19906.263254663
19904.780639568
19902.803991409
19901.507447715
19900.859207493
19898.91461361
19896.322117597
19894.789953861
19894.023916183
19891.725980231
19888.662478822
19888.492491775
19886.580048507
19884.030410463
19879.868360769
19877.787662473
19871.546874443
19863.228872325
19860.804043495
19859.331888791
19858.595852305
19856.387906629
19853.444361217
19851.962191368
19851.221147883
19848.998183506
19846.034618519
19844.544246183
19843.799101931
19841.563837159
19838.583876088
19837.938701204
19837.230612176
19835.106496842
19832.274697143
19830.879995392
19830.182681246
19828.090886027
19825.302169247
19820.125645203
19817.537889869
19809.776651254
19799.433062144
19797.948840326
19796.727345052
19793.063311577
19788.178988973
19785.94621591
19784.829923771
19781.481425385
19777.017642859
19774.981693338
19773.9637971
19770.910422896
19766.839991102
19764.672824124
19763.589329656
19760.339202781
19756.006532117
19753.90869942
19752.859866531
19749.713702135
19745.51959618
19743.334277514
19742.241708798
19738.964365566
19734.595421326
19732.07025801
19730.807797427
19727.020900479
19721.972835622
19719.470904282
19718.220057544
19714.46799356
19709.466352657
19706.658345378
19705.254491659
19701.043530725
19695.43031647
19692.412859167
19690.904303768
19686.379331144
19680.347652399
19677.231766546
19675.674008504
19671.001474496
19664.773155805
19661.82442809
19660.350229937
19655.928298856
19650.033938395
19644.880402586
19642.304141361
19634.577385022
19624.279772163
19619.210239866
19616.675964653
19609.075103385
19598.945203772
19594.026833686
19586.343627816
19582.697728185
19580.875032741
19575.407964522
19568.120915327
19563.959679028
19561.879392574
19555.639860641
19547.32358129
19543.37412001
19541.399688474
19535.477590917
19527.584253309
19523.711642367
19521.77562476
19515.968724032
19508.228877329
19503.856162862
19501.670173029
19495.113673779
19486.375104441
19481.369005066
19478.866437493
19471.360663853
19461.357465433
19456.275517459
19453.735040949
19446.115601937
19435.960992979
19431.032330734
19428.568468136
19421.178755062
19411.330177288
19405.552118084
19402.66373327
19394.0011585
19382.457075797
19377.073773393
19374.382682703
19366.311653261
19355.555511663
19348.631424153
19345.170309057
19334.790678621
19320.959835398
19311.483515115
19306.747097702
19292.544815073
19273.624690257
19264.056797769
19259.274632466
19244.935258922
19225.832702284
19222.838396504
19218.767239981
19206.558943607
19190.293279282
19188.297847289
19184.658571098
19173.74488392
19159.202959567
19151.723211055
19147.984431626
19136.772472611
19121.833407088
19114.391561847
19110.671725104
19099.516558349
19084.653132383
19076.385275038
19072.252689331
19059.86030359
19043.349648788
19035.490564836
19031.562238927
19019.78212521
19004.086650232
18995.584574164
18991.334962296
18978.591830706
18961.614290221
18948.356474261
18941.731042355
18921.868644166
18895.417844253
18883.221912108
18877.12689782
18858.853657199
18834.516851541
18819.501390249
18811.998148688
18789.50636938
18759.559158717
18745.876852883
18722.986780639
18710.205948601
18703.818804185
18684.670451274
18659.16980738
18645.831546662
18639.165991737
18619.183621455
18592.573783438
18578.415401514
18571.34025368
18550.130973539
18521.889609918
18504.700509476
18496.111941622
18470.370149157
18436.103483165
18419.40316848
18411.058684356
18386.047908025
18352.753053538
18336.775022865
18328.791224159
18304.860679963
18273.001886116
18258.291499932
18245.164496288
18205.84008701
18153.539359452
18129.448523757
18117.415096411
18081.362718105
18033.404458623
18010.325808357
17998.79756051
17964.257074559
17918.306185415
17916.035022694
17888.504031823
17851.861845697
17829.306479413
17818.039484479
17784.28120353
17739.369637333
17717.833262616
17707.07488123
17674.838918157
17631.948909169
17612.17240269
17602.292468485
17572.685909097
17533.287948628
17510.889948026
17499.701678848
17466.179745975
17421.58370656
17393.837020907
17379.980253104
17338.476150394
17283.291487873
17256.883338035
17243.694397447
17204.188026404
17151.653630101
17123.665596127
17109.688709316
17067.826464029
17012.169425828
16981.088691907
16965.569624125
16919.097468782
16857.332557929
16827.004124952
16811.860375206
16766.510852423
16706.235060626
16676.935745474
16662.305361818
16618.491177873
16560.251436619
16527.93512086
16511.800618217
16463.49155381
16399.299263865
16366.407968887
16349.98706664
16300.823149703
16235.501154698
16200.12151578
16182.460617131
16129.59336024
16059.37226089
16024.761267354
16007.483751827
15955.762896725
15887.061622435
15834.547484546
15808.355543438
15730.039382162
15626.221045406
15577.984864139
15553.922637611
15481.958735502
15386.524543697
15326.666211291
15296.824424845
15207.647238335
15089.552518392
15030.933810783
15001.709904178
14914.378658666
14798.727329104
14788.027586858
14716.444855101
14621.539935801
14573.262069704
14549.182944822
14477.184023797
14381.739408195
14332.112406739
14307.363159023
14233.371552228
14135.310982144
14115.693001819
14093.528249912
14027.242600266
13939.346447928
13895.579530168
13873.74762911
13808.457519531
13721.881753025
13678.511440617
13656.877714597
13592.181616807
13506.396659976
13448.001126489
13418.898104341
13331.966391027
13216.932862498
13163.048782851
13136.18917704
13055.938763569
12949.700328984
12881.692392802
12847.822473622
12746.746111511
12613.213517918
12550.684788365
12519.536759937
12426.555727511
12303.654344313
12235.058058358
12200.903462629
12099.010679149
11964.476089845
11903.075966347
11872.494165103
11781.219389961
11660.610321771
11602.330854361
11573.300439454
11486.644297836
11372.111261866
11299.93406317
11264.01743027
11156.951048736
11015.777276678
10938.82989696
10900.557999268
10786.543855327
10636.377896097
10627.456253918
10575.961141364
10422.968091776
10222.414610084
10214.832185529
10071.349640823
10006.420322018
9974.1128024059
9877.8147659454
9750.8621016742
9691.9452132391
9662.6203974594
9575.177248109
9459.8161091195
9397.0705784525
9365.8540518655
9272.8252969191
9150.2227632779
9058.2343225737
9012.5874717249
8877.0224547403
8699.4357877838
8691.362371
8554.7644531547
8375.9676001671
8299.5456750065
8138.8307233084
8033.7022214575
7885.8187228023
7799.2469051018
7682.6010704068
7605.415773247
7567.1144090846
7453.3637703439
7304.3516981504
7231.3221740382
7120.1982245539
7067.9067969779
7041.905270514
6964.4732175977
6862.5533233247
6812.3538909618
6787.3920441881
6713.0539598035
6615.2014799138
6563.9965428535
6538.5428965804
6462.7726517831
6363.1097531052
6315.3093788232
6291.5440145917
6220.7831741749
6127.6718279369
6079.1436037007
6055.023800688
5983.237068889
5888.8435970416
5843.8282528118
5821.4497833248
5754.8272460143
5667.1817266938
5623.7680922106
5602.1861474007
5537.9359871769
5453.4138940158
5411.8702497664
5391.2172557021
5329.7299752132
5248.8364181431
5208.524728837
5188.4851311999
5128.8277652605
5050.350273927
5011.6479944876
4992.4082157899
4935.130919881
4859.7821046156
4822.3451592647
4803.7349716589
4748.3342218208
4675.4591752459
4639.4834356492
4621.599504989
4568.360279478
4498.3274471427
4464.4444728088
4447.5988117807
4397.4422544801
4331.4456102982
4298.3814773304
4281.9441786566
4233.008468475
4168.6297085013
4137.4219368762
4121.9057715076
4075.7055380905
4014.9097468323
3984.8884482794
3969.9620841655
3925.5176189567
3867.0313617549
3838.1072237853
3823.7263838342
3780.9063570135
3724.5579841815
3696.9622756899
3683.2411878672
3642.3827218205
3588.6089510594
3562.2807513388
3549.1891741527
3510.2024114954
3458.8854304416
3433.6131484895
3421.0463354292
3383.6211879556
3334.3570947662
3310.019314909
3297.9171217301
3261.8753878739
3214.4317151008
3191.1680059001
3179.5993639551
3145.1444645004
3099.7846870952
3077.4668200809
3066.3682149179
3033.3119808621
2989.7906707116
2968.4814234024
2957.8838211211
2926.3174793329
2884.7524313375
2864.3534840968
2854.2081662889
2823.9873092795
2784.190003049
2764.6335226295
2754.9068547992
2725.9316965825
2687.7716577323
2669.0545777408
2659.7449721181
2632.0105342118
2595.4806322793
2577.540904582
2568.6175929419
2542.0325841447
2507.0134318273
2489.838745966
2481.2955746042
2455.8415405309
2422.3085495941
2405.8531938373
2397.6674824585
2373.2770779355
2341.1420579042
2325.3682887248
2317.5213026526
2294.138867018
2263.3288561794
2248.2129438558
2240.6928869151
2218.2833041537
2188.7521101173
2174.2603758328
2167.0505291395
2145.5641203663
2117.2466060673
2103.3474972829
2096.4321962595
2075.8224105397
2048.6575290145
2035.3209198268
2028.6852077783
2008.907596302
1982.8370538807
1970.0357870066
1963.666178563
1944.6806550672
1919.6518563826
1907.3579005544
1901.2404789242
1883.0056849535
1858.9643892362
1847.1520940575
1841.2741226947
1823.7522001688
1800.6487408698
1789.2931336465
1783.6422127738
1766.7963056758
1744.582333361
1733.6595795331
1728.2238741201
1712.0188035636
1690.6481655754
1680.1354270913
1674.9035966747
1659.3056528701
1638.7341217201
1628.6096295568
1623.5708641373
1608.5479126466
1588.7333243682
1578.9763240807
1574.1203171372
1559.6417188577
1540.5438684883
1531.134592071
1526.451526613
1512.4880964185
1494.0686839595
1484.988315265
1480.468846699
1466.9928026586
1449.2153667893
1440.4460171731
1436.0812612395
1423.0661888801
1405.8960603434
1397.4207054697
1393.2022069398
1380.6229664999
1364.0271471165
1355.8295828604
1351.7492936977
1339.5819554434
1323.5290337755
1315.6021166203
1311.6564791036
1299.8904257256
1284.3663747688
1276.6886907127
1272.8670764557
1261.4707346388
1246.4341762081
1238.9945191891
1235.2913590583
1224.2481559727
1209.6773038099
1202.4272217485
1198.8184915083
1188.0571546278
1173.8588240761
1166.8326232294
1163.3353092157
1152.9061365051
1139.145867979
1132.313839854
1128.9132065924
1118.7724626344
1105.393028662
1098.7416700315
1095.4310139859
1085.5587789029
1072.5340598115
1066.054752569
1062.8297918732
1053.2133279681
1040.5265893135
1034.2055543707
1031.0594510119
1021.6784486231
1009.3030823429
1003.1277118301
1000.054209713
990.89009026226
978.80176247502
972.76045654522
969.75380070414
960.78947753645
948.96581703237
943.04741998345
940.10207734417
931.32112871108
919.74064889738
913.93417209143
911.04469444466
902.43095841291
891.07253095837
885.36537960761
882.52552584866
874.06050205227
862.8999732107
857.27932799645
854.48274925677
846.14763175931
835.16048083298
829.61213956574
826.85180660383
818.62579201799
807.78493514608
802.29325536524
799.56143175273
791.42164619703
780.6973557806
775.24385410566
772.53140537411
764.45086930335
753.80814617156
748.36941245203
745.66477832963
737.60938305757
727.00406216834
721.54750443973
718.83460254317
710.75694442785
700.12775568444
694.60099487368
691.85399630524
683.67801207308
672.92680037869
667.22670126681
664.39478338302
655.97094355309
644.90506568026
638.73765719619
635.67610585476
626.57921771545
614.65221674813
607.22480246376
603.54482027485
592.63814585714
578.4018891428
573.04819981996
562.49604061403
562.47018268416
560.23462333487
553.58111639484
544.8325305212
543.21510622392
541.26552969693
535.45868174258
527.81301003833
524.35176333954
522.62966088744
517.49721443867
510.73227186269
507.60666419094
506.05104067274
501.41271635721
495.29434935692
492.46064249328
491.04987440442
486.84177290873
481.28701402998
478.71803910539
477.43869830669
473.62115327422
468.57853427946
466.25959396553
465.1044308404
461.6560848653
457.09802798234
455.02912326251
453.99818506208
450.91936394795
446.84672385704
446.24648430865
445.34633812046
442.65677942648
439.09595131637
437.39793103172
436.55138480995
434.02156409814
430.67126042641
428.8332866988
427.91724332935
425.18083736837
421.55949700111
419.64281660889
418.6877467451
415.83555944423
412.06284447278
410.09377786019
409.11277578399
406.1838274301
402.31115600747
400.30201673791
399.30121277689
396.31378882801
392.36529626033
390.31698037301
389.29683575847
386.25237189938
382.23009111688
380.14297485933
379.10369420763
376.00286921922
371.90785358173
369.89987375958
368.89995294591
365.91637948185
361.9757843501
360.00303470233
359.02069524455
356.08973082357
352.21896575881
350.21781470703
349.22150677083
346.24955680212
342.32626298192
340.19130543917
339.12882488255
335.96125188997
331.78379671872
329.23089610193
327.96182137991
324.18387319263
319.21422036613
316.05211831508
314.48283293048
309.82157403434
303.71385726646
300.35755341209
298.69333587068
293.75580586461
287.29916299161
283.82219933608
282.09952899815
276.99399967728
270.33007370638
266.47250936291
264.56441895445
258.92173525884
251.58492095526
246.89112378717
244.57716727266
237.76461054975
228.9754665971
223.16200223114
220.31085563365
211.97412033419
201.34712675323
196.24735894274
193.746119343
186.43205575253
177.10766554346
172.04473429182
169.5678046522
162.34893213875
153.19955037248
148.51158220515
146.22167065375
139.56161696814
131.15101715876
127.14426343719
125.18702628627
119.49424327704
112.30451055647
108.87687485631
107.20248921859
102.33225395593
96.181032804931
93.245218006258
91.811088077104
87.639689947991
82.371144297002
79.85520208047
78.626196867421
75.051510897359
70.536786336788
68.380249889436
67.326833635819
64.262957852691
60.393575444892
58.545072687631
57.642147578149
55.016070052898
51.69979036913
50.11544154492
49.341568394126
47.090913796933
44.248920278788
42.891149060627
42.227967861988
40.299317102387
37.864104968049
36.70069302665
36.132461581791
34.480011637969
32.393699213915
31.397005067615
30.91021753394
29.494672457325
27.707601650799
26.853902960737
26.436968570017
25.224605001203
23.694161062841
22.96309579758
22.606065820305
21.567938637566
20.257546475133
19.631635918748
19.325970590104
18.437234721789
17.315501773663
16.779742397395
16.51811147859
15.75744153335
14.79742415234
14.338937900282
14.115049777157
13.464142688653
12.642717394862
12.250451732509
12.058906828468
11.502055243027
10.799379372647
10.463849836372
10.300014793543
9.8237408916218
9.2227896324633
8.9358587406096
8.7957583706371
8.388499401777
7.8746682051856
7.6293555201542
7.509579979136
7.1614181059596
6.7221811220715
6.5125000282957
6.4101250488999
6.112555195459
5.7371717650431
5.5579891798107
5.4705075119487
5.2162378370176
4.8955002402925
4.7426256991074
4.6679880634205
4.4510492269805
4.1773988964009
4.046617994783
3.9827710193379
3.7972109884322
3.5631758203441
3.4514960391294
3.3969757157061
3.2385278175756
3.0387004304686
2.9433546457729
2.8968095669416
2.7615442387753
2.5909642414335
2.5095808198793
2.4698527941403
2.3544025529845
2.2088196471427
2.1393683647945
2.1054659652163
2.0069483429391
1.8827247080356
1.8234680920245
1.7945428825549
1.7104912596004
1.6045141578729
1.5539656730957
1.5292917803696
1.4575959570257
1.3672026518493
1.3240907989106
1.3030473727893
1.2419025470998
1.1648158485864
1.1280533454487
1.1101095037865
1.0579724785618
0.99224542698581
0.96090276255668
0.94560467228037
0.90115627839649
0.8451246843737
0.81840742902587
0.8053672229473
0.76748008405235
0.71972181917686
0.69695116540617
0.68583743727579
0.65354832636168
0.61284841630265
0.59344449429855
0.58397414962204
0.55646028994285
0.521780991289
0.50524856802125
0.49717983935782
0.47373859299323
0.44419374998983
0.43010997517647
0.42323643740571
0.40326790269333
0.37810097858607
0.366104888249
0.36025033243149
0.34324243883823
0.3218077017003
0.31159122840278
0.3066052716506
0.29212101546123
0.27386742793399
0.26516770710804
0.2609220355206
0.24858855663778
0.23304599044547
0.22563877252628
0.22202392429213
0.21152315413731
0.19829058879501
0.19198460718218
0.18890722247183
0.17996788914128
0.16870332383054
0.16333547403297
0.16071594111854
0.15310672690458
0.14351854752708
0.13894976762071
0.13672021146799
0.13024390607301
0.12208350889889
0.11819525538032
0.11629781703909
0.11078631643245
0.10384179938504
0.10053303802551
0.098918405481064
0.094228441734093
0.08831921794354
0.085503853283277
0.084130006498235
0.080139500305785
0.07511169741659
0.072716372610067
0.071547509464334
0.068152448774487
0.063874972594044
0.061837197544779
0.060842819986318
0.05795460402644
0.054315788644368
0.052582334788933
0.051736465267931
0.049279627622555
0.046184364501338
0.044709901181285
0.043990416957811
0.041900690959296
0.039267989174935
0.038013916022112
0.037401979222388
0.035624641830268
0.033385540021813
0.032318991536817
0.03179856326705
0.030287023219871
0.028382809566723
0.027475804103533
0.027033229086339
0.025747820106269
0.024128511127074
0.023357235553475
0.022980892869973
0.021887858489064
0.020510918409813
0.019855100586656
0.019535097506696
0.01860570194719
0.017434922877939
0.016877312380677
0.016605230837824
0.015815022131604
0.014819594565701
0.014345511753505
0.01411418828656
0.013442359040612
0.012596066351258
0.012193019257791
0.011996358043388
0.011425202304591
0.010705736281543
0.010560712768759
0.010488939380335
0.010276532732646
0.0099999997764826