20000.
19997.098478896
19995.647876092
19991.296699233
19985.496603496
19984.774934645
19984.108749496
19983.964961173
19983.328198506
19983.027379827
19982.876972175
19982.425756033
19981.824150419
19981.482179951
19981.311196898
19980.798256546
19980.114356627
19979.772745247
19979.601941734
19979.089539982
19978.406358156
19978.046177611
19977.866089761
19977.325835976
19976.605520394
19976.232595941
19976.046136311
19975.486767892
19974.740967773
19973.609914362
19973.044411632
19971.347999588
19969.086341217
19968.733654319
19967.926447694
19967.522856588
19966.312132273
19964.697947542
19964.317845802
19963.860177308
19963.631346979
19962.944871762
19962.029608283
19961.495388224
19961.228283536
19960.426990955
19959.35865099
19958.836530087
19958.575474738
19957.792329217
19956.748183094
19956.213610635
19955.946329756
19955.144508636
19954.07546403
19953.443162127
19953.127018665
19952.178618381
19950.914154917
19950.262344811
19949.936447719
19948.958788433
19947.655317377
19946.968454773
19946.625032315
19945.594800467
19944.221240912
19943.439405638
19943.048499465
19941.875826976
19940.312371075
19939.458036597
19939.030883053
19937.749477389
19936.041064773
19935.211650782
19934.796956695
19933.552926256
19931.894339932
19931.118635242
19930.730794189
19929.567316369
19928.016118414
19927.050229852
19926.567303092
19925.118593101
19923.18714381
19922.233318954
19921.756423614
19920.32580616
19918.418476221
19917.296265923
19916.735184443
19915.052034919
19912.808057039
19911.640108137
19911.056159332
19909.304415754
19906.968997615
19906.75748426
19906.263254663
19904.780639568
19902.803991409
19901.507447715
19900.859207493
19898.91461361
19896.322117597
19894.789953861
19894.023916183
19891.725980231
19888.662478822
19888.492491775
19886.580048507
19884.030410463
19879.868360769
19877.787662473
19871.546874443
19863.228872325
19860.804043495
19859.331888791
19858.595852305
19856.387906629
19853.444361217
19851.962191368
19851.221147883
19848.998183506
19846.034618519
19844.544246183
19843.799101931
19841.563837159
19838.583876088
19837.938701204
19837.230612176
19835.106496842
19832.274697143
19830.879995392
19830.182681246
19828.090886027
19825.302169247
19820.125645203
19817.537889869
19809.776651254
19799.433062144
19797.948840326
19796.727345052
19793.063311577
19788.178988973
19785.94621591
19784.829923771
19781.481425385
19777.017642859
19774.981693338
19773.9637971
19770.910422896
19766.839991102
19764.672824124
19763.589329656
19760.339202781
19756.006532117
19753.90869942
19752.859866531
19749.713702135
19745.51959618
19743.334277514
19742.241708798
19738.964365566
19734.595421326
19732.07025801
19730.807797427
19727.020900479
19721.972835622
19719.470904282
19718.220057544
19714.46799356
19709.466352657
19706.658345378
19705.254491659
19701.043530725
19695.43031647
19692.412859167
19690.904303768
19686.379331144
19680.347652399
19677.231766546
19675.674008504
19671.001474496
19664.773155805
19661.82442809
19660.350229937
19655.928298856
19650.033938395
19644.880402586
19642.304141361
19634.577385022
19624.279772163
19619.210239866
19616.675964653
19609.075103385
19598.945203772
19594.026833686
19586.343627816
19582.697728185
19580.875032741
19575.407964522
19568.120915327
19563.959679028
19561.879392574
19555.639860641
19547.32358129
19543.37412001
19541.399688474
19535.477590917
19527.584253309
19523.711642367
19521.77562476
19515.968724032
19508.228877329
19503.856162862
19501.670173029
19495.113673779
19486.375104441
19481.369005066
19478.866437493
19471.360663853
19461.357465433
19456.275517459
19453.735040949
19446.115601937
19435.960992979
19431.032330734
19428.568468136
19421.178755062
19411.330177288
19405.552118084
19402.66373327
19394.0011585
19382.457075797
19377.073773393
19374.382682703
19366.311653261
19355.555511663
19348.631424153
19345.170309057
19334.790678621
19320.959835398
19311.483515115
19306.747097702
19292.544815073
19273.624690257
19264.056797769
19259.274632466
19244.935258922
19225.832702284
19222.838396504
19218.767239981
19206.558943607
19190.293279282
19188.297847289
19184.658571098
19173.74488392
19159.202959567
19151.723211055
19147.984431626
19136.772472611
19121.833407088
19114.391561847
19110.671725104
19099.516558349
19084.653132383
19076.385275038
19072.252689331
19059.86030359
19043.349648788
19035.490564836
19031.562238927
19019.78212521
19004.086650232
18995.584575496
18991.334964293
18978.591834698
18961.614296869
18952.909194029
18948.558141062
18935.510975164
18918.128729299
18906.863891405
18901.233987665
18884.354333796
18861.871577441
18848.325038394
18841.555417209
18821.261139553
18794.236104193
18790.748758492
18784.401858133
18765.374017755
18740.033545512
18726.49677431
18719.732055479
18699.452558497
18672.447402103
18667.236262209
18660.286561484
18639.452980483
18611.711052954
18598.890460928
18592.483476595
18573.275764057
18547.696347023
18534.957360401
18528.591148029
18509.505628494
18484.088849095
18470.264667898
18463.356454414
18442.647313905
18415.071257377
18398.308975707
18389.933556804
18364.830170732
18331.412289782
18307.692987785
18295.844847428
18260.346414648
18213.122292466
18204.628107497
18167.999827974
18150.172825067
18123.076254549
18106.562129283
18098.310709898
18073.579007858
18040.655972541
18019.180189576
18008.45188607
17976.305286598
17933.532405095
17909.39992239
17897.345860689
17861.232334023
17813.194298438
17786.886488028
17773.74715541
17734.38736769
17682.043207667
17652.152934975
17637.22675065
17592.523884285
17533.096267421
17531.455401345
17519.65392992
17484.297161674
17437.265779217
17412.904125372
17400.736063918
17364.282875531
17315.797393977
17281.320897462
17264.108398041
17212.57369776
17144.09999043
17138.459346844
17116.331720931
17050.120114094
16962.236230788
16919.172211257
16897.681216636
16833.371886472
16748.006680891
16731.76595221
16674.789953284
16648.499467359
16635.369771697
16596.042781732
16543.751384335
16517.489222064
16504.373777663
16465.089897975
16412.856808922
16378.802594943
16361.801992376
16310.905990004
16243.290850846
16209.359098115
16192.419810659
16141.708089342
16074.339434779
16039.555759404
16022.192156595
15970.214051063
15901.172126336
15856.099730101
15833.611462664
15766.337849735
15677.08412415
15620.19850678
15591.8331482
15507.045761579
15394.712707571
15321.150494304
15284.501306452
15175.078913428
15030.399992541
14978.387292259
14876.985760042
14854.783258403
14822.143928775
14724.655610841
14595.667893601
14557.26051621
14464.982980786
14415.144711033
14390.290004419
14315.982720917
14217.502878542
14153.858837432
14122.14373179
14027.424174631
13902.118950908
13897.125275257
13826.637483748
13733.209602708
13675.262158927
13646.380190697
13560.099765195
13445.907192046
13376.02565702
13341.221201649
13237.350266451
13100.112602494
13036.858986778
13005.34680094
12911.266532208
12786.884004431
12709.046319626
12670.305338221
12554.789525589
12402.40504935
12302.725402564
12253.186405701
12105.763075422
11911.954067678
11886.253162006
11769.727949749
11616.136047534
11598.916414296
11488.40429762
11342.690988342
11270.363462054
11234.372831207
11127.0890691
10985.63606627
10919.647404052
10886.801862732
10788.856838458
10659.632837072
10588.036815402
10552.419333804
10446.28417305
10306.429330673
10243.845079782
10212.695609145
10119.814366227
9997.2854088192
9930.9320640548
9897.9207209286
9799.5436352517
9669.8935188295
9588.937766019
9548.7144010903
9429.0538500807
9271.8358220926
9253.5139235975
9217.392822541
9109.8733178034
8968.4624345669
8904.5671157752
8872.7903642689
8778.1388864192
8653.5057157243
8592.5463941052
8562.2279552962
8471.9129988256
8352.9732259951
8296.3801465262
8268.2275535507
8184.3416742367
8073.8162378538
8014.2639064564
7984.6526629839
7896.4737703076
7780.4148747965
7711.516302337
7677.2961486499
7575.5441197622
7441.969461592
7416.3003776091
7328.3085925248
7212.6080653846
7158.2445344128
7131.2166181634
7050.7436414345
6944.857184231
6895.3336345163
6870.7044471996
6797.3434656015
6700.7458539755
6646.0253399788
6618.8328844411
6537.9212563579
6431.5756028723
6383.234910547
6359.200984736
6287.640799279
6193.4782976737
6143.4778284008
6118.6291679504
6044.6846013741
5947.4800783647
5903.2167321423
5881.2087451266
5815.6758573396
5729.4331664903
5685.0699016857
5663.0172494157
5597.3712294518
5511.0254186039
5468.8935727161
5447.9485894583
5385.5937105983
5303.5626456676
5261.9541813749
5241.272521056
5179.7139913898
5098.7591596288
5059.6092675676
5040.1471917547
4982.2089883536
4905.9927622297
4868.6267452254
4850.0505941931
4794.7463248075
4721.9870328093
4685.8192551852
4667.8393823842
4614.3126502349
4543.8972591931
4509.0156018798
4491.6753154075
4440.0535461543
4372.1462215512
4339.0455545414
4322.5893132401
4273.5941169663
4209.1299752492
4177.5597359343
4161.8635226855
4115.1278490597
4053.6289875018
4023.3761761462
4008.3345428528
3963.546209326
3904.6059557907
3875.4296166884
3860.9233034114
3817.7293492875
3760.8881725221
3732.7648086032
3718.7820875476
3677.1474131311
3622.3587110063
3595.6282096896
3582.3370189975
3542.7575073355
3490.664230172
3464.9539398646
3452.1698940599
3414.1000656675
3363.9925609246
3339.3416748231
3327.0840532144
3290.58049228
3242.5313275401
3218.9564192885
3207.233318134
3172.3195608267
3126.3583912212
3103.986965048
3092.8613545122
3059.7232182644
3016.0906900808
2994.5747193552
2983.874360221
2952.0021486309
2910.0348183473
2889.4015821127
2879.13988975
2848.5729629371
2808.3212760438
2788.5932382599
2778.7812495911
2749.5519472605
2711.0572524065
2692.1623353954
2682.7643172835
2654.7666507967
2617.8904178767
2599.7515520861
2590.7293033721
2563.8499906328
2528.4442197596
2511.0677025613
2502.4242767324
2476.672102094
2442.7476425621
2426.1187034839
2417.8467320125
2393.1996566669
2360.7272790035
2344.790239485
2336.8621106713
2313.2382011514
2282.110737779
2266.8320187769
2259.2310607234
2236.5807676384
2206.7332278022
2192.0974329721
2184.8159764155
2163.1164069408
2134.5185330527
2120.4613447069
2113.4675040996
2092.6240844097
2065.1522726647
2051.6884288694
2044.9894591061
2025.0235022422
1998.7051313091
1985.7760515075
1979.3429080362
1960.1682540471
1934.8906876134
1922.4887753248
1916.3176599678
1897.922914929
1873.6709636088
1861.7451080246
1855.8106754434
1838.1206358966
1814.7959472905
1803.3400471115
1797.6392434619
1780.6447355468
1758.2350504537
1747.2094424815
1741.7225926764
1725.3652115834
1703.7940873877
1693.1844619748
1687.9044496827
1672.1629992429
1651.402527448
1641.1856570499
1636.100949559
1620.9411531449
1600.9463733227
1591.1122893754
1586.2179231044
1571.6249722691
1552.3763302911
1542.8889424156
1538.1670137307
1524.0877588526
1505.5156829567
1496.3666980893
1491.8130757974
1478.2351843385
1460.3233725957
1451.4896388428
1447.0928306481
1433.982157521
1416.6858486959
1408.1510934911
1403.9030164336
1391.2355243511
1374.5231571934
1366.2712578434
1362.1639039837
1349.9157810514
1333.7560955945
1325.7767113034
1321.8049384251
1309.9608699191
1294.3337052087
1286.6115954257
1282.7678340129
1271.3053128079
1256.1811243434
1248.6760181847
1244.9402964464
1233.8000561233
1219.1013188048
1211.8339285601
1208.2164954202
1197.428857871
1183.1950218478
1176.1348281564
1172.6205450163
1162.140574634
1148.3128334312
1141.451523278
1138.0362572308
1127.8516490162
1114.413812546
1107.7379931632
1104.4150948701
1094.5060874563
1081.4322380213
1074.9299646662
1071.6935034328
1062.0424700871
1049.309487004
1042.9718871534
1039.8174556195
1030.4112889498
1018.0019604659
1011.8162069431
1008.7374393505
999.55723177761
987.44678539845
981.40464311076
978.3974502634
969.43104665194
957.60353499359
951.69313323202
948.75162603045
939.98154246732
928.41407650101
922.62676890093
919.74665725756
911.16015466353
899.83605135999
894.1614656627
891.33760623764
882.91942414697
871.81872690136
866.24808968651
863.47613307976
855.21337107356
844.31921965406
838.84290741293
836.11808542478
827.99661135375
817.2905598318
811.89917448675
809.21683323388
801.2228641474
790.6869463047
785.37056054197
782.72578730303
774.84478651435
764.46008324975
759.20754212169
756.59482056513
748.81048082004
738.55580449459
733.35376699304
730.76650448127
723.05935559901
712.90945254015
707.73998149578
705.16931970261
697.5132223006
687.43423968691
682.27030147485
679.70289706449
672.05850626275
661.99955593112
656.79346507654
654.20579277428
646.50378609009
636.3753118611
631.02257483433
628.36311365019
620.45179194874
610.05809017259
604.21295361731
601.31142023767
592.69015513909
581.3871064029
574.89773280461
571.68025911561
562.13547748684
549.65653508597
545.85261065899
536.74180943976
536.5254446182
534.57966476939
528.78456298892
521.15536609546
519.89483301063
518.20082142605
513.15183337467
506.49629071152
503.51499776966
502.03093824025
497.60495303199
491.7642785329
489.1018558747
487.77605474001
483.82017556774
478.59553129646
476.19889016222
475.00507385123
471.44155227111
466.73174181794
464.57484485962
463.50013704181
460.29090757999
456.04647381238
454.11256559613
453.14868893857
450.26931700654
446.45859504892
444.73964918421
443.88265962696
441.32158659844
437.92979403333
437.39542236986
436.64328075066
434.3946073717
431.4143802338
431.35653103384
430.72288157617
428.827512699
426.3133221322
424.93609165568
424.249145725
422.19496390165
419.47151859547
417.99596838206
417.26014078419
415.0604209559
412.14548993525
410.57052805776
409.7853054442
407.43863674058
404.33063628896
402.61248366947
401.75614714139
399.19805050475
395.81257447869
393.86467890607
392.89432878731
389.9975987285
386.16848711632
383.88696573252
382.75126473929
379.36428151735
374.89488085945
372.13883504189
370.7684192847
366.68737760229
361.31577909483
358.24971465693
356.72645295651
352.19541908115
346.2434396544
342.67566860099
340.90559288195
335.6500367897
328.76844719587
324.35781889052
322.17474366178
315.71328191265
307.29913346289
302.06683815691
299.48419403231
291.86799671211
282.01350519477
274.68958518703
271.09926279919
260.6074139588
247.2471774403
241.49223579541
232.14153015618
227.5989880261
225.3611594609
218.7788292745
210.30047965177
204.7064339577
201.96546193007
193.96079305273
183.77922345189
178.0061365024
175.18795972955
166.99831818713
156.6712194549
151.80309826825
149.42605846478
142.51594534085
133.7969715467
129.6912834058
127.68592875187
121.85400172184
114.49033002939
111.00772575774
109.30635284989
104.35709959328
98.104922304975
95.138729651881
93.689435594064
89.472680225435
84.144076665206
81.609780644298
80.37140135075
76.767877325278
72.21324432912
70.042669545014
68.981972096657
65.895287194915
61.99348100703
60.131177346805
59.221110757349
56.5727218792
53.22484980099
51.625261816471
50.843586496865
48.568860175836
45.693408844202
44.318643716673
43.646850591273
41.691955464134
39.220946683398
38.039114012963
37.461619896513
35.781210907509
33.657331301854
32.641345070679
32.144911222565
30.700452993126
28.874968797992
28.001677107008
27.57498613476
26.333530112251
24.764759992158
24.014293761611
23.647632430054
22.580898006847
21.233060749756
20.588327609377
20.27333999462
19.356998003324
18.199310861581
17.645588020314
17.375076719583
16.588171569106
15.594121181436
15.118719054825
14.886480822811
14.210952237035
13.357690168624
12.949669309297
12.750356676437
12.170636788555
11.438469765376
11.088399843548
10.917403259709
10.420073347213
9.7920286829156
9.4917818130564
9.3451285721823
8.9186246138134
8.380077326091
8.1226501159726
7.99691732238
7.6312764396425
7.1696280983296
6.9489880769997
6.8412275341132
6.5278691630341
6.1322707184457
5.9432236429572
5.8508969546927
5.5824337747289
5.2435460853437
5.0816212242905
5.002543690436
4.7726181800271
4.482405013413
4.3439053805874
4.2762687077639
4.0796121738845
3.8313992013825
3.7127069098089
3.6547468189077
3.4862392583619
3.2735857010209
3.1720219688444
3.1224279205114
2.9782498487053
2.7963148776769
2.7094343434054
2.6670116324455
2.5436874453527
2.3880799625354
2.3137808044858
2.2775026335429
2.1720454621159
2.0389924204062
1.975470051144
1.9444548744953
1.854300546245
1.7405632336148
1.6862688810293
1.6597601565934
1.5827082430632
1.4855076960649
1.4391126489374
1.4164613607162
1.3506242961357
1.2675769361046
1.2279417045224
1.2085912885257
1.1523504894221
1.0814126232619
1.0475603515082
1.0310337010889
0.98300174227163
0.92242173043974
0.89351528607154
0.87940355475187
0.83839158010897
0.78666863069604
0.76199087143293
0.74994382941837
0.71493348703262
0.6707821755932
0.64971895939025
0.63943669120126
0.60955597350635
0.57187570428241
0.55390127082308
0.54512703217494
0.51962949113346
0.48747822799137
0.47214262372507
0.46465669734005
0.44290356776054
0.41547524387622
0.40239351231981
0.39600792655036
0.37745276090971
0.35405786469023
0.34290075604371
0.33745474607155
0.32163021077316
0.30167910510278
0.29216509711356
0.28752120696329
0.27402774357031
0.2570163429032
0.24890478918544
0.24494552471646
0.23344161464946
0.21893908919595
0.21202434054221
0.20864929787386
0.19884311048857
0.18648133875231
0.18058769824783
0.1777110996187
0.16935332585549
0.15881784563659
0.15379524423824
0.15134382585593
0.14422153589163
0.135243789022
0.13096407829432
0.12887527970899
0.1228066578153
0.11515734320878
0.11151111780398
0.10973153009025
0.10456136239715
0.098044740293916
0.09493861649899
0.09342265322574
0.089018463505261
0.083467478188323
0.080821766692949
0.079530527424229
0.07577927271392
0.071051381940352
0.068798091088586
0.067698386369557
0.064503622475483
0.06047722075709
0.058558349352649
0.057621867104805
0.054901325277163
0.051472686170844
0.04983877071195
0.049041366799163
0.046724891130557
0.043805564136447
0.042414422786484
0.041735507833794
0.039763273193313
0.037277836230632
0.036093507615333
0.035515528817469
0.033836534378784
0.031720692796908
0.030712518264917
0.030220511387533
0.028791278752052
0.026990223693564
0.026132076026535
0.02571328876266
0.024496766921928
0.022963793360767
0.022233406044645
0.02187697062271
0.020841584668002
0.019536892086596
0.018915289012998
0.018611943812093
0.017730785988329
0.016620458393208
0.01609147475236
0.015833330346823
0.015083479886095
0.014138627479478
0.013688495917283
0.01346883304701
0.012830769034092
0.01202678776336
0.011643777505139
0.011456871000862
0.010913961043719
0.010229888579796
0.01018349186689
0.010160372478965
0.010091328767275
0.0099999997764826