20000.
19997.098478896
19995.647876092
19991.296699233
19985.496603496
19984.774934645
19984.108749496
19983.964961173
19983.328198506
19983.027379827
19982.876972175
19982.425756033
19981.824150419
19981.482179951
19981.311196898
19980.798256546
19980.114356627
19979.772745247
19979.601941734
19979.089539982
19978.406358156
19978.046177611
19977.866089761
19977.325835976
19976.605520394
19976.232595941
19976.046136311
19975.486767892
19974.740967773
19973.609914362
19973.044411632
19971.347999588
19969.086341217
19968.733654319
19967.926447694
19967.522856588
19966.312132273
19964.697947542
19964.317845802
19963.860177308
19963.631346979
19962.944871762
19962.029608283
19961.495388224
19961.228283536
19960.426990955
19959.35865099
19958.836530087
19958.575474738
19957.792329217
19956.748183094
19956.213610635
19955.946329756
19955.144508636
19954.07546403
19953.443162127
19953.127018665
19952.178618381
19950.914154917
19950.262344811
19949.936447719
19948.958788433
19947.655317377
19946.968454773
19946.625032315
19945.594800467
19944.221240912
19943.439405638
19943.048499465
19941.875826976
19940.312371075
19939.458036597
19939.030883053
19937.749477389
19936.041064773
19935.211650782
19934.796956695
19933.552926256
19931.894339932
19931.118635242
19930.730794189
19929.567316369
19928.016118414
19927.050229852
19926.567303092
19925.118593101
19923.18714381
19922.233318954
19921.756423614
19920.32580616
19918.418476221
19917.296265923
19916.735184443
19915.052034919
19912.808057039
19911.640108137
19911.056159332
19909.304415754
19906.968997615
19906.75748426
19906.263254663
19904.780639568
19902.803991409
19901.507447715
19900.859207493
19898.91461361
19896.322117597
19894.789953861
19894.023916183
19891.725980231
19888.662478822
19888.492491775
19886.580048507
19884.030410463
19879.868360769
19877.787662473
19871.546874443
19863.228872325
19860.804043495
19859.331888791
19858.595852305
19856.387906629
19853.444361217
19851.962191368
19851.221147883
19848.998183506
19846.034618519
19844.544246183
19843.799101931
19841.563837159
19838.583876088
19837.938701204
19837.230612176
19835.106496842
19832.274697143
19830.879995392
19830.182681246
19828.090886027
19825.302169247
19820.125645203
19817.537889869
19809.776651254
19799.433062144
19797.948840326
19796.727345052
19793.063311577
19788.178988973
19785.94621591
19784.829923771
19781.481425385
19777.017642859
19774.981693338
19773.9637971
19770.910422896
19766.839991102
19764.672824124
19763.589329656
19760.339202781
19756.006532117
19753.90869942
19752.859866531
19749.713702135
19745.51959618
19743.334277514
19742.241708798
19738.964365566
19734.595421326
19732.07025801
19730.807797427
19727.020900479
19721.972835622
19719.470904282
19718.220057544
19714.46799356
19709.466352657
19706.658345378
19705.254491659
19701.043530725
19695.43031647
19692.412859167
19690.904303768
19686.379331144
19680.347652399
19677.231766546
19675.674008504
19671.001474496
19664.773155805
19661.82442809
19660.350229937
19655.928298856
19650.033938395
19644.880402586
19642.304141361
19634.577385022
19624.279772163
19619.210239866
19616.675964653
19609.075103385
19598.945203772
19594.026833686
19586.343627816
19582.697728185
19580.875032741
19575.407964522
19568.120915327
19563.959679028
19561.879392574
19555.639860641
19547.32358129
19543.37412001
19541.399688474
19535.477590917
19527.584253309
19523.711642367
19521.77562476
19515.968724032
19508.228877329
19503.856162862
19501.670173029
19495.113673779
19486.375104441
19481.369005066
19478.866437493
19471.360663853
19461.357465433
19456.275517459
19453.735040949
19446.115601937
19435.960992979
19431.032330734
19428.568468136
19421.178755062
19411.330177288
19405.552118084
19402.66373327
19394.0011585
19382.457075797
19377.073773393
19374.382682703
19366.311653261
19355.555511663
19348.631424153
19345.170309057
19334.790678621
19320.959835398
19311.483515115
19306.747097702
19292.544815073
19273.624690257
19264.056797769
19259.274632466
19244.935258922
19225.832702284
19222.838396504
19218.767239981
19206.558943607
19190.293279282
19188.297847289
19184.658571098
19173.74488392
19159.202959567
19151.723211055
19147.984431626
19136.772472611
19121.833407088
19114.391561847
19110.671725104
19099.516558349
19084.653132383
19076.385275038
19072.252689331
19059.86030359
19043.349648788
19035.490564836
19031.562238927
19019.78212521
19004.086650232
18995.584575496
18991.334964293
18978.591834698
18961.614296869
18952.909194029
18948.558141062
18935.510975164
18918.128729299
18906.863891405
18901.233987665
18884.354333796
18861.871577441
18848.325038394
18841.555417209
18821.261139553
18794.236104193
18790.748758492
18784.401858133
18765.374017755
18740.033545512
18726.49677431
18719.732055479
18699.452558497
18672.447402103
18667.236262209
18660.286561484
18639.452980483
18611.711052954
18598.890460928
18592.483476595
18573.275764057
18547.696347023
18534.957360401
18528.591148029
18509.505628494
18484.088849095
18470.264667898
18463.356454414
18442.647313905
18415.071257377
18398.308975707
18389.933556804
18364.830170732
18331.412289782
18307.692987785
18295.844847428
18260.346414648
18213.122292466
18204.628107497
18167.999827974
18150.172825067
18123.076254549
18106.562129283
18098.310709898
18073.579007858
18040.655972541
18019.180189576
18008.45188607
17976.305286598
17933.532405095
17909.39992239
17897.345860689
17861.232334023
17813.194298438
17786.886488028
17773.74715541
17734.38736769
17682.043207667
17652.152934975
17637.22675065
17592.523884285
17533.096267421
17531.455401345
17519.65392992
17484.297161674
17437.265779217
17412.904125372
17400.736063918
17364.282875531
17315.797393977
17281.320897462
17264.108398041
17212.57369776
17144.09999043
17138.459346844
17116.331720931
17050.120114094
16962.236230788
16919.172211257
16897.681216636
16833.371886472
16748.006680891
16731.76595221
16674.789953284
16648.499467359
16635.369771697
16596.042781732
16543.751384335
16517.489222064
16504.373777663
16465.089897975
16412.856808922
16378.802594943
16361.801992376
16310.905990004
16243.290850846
16209.359098115
16192.419810659
16141.708089342
16074.339434779
16039.555759404
16022.192156595
15970.214051063
15901.172126336
15856.099730101
15833.611462664
15766.337849735
15677.08412415
15620.19850678
15591.8331482
15507.045761579
15394.712707571
15321.150494304
15284.501306452
15175.078913428
15030.399992541
14978.387292259
14876.985760042
14854.783258403
14822.143928775
14724.655610841
14595.667893601
14557.26051621
14464.982980786
14415.144711033
14390.290004419
14315.982720917
14217.502878542
14153.858837432
14122.14373179
14027.424174631
13902.118950908
13897.125275257
13826.637483748
13733.209602708
13675.262158927
13646.380190697
13560.099765195
13445.907192046
13376.02565702
13341.221201649
13237.350266451
13100.112602494
13036.858986778
13005.34680094
12911.266532208
12786.884004431
12709.046319626
12670.305338221
12554.789525589
12402.40504935
12302.725402564
12253.186405701
12105.763075422
11911.954067678
11886.253162006
11769.727949749
11616.136047534
11598.916414296
11488.40429762
11342.690988342
11270.363462054
11234.372831207
11127.0890691
10985.63606627
10919.647404052
10886.801862732
10788.856838458
10659.632837072
10588.036815402
10552.419333804
10446.28417305
10306.429330673
10243.845079782
10212.695609145
10119.814366227
9997.2854088192
9930.9320640548
9897.9207209286
9799.5436352517
9669.8935188295
9588.937766019
9548.7144010903
9429.0538500807
9271.8358220926
9253.5139235975
9217.392822541
9109.8733178034
8968.4624345669
8904.5671157752
8872.7903642689
8778.1388864192
8653.5057157243
8592.5463941052
8562.2279552962
8471.9129988256
8352.9732259951
8296.3801465262
8268.2275535507
8184.3416742367
8073.8162378538
8014.2639064564
7984.6526629839
7896.4737703076
7780.4148747965
7711.516302337
7677.2961486499
7575.5441197622
7441.969461592
7416.3003776091
7328.3085925248
7212.6080653846
7158.2445344128
7131.2166181634
7050.7436414345
6944.857184231
6895.3336345163
6870.7044471996
6797.3434656015
6700.7458539755
6646.0253399788
6618.8328844411
6537.9212563579
6431.5756028723
6383.234910547
6359.200984736
6287.640799279
6193.4782976737
6143.4778284008
6118.6291679504
6044.6846013741
5947.4800783647
5903.2167321423
5881.2087451266
5815.6758573396
5729.4331664903
5685.0699016857
5663.0172494157
5597.3712294518
5511.0254186039
5468.8935727161
5447.9485894583
5385.5937105983
5303.5626456676
5261.9541813749
5241.272521056
5179.7139913898
5098.7591596288
5059.6092675676
5040.1471917547
4982.2089883536
4905.9927622297
4868.6267452254
4850.0505941931
4794.7463248075
4721.9870328093
4685.8192551852
4667.8393823842
4614.3126502349
4543.8972591931
4509.0156018798
4491.6753154075
4440.0535461543
4372.1462215512
4339.0455545414
4322.5893132401
4273.5941169663
4209.1299752492
4177.5597359343
4161.8635226855
4115.1278490597
4053.6289875018
4023.3761761462
4008.3345428528
3963.546209326
3904.6059557907
3875.4296166884
3860.9233034114
3817.7293492875
3760.8881725221
3732.7648086032
3718.7820875476
3677.1474131311
3622.3587110063
3595.6282096896
3582.3370189975
3542.7575073355
3490.664230172
3464.9539398646
3452.1698940599
3414.1000656675
3363.9925609246
3339.3416748231
3327.0840532144
3290.58049228
3242.5313275401
3218.9564192885
3207.233318134
3172.3195608267
3126.3583912212
3103.986965048
3092.8613545122
3059.7232182644
3016.0906900808
2994.5747193552
2983.874360221
2952.0021486309
2910.0348183473
2889.4015821127
2879.13988975
2848.5729629371
2808.3212760438
2788.5932382599
2778.7812495911
2749.5519472605
2711.0572524065
2692.1623353954
2682.7643172835
2654.7666507967
2617.8904178767
2599.7515520861
2590.7293033721
2563.8499906328
2528.4442197596
2511.0677025613
2502.4242767324
2476.672102094
2442.7476425621
2426.1187033511
2417.846731814
2393.199656274
2360.7272783575
2344.8031149328
2336.8813588884
2313.2763092057
2282.1733973095
2266.8967435093
2259.296806615
2236.6495317132
2206.8059118911
2192.1760689273
2184.8975574542
2163.2067010724
2134.6201634304
2120.5671685781
2113.5754023184
2092.7381169801
2065.2742802125
2051.8042644793
2045.1022370311
2025.1272191698
1998.7970250474
1985.8707808047
1979.4390398909
1960.2685332951
1934.9963579414
1922.5886033548
1916.4145933526
1898.0112693969
1873.7481214918
1861.8230721511
1855.8890376623
1838.2001724825
1814.8770038782
1803.4184593544
1797.7163448586
1780.7179492968
1758.3031841494
1747.2804895321
1741.7950816767
1725.4419680874
1703.8763995009
1693.2679054021
1687.9884522764
1672.2486536306
1651.4903250405
1641.2797286152
1636.1981277018
1621.0475305262
1601.0647387237
1591.2259935444
1586.3293164899
1571.7295119254
1552.4719129044
1542.9871198402
1538.2664753101
1524.1910203942
1505.6238901548
1496.4737312125
1491.919525741
1478.3399000518
1460.4258113454
1451.5908629246
1447.1934515067
1434.0809850207
1416.782322702
1408.2469578694
1403.9985774411
1391.3301809817
1374.6166212592
1366.3634129094
1362.2554091868
1350.0053550632
1333.843137143
1325.8795621776
1321.9156218248
1310.0947649417
1294.4978898431
1286.7673429789
1282.9193986542
1271.4444699812
1256.3040640024
1248.8009782941
1245.0662560675
1233.928971828
1219.2340781435
1211.9596051475
1208.3386605851
1197.5406075327
1183.2931580532
1176.2321743586
1172.7174984448
1162.2363585885
1148.4070785334
1141.5454579229
1138.1300367762
1127.9449637896
1114.5065088844
1107.8307984433
1104.5079528811
1094.5990967776
1081.525433269
1075.0230123688
1071.7864767632
1062.1352179396
1049.4019288223
1043.0636308514
1039.9088521574
1030.5016515541
1018.0909619357
1011.9055478673
1008.8269472181
999.64722945616
987.5374108054
981.49454505957
978.48699253328
969.51951802612
957.69059731873
951.78012373614
948.83857971083
940.06838207271
928.50075574874
922.71278053181
919.83233694041
911.24484589027
899.91944171793
894.24470255944
891.42076588455
883.00235000287
871.9013363808
866.33029364742
863.55813496037
855.29476941934
844.39981957031
838.92325324371
836.19830417657
828.07644874153
817.36988849261
811.97842524286
809.2960441264
801.30195185745
790.76586155391
785.44930055644
782.80443924447
774.92317245043
764.53811045562
759.28545636413
756.67267752453
748.88816277705
738.63324591699
733.43112267175
730.84381629786
723.13653193028
712.98643931736
707.81689791763
705.24619980854
697.58998897733
687.51084488738
682.34702159559
679.77967237184
672.13543816267
662.07667608635
656.87081147652
654.28324916669
646.58156011569
636.45348113362
631.10139875376
628.44225867581
620.53187577214
610.13936957911
604.29701407165
601.3968483842
592.77959639934
581.48169274486
574.99058704435
571.77225740966
562.2249477883
549.74272593495
545.91431679884
536.79639258951
536.58779182798
534.64095971278
528.84274187281
521.20948397508
519.95049120975
518.25571382544
513.20445469441
506.54594457598
503.56342937776
502.07876347808
497.65097803062
491.80794675211
489.14463345662
487.81839014408
483.86119690477
478.63482933426
476.23740010165
475.04319233516
471.47850668925
466.76716795442
464.60954712741
463.53447960312
460.32417987444
456.0783395577
454.14374764806
453.17953110559
450.29914731808
446.48709426952
444.76747287383
443.91014734527
441.3480735395
437.95496313259
437.4192343597
436.66672549369
434.41695751949
431.43528748112
431.37569120779
430.74161980982
428.84499229326
426.32914020034
424.95220195348
424.26540136715
422.21165251017
419.48877738438
418.01345021126
417.27773346449
415.07834352791
412.16384619796
410.5891611365
409.8040760363
407.45781631537
404.35035293916
402.6326371344
401.77651748663
399.21906542263
395.83443479117
393.88722747511
392.91721874295
390.02150195989
386.19371624162
383.91310131629
382.77784919999
379.39219535748
374.92452743919
372.16971986733
370.79991579301
366.72067973575
361.35142110828
358.28626880622
356.76345639256
352.23374361388
346.28346430878
342.71735172417
340.94809079499
335.69492221867
328.81638614797
324.40728157753
322.22494958848
315.76564463116
307.35420655582
302.12509349834
299.54399368545
291.93224702696
282.08327945972
274.7261738844
271.11989286179
260.58260683219
247.16718623664
241.47128967696
232.10177659371
227.54355692757
225.29812700154
218.69391426183
210.1884535558
204.51115589247
201.73027340435
193.61245834082
183.29456938727
177.53489758607
174.72329106926
166.55282556447
156.25009098856
151.3958608266
149.02559434383
142.13513495591
133.4408789061
129.34569354402
127.34547373006
121.52849870651
114.18374818739
110.70797398915
109.00996659076
104.07061429281
97.831189966323
94.868968417618
93.421664042891
89.210887811415
83.89026139466
81.358917336205
80.122034155285
76.523070144937
71.974658663552
69.807417666335
68.748393118583
65.666744992578
61.771679451021
59.913448611325
59.005401836258
56.363004483614
53.022958446557
51.427908343995
50.648467995956
48.380312707804
45.513316583449
44.143154591363
43.473620132955
41.525333448272
39.062757198344
37.88529700026
37.309943962705
35.635782477719
33.51983756332
32.507834239153
32.01334844531
30.574565784958
28.756270641319
27.886514594332
27.46155176202
26.225126150208
24.662718031296
23.915341953793
23.550190427375
22.487848600542
21.145561670677
20.503504492623
20.189824013112
19.277283811558
18.124397897257
17.572979819642
17.303594175661
16.519962378517
15.530044515686
15.056621181346
14.825349314415
14.152630539624
13.302915054093
12.89658998097
12.698105454588
12.120793185569
11.391664671262
11.043046407561
10.872758683877
10.377489577626
9.7520454689169
9.4530404319017
9.3069935704265
8.8822524050004
8.3459294291209
8.0895640846646
7.964349778418
7.6002161211263
7.1404694846468
6.9207371591764
6.8134198139563
6.5013497587279
6.1073767155803
5.9191053640287
5.8271574265318
5.559795187836
5.222296419131
5.0610343672809
4.9822804452965
4.7532955702492
4.4642690203057
4.3263463068512
4.2589911804904
4.0631525100727
3.8159701662738
3.6977603297005
3.6400357797206
3.472212805737
3.2604227365106
3.1592708578202
3.1098778786926
2.9662841913352
2.7850862941892
2.6985573762487
2.6563063229225
2.5334810256758
2.3785027545577
2.304503741286
2.2683720968935
2.1633407655742
2.0308247789807
1.9675585794838
1.9366684589881
1.8468775636674
1.7335985799224
1.6795228331527
1.6531208250205
1.5763790382425
1.4795695781921
1.4333610544905
1.4108008193252
1.3452283563715
1.2625146594786
1.2230385548759
1.2037658167413
1.1477507454475
1.077097510767
1.0433809749317
1.0269205828821
0.97908116303783
0.91874392351521
0.88995324696188
0.87589802579989
0.83505025934187
0.78353435191091
0.75895531651669
0.74695646415881
0.71208614911127
0.66811138460122
0.64713234697525
0.63689116786806
0.60712984250441
0.56960009804935
0.55169743200854
0.54295822379963
0.51756246847786
0.48553952791429
0.47026510233217
0.4628090374745
0.44114267295222
0.4138237311778
0.40079414568633
0.39443401223116
0.37595279894166
0.35265112917438
0.3415384625715
0.33611414431029
0.3203526336919
0.30048097621312
0.29100484016775
0.28637943468597
0.27293967706257
0.25599597520665
0.24791669085014
0.24397317632592
0.232515025748
0.21807018075599
0.21118292499505
0.20782130082356
0.19805409857629
0.18574146676469
0.17987124774104
0.17700608033179
0.1686815174886
0.15818789775376
0.15318524720642
0.15074356603897
0.14364956500981
0.13470747380733
0.13044475601669
0.12836425091628
0.12231972323128
0.11470077644977
0.11106902210239
0.10929649699887
0.10414684735335
0.097656085255241
0.094562285213871
0.09305233649526
0.088665619808495
0.083136656171264
0.080501438143961
0.079215320124537
0.075478943121143
0.070769802714748
0.068525446538175
0.067430102274621
0.064248005764446
0.060237568421283
0.058326306050106
0.057393537238097
0.054683782945279
0.051268738606356
0.049641300855391
0.048847058229995
0.046539765997455
0.04363201200195
0.042246385088955
0.041570161297005
0.039605744291182
0.037130158920595
0.035950522057468
0.035374832939412
0.033702489886117
0.031595030272579
0.030590850273817
0.030100792791357
0.028677222931941
0.026883303787382
0.026028555083884
0.025611426564959
0.024399723184328
0.022872821555128
0.022145324916701
0.021790300204315
0.020759012256085
0.019459483867709
0.018840343094506
0.018538199514779
0.017660532190169
0.016554602956518
0.016027714761484
0.015770592941707
0.015023712884343
0.014082603404285
0.013634254301126
0.013415461279825
0.012779924008634
0.011979126635047
0.011597635615954
0.011411470473521
0.010870713895539
0.010189354569044
0.010151198918298
0.010132174704948
0.010075315718571
0.0099999997764826