0.9990872720144192
0.9990626285206348
0.9990503061954061
0.9990133391145514
0.99896404771257
0.9989639749190246
0.998954342207533
0.9989508213863004
0.9989490238867855
0.9989450277803759
0.9989428891620277
0.9989418198481815
0.9989386119048153
0.9989343346337466
0.9989319659423804
0.9989307815910299
0.9989272285348978
0.9989224911101765
0.9989197190166793
0.9989183329622089
0.9989141747961588
0.9989086305521934
0.9989055939222079
0.9989040755981035
0.9988995206227702
0.9988934472948657
0.9988899836397369
0.9988882518003085
0.9988830562783967
0.9988761288797696
0.9988663156848179
0.9988614089953721
0.9988466889066393
0.9988270618190342
0.9988212920629946
0.9988122120293941
0.9988111890724131
0.9988092027670518
0.9988032438463934
0.9987952985712518
0.998790923233014
0.9987887355451995
0.9987821724764703
0.9987734216595586
0.9987689600951217
0.9987667292932086
0.9987600368819927
0.9987511136067044
0.9987457211328276
0.998743024867719
0.9987349360651595
0.9987241509046755
0.998718511628607
0.9987156919591781
0.998707232943026
0.9986959541564465
0.9986902144328853
0.998687344538855
0.9986787348485873
0.9986672551598194
0.998661785553477
0.9986590507209779
0.9986508462159713
0.9986399067833098
0.9986341198872588
0.9986312264063719
0.9986225459554668
0.9986109719174705
0.9986043420781042
0.9986010271157192
0.9985910822182748
0.9985778222186737
0.9985705647223301
0.9985669359231386
0.9985560495133253
0.9985415341377908
0.9985346359193386
0.9985311867642837
0.9985208392879715
0.9985070425047711
0.9985005179252833
0.9984972555938749
0.9984874685894136
0.9984744191188957
0.9984662702423696
0.9984621957402576
0.9984499722193131
0.9984336739835199
0.9984305616038724
0.9984267469301438
0.998415302895803
0.9984000440028967
0.9983922248763842
0.9983883152541918
0.9983765863740328
0.998360947674298
0.9983594749370205
0.9983561864661151
0.9983463210433753
0.9983331670109954
0.9983258828010384
0.9983222406441912
0.998311314161462
0.9982967453530678
0.9982874068781182
0.9982827375567687
0.99826872957409
0.9982500519913036
0.9982382379983461
0.9982323308680037
0.9982146094490298
0.9981909804500069
0.9981789631050761
0.9981729542930522
0.9981549278281538
0.9981308920856975
0.9981188240531946
0.9981127898962843
0.9980946873964714
0.9980705502716383
0.9980587859478829
0.9980529036528842
0.9980352567396241
0.9980117270881795
0.9980004384326274
0.9979947939825187
0.9979778606063592
0.9979552823696964
0.9979437806511053
0.997938029664082
0.9979207766760665
0.9978977722743616
0.9978862926010811
0.9978805526367803
0.997863332716784
0.9978403724105442
0.9978269086652463
0.99782017661924
0.9977999804457633
0.997773051639502
0.9977547949538262
0.9977456662909445
0.997718280240978
0.9976817644380629
0.9976672373726444
0.9976420918303985
0.997628930292617
0.9976223493566929
0.9976026065153848
0.9975762821759454
0.9975638544345848
0.9975576404135614
0.9975389983184856
0.9975141417097684
0.9975014858504339
0.9974951577681991
0.997476173489702
0.9974508606096247
0.9974392711413507
0.9974334762760508
0.9974160916529721
0.9973929117296124
0.9973779660856611
0.9973704930485526
0.9973480738942143
0.9973181809771431
0.9973029979874074
0.997295406269198
0.9972726310699106
0.9972422634109926
0.9972247147354358
0.9972159401035758
0.9971896161497398
0.9971545165664014
0.9971371283158912
0.9971284338996322
0.9971023505930303
0.9970675718952535
0.9970480688877822
0.997038317020614
0.9970090613481805
0.9969700525821532
0.9969480532689137
0.9969370531509585
0.9969040527074335
0.9968600505866393
0.9968353684183492
0.9968230267549617
0.996786001652427
0.9967366329253773
0.996706010580883
0.9966906985184568
0.9966447621695068
0.9965835106776494
0.9965515142325682
0.9965355150179475
0.9964875171881591
0.9964235168384589
0.9963942584195816
0.9963796283971559
0.9963357381770905
0.9962772151524407
0.9962497135632105
0.9962359620426245
0.9961947073460723
0.9961396986616059
0.9961049350816871
0.9960875521341821
0.9960354030808105
0.9959658671655366
0.9959337138976729
0.9959176362805349
0.9958694032472448
0.995805089231591
0.9957701588451148
0.9957526924843744
0.9957002931829128
0.99563042358736
0.9955959319244332
0.9955786849679122
0.9955269438860257
0.995457951995892
0.9954487444328072
0.9954324398378949
0.9953835258622598
0.9953183038515693
0.9952818186587016
0.9952635747977555
0.9952088429799707
0.9951358629851881
0.9951029163718209
0.9950864420301335
0.995037018806364
0.994971117748608
0.9949260266502605
0.994903479178983
0.9948358364141362
0.9947456395707631
0.9946917990630662
0.9946648760554201
0.9945841065273754
0.99447640457003
0.9944276582818768
0.9944032828741863
0.994330156237519
0.9942326465035801
0.9941656825761866
0.9941321963711802
0.9940317369873982
0.9938977767589443
0.9938330227342631
0.9938006417127675
0.9937034979131674
0.9935739596328919
0.9935705774355243
0.9935387215699701
0.9934431532916682
0.9933157158807049
0.9932565506577659
0.9932269646929079
0.9931382061900436
0.9930198503054016
0.9929593623443079
0.9929291148762521
0.9928383718355778
0.992717369460576
0.9926445072084661
0.9926080710654741
0.9924987617267831
0.9923529989989606
0.9923397780940016
0.9923091467677972
0.992217252121939
0.9920947140832723
0.992029388462405
0.9919967216571144
0.9918987204894852
0.9917680386956169
0.9916906041215781
0.9916518811799193
0.9915357113128326
0.9913807990008664
0.991301480946947
0.9912618159587951
0.9911428198983806
0.9909841385012758
0.990899193304756
0.9908567139238126
0.9907292745232771
0.9905593323414223
0.9903406699617049
0.990231293766928
0.9899031570257442
0.9894654895126005
0.989342019615285
0.9892937821250974
0.9891399230471305
0.988934743995947
0.9888231248950362
0.9887673035842934
0.9885998374450089
0.9883765096656064
0.9882479067281112
0.9881835897454805
0.9879906359148302
0.9877333114331426
0.9875939855786783
0.9875243044253758
0.9873152575419524
0.9870364666053396
0.9868691337267772
0.986785441065236
0.9865343580527812
0.9861994923658735
0.9861974054416158
0.9859573202291458
0.9856371251300308
0.9856215747715446
0.9855525110065702
0.9853453163203602
0.985068996068175
0.9849379958573542
0.9848724796886902
0.9846759280598576
0.9844138049653333
0.984273200694265
0.9842028801874727
0.9839919150847352
0.9837105657110308
0.9835301740718977
0.9834399480123768
0.983169263889295
0.9828082485934828
0.9824738826098692
0.9823065957673519
0.9818047148911073
0.9811351865198071
0.9811052430828698
0.980724497520476
0.9802166307420336
0.9800104376200809
0.9796606884053252
0.9794648612132298
0.9793669120351371
0.9790730573249575
0.9786811294198419
0.9784735631997028
0.9783697401783714
0.9780582629095024
0.9776428240748485
0.9774329240999858
0.9773279336207525
0.9770129538697812
0.9765928411233797
0.9763867755420979
0.9762837034505109
0.9759744790350418
0.9755620455968184
0.9753242445737923
0.9752052920771408
0.9748484235341666
0.9743724210579248
0.9741162028777591
0.9739880338313955
0.9736035139219782
0.9730906137133967
0.9728573780208443
0.9727407103631753
0.9723906966454434
0.9719238404999907
0.9716674644604961
0.971539216465785
0.971154459518115
0.9706412426861941
0.9703846450311052
0.9702562859549771
0.9698711955610684
0.9693575341719015
0.9690322787447193
0.9688695547347849
0.968381361406695
0.9677301039572788
0.967349997722273
0.9671598135001785
0.9665892315079558
0.965827999805027
0.9654852530272944
0.9653137726676188
0.9647993071910503
0.9641129850164472
0.9637170748145527
0.963518978653056
0.9629246572274744
0.9621317384085589
0.9616660637237348
0.9614330321124525
0.960733891075228
0.9598010267382013
0.9593750828379064
0.9591619494505259
0.9585225097390504
0.9576693570418666
0.9572058946468832
0.9569739722513337
0.9562781580580695
0.9553497336301521
0.9548461308306633
0.9545941039073751
0.9538379659687152
0.9528289926697684
0.952330107394491
0.9520804451878698
0.9513314011831632
0.9503319054546406
0.9501318249108549
0.949874508981826
0.9491024991935708
0.9480723344203552
0.9474431294825726
0.947128181899767
0.946183245220537
0.9449221022014614
0.9443078057640869
0.9440003292089659
0.9430778074937135
0.941846613133189
0.9410952247072034
0.9407190438364545
0.9395903604850598
0.9380837061329169
0.9374051761374119
0.9370655155866849
0.9360464150618084
0.9346862005542049
0.933992550521015
0.9336453166783079
0.9326034877562697
0.9312129099528407
0.9305841226303239
0.9302693958407883
0.9293251083416694
0.9280648473052409
0.9274506426715498
0.9271432231564168
0.9262208591611284
0.9249898919985649
0.9242727242235818
0.9239137129902529
0.9228365335179455
0.9213987212453475
0.9207383993986527
0.9204078753654815
0.9194161751200509
0.9180925835644912
0.9174419370036415
0.9171162660637796
0.9161391257204694
0.9148349875943566
0.9140885595095519
0.9137148911580875
0.9125937143953008
0.9110971231666593
0.9100647797129197
0.9095477463027609
0.9079963087518398
0.905924490531151
0.904909837958897
0.9044016840348009
0.9028768841078029
0.9008406950712988
0.899761943530973
0.8992216412189983
0.897600336692164
0.8954350735717966
0.8943883917489098
0.8938641872761128
0.8922911836483178
0.890190529850688
0.8891139076527911
0.8885746915854166
0.8869566135797982
0.8847956689015415
0.8835587712282035
0.8829391408405661
0.8810796597962032
0.8785957094231934
0.8773694927216917
0.8767552312289535
0.8749118391839563
0.8724494093432648
0.8711431638729702
0.8704887438180299
0.8685247628105354
0.865900902398026
0.8645915975222376
0.8639356479573743
0.8619670394394239
0.8593369550690483
0.8579387692492779
0.8572382064526762
0.8551356098191806
0.852326077230221
0.850965600502358
0.8502839709945035
0.8482381784930031
0.8455046511412487
0.8441034374261138
0.8434013574605491
0.841294111807407
0.8384782136936877
0.8370532818329458
0.8363392883317499
0.8341962157534962
0.8313322342260959
0.8298544053359387
0.8291138386668374
0.8268909052577766
0.8239198101757337
0.8224123752130406
0.8216569202637415
0.8193892072253542
0.8163579459116586
0.8149367698858887
0.8142246129489122
0.8120868844563749
0.8092296272993427
0.8075738209969414
0.8067437591336134
0.8042517840488403
0.8009194088631166
0.8002429102302819
0.7993938936357066
0.7968448854290338
0.7934357061082796
0.7918665665434775
0.7910799451705993
0.7887183150739526
0.7855601496239311
0.7839882928330923
0.7832002458388175
0.7808342516566538
0.7776698896129567
0.7760493259472009
0.7752367133596464
0.7727968183448666
0.7695328975409892
0.767940285171084
0.7671416361944026
0.7647436181240693
0.7615354826662267
0.7599285919808864
0.7591226656442638
0.7567026942551193
0.7534646395221107
0.7518454226993183
0.7510331872058871
0.7485941708618035
0.7453300638661566
0.743653502687287
0.7428122840410016
0.740286062838231
0.7369042600489981
0.7352588901124528
0.7344332457649065
0.731953760759803
0.7286342516271618
0.7269097174155048
0.726044066590403
0.7234442241252445
0.7199623074447901
0.7182368226665286
0.7173705466602193
0.7147687445023094
0.7112836281596749
0.7095612943911458
0.7086964724580577
0.7060989704259504
0.7026191181007647
0.7008970624027073
0.7000322579192357
0.6974347445572179
0.6939544072957748
0.6922051412707471
0.6913265013097103
0.6886873243462842
0.6851504625577776
0.6833798654689254
0.6824903659127369
0.6798184797489731
0.6762372081010701
0.6744497465227212
0.6735516629902453
0.6708539189144396
0.6672375543158457
0.665418883823782
0.664505002515868
0.6617597103127215
0.6580791230562999
0.6562510365371507
0.65533239578299
0.6525727664534786
0.6488728635227492
0.6470252222822375
0.646096748456639
0.6433075299344239
0.639567908835678
0.6376996880412029
0.6367609139383081
0.6339407096791881
0.6301596704337161
0.6282763982028997
0.6273301733638174
0.6244875637766909
0.6206768768137723
0.618777622376326
0.6178235412525089
0.6149573139552817
0.6111155625549564
0.6092033961744601
0.6082430765131275
0.6053581041694732
0.6014920820366658
0.599566918621655
0.5986003893512886
0.595696763298941
0.5918068270824516
0.589870632815955
0.5888989589812816
0.5859798852021977
0.5820705865576699
0.580125488786548
0.5791498161997087
0.5762187411025689
0.5722949469641544
0.5703434991732869
0.5693651855315861
0.5664261901134934
0.5624936056464238
0.560538617550803
0.5595591446433549
0.5566166802286894
0.5526814861042828
0.5507258575110953
0.5497467458208557
0.5468053771272678
0.5428738787517626
0.5409207320209157
0.5399436055551216
0.537008205735438
0.5330870899630319
0.5311397739326146
0.5301663604889217
0.5272421120513124
0.52333844349828
0.5214003769046599
0.5204324283923644
0.5175245837488579
0.5136454810567077
0.511720141757578
0.5107594280630969
0.5078732913702324
0.5040259015833604
0.5021167584278845
0.5011650331363942
0.49830585754622003
0.49449721924543344
0.49260769510007363
0.49166667736472675
0.4888396108891923
0.48507658425610395
0.48320999532627035
0.48228134061686423
0.47949133855584625
0.4757804931154662
0.47394001821977444
0.4730253046752693
0.4702770889548656
0.46662465595096186
0.46481329953908007
0.4639140119265077
0.46121202315884874
0.4576238403153634
0.4558444193534934
0.45496194549670627
0.4523103324153202
0.4487918399652348
0.44704697881405536
0.44618261048516106
0.44358523260824395
0.44014148791443497
0.43843363118465034
0.43758857417748936
0.4350490318457359
0.4316847605161166
0.4300161989934977
0.4291915896859273
0.42671327333539105
0.4234329451127137
0.42180585557313993
0.4210027840842255
0.41858894306179617
0.41539687194271596
0.4138133667437015
0.4130329043850291
0.41068672839403525
0.407587187051989
0.40604937063846086
0.40529260003474893
0.4030173083542124
0.4000146499202622
0.3985246776520442
0.39779272316079467
0.39559165454741
0.39269043222645905
0.39125056806716274
0.3905446248032853
0.3884213230192874
0.3856264010830779
0.3842386409952207
0.3835597953358941
0.3815174654474521
0.3788333138348315
0.37750358995758865
0.376854825521677
0.3749023856022796
0.37234088838829554
0.3710685882748826
0.37044977868042167
0.36858674807153574
0.366147673796488
0.36493585789522576
0.3643486617054922
0.3625799240062518
0.3602700306847072
0.3591218422639435
0.3585679837082718
0.3568985965920748
0.3547249120108985
0.35364495991061967
0.3531268747443539
0.3515640214410269
0.3495363179362367
0.34852844944300965
0.34804825069748574
0.34659810318625617
0.34472491898142943
0.34379509378057677
0.3433558946036109
0.3420276223077792
0.3403212998117401
0.3394740190369468
0.33907831821250195
0.3378791711546131
0.3363497367808482
0.33559092700451815
0.33524193757952153
0.334181269044016
0.3328414854589444
0.33217745638859375
0.33187866619628315
0.3309665687026922
0.3298303041805975
0.32926868306690077
0.32902429348942347
0.32827291129274744
0.3273567877784976
0.32690646311082905
0.32672141216538925
0.326144964853342
0.3254684739527831
0.32513999691945905
0.3250202166238871
0.3246357086603683
0.3242222266748075
0.3240285635338322
0.32398142630207616
0.323809895395749
0.323688407719783
0.3236460060370004
0.32368099391299127
0.32374935536290894
0.3239570534596806
0.32408773401773855
0.3242176649166882
0.32456206822419803
0.32514912988943856
0.3254839986374897
0.32572759130987866
0.3264004198416966
0.32743999710750454
0.32802939482064825
0.32841805559826004
0.3295063146837351
0.33112112235814267
0.33207270027016
0.3326776499359156
0.3343758687107277
0.33684486224852855
0.3385103875929497
0.3395834469078215
0.34256474610538995
0.34686488478264144
0.3489684048017065
0.35270247032814617
0.3531458057254925
0.35408380159347913
0.35675507925473937
0.3604469531272724
0.3621838822026917
0.3631587633057485
0.3659436792945588
0.36975732696459995
0.3716053666136358
0.3726322103314045
0.3755681564200415
0.37956329704461556
0.38151748027532817
0.3825959682018379
0.38567930397965206
0.38985395469910206
0.3919026505188181
0.39302790230252893
0.3962427660073667
0.40057684966206597
0.40270738344849877
0.40387369747563484
0.4072020918141295
0.41167221500973666
0.41387058544435085
0.41507140068541787
0.4184930766410241
0.4230728735784217
0.425322587431789
0.426549923849788
0.4300409509408087
0.4346996973483157
0.4369786177084028
0.4382212674953917
0.4417493282131707
0.44644605960922595
0.4487157125784591
0.4499527360449047
0.45345984445014687
0.45812034611421354
0.4602957832406901
0.461478287935617
0.4648319754533616
0.4692839790611465
0.4720450453823107
0.47358862512036487
0.4778917802421524
0.4835780661025685
0.4871544548053866
0.48922980679421496
0.49487127659082925
0.5022572975301498
0.5067189979631725
0.509426439006883
0.5165551679373127
0.5257373940702458
0.5273508155030139
0.5331199834710264
0.5405820933950072
0.544132397038992
0.5462409940966766
0.5518079407672885
0.5589726363226318
0.562406136421255
0.5644733261682653
0.5698702976998921
0.5767776319133417
0.5798116863161344
0.5816284142568876
0.5863671162309169
0.5924348793631362
0.5955942919920951
0.597575477826636
0.6026123431466154
0.6089839262342589
0.6124147397490393
0.6147029346570255
0.6202906498926537
0.627205510998714
0.6308839337695482
0.6335512129746466
0.6397241982480859
0.647105731667125
0.6510511499448269
0.6543498982118751
0.6613978184792871
0.6692870719280717
0.6731722840299437
0.6769285152859132
0.6843019982589205
0.6918870947149494
0.695321893047423
0.6987666061604779
0.7051667859123744
0.7115029297805665
0.7143590955270583
0.7175484325828267
0.7231623715216086
0.7285064879674777
0.7309047569562845
0.7338978962233494
0.7389013616528496
0.7434761765364415
0.745518464819021
0.7483618763613439
0.7528932985316835
0.7568725166334055
0.7586378435953915
0.7613666336006961
0.7655314951650545
0.7690470988861932
0.7705951523605087
0.773235277486092
0.7771123845032742
0.7802630148867675
0.7816381331765172
0.784208681688443
0.7878563655745968
0.7907150073313866
0.7919497661808974
0.7944650472544227
0.7979265886235585
0.8005469306176335
0.8016651077118384
0.8041363567281766
0.8074443029608399
0.8098656516590989
0.8108845903251125
0.8133210667851197
0.8165002641830578
0.8187511744736164
0.8196836091122564
0.8220929950680648
0.8251623977077341
0.8272633449547505
0.828118704512633
0.8305070463292744
0.8334807292771221
0.8354461608884753
0.8362314081389598
0.8386030453967447
0.8414909942683503
0.8433309752350899
0.8440511566007656
0.8464089018242718
0.8492178871419851
0.8509394094467295
0.8515981011537046
0.8539436139023935
0.8566781000114035
0.8582860728211614
0.858885791735611
0.8612199676246952
0.8638828910329873
0.8653808513300187
0.8659234061047099
0.8682466747138661
0.8708400150546174
0.872230622452571
0.8727173784382112
0.8750298991850123
0.8775550632761538
0.8788404406349198
0.8792725029442202
0.8815742862503041
0.8840323578551285
0.8852143245240466
0.885592659405519
0.8878836406456657
0.8902755415820919
0.8913557719775252
0.8916812860383125
0.8939613706651405
0.8962879642751778
0.8972680943041976
0.89754098222268
0.8998111642492908
0.9020742480779655
0.90295556071507
0.903178849197012
0.9054368198972116
0.9076354061504719
0.90842039962532
0.9085929858738302
0.9108397531013096
0.912975756645006
0.9136659321713848
0.9137894876734419
0.9160250456177507
0.9180995624115893
0.9186968699256627
0.9187724740139721
0.9209968385911427
0.9230110433834707
0.923517549817739
0.9235463281480675
0.9257595513182342
0.9277147079774994
0.9281325881244316
0.9281157179745272
0.9303178871123436
0.9322153436818074
0.9325468714485551
0.9324855767282187
0.9346768128463636
0.9365179939477891
0.9367655308805192
0.9366610758560354
0.938841531172479
0.9406279288637878
0.9407939109620481
0.940647593343188
0.9428174484705901
0.9445506122373336
0.9446375359939654
0.9444506797186312
0.9466101406217385
0.9482916670342895
0.9483020752090114
0.9480760232961757
0.950225318132939
0.9518568404912272
0.9517933081697972
0.9515294156510034
0.9536687917283638
0.9552519700327463
0.9551170912574282
0.9548167185174322
0.9569464392358358
0.9584829506624907
0.9582793256912736
0.9579438323632534
0.9600641742472938
0.9615557040943034
0.9612859277631913
0.9609166667366575
0.9630279169174025
0.9644761504957533
0.9641428013687156
0.9637411139168581
0.9658435673190296
0.967250182155145
0.9668558130787692
0.9664230236716721
0.9685169810058498
0.9698836403530156
0.969430769414761
0.9689681822366546
0.9710539474622888
0.9723822939805576
0.9718733972033982
0.9713822919692221
0.9734601707324416
0.9747518212317904
0.9741893259872322
0.97367095481055
0.9757412527321419
0.9769977937604787
0.9763840728363777
0.9758396583228408
0.977902678880354
0.9791256622718895
0.9784630295664097
0.9778937613831802
0.9799498055002754
0.9811407458069847
0.9804314515176072
0.9798384859361725
0.98188785022441
0.9830482210513417
0.9822944501601633
0.9816789070245809
0.9837218831440834
0.9848531162129731
0.9840569832804591
0.9834199476766208
0.985456820829147
0.9865603026298725
0.985723853565137
0.9850663730566702
0.9870974206537417
0.988174491661986
0.9872997013877997
0.9866227830403586
0.9886482776098632
0.9897002324429122
0.9887890026521046
0.9880936189232857
0.9901138228489574
0.9911419088191293
0.990196068227171
0.9894831509936035
0.9914983213435087
0.9925037400387111
0.9915250428708104
0.990795491877816
0.9928058737690191
0.9937897770648266
0.9927799114940953
0.9920345834425623
0.9940404148839022
0.9950039079827893
0.9939644886434613
0.9932042040740171
0.9952057158692726
0.9961498601711705
0.9950824303651257
0.9943079770667604
0.9963053895115158
0.9972311986996807
0.9961372342393172
0.9953493606291294
0.9973428892431317
0.9982513346795748
0.9971322452979877
0.9963316792042868
0.9983215163055559
0.999213516090282
0.9980706581063217
0.9972580655949156
0.9992444142641634
1.0001208536348312
0.9989555061007729
0.9986079788729538
1.0001307903147454
1.0007609034333742
0.9999999997263458