0.9993475411641326
0.9993229667334684
0.9993106789464592
0.9992738155074652
0.9992246623576767
0.9992185454298633
0.9992128985335117
0.9992116796889453
0.9992062819437532
0.9992037318819207
0.9992024568444784
0.9991986317300868
0.9991935315590723
0.999190632396148
0.999189182806382
0.9991848340346532
0.9991790356478362
0.9991761392442885
0.9991746910340311
0.9991703464008606
0.9991645535321354
0.9991614993850849
0.9991599723022001
0.9991553910509007
0.9991492826887863
0.9991461201505363
0.999144538871478
0.9991397950315213
0.9991334698827229
0.9991238769109955
0.9991190803378136
0.9991046906026941
0.999085504011514
0.9990825117944752
0.9990756631991211
0.9990722388562746
0.999061965818887
0.9990482682938989
0.9990450426716451
0.9990411587138537
0.9990392167201431
0.9990333907352718
0.999025622711375
0.999021088498942
0.9990188213728481
0.9990120199898953
0.9990029514177168
0.9989985192169245
0.9989963030970467
0.9989896547328454
0.9989807901893678
0.9989762516037628
0.9989739822909517
0.9989671743478519
0.9989580970292943
0.9989527278676306
0.9989500432589358
0.9989419894267305
0.9989312508973653
0.9989257150709063
0.9989229471277985
0.9989146432920764
0.9989035714197311
0.9988977367893883
0.9988948194413484
0.9988860673902339
0.9988743978871784
0.9988677551682255
0.9988644337663892
0.9988544695523688
0.9988411838011602
0.9988339234548778
0.9988302932311276
0.9988194025500273
0.9988048814826225
0.998797831183319
0.9987943059856119
0.9987837303831303
0.9987696294301784
0.9987630341076352
0.9987597364043757
0.9987498432862114
0.9987366523307432
0.9987284381161433
0.9987243309440715
0.9987120094159111
0.9986955805067166
0.9986874666253631
0.9986834096211196
0.9986712385966178
0.9986550103655968
0.9986454614096656
0.9986406868448355
0.9986263631350232
0.9986072645762445
0.9985973231950435
0.9985923524091095
0.9985774400347204
0.9985575565695968
0.9985557556681975
0.9985515474332034
0.9985389227156907
0.9985220895433754
0.9985110471615791
0.9985055258539648
0.9984889619111117
0.9984668762846256
0.998453822202772
0.9984472950003874
0.9984277133670746
0.9984016040029758
0.9984001551174966
0.9983838533854025
0.9983621173838835
0.9983266289785176
0.9983088835843391
0.9982556472398562
0.9981846615518428
0.9981639616588746
0.9981513930499365
0.9981451085955811
0.9981262552076778
0.9981011168724085
0.9980884573585759
0.9980821274478378
0.9980631376904738
0.9980378175234482
0.9980250824751683
0.9980187147959249
0.9979996117335552
0.9979741404816335
0.9979686253303837
0.9979625719990292
0.9979444119821675
0.9979201981765609
0.9979082711324395
0.9979023074737708
0.997884416475061
0.9978605613765967
0.9978162711764476
0.9977941242216422
0.9977276831162153
0.9976390888449719
0.997626372139152
0.9976159052697909
0.997584504600588
0.9975426356847208
0.9975234923245706
0.9975139202931368
0.9974852041474227
0.9974469148181022
0.9974294477311629
0.9974207138947554
0.9973945123424223
0.9973595759911067
0.997340972063808
0.9973316697675383
0.9973037628292876
0.9972665525121972
0.9972485324387497
0.9972395220927697
0.9972124910081416
0.9971764485621876
0.9971576654775177
0.9971482735992813
0.997120097914763
0.9970825292430353
0.9970608111335125
0.9970499516286969
0.997017373048596
0.9969739334863441
0.9969523993416711
0.9969416318283719
0.9969093292237999
0.9968662576620932
0.9968420712663252
0.9968299775164446
0.9967936961886101
0.9967453192724088
0.9967193073531144
0.9967063007501282
0.9966672808472398
0.9966152522456039
0.9965883680357847
0.9965749252549128
0.9965345968135159
0.9964808233547262
0.9964553583116595
0.9964426251861952
0.9964044257225017
0.9963534910981898
0.9963089445292699
0.9962866693694168
0.9962198436399203
0.9961307364866199
0.9960868499420151
0.9960649048365496
0.9959990692736306
0.9959112825880573
0.9958686406374929
0.9958020031231954
0.9957703716121759
0.9957545549113751
0.9957071046711073
0.9956438346246688
0.9956076928869273
0.9955896207947404
0.9955354043449531
0.9954631117221001
0.9954287675041172
0.9954115942848439
0.9953600744770444
0.9952913777013016
0.9952576626935917
0.9952408040956613
0.9951902281477293
0.9951227900596662
0.9950846771029951
0.9950656192604302
0.995008445545044
0.9949322094103515
0.9948885187909245
0.9948666716724981
0.9948011300705453
0.9947137353256247
0.9946693170221327
0.9946471059923875
0.9945804726575541
0.9944916220727484
0.9944484789065354
0.994426905555701
0.9943621852585659
0.9942758857949769
0.994225232350302
0.9941999032208378
0.9941239154993352
0.9940225905647471
0.9939753173554687
0.9939516786312325
0.9938807621591048
0.9937861999852793
0.9937252966268818
0.9936948414704856
0.9936034755070049
0.9934816428810922
0.9933981129099724
0.9933563414147586
0.9932310260799289
0.9930639172066089
0.9929793415547797
0.9929370469596955
0.992810162267751
0.9926409604343627
0.9926144229273882
0.9925783288945945
0.9924700461524062
0.9923256529841303
0.9923079312164507
0.9922755998925237
0.9921786053796516
0.9920492665284001
0.9919826977951791
0.9919494093059319
0.9918495432710144
0.9917163748556392
0.9916499945610383
0.9916168002805019
0.9915172168869067
0.9913844253638245
0.9913105101426269
0.9912735473929235
0.9911626584619879
0.9910147895618938
0.9909443541616116
0.9909091317686731
0.9908034639745377
0.9906625581346301
0.9905861774819362
0.9905479816517052
0.9904333934209537
0.9902805910644045
0.9902021842678363
0.9901629751091249
0.990045346823853
0.989888490343788
0.9897867523174326
0.9897358737159079
0.9895832366245049
0.989379688240616
0.9892569157752431
0.9891955153682571
0.9890113122572896
0.9887656612100176
0.9887339381842072
0.9886761698431114
0.9885028630752077
0.9882717465436929
0.9881481433860885
0.9880863277009798
0.9879008787348875
0.9876535659013214
0.9876058019116137
0.987542063185949
0.9873508449944246
0.9870958367866267
0.9869778462267462
0.9869188377992354
0.986741810734076
0.9865057316619047
0.9863880261404436
0.9863291604643691
0.9861525616125021
0.985917053990386
0.9857888113114806
0.9857246747758468
0.9855322630009308
0.9852756634271548
0.9851194812173216
0.9850413675281628
0.9848070233555506
0.9844944887437926
0.9842722807452858
0.9841611308173313
0.983827674700363
0.9833829143040473
0.9833027751179254
0.9829567059943486
0.982787984409478
0.982531165465949
0.9823744390158872
0.9822960531399394
0.9820608922069199
0.981747268864855
0.9815423531663453
0.981439856616772
0.9811323613257776
0.9807222392851799
0.9804903720389826
0.9803743891483808
0.9800264332157923
0.979562327417486
0.9793075767861732
0.9791801419789158
0.9787978286865979
0.9782878793070094
0.9779959346109575
0.9778498843513045
0.9774117217855517
0.9768272466065822
0.9768110955837043
0.9766947219147609
0.9763455934475835
0.9758799235314212
0.9756381670593753
0.9755172355264998
0.9751544326875239
0.974670517685944
0.9743255177492804
0.9741529096625146
0.9736350689856066
0.9729442504099083
0.972887280821956
0.9726631985391503
0.9719909237749862
0.9710939458313669
0.970652540754934
0.9704316617311873
0.969768996644933
0.9688848524595793
0.9687160571724129
0.9681223925952974
0.9678476996749279
0.9677102853279869
0.9672980311790378
0.9667481314375475
0.9664712310580663
0.9663327123926289
0.9659171449806314
0.9653628237524845
0.965000381434145
0.9648190430307679
0.9642750079288293
0.9635492325086854
0.9631837518305654
0.963000892796137
0.962452295321117
0.9617204295817134
0.9613412274958945
0.9611514986171048
0.9605822898158678
0.9598229130128891
0.9593252171330823
0.9590761504176972
0.9583289115988408
0.9573318530079676
0.9566931194249197
0.9563733949751198
0.9554141574616093
0.9541339484801463
0.9532900340811679
0.9528674527728136
0.951599595130522
0.9499069861750047
0.9492939185021262
0.9480916215591948
0.9478273410326358
0.9474374508791059
0.9462676769021567
0.9447061869693545
0.9442381714367184
0.9431078954563702
0.9424941296365481
0.9421869254437254
0.941265245540241
0.9400352298532063
0.9392353288781934
0.9388348356128109
0.9376332396688416
0.9360292308683072
0.9359649710641517
0.9350549847628667
0.9338405977430514
0.9330828166723572
0.9327034460873945
0.9315652245028961
0.930045919258613
0.9291091511172642
0.9286400374924961
0.927232524523283
0.9253532916914754
0.9244797900136984
0.9240424109467666
0.9227301179658859
0.9209781871048693
0.9198722872441261
0.9193183414157972
0.9176562469561967
0.9154365951801507
0.9139683867412783
0.9132325486169587
0.9110245648858845
0.9080743862672187
0.9076790680982022
0.905874217109644
0.9034636327548088
0.9031911174211578
0.9014309392635494
0.8990801386539787
0.8979008317705518
0.8973100960552811
0.8955375409935976
0.8931701906423558
0.8920542303857089
0.891495288584778
0.8898181362368903
0.887578420580248
0.8863245586739446
0.8856964325979
0.8838116245930103
0.8812941116524314
0.8801552261706291
0.8795848029759171
0.8778731597353807
0.875587318101751
0.8743364768158521
0.8737098884939114
0.8718296530833557
0.8693182625621692
0.8677311629695925
0.866935751141812
0.8645487232339751
0.861358877249486
0.8609837690582969
0.8602397827004712
0.8580070916987746
0.8550239000813283
0.8536587159124422
0.8529747548731131
0.8509222161525453
0.8481801677601881
0.8468229062729764
0.8461429290884922
0.8441023154183793
0.8413761811285593
0.8400637553633838
0.8394062823891021
0.8374331931153418
0.8347973779820946
0.8333603767763406
0.8326403617413213
0.8304794734916673
0.8275921595145256
0.8258551862116358
0.8249844695534618
0.8223710211188935
0.8188772381631613
0.8181975127433021
0.8158462333315585
0.8127036217089901
0.8112072336804158
0.8104573272758337
0.8082065399505223
0.8051983662030775
0.803773455643035
0.8030594143249626
0.8009162725089163
0.7980521069658625
0.7964086585849347
0.795584778413772
0.7931117161604203
0.7898051288059281
0.7882812128801447
0.7875173276275035
0.785224385902677
0.7821589556998927
0.7805092512645675
0.7796820685271302
0.7771989391480905
0.773878104311065
0.7723448790355885
0.7715761599352188
0.7692685721710311
0.766182796207558
0.7645741952393259
0.7637674859450653
0.7613457135058185
0.7581063350936509
0.7565038439860898
0.7557000932992376
0.7532871393003165
0.7500591280484652
0.7483989757332352
0.7475660859386956
0.7450655150153908
0.7417193483246747
0.7400781302490254
0.7392546333393764
0.7367822131683195
0.7334733176255789
0.7318282197677817
0.7310026339733611
0.7285238699370986
0.7252059143281139
0.7235332267657146
0.7226936025458145
0.720172588025562
0.7167972986449636
0.7151012589568051
0.7142497214380654
0.7116928414705074
0.7082687793739707
0.7065756218525547
0.7057253988608928
0.7031724106405159
0.6997530753105304
0.6980543875506153
0.6972012523375379
0.6946394584698772
0.6912078220876301
0.6894953905432497
0.6886352147676713
0.6860522122648873
0.6825916439551506
0.6808538162421107
0.6799807376218272
0.6773589100573928
0.6738457624183094
0.6720822076807987
0.6711960814445967
0.6685349975335066
0.6649687788366141
0.6632034529176274
0.6623164080115054
0.6596525342585577
0.6560824925924023
0.6542949251428338
0.6533966707476397
0.6506990782010514
0.6470836996733711
0.6452792534847485
0.6443725453473907
0.641649524168537
0.6380001513441985
0.6361837656231772
0.6352711553483592
0.6325303821622683
0.6288575523298219
0.6270443153263278
0.6261334799714956
0.6233980394925421
0.6197330426103427
0.6179004036182574
0.6169800299087154
0.614215914612589
0.6105131764906205
0.6086674494743812
0.6077407945141001
0.6049577984031428
0.6012307428654539
0.5993791045254956
0.5984498609033467
0.5956590854503515
0.5919228798573268
0.5900644675230271
0.5891322749023846
0.5863326350503694
0.5825860483412576
0.580719076481839
0.5797831132767215
0.5769721350612077
0.5732120791565746
0.571343199508936
0.5704068849138152
0.5675948409019653
0.5638353251415007
0.561969731719117
0.5610357410114334
0.5582306647929074
0.5544826486569285
0.5526212104024806
0.5516900407926274
0.5488934155506406
0.5451590528336703
0.5433049827654709
0.5423782995958213
0.5395951177921171
0.5358812344288263
0.5340400245509515
0.5331206200427386
0.5303592597479069
0.5266771590773943
0.5248481290401747
0.5239357059075841
0.5211952547377197
0.5175438147454358
0.5157362515846171
0.5148354654817403
0.5121299003483809
0.508527789448479
0.5067413395075206
0.5058520361598813
0.5031808712923563
0.49962746797114865
0.4978683307903043
0.4969935989491787
0.4943660984015062
0.4908736997387501
0.48914171908037263
0.4882814905914683
0.4856974247493698
0.48226571066827023
0.4805667811775748
0.47972397060132616
0.4771920789379867
0.473832578333398
0.47216737980239126
0.47134232239063467
0.46886358673649625
0.4655775535473338
0.46395013991305617
0.4631448278385499
0.4607252133793034
0.4575204669931889
0.45593321423374916
0.4551488112311569
0.4527917910474007
0.449672856038174
0.44812985701701347
0.44736836327325247
0.4450799277394916
0.442054627005694
0.4405555382301963
0.4398167921195496
0.43759642412932476
0.4346640562918191
0.43321258529587653
0.43249840348583934
0.430351539254195
0.4275192135065002
0.4261164492947628
0.4254273803193666
0.4233556359713684
0.4206254784780053
0.41927336907879764
0.41861038555699276
0.4166166509691993
0.4139924682934696
0.41269279718028923
0.4120567984832728
0.4101437389739894
0.4076290581014551
0.40638436595372296
0.40577661853584013
0.4039480023344639
0.40154778357588666
0.40035969619263445
0.39978103106919627
0.3980393086317404
0.39575680603372493
0.39462305101335904
0.3940724664282675
0.39241454166541573
0.3902459088539172
0.38917354532717163
0.3886544600303598
0.38709058323635115
0.38504910849996593
0.38403727963479545
0.3835493725685675
0.38207848516655707
0.38016294165382747
0.379214140744109
0.37875867460869633
0.37738449524586726
0.3755997672262711
0.37471571179156277
0.3742935894125435
0.3730187357924529
0.3713682958784304
0.37055090844910604
0.37016313322546973
0.3689905137955521
0.3674781969973948
0.36672977551744407
0.3663775237947887
0.3653105595470583
0.3639408267580678
0.36326316266006325
0.362947389981689
0.361988810486076
0.3607652569509787
0.3601606904742441
0.3598826030472979
0.3590358848359815
0.357963017793364
0.35743350133340396
0.3571941494944516
0.35646226438229994
0.3555439781975001
0.355091840801244
0.3548924512273851
0.35427888505558003
0.35351969661542876
0.353147168549936
0.35298894998167796
0.35249709330700596
0.35190142304373445
0.3516109611766881
0.35149524114132324
0.35112880922439493
0.350701474901194
0.3504956060876505
0.35042377985732037
0.3501866375693908
0.3499326692747273
0.34981412549487956
0.34978771853951923
0.3496840626091148
0.34960892040295216
0.3495806703643759
0.3496013693112724
0.3496358004465946
0.34974548194050076
0.3498108398536513
0.34988056625517655
0.3500582806512329
0.3503595851736161
0.3505224126452033
0.35064345376317235
0.3509705883748179
0.3514715883825463
0.3517366958650333
0.3519119702834197
0.35239630597922755
0.35310732312650456
0.35348134534370723
0.35371497123063134
0.35436744806190384
0.35530314731516965
0.3557967201787964
0.35609544035257074
0.35693395760323604
0.3581186207597432
0.35875312729369957
0.3591307809124511
0.3601920874474839
0.36167615576529316
0.3625167799977231
0.3630168735663038
0.3644160684359866
0.36635926835531735
0.3674781560665442
0.36814756004404436
0.3700057705079978
0.37256768857667066
0.37339743425798905
0.37541827798389504
0.37544184297053174
0.37591679369524694
0.37726923137204305
0.37910053455279263
0.37938829618844333
0.3798314320133652
0.3810990648704865
0.382808112623027
0.3835724985384493
0.3839861065818178
0.3851736358598955
0.3867690270507489
0.3874935186787351
0.38788247912025275
0.3890021997638408
0.3905024938490751
0.3911870277568883
0.39155218199432174
0.3926056933702002
0.3940143181805924
0.39465525549663094
0.39499520105940067
0.39597807327630014
0.39729008410640154
0.39788357531246543
0.3981966998093798
0.399104011996672
0.4003136596739191
0.4008551589336379
0.40113940167641304
0.4019650117957511
0.4030647959696947
0.40323217652171006
0.4034850588206209
0.40422167171648304
0.4052025053885383
0.4052166159356572
0.4054315200360332
0.4060598805745385
0.40689651461156406
0.40735041439201536
0.40758704616106867
0.4082768621293875
0.40919474137145134
0.40968667843205625
0.4099441714054796
0.41069249225832716
0.41168759775940855
0.41221874774047945
0.4124980432335946
0.41330698565664564
0.4143820971847253
0.41496812691968704
0.4152783726701257
0.41617276917762897
0.4173607871881852
0.4180328911798541
0.4183925870279356
0.41942217134277926
0.420788892954809
0.42158655128127087
0.42202050862872925
0.42324983559893864
0.4248805317555152
0.42586026878981065
0.42640666716695846
0.42793140369595745
0.42995186255144474
0.43107342773176593
0.4317125110965851
0.43347302277640515
0.4358042851943501
0.4371541658913075
0.43795005287938427
0.4400996808749893
0.4429380031388136
0.44467346996343776
0.44575512276346435
0.44858427399602396
0.45228795291811585
0.4544633515443018
0.4559062019115441
0.45954012873192696
0.46422311926060744
0.4673486858788531
0.4697760547636522
0.4754175544594901
0.4823150127813893
0.48589320847809064
0.4911128704999387
0.49354942190973616
0.49526872554842805
0.4993538891173794
0.5044504623411639
0.5074241276462861
0.5099233714433937
0.515429957329019
0.521911518906427
0.5252366010449807
0.5283011011868182
0.5346571947143887
0.5417100574282742
0.5449929286127805
0.5479714383523173
0.5539912044345277
0.5605691631445301
0.5636285859310197
0.5665217166846886
0.5722371766012742
0.5784105084938308
0.5812857301315201
0.5841203798991229
0.5896063136570053
0.5954678022542198
0.598198708043872
0.6009941619734579
0.6063032286576154
0.6119124847703564
0.6145229272632684
0.6172898024255896
0.622450016219453
0.6278356042062775
0.6303355371878643
0.6330782084889393
0.6381002757767252
0.6432717849117963
0.645663647651072
0.6483833887639459
0.6532700813259232
0.6582300693534596
0.6605143187033705
0.6632116263464563
0.667964398942884
0.672715552126224
0.6748935033463009
0.6775691808420535
0.6821910058497248
0.6867385503207685
0.688813006890102
0.6914683444504233
0.6959639617627457
0.7003153144027802
0.7022901088923736
0.7049266591304202
0.7093017533992412
0.7134652532081766
0.7153445430305234
0.717963832316544
0.7222241068256753
0.7262078484853851
0.7279955645308261
0.7305988870679226
0.7347494263053601
0.7385605386785838
0.7402600817364293
0.7428484020991241
0.7468933730325903
0.7505377292959933
0.7521518728086904
0.7547258126367966
0.7586684203828307
0.7621506471548339
0.7636815710292962
0.766241446006447
0.7700840388923097
0.7734076893176886
0.7748570795972074
0.7774029592861219
0.7811472007865231
0.7843149929101896
0.7856841632753742
0.7882159360393167
0.7918629909419244
0.7948770514013548
0.7961670613072129
0.7986844945339796
0.8022352007797775
0.8050972829597194
0.8063090403392037
0.8088118315503792
0.812266845181698
0.8149785095350891
0.8161128539718672
0.8186006714809366
0.821960581365373
0.8245233360714525
0.8255811026297606
0.8280536159552176
0.8313190296718804
0.8337344350038965
0.8347165009568426
0.8371734017175722
0.8403450059035191
0.8426147477980562
0.8435238046309687
0.8459606307760273
0.8490349435880241
0.8511608279006377
0.8519922686908552
0.8544168815119689
0.8574032204436827
0.85938758361534
0.8601487784972833
0.8625569243563107
0.8654521558588569
0.8672970965789747
0.8679870135964753
0.8703785437176971
0.873183925890585
0.8748919701935878
0.875511957957565
0.877886835037088
0.8806038429039176
0.8821777262357726
0.8827292624923456
0.8850875117029573
0.8877177803430941
0.8891604332823245
0.8896450899004132
0.8919867955804796
0.8945321078217817
0.895846638118068
0.8962660710453964
0.8985913730196947
0.9010536453145515
0.9022433172797164
0.9025992557473679
0.9049083450180196
0.9072896118599001
0.9083578243206677
0.9086520594665962
0.9109451735225539
0.9132475711730786
0.9141978347412716
0.9144322081871946
0.9167096260823738
0.9189353760384152
0.9197712906039422
0.9199476830198042
0.9222097205099554
0.9243611133228143
0.925086346038673
0.9252066663072517
0.927453670888537
0.92953305041237
0.9301513146512731
0.9302174893402544
0.9324498356948142
0.9344595842672102
0.934974619830667
0.9349885835883578
0.9372066689415416
0.9391491932601334
0.9395647479721806
0.9395284343759054
0.9417326743918766
0.9436103926474229
0.9439302054541623
0.943845538853027
0.9460363635876814
0.947851693576091
0.9480794790221149
0.9479483672447925
0.9501262174049978
0.9518815656481456
0.9520210001940627
0.9518453274698336
0.9540106515116987
0.9557084038098047
0.9557631135522902
0.9555447352240064
0.9576979856781972
0.9593404981461665
0.9593140481576113
0.9590547849189551
0.9611964161749815
0.9627860082058015
0.96268189286205
0.9623835270365937
0.9645139925033811
0.9660529395775974
0.965874575138285
0.9655388462973006
0.967658596493884
0.9691491250764702
0.9688998429168045
0.9685284445587358
0.9706379255859121
0.9720822089240311
0.9717652485157715
0.9713598278774703
0.9734594782988814
0.974859631058228
0.9744781377397718
0.9740402893726735
0.9761305420924219
0.977488619360469
0.9770456393575842
0.9765769104151385
0.9786581852730778
0.9799761766589697
0.9794746569887037
0.9789765357442365
0.9810492478298652
0.9823290805208442
0.9817718640442289
0.9812457930226359
0.983310340214409
0.9845538714886627
0.9839437013111886
0.9833910614351083
0.9854478349196022
0.9866568598349477
0.9859963664539051
0.9854184948493658
0.9874678711290358
0.988644112184731
0.9879358342909872
0.9873339990443442
0.9893763499831241
0.9905214692463699
0.9897678292185106
0.9891432629650645
0.9911789398786514
0.9922945302512747
0.9914978545672338
0.9908517421742274
0.9928810751041355
0.9939686551093625
0.9931311799258957
0.9924646316891381
0.994487954056408
0.9955489834882975
0.9946728433069906
0.9939869258243879
0.9960045568442891
0.9970404395297137
0.9961276567900871
0.9954234215972558
0.9974356439762998
0.9984477010145146
0.9975002409995046
0.9967786429186911
0.9987857505232043
0.9997752548747905
0.9987949681067191
0.9998223060034939
0.9998808952220657
0.9999358059738248
0.9999999996170841