0.23515623553873413
0.23516738938921375
0.23517296730734055
0.23518970146742427
0.23521201749477663
0.23521483110676966
0.23521738646514007
0.23521794983828287
0.2352203910102019
0.2352215628374726
0.23522214165468258
0.23522388158168747
0.23522619687541194
0.23522751341589612
0.23522817166399118
0.23523014641480627
0.23523278798972494
0.2352340961231592
0.23523475525125118
0.23523673658263225
0.23523935678344443
0.23524075569314018
0.2352414514419005
0.23524352623037384
0.23524632660419129
0.23524774497815454
0.23524846383892664
0.23525062042895262
0.23525349594320438
0.23525785712309577
0.23526003786408795
0.23526660624730186
0.23527524739616182
0.23527665631723843
0.23527979265516924
0.23528135128240296
0.23528597132969847
0.2352923223956394
0.23529372658999292
0.23529546787805303
0.2352963510016078
0.23529900038366713
0.235302521579351
0.23530458855107247
0.23530561856566534
0.23530870862476655
0.2353128554564786
0.23531485685875358
0.2353158657754867
0.2353188925403433
0.23532290232338715
0.23532497848886125
0.2353260109205759
0.23532910206445395
0.2353332319761752
0.23533567406600572
0.23533689522282134
0.23534054412724056
0.2353454593057838
0.2353479533179129
0.23534921373684609
0.23535299501627105
0.23535803691010215
0.23536068139966168
0.23536200732324225
0.23536598511892473
0.23537130617259494
0.2353743179199268
0.23537582236293766
0.2353803537618213
0.23538637173733884
0.23538969309581947
0.2353913449839201
0.23539628097766296
0.23540292990623737
0.2354061116692184
0.23540771593900892
0.23541252878466762
0.23541890488099734
0.2354219319341374
0.23542343282867292
0.2354279355443743
0.23543393943205393
0.23543767452205458
0.23543954635617245
0.235445173047984
0.2354525905125293
0.2354563160473239
0.23545817166100172
0.235463705542823
0.23547112866857373
0.23547545417208768
0.2354776280190655
0.2354841496260797
0.23549281770130068
0.23549736159232307
0.23549962005531458
0.23550643593009943
0.23551535615114763
0.23551627677641201
0.2355181890080794
0.2355239371565143
0.23553158651854075
0.23553662706012882
0.23553914191993144
0.23554665667881405
0.23555677920602425
0.23556267816329143
0.23556564509013614
0.23557463435130882
0.2355862797679506
0.23558712149357364
0.23559454906887758
0.23560445323040038
0.23562062456969474
0.23562871231010418
0.23565307241479666
0.23568502532120014
0.2356946725723297
0.23570048769360302
0.2357033532526453
0.2357119160869149
0.23572348676929056
0.2357291669694827
0.23573206021088428
0.23574072295573664
0.2357522233167557
0.23575807703536186
0.23576098164382261
0.23576966120990372
0.23578142657739812
0.2357838236918201
0.23578658877651856
0.23579490046741894
0.2358058234308199
0.2358113630008752
0.23581408158211722
0.2358222374282164
0.23583311277041005
0.23585330545252753
0.23586342741510827
0.2358934962281068
0.2359348819302934
0.23594001212696572
0.2359447759609469
0.2359591804771329
0.23597799967005556
0.23598696423753143
0.2359913275020257
0.23600439181371063
0.23602206569718492
0.23602989387263534
0.23603389475841224
0.2360458037217192
0.2360619581322957
0.23607028093918284
0.23607454336593903
0.23608723093009637
0.23610454933729705
0.23611254736429335
0.23611665799362835
0.2361290626850139
0.23614540673792803
0.23615410026357714
0.23615839138928052
0.23617131541442044
0.23618837760734815
0.2361983922794386
0.23620334938145635
0.23621830837440685
0.2362378930655636
0.2362479592598323
0.23625286516017618
0.23626769858690921
0.23628726745429973
0.23629840989970904
0.2363039529813832
0.23632055026385596
0.2363426570569595
0.23635460602889669
0.23636054218494268
0.23637855987913722
0.23640194429727543
0.23641457133442093
0.2364207449433395
0.23643919442867078
0.23646373930390593
0.2364754967209372
0.23648131271446698
0.2364988971474
0.2365220239294077
0.23654260439896257
0.23655277399422117
0.23658364065851398
0.23662383824557684
0.23664441785870996
0.23665447762771066
0.23668442456185826
0.23672554241999993
0.23674435813712066
0.23677561822007948
0.23678964221845683
0.23679688359956186
0.23681881859454318
0.23684744135192787
0.23686439040595367
0.2368726845568303
0.23689761591997613
0.23693080165075409
0.23694656628710306
0.23695447867710975
0.23697798907400752
0.23701012457157758
0.23702520611636427
0.23703293472321366
0.23705621064767243
0.23708722914816516
0.23710475648091023
0.23711351901321764
0.23713990844083127
0.23717475938456134
0.23719503486683452
0.2372050523165218
0.23723533683355327
0.23727530430755708
0.2372958660681205
0.23730612554965275
0.23733678824215065
0.23737758820684035
0.23739760239734325
0.23740752889288227
0.23743748011863505
0.2374768402583109
0.23750049704379037
0.2375121986598339
0.237546972431122
0.23759463956819046
0.2376157335347347
0.23762667263107848
0.2376593054260583
0.23770333649887562
0.2377312714009665
0.23774529950497925
0.2377875460995257
0.23784368450855067
0.23788242916645871
0.23790171291476925
0.23795967839055274
0.23803662790632468
0.2380759865826788
0.23809557803630574
0.23815435755373324
0.23823229967570178
0.23824497843154446
0.2382616998903108
0.2383122432984653
0.23837798121757808
0.23838691158756753
0.23840190344738205
0.23844688204796616
0.23850688002835502
0.23853775544087003
0.23855322077040642
0.23859979227429026
0.23866095546456156
0.23869228909360146
0.2387077440115358
0.2387541976323211
0.2388155083625463
0.2388502581342541
0.23886748557858287
0.2389192670482823
0.2389874100873957
0.2390208393829872
0.23903730758875896
0.2390863537090484
0.23915283610401053
0.23918779533703413
0.23920563650127954
0.23925906629109062
0.23933047445234595
0.23936704792500985
0.23938538373013465
0.23944009487927226
0.23951368464762024
0.23956100770315938
0.23958475631348658
0.23965613947257292
0.2397509297156295
0.23980859651624514
0.2398373369091803
0.23992325724539518
0.24003965256574475
0.2400534377901213
0.24008057533839353
0.24016185149795238
0.24027018585328935
0.24032844158035052
0.24035750004824707
0.24044499829803792
0.2405600248475551
0.2405833939129444
0.2406134660688856
0.24070289413975482
0.24082498237930236
0.24087904440679897
0.2409068876661047
0.24099087025138252
0.24110080156713676
0.24115742732564568
0.24118536297399418
0.24126815371553903
0.24138153905120532
0.24144079637591867
0.24147122273934882
0.24156203676818808
0.24168452843241733
0.24175783065179018
0.24179482111726353
0.2419060037318286
0.24205414821420781
0.2421597508406755
0.24221269148838506
0.24237018619726364
0.24258577101057843
0.24262023394418006
0.2427883862572353
0.2428670315915688
0.24298943236628928
0.24306459264693378
0.24310195474489052
0.243214819757286
0.24336407216309686
0.24346290524781405
0.2435119848477097
0.24365950280794682
0.24385667302511693
0.24396814460198796
0.2440238085918463
0.2441919522630992
0.2444144607677945
0.24453804006562038
0.2445995230466941
0.24478387086721423
0.24503060574618635
0.24517166974212706
0.24524223343546975
0.24545467863277215
0.24573907138990222
0.24574610304647296
0.2458027360193942
0.24597199771572237
0.2462006679684033
0.2463170981215087
0.2463762220765794
0.2465529388405712
0.24679017481542573
0.24695853917550661
0.24704302173310738
0.2472981483466023
0.2476332595063772
0.2476640988184581
0.2477742574238009
0.24810591207924246
0.2485481707820642
0.24876691067720522
0.24887625253630394
0.24920591954299434
0.24964278321745412
0.24972785499560302
0.2500279119212651
0.2501618850839714
0.2502306458860056
0.2504359313516458
0.25071412280096084
0.2508506662543616
0.25092022103677636
0.2511286459627012
0.2514081154450274
0.25158999961025413
0.25168157155489895
0.25195541659700665
0.25232482969681186
0.25250774181613495
0.25260065714271296
0.2528789276189762
0.25325085064674946
0.253444269762545
0.2535411200921404
0.2538315910798638
0.25422061631418863
0.2544750971124278
0.25460313435467674
0.2549877146449755
0.25550085882763246
0.255831567539299
0.25599710745297216
0.25649538894554874
0.2571603479314412
0.2576015188274483
0.257823253849168
0.258489928097241
0.2593767701043679
0.2597041206078274
0.2603465376102721
0.26048333151503394
0.26069144254480275
0.26131368611125855
0.2621578010823131
0.2624040184983269
0.26301491780123976
0.26334537472270514
0.2635119859244187
0.26401216862228966
0.2646819962865076
0.26511838005756394
0.26533794485974616
0.26599871276203263
0.2668773898409028
0.26691710202502056
0.2674214790406614
0.2680946650108588
0.2685178362069072
0.2687300501125604
0.2693672524851455
0.2702214824364973
0.27074961261532576
0.2710155363016158
0.27181499442811113
0.2728836432738666
0.2733867944125526
0.2736384083195395
0.27439513291601464
0.2754074777181342
0.27605093874732184
0.27637493260083335
0.2773486555282935
0.278655402684761
0.27952576119929723
0.2799652651773448
0.28128586276606937
0.28306538546028037
0.28330585762061145
0.2844033985363363
0.2858864842847933
0.28605115337059606
0.2871402409690441
0.28860069030857477
0.28934060417361207
0.28971282111950764
0.29083049331206823
0.2923359591835832
0.29304689467493034
0.29340621194890987
0.2944851090004185
0.2959363918683008
0.2967519322793744
0.2971637544672647
0.29840059120958023
0.30006829966362614
0.3008240176345122
0.301206091375899
0.3023534597330532
0.3038979540867767
0.30474566587530344
0.3051739712014147
0.30646221380615285
0.3081925091437384
0.3092953133775033
0.30985267624887264
0.3115281295404734
0.31378956684356946
0.31405528197322075
0.31458898712991745
0.31619315815744947
0.31835776953323736
0.3193538460148239
0.31985730579387556
0.32137066347942567
0.3234107811982176
0.3244255904626187
0.3249387634089986
0.3264808705995017
0.328560773261084
0.32956621490020105
0.3300747261801791
0.3316030535917808
0.3336624397104649
0.3347912006097575
0.3353621571159823
0.3370795680199933
0.3393931057347825
0.3407960589576253
0.3415069416193739
0.3436446310592655
0.34653630082410974
0.3471025139915416
0.349074278499314
0.35173751033009487
0.3530141304791194
0.3536603788695446
0.3556033722976234
0.3582276898060995
0.3594776910014287
0.36011058140473245
0.36201369504200953
0.3645805485323807
0.3660640391934642
0.3668159005761069
0.36907724538137854
0.3721353529104345
0.37355487814415494
0.3742741585294987
0.3764375368956947
0.37935937935058506
0.38094413910693314
0.3817477870407803
0.3841653496215962
0.3874369986762431
0.38895863345219495
0.38973024210296786
0.39205140529297017
0.39518931888760545
0.3968378426562514
0.3976743781750981
0.40019121343631775
0.4035978386825366
0.4052967684519023
0.40615935152470817
0.4087548237324715
0.4122686350921009
0.41409163083797723
0.415017953435571
0.41780577017683707
0.42158444367172054
0.4234545700099289
0.42440533149953547
0.4272667549138672
0.4311466805334816
0.4330931900474171
0.434083442739453
0.4370639846790461
0.4411070417381074
0.443184153140457
0.4442416934171354
0.4474251300106837
0.45174808738950817
0.4538843534157102
0.45497240040932035
0.4582478516355164
0.4626961628387304
0.4649493017633925
0.4660974616942093
0.4695541943731749
0.47425137661551636
0.476616172839186
0.4778216813771314
0.4814513897710482
0.4863852887377894
0.48887534621479745
0.49014509900502556
0.4939685910582123
0.49916752273337406
0.5018017203453359
0.5031452800264739
0.5071916877351721
0.5126951897022762
0.5154849689871092
0.5169081157617522
0.5211946150960176
0.5270268629381095
0.5299444439233153
0.5314327228899722
0.5359157658178771
0.5420154028034639
0.5450882834174006
0.5466557810104767
0.5513779029682747
0.5578036383153296
0.5610408670937848
0.562692129144478
0.5676671737443487
0.5744377542414638
0.5778420923869495
0.5795784284209247
0.5848104117549108
0.5919307189123654
0.5955264781598302
0.5973603328234114
0.6028868887632091
0.6104088509727453
0.6142049120388141
0.6161407711244475
0.621975467649056
0.629917544278065
0.6339189267678428
0.6359592508160871
0.64210954925554
0.6504816720204528
0.6546951306052338
0.6568432900418931
0.6633193486830637
0.672135194557281
0.6765676368891668
0.67882706932061
0.6856393439827357
0.69491265809163
0.6995861534091746
0.7019680665392353
0.7091504787940088
0.7189279178215141
0.7238420684124615
0.7263460897724489
0.7338974595341418
0.744176753950142
0.749340130878153
0.7519705042351257
0.7599037410800479
0.770701685054946
0.7761462633954495
0.7789192168974788
0.7872834188813765
0.7986677672474265
0.8043815138916159
0.8072906156564266
0.816066343591901
0.8280087600131804
0.8340247016993767
0.8370866729937637
0.8463246247451635
0.8588945827785051
0.8652175118985452
0.8684345147034433
0.8781411720578902
0.8913466259204432
0.8979916304080199
0.9013711252595777
0.9115691587670726
0.9254403604778417
0.9324179641044488
0.9359650219272195
0.9466697161680798
0.9612268494434879
0.9685458795106173
0.9722646961584842
0.9834888768492129
0.9987481802514475
1.0064328221520333
1.010335416297679
1.0221154708307152
1.0381263248191226
1.0461806572436372
1.0502687481453352
1.0626099371592006
1.0793781987938529
1.0878160781546116
1.0920963451063301
1.1050189895480775
1.1225712984907477
1.1314098172110794
1.1358905760123315
1.1494198352129952
1.1677898239791762
1.1770327100600968
1.1817154472040288
1.1958559289351085
1.2150482176439417
1.22471567960109
1.2296101979808158
1.2443916670597286
1.2644459192719086
1.2745448121090313
1.2796540949864572
1.2950856913909208
1.3160126530970975
1.3265603041694842
1.3318925771140153
1.3479993128171226
1.3698317744865733
1.3808329182754207
1.386389967398928
1.4031773542221602
1.4259208595154178
1.4373862405481492
1.4431728119844107
1.4606553713063188
1.484327714763807
1.4962676733196791
1.5022882181275126
1.5204796019312747
1.5450972512308816
1.5575394808735037
1.5638071788668955
1.5827476394937325
1.608363283878295
1.6212202563716762
1.6276898019836898
1.6472416570822996
1.6736639399355862
1.6870625463062219
1.6937971513210999
1.7141530463741999
1.7416430981897892
1.75550078293526
1.7624576099172078
1.7834874581884086
1.8118642337191233
1.8262155321897213
1.83341077424853
1.8551642748248167
1.8844926423091581
1.899320719254773
1.9067446254223241
1.9291925648199453
1.9594294778771273
1.9747177611809357
1.9823606695719092
2.0054741965007614
2.03657719539141
2.0523142721517895
2.0601690580906724
2.0839271537252566
2.115864498388942
2.132033465428214
2.140090219039209
2.1644634916728833
2.1971921449177145
2.213770295117062
2.222016185479616
2.246966466176818
2.280431625207122
2.2973922617697853
2.305812457868706
2.33129560744847
2.365434596754124
2.3827503537171837
2.3913296740688477
2.417300621880589
2.452049726877659
2.4696866146366783
2.478406612730538
2.504810471693315
2.5400930027036703
2.558014621178448
2.5668556632353403
2.593634063102772
2.629368970266673
2.647535592553484
2.6564764289952523
2.683566237705297
2.719666339444283
2.738037280214258
2.747056181306862
2.774392924544187
2.810769658092304
2.829300935715593
2.8383746009107442
2.8658891842375107
2.902448073259273
2.9210970308255972
2.930202762014323
2.9578280787416578
2.9944776574950422
3.0132038325892743
3.0223199493634025
3.049992206859724
3.086645599162691
3.1054158947108466
3.11452408707604
3.142190050581905
3.1787744486788156
3.1975703752819045
3.2066589690075653
3.2342860971173244
3.2707557671810723
3.28959098875973
3.2986627717155965
3.326263543098509
3.3626311461323017
3.3815908594044393
3.3906804580256518
3.4183665953955993
3.45477256694834
3.4741390017844407
3.4833677657426065
3.5115218764586142
3.548453961673145
3.5693426882428234
3.5791934629233295
3.609331089783467
3.648725060362075
3.671541423265374
3.68215141731228
3.714739547826278
3.757148749693502
3.769995694329693
3.8004242888831987
3.8011756286595055
3.8074164064416496
3.8264474220326155
3.851345792727128
3.8555095488161233
3.8608305954830033
3.877033540988897
3.898252601358849
3.9077534896296275
3.912304429244444
3.9261437977086158
3.944281076322222
3.9525415073679895
3.9565061641356065
3.968548650378913
3.984335665825145
3.9915657358849725
3.9950409047509763
4.005584398939202
4.01940342051688
4.025711169923297
4.0287456168148195
4.037940441252284
4.04998149323543
4.055435760273326
4.058059563474628
4.065999166474062
4.0763784816586215
4.081016045069307
4.083244622298151
4.089978374165667
4.098757168198193
4.100133342068163
4.101994520777328
4.107610668415229
4.114912020543098
4.115064478350631
4.116549866418866
4.121026910694379
4.126836704030482
4.129959601908373
4.131433649701439
4.135873230590883
4.141566898202475
4.144557642744512
4.1459369593746676
4.150085815454963
4.1553020037699815
4.157973606604187
4.159156182137127
4.1627077610975265
4.167011142319265
4.169177210187247
4.170052971597154
4.172680341044252
4.1755903406574495
4.1769677515638435
4.177367530553459
4.178569816786148
4.179345989408857
4.179405239799775
4.179034896819641
4.177938295953476
4.17533350050752
4.173197424265005
4.171592696259472
4.166807231909956
4.158889827659035
4.153753894134254
4.150644358001629
4.1413209590948314
4.127272017001701
4.118206843137281
4.113153730343434
4.097909374744925
4.075919638099294
4.061004811804646
4.053150670654086
4.029237677004267
3.995720539285937
3.9738598714524693
3.9630216015769895
3.9294973713807924
3.8838275437256207
3.8460499978911473
3.8289685633989103
3.773919331362669
3.701445529103171
3.6773583329732142
3.6258496476592756
3.5980343593311153
3.586063763000637
3.5469284365950986
3.4962946317952834
3.4601015774951764
3.445823456561891
3.3964145650494637
3.3340838875983443
3.293809479357477
3.2794654774835146
3.2265894914465525
3.1615781408588868
3.1244300437445225
3.112054312605484
3.0648861015844764
3.007319406383054
2.973763267512022
2.9630871625384674
2.9211003149460257
2.8701564290103354
2.8397613495337697
2.8305089367850784
2.79294271217335
2.7475991634573917
2.7199512516511666
2.7118923505150674
2.6780977916261404
2.6374858395860747
2.6122124548100163
2.605149332611384
2.5745603174375202
2.53793351727858
2.5147000110816555
2.508463886045982
2.480589148416859
2.4473128796353047
2.4258264641628107
2.420276556549942
2.394699663198547
2.364246139686018
2.3442584104218724
2.3392800814867534
2.315656686920799
2.287596091445606
2.2689015508734953
2.264403166204277
2.2424539277221593
2.216441422985055
2.1988728608116834
2.1947819949835305
2.174282852906222
2.1500438639544477
2.1334662607932446
2.1297258944888386
2.1104977578883175
2.0878137362013516
2.072118031367155
2.0686831509826065
2.050582375046702
2.029278334073239
2.0143758289122067
2.011210600401137
1.9941209134846902
1.9740552048053752
1.959872910832086
1.9569484420499188
1.9407744696724116
1.9218307551216636
1.9083077131427244
1.9056003388594605
1.890262595081561
1.8723437245595231
1.8594281835407427
1.8569181791648695
1.8423492847391874
1.825372715859563
1.8130200142612425
1.8106906444276087
1.7968325143460953
1.7807269260458551
1.7688979200028845
1.7667347405905314
1.7535365107914005
1.7382393155892917
1.7268992199812292
1.7248895679743599
1.7123060727526604
1.6977615928858112
1.6868791281692048
1.6850117488195688
1.6730024024593826
1.6591605305523667
1.6487072934490834
1.6469720668657337
1.6355000393533805
1.622315250156585
1.6122652474604175
1.6106529867452313
1.5996845925911918
1.5871152082207203
1.5774445098276768
1.57594681043548
1.5654510521982197
1.5534586905714394
1.5441449945736765
1.542754130787162
1.5327021709445847
1.521251184364126
1.5122748688475527
1.5109836244230694
1.5013498852717075
1.4904080866983664
1.4817500752098656
1.4805518065154304
1.4713112620333917
1.4608477174243109
1.4524900256042192
1.4513785442400824
1.442508012947972
1.4324939916850012
1.4244198526735992
1.4233893900889814
1.41486721137276
1.4052758677452737
1.3974695870118308
1.396514758554622
1.3883206683151985
1.3791268899799256
1.3715737640838281
1.370689538476511
1.3628045638879351
1.3539848424606347
1.346671088381418
1.3458527613735323
1.3382591287442043
1.3297914460303848
1.322704138370738
1.321947309593299
1.3146283622787331
1.306492089098058
1.2996191032779187
1.298919655571415
1.2918597801734302
1.2840355846036882
1.2773655452717594
1.2767196260471816
1.2699041848718384
1.2623739487628418
1.255896182272174
1.2553001864548288
1.2487154557057447
1.2414621978618015
1.2351666883476913
1.234617242697477
1.228250355139945
1.221258160153377
1.2151355086809659
1.21462945722394
1.2084683491609105
1.2017223006601916
1.195763687307785
1.195298077898298
1.1893314388162084
1.1828175586659737
1.1770147060260436
1.1765867776004926
1.170804004400184
1.164509193338875
1.1588543340477513
1.1584615048975193
1.152852657378128
1.1467646419624407
1.141250486543365
1.1408903430389934
1.135446103929074
1.1295533846021328
1.1241730922338269
1.1238433786699673
1.1185550137746199
1.1128468177338788
1.1075939683563814
1.1072925766750161
1.1021519006028775
1.0966181354469255
1.0914867036441382
1.0912116648690626
1.086211004228084
1.080842215263698
1.0758265466086543
1.0755760212727739
1.070708185583351
1.0654955180372414
1.0605903036336497
1.0603625746105305
1.0556208220899195
1.050555984666372
1.0457562407647512
1.0455497041737671
1.0409277204211997
1.0360029438636011
1.0313039919688745
1.031117151805242
1.0266090136719364
1.0218170196072478
1.0172144660492959
1.0170459262165135
1.0126460829008814
1.0079800557429828
1.0034697757271478
1.0033182328930956
0.9990214833717376
0.9944750358999154
0.990053158733037
0.9899173978847571
0.9857188637812091
0.981286026088747
0.9769489045375622
0.9768277918944647
0.972722903218208
0.9683980607478068
0.9641422753596701
0.9640347570239632
0.9600192074525797
0.9557971498225567
0.9516194605580789
0.9515245484665058
0.9475943380058829
0.9434700965638783
0.9393675256891526
0.9392843015488028
0.9354356509724108
0.9314046526139974
0.9273743155607939
0.9273019274925449
0.9235312931734644
0.9195891884424415
0.9156284409077045
0.9155660869452004
0.9118701469196993
0.9080129205045473
0.9041192041733703
0.9040661494982071
0.9004417919416572
0.8966655794405113
0.8928365929734345
0.8927921394995889
0.8892364384722383
0.8855377299194678
0.8817711923085257
0.8817347023145651
0.8782448741774033
0.8746204051580708
0.8709142050148861
0.8708850579943719
0.8674585947743892
0.8639051285764898
0.862908601406614
0.8627362377616132
0.8620998977062201
0.8612591848267847