0.23515535425765643
0.23516650781073212
0.23517208558011626
0.23518881929382315
0.23521113472564767
0.2352139482633663
0.2352165035533226
0.23521706691165364
0.23521950801817704
0.23522067981448155
0.23522125861623472
0.23522299849685446
0.2352253137287456
0.23522663023407758
0.23522728846459617
0.2352292631626796
0.2352319046672523
0.23523321276558826
0.23523387187611147
0.2352358531547697
0.23523847328536088
0.23523987215796655
0.2352405678881952
0.235242642621118
0.23524544292073513
0.23524686125639785
0.23524758009798283
0.23524973663044466
0.23525261206793854
0.23525697313140334
0.23525915381417595
0.23526572202261056
0.23527436293881754
0.23527577182337558
0.23527890807804935
0.2352804666636876
0.235285086586395
0.23529143748547343
0.23529284164087202
0.2352945828818348
0.23529546598179304
0.23529811529305883
0.2353016363943854
0.23530370331098216
0.2353047332980244
0.2353078232744687
0.23531196999585927
0.23531397134430593
0.23531498023409278
0.2353180069181057
0.23532201659344434
0.2353240927036819
0.23532512510779843
0.23532821616889998
0.2353323459702091
0.2353347879947285
0.2353360091188863
0.23533965792537986
0.23534457297315084
0.23534706691800825
0.23534832730325328
0.23535210848160598
0.2353571502406557
0.23535979465922774
0.23536112054729863
0.23536509823644342
0.23537041914797885
0.23537343081445744
0.2353749352170443
0.23537946649457703
0.23538548430835826
0.23538880557831887
0.2353904574221894
0.2353953932833032
0.23540204203475357
0.23540522371190015
0.23540682793871984
0.235411640655454
0.23541801658001044
0.23542104355262855
0.23542254440694804
0.2354270470019906
0.2354330507287659
0.23543678571856871
0.23543865750256732
0.23544428404396214
0.23545170130823323
0.2354554267438662
0.23545728230798607
0.23546281604124186
0.23547023896869898
0.23547456435567446
0.23547673814433548
0.23548325957637656
0.23549192741835118
0.2354964711878184
0.23549872959007714
0.23550554528248643
0.2355144652609443
0.23551538586380685
0.2355172980440306
0.2355230460380735
0.23553069519425945
0.2355357356007081
0.23553825039295406
0.23554576494924936
0.2355558872058836
0.2355617860035045
0.23556475285044945
0.2355737418715457
0.23558538696927672
0.2355862286764585
0.2355936560519954
0.23560355994709148
0.23561973085122406
0.23562781837396687
0.23565217782498013
0.2356841298610861
0.23569377685703144
0.23569959182348962
0.2357024573052741
0.2357110199078599
0.23572259028064846
0.23572827032545438
0.23573116348895085
0.2357398260001125
0.23575132604964139
0.23575717961127726
0.23576008414132746
0.23576876347226705
0.23578052852541198
0.23578292557232838
0.23578569058241902
0.23579400204939738
0.23580492471475759
0.23581046413736517
0.2358131826450696
0.23582133827052035
0.2358322133184303
0.23585240545392155
0.23586252714296924
0.23589259513601515
0.23593397973884533
0.2359391097807121
0.23594387348519105
0.23595827761232865
0.23597709628774546
0.23598606061713517
0.23599042376301896
0.23600348771887875
0.23602116112672952
0.23602898908602724
0.23603298986337592
0.23604489850168148
0.23606105247768677
0.23606937505415315
0.23607363736528986
0.23608632458288442
0.2361036425262569
0.23611164033004584
0.23611575084732805
0.23612815520219416
0.23614449880697752
0.23615319209832908
0.23615748310707546
0.236170406781061
0.2361874685062299
0.2361974829072275
0.2362024398738625
0.2362173984602087
0.23623698261033932
0.23624704853491635
0.2362519543008754
0.23626678732389142
0.2362863556535264
0.23629749779624015
0.2363030407266382
0.23631963755525867
0.2363417437429705
0.23635369238899553
0.23635962838219107
0.23637764558685387
0.2364010293543576
0.2364136560530313
0.23641982949320975
0.2364382784724143
0.23646282267259844
0.2364745797692693
0.23648039560282108
0.23649797955512641
0.23652110569715226
0.2365416856052673
0.23655185492014866
0.2365827207414151
0.23662291720699374
0.23664349626426212
0.23665355575610356
0.23668350185918904
0.23672461860346763
0.2367434337836051
0.2367746930195764
0.23678871661883444
0.23679595779941962
0.2368178921917612
0.2368465141474712
0.23686346274091793
0.23687175666212762
0.2368966873357468
0.23692987214659528
0.2369456363456152
0.23695354851676356
0.23697705825767482
0.2370091928767922
0.23702427399287912
0.23703200238456726
0.23705527766289597
0.23708629530126296
0.23710382214645326
0.23711258443489439
0.2371389731301331
0.23717382309781154
0.23719409801908548
0.23720411518862497
0.23723439886380251
0.23727436521581272
0.23729492640465583
0.23730518560028493
0.23733584743502098
0.23737664625516744
0.23739665988863615
0.23740658610585721
0.2374365364954906
0.2374758955214977
0.23749955165052616
0.23751125293868167
0.23754602572695652
0.2375936915465881
0.23761478490246352
0.2376257236917624
0.23765835556576098
0.237702385407158
0.23773031951704413
0.23774434722446916
0.23778659262763052
0.23784272944663598
0.23788147301193519
0.2379007562138386
0.23795872004810528
0.23803566737226028
0.23807502493594343
0.23809461583311678
0.2381533936792706
0.2382313335701979
0.23824401197382442
0.23826073295552752
0.23831127492956805
0.23837701094001904
0.2383859410719841
0.23840093250276378
0.23844590981511624
0.2385059060751511
0.2385367806011301
0.23855224548698928
0.2385988156579364
0.23865997707200545
0.23869130981105977
0.23870676428457385
0.23875321657054827
0.23881452552083804
0.2388492742979045
0.23886650124515085
0.23891828122171813
0.2389864222702545
0.23901985061231731
0.239036318342007
0.2390853630341886
0.23915184351735252
0.23918680171707912
0.23920464236277827
0.23925807059575044
0.23932947667680482
0.2393660490807607
0.2393843843509065
0.23943909389466173
0.23951268151588456
0.23956000317817655
0.23958375109080435
0.23965513215336753
0.2397499195960317
0.23980758470192848
0.23983632424685347
0.23992224203613408
0.24003863394302657
0.24005241873104338
0.24007955547579543
0.2401608292216518
0.24026916035016274
0.24032741434620467
0.24035647194781629
0.24044396759307549
0.24055899066687694
0.24058235905470202
0.24061243031080776
0.24070185568097463
0.24082394029652274
0.24087800065371454
0.24090584307336244
0.2409898231337306
0.24109975108255877
0.24115637515064348
0.24118430995442947
0.24126709816275013
0.2413804800983505
0.2414397355781928
0.2414701610144996
0.24156097225925816
0.24168346019404607
0.2417567601429819
0.24179374946996163
0.24190492866099242
0.2420530685624467
0.24215866791949767
0.24221160692824356
0.24236909671162027
0.24258467489825963
0.24261913665369803
0.2427872837778275
0.242865926589324
0.24298832350141222
0.2430634814164759
0.24310084233078905
0.24321370378127352
0.24336295142619258
0.24346178138382243
0.24351085941853257
0.24365837266911092
0.24385553657449555
0.24396700456826956
0.24402266676277298
0.24419080502593718
0.24441330628880784
0.24453688158645243
0.24459836256381007
0.24478270435330127
0.24502943113868872
0.24517049047823558
0.24524105183646205
0.24545348999759184
0.24573787330385582
0.24574490470205002
0.24580153578485012
0.24597079179642808
0.24619945441372965
0.24631588059626744
0.24637500255679165
0.24655171332121037
0.24678894124364625
0.24695729983629103
0.2470417794987822
0.2472968973787185
0.24763199682610362
0.24766283515029522
0.24777298992568478
0.24810463301696448
0.24854687614005178
0.2487656082973012
0.24887494627066611
0.2492046015433488
0.24964144942646707
0.2497265181611199
0.2500265643270347
0.2501605325099901
0.250229290805795
0.25043456873091074
0.2507127500378467
0.2508492883767436
0.25091884058786473
0.2511272577730669
0.25140671685968413
0.2515885941928239
0.25168016270567906
0.2519539974081254
0.2523233965819533
0.2525063016578422
0.2525992134416856
0.25287747324132337
0.25324938190833696
0.25344279352693727
0.25353964009310825
0.253830099734714
0.25421910969837674
0.25447358041138773
0.2546016125815617
0.2549861775532233
0.2554993010743341
0.25582999640068765
0.25599552957851396
0.2564937906835765
0.25715872208194324
0.25759987452959354
0.25782160024329365
0.2584882462481301
0.25937504987787924
0.25970238624161024
0.2603447752002459
0.2604815629103024
0.2606896647325221
0.2613118804093092
0.26215595742756226
0.26240216337379174
0.2630130345881842
0.2633434760994686
0.26351007954003397
0.2640102387658375
0.2646800346735549
0.2651163975240258
0.26533595177418673
0.2659966876750858
0.2668753213235656
0.2669150317148711
0.2674193836452715
0.2680925357018658
0.2685156854504402
0.2687278885485224
0.2693650581754252
0.27021924367487016
0.2707473460138064
0.27101325563834555
0.27181267105354506
0.27288126171386773
0.2733843852886319
0.27363598529712635
0.2743926677113013
0.27540495512602964
0.27604837924579323
0.2763723544269465
0.2773460205221546
0.27865268992085274
0.27952299576506584
0.279962472993201
0.28128298879274294
0.28306239860551896
0.2833028553112171
0.28440032473681315
0.2858833123686409
0.28604797021563394
0.28713698404979315
0.2885973323530969
0.2893371943510994
0.28970938504588556
0.2908269772905284
0.29233233356249344
0.29304321627533103
0.2934025068326555
0.2944813225879901
0.29593249419734835
0.2967479709568894
0.29715976088777163
0.29839649930542256
0.30006407274142555
0.30081972826158443
0.3012017703828245
0.30234904250240213
0.3038934050852872
0.3047410431876804
0.3051693111707481
0.3064574399345421
0.3081875790881064
0.30929028202692843
0.30984759340103274
0.3115228890680547
0.3137841083583113
0.3140497972775481
0.31458345010394106
0.3161874611753664
0.3183518518401776
0.3193478245953492
0.3198512317521439
0.3213644288367191
0.32340432558913945
0.32441902271663453
0.3249321387747111
0.32647407238168374
0.32855373625606843
0.3295590601059496
0.3300675116545539
0.33159565691412995
0.33365479276607435
0.3347834138143249
0.33535429932090105
0.3370714933604424
0.33938473236527517
0.34078750073346326
0.3414982892643997
0.3436356901739271
0.34652695970220954
0.3470930930390094
0.34906457626977205
0.3517274195206026
0.353003849432253
0.3536500011858416
0.35559269932402493
0.35821660952126466
0.3594664126544126
0.3600992025100727
0.3620020091867989
0.3645684400710434
0.3660516816383112
0.36680341629912167
0.369064373242576
0.3721219441245997
0.3735412148989837
0.374260365981111
0.3764233491857245
0.37934464647546706
0.38092910458036666
0.3817325990410097
0.3841496919270109
0.38742069113039296
0.3889420172914117
0.3897134690938894
0.3920341529693434
0.39517140523750494
0.3968195747411435
0.3976559300724819
0.40017221425342014
0.4035780778985816
0.4052766202610129
0.4061390062842282
0.40873387593977495
0.41224685476256645
0.4140694101600979
0.4149955086373579
0.4177826396448369
0.42156036447963613
0.42343001212953574
0.4243805300040743
0.4272412082992169
0.43112010356145064
0.43306608694465837
0.43405607183635075
0.4370357235186141
0.4410778726115101
0.4431348656668982
0.4441820579294562
0.447334398840049
0.45161368240913874
0.45378522344089606
0.4548913910612464
0.45822165352373406
0.46274566792322414
0.465005183375717
0.4661566020732818
0.46962323497867625
0.4743337568022193
0.47671935876742444
0.47793559139748115
0.4815977120376391
0.48657627696472366
0.4890847242345793
0.4903639663184043
0.4942160043669729
0.49945480541930987
0.50207087320332
0.5034050974361524
0.5074231832393638
0.5128874695216968
0.5156717331847737
0.5170920376471342
0.5213700123688747
0.5271900040052491
0.5301278235942946
0.5316265248049648
0.5361410668248109
0.542284403770686
0.5453552794068881
0.5469217211970966
0.551640712808931
0.55806175048639
0.5613081291236656
0.5629640766496733
0.567953281438521
0.5747434865341756
0.5781407927464632
0.5798734949279488
0.5850944568467629
0.5921992195810195
0.5958035016626805
0.5976417501094236
0.6031815545885498
0.6107217630101065
0.6145215110218972
0.6164592478152287
0.6222995437281755
0.6302493578177623
0.6342479335504158
0.6362868013533577
0.6424325343064964
0.6507985356062645
0.6549924398232577
0.6571305221312919
0.6635760132944329
0.6723491596511266
0.676787233866696
0.6790495764673097
0.6858705512848767
0.6951559369709058
0.6998262897463032
0.7022065819026366
0.7093840083464021
0.71915433857573
0.7240740824424543
0.7265809837019591
0.7341410368704036
0.7444320978162753
0.7496051420943712
0.7522404721329877
0.7601886194049118
0.771007270714169
0.7764438145369083
0.7792126208630704
0.7875641494552633
0.798930772554721
0.8046416204477054
0.8075492264752334
0.8163203331311452
0.8282561489090547
0.8342710494554011
0.8373324642301748
0.846568610613943
0.8591359557224517
0.8654548935758561
0.8686698400204156
0.8783701622679634
0.8915666426727152
0.8982092782802972
0.9015875423578613
0.9117816883780846
0.925647508680499
0.9326138384670088
0.9361551078535113
0.9468421292737538
0.9613745572875407
0.9686915590202345
0.972409321339247
0.9836301757009722
0.9988847557007186
1.0065620949938712
1.0104609272592289
1.0222294722919665
1.0382241395253906
1.0462751503398968
1.0503615076124058
1.0626973095949983
1.0794579384626073
1.0878896147948482
1.0921666991367842
1.1050794928459162
1.1226180732843305
1.1314481213728107
1.1359245415222263
1.1494405100431513
1.1677918280583315
1.1770307635623836
1.1817114448870953
1.1958455384509459
1.2150287876843793
1.2246880745698934
1.2295783899238728
1.244346951435041
1.2643830943206815
1.2744752002686823
1.2795809772679883
1.295001770042884
1.3159135683621277
1.3264509057829166
1.331777877186383
1.3478683584869964
1.3696781018326294
1.3806685781479413
1.3862201392695805
1.4029907050685453
1.4257106655251508
1.4371656403156188
1.4429468437747817
1.4604129232465473
1.4840622621672863
1.495986886771153
1.5019995761564575
1.5201669243552687
1.5447511107172753
1.5571444677993855
1.5633872758480958
1.5822518583286438
1.6077629774152065
1.6206404299491335
1.6271202381316001
1.6467032119897522
1.6731675703025164
1.6865595285150703
1.6932906283809805
1.7136357388654464
1.741110334875563
1.754960929905563
1.7619139860811042
1.782932227586754
1.8112923819265425
1.8256213471765088
1.832805130149497
1.8545236236173133
1.8838033511394585
1.8986029817117855
1.9060123384268153
1.9284158615870814
1.9585912988128973
1.9738501805970547
1.9814780460752597
2.0045456605268757
2.0355851400661673
2.051292134719094
2.0591315200873543
2.0828426302679524
2.1147149522126063
2.1308479853724482
2.138886401494678
2.163203755380074
2.1958552429414593
2.212394300156163
2.2206202566200033
2.24550977309474
2.2788911812267854
2.295809159155668
2.3042076277509627
2.329624570023836
2.3636724237296445
2.3809422668688307
2.3894982177015613
2.415397983697908
2.4500491974928096
2.467636504421273
2.4763312853194277
2.5026583662787614
2.537835420558771
2.5557012567167097
2.564513999481228
2.5912062614938325
2.6268230800114964
2.6449295229505183
2.653839858097454
2.6808368452476703
2.716809898592404
2.7351149163027655
2.7441004796562227
2.771335797419657
2.807573917828752
2.8260343481996992
2.835072217690773
2.8624779250695846
2.898888235912236
2.9174603202204703
2.926527283901021
2.9540347230977804
2.990523664427266
3.0091672205793167
3.01824171652281
3.0457874592124905
3.082268676662673
3.100949981915005
3.1100134088484985
3.1375433377599635
3.17394285847576
3.19264358156737
3.2016843254325162
3.229166098584469
3.265438454563647
3.2841720339327196
3.2931927592035013
3.320638484943758
3.3567958546883925
3.375647511353835
3.3846828045141386
3.4122041341707035
3.4483867588844173
3.4676410326865525
3.476813133438371
3.504795520395213
3.5414945889060534
3.5622853093695115
3.5720844405927226
3.6020668560400164
3.641247113985285
3.663853828686415
3.6743620791153613
3.706639499455007
3.748633341778856
3.7609736802128197
3.791019601720755
3.791888007706759
3.7980555417455935
3.8168637587623064
3.8414669417275484
3.845614992400551
3.85087327862989
3.8668857487783277
3.8878524302939446
3.897241024822759
3.901737099379309
3.915410238525372
3.933327347853806
3.9414894447453888
3.945405934866256
3.9573027169517916
3.9728967361073386
3.9800379238458845
3.9834695220498513
3.9938813474770285
4.007526036891686
4.01375371413619
4.016748865826483
4.025825053313821
4.037709071948581
4.043091815801849
4.045680472803418
4.053514064057952
4.063753076745502
4.068327566239133
4.070525103751473
4.077165318682881
4.085820325960661
4.087176941982102
4.089010889266654
4.094545046444845
4.101737916785093
4.101929672457205
4.103394468948737
4.107809593070915
4.1135368922560565
4.116617997364334
4.118070994227413
4.122447275396235
4.128056091509637
4.13100044462597
4.132356344323152
4.136434793772062
4.141556437836486
4.14417739770355
4.145334237787113
4.1488085261622825
4.153007785044448
4.1551170064851926
4.155963615133785
4.158503617729442
4.161295428642955
4.162604898511906
4.162969583594236
4.164066979324547
4.164700868883052
4.164674000345614
4.164259587538047
4.163031549011916
4.160249742860592
4.158001480959338
4.156339617820748
4.1513838565407
4.143238413387955
4.137973965187811
4.1348019632613475
4.125291678949457
4.1110005213501815
4.101770397325699
4.096638229153951
4.081156083288218
4.05886110836546
4.043752001079522
4.035814435554806
4.011646337426258
3.9778302007249158
3.955686072192862
3.9447413695078044
3.9108745195352235
3.864839185662124
3.8286637171012767
3.8123233401774304
3.7597586663652156
3.6907534465663443
3.6605171292874688
3.6102362337039806
3.5833151417467506
3.5717702319761657
3.534013836940259
3.485275680707314
3.450370892921758
3.4366664982728246
3.389162260243424
3.329359327385035
3.2900972599232503
3.276243120609147
3.224822825917573
3.16172538939448
3.1254462933875367
3.113473195017698
3.0674908856352787
3.011362026141684
2.978465024755496
2.9680702014507716
2.926911946887301
2.876901702011902
2.8469323377004443
2.8378492561339397
2.8007776138595433
2.7559488549044135
2.7285279141337697
2.7205537154667225
2.6869967603958522
2.646600100342196
2.6214102009603515
2.614375504275138
2.583850666668133
2.547247402848736
2.524005386359305
2.5177637926559666
2.489847729797012
2.4564835178190223
2.434935402302014
2.429361474222303
2.4036852899000425
2.373085643715459
2.35300890396934
2.3479976060293657
2.3242471615058258
2.296014903507788
2.277219904404891
2.272685216252193
2.250599021654388
2.224408031192385
2.2067366421365424
2.2026092253553813
2.1819731121875625
2.1575588756214255
2.140880931905239
2.1371053512153133
2.1177453247585953
2.0948942761328553
2.079103091211313
2.075635065300582
2.0574098335659783
2.0359491240756835
2.0209569847872677
2.01776094918547
2.0005550918911577
1.980343684867207
1.9660778448711922
1.9631249365262078
1.9468431456960782
1.927764535617508
1.914163900163024
1.9114303650694444
1.895992834944598
1.877949334368187
1.8649618394504548
1.8624278120272808
1.8477666720190244
1.8306750486609615
1.8182556487441408
1.8159042345303689
1.8019608490039647
1.7857490512025262
1.773858202045277
1.7716747967844233
1.7583977482400532
1.743002472302377
1.7316049988167548
1.7295767863745886
1.7169203796732022
1.70228527118823
1.691349526417993
1.689465109336244
1.6773882647284015
1.6634625890451926
1.6529598294538619
1.6512089565797132
1.6396743889893208
1.6264120450697368
1.61631596521942
1.6146893297379337
1.603662937373889
1.5910217215026858
1.581308106189663
1.5797971943625364
1.5692476002810158
1.557188651396174
1.5478374526567125
1.5464342900679937
1.5363349503233916
1.5248242276474075
1.5158112813719276
1.5145088341003587
1.50482852245463
1.4938292688930308
1.485136304315309
1.4839277267775677
1.4746438031998488
1.4641268390898294
1.4557364433659714
1.4546154706695826
1.4457045222917035
1.4356408104339269
1.427536045598444
1.4264968410303736
1.4179369686600438
1.4082993622630178
1.4004643694992116
1.3995014863485113
1.3912722079698872
1.38203531971326
1.3744552455041756
1.3735635959399404
1.3656457397665798
1.3567858102928703
1.349446734440898
1.3486215626301021
1.3409971732413999
1.3324919550982819
1.325380826771227
1.3246176852620895
1.317269939949329
1.3090985942536988
1.3022031741399156
1.3014979027828901
1.2944110361324066
1.28655403921491
1.2798628468567297
1.2792115537552093
1.272370789078115
1.264809847031555
1.2583121127241783
1.2577111568522936
1.251102642951523
1.2438206139730323
1.237506233344384
1.2369522085830336
1.2305629614211966
1.2235437824866768
1.2174032755646509
1.2168929958425085
1.2107108444149435
1.2039394640522005
1.1979639365074954
1.1974944220397368
1.1915079577814052
1.1849702737899603
1.1791513799744453
1.1787198444005977
1.1729183739452451
1.1666011728096082
1.1609310827755803
1.1605349211828795
1.15490842152482
1.1487993248804496
1.1432706911692294
1.1429074687049179
1.1374465457328646
1.1315339580636508
1.1261398869081538
1.1258073280914145
1.1205031784472586
1.1147762383078612
1.1095102604275515
1.1092062394451516
1.1040506123412204
1.0984991445918721
1.0933551902665228
1.0930777214591025
1.0880628845024929
1.0826773608645508
1.0776497332900785
1.077396962145516
1.072515668918822
1.0672871682418428
1.0623705186954524
1.0621407137933914
1.0573861746916458
1.052306336434307
1.0474956473455177
1.0472871926881326
1.0426530417902222
1.037714040739874
1.0330046005426146
1.0328159872851113
1.0282962647543696
1.0234907652258494
1.0188781541131187
1.0187079755260888
1.0142970871935435
1.0096182287105167
1.005098286665908
1.0049452299490167
1.0006379345831151
0.9960792884443621
0.9916481174027738
0.991510957226323
0.9873023481434274
0.9828578969245039
0.9785118272112198
0.9783894226660365
0.974274891986856
0.9699389845882964
0.9656745739520252
0.965565860969227
0.961541091100568
0.9573084373575335
0.9531224596103839
0.9530264447009419
0.9490873883815688
0.9449530550856299
0.9408424504903191
0.9407582101346181
0.9369010622486644
0.9328604135164035
0.9288223152617914
0.9287489872261073
0.9249701852007198
0.9210188817047836
0.917050598258753
0.9169873781145135
0.913283601243291
0.909417507519869
0.905516536758745
0.9054626845332647
0.9018307647713089
0.8980460928615634
0.8942100419962441
0.8941648522400678
0.8906018731897176
0.8868950306113343
0.8831216643395243
0.8830844926969221
0.8795876498838996
0.8759554134035828
0.872242524111599
0.8722127568995034
0.8687795334976319
0.8652184391136466
0.8642493809593454
0.8640844797925737
0.8634839368166376
0.8626897584290534