0.9992637255597212
0.9992391288840673
0.9992268299724173
0.9991899331507357
0.9991407354703818
0.9991346129993827
0.9991289609855243
0.9991277410363409
0.9991223383991152
0.999119786026042
0.9991185098329561
0.9991146812515399
0.9991095764576072
0.999106674666705
0.99910522376292
0.9991008710490129
0.9990950674056754
0.999092168376281
0.9990907188530703
0.9990863702809184
0.9990805721599357
0.9990775152436381
0.9990759867760964
0.9990714013706912
0.9990652874694553
0.9990621220632508
0.9990605393501796
0.9990557912080389
0.9990494603226592
0.9990398586498934
0.9990350577258648
0.9990206549368679
0.999001450937418
0.9989984560052064
0.9989916011950368
0.9989881737446152
0.9989778913838211
0.9989641814260447
0.9989609528757584
0.9989570653922083
0.9989551216355645
0.9989492903616747
0.9989415152852452
0.998936976955978
0.998934707771394
0.9989279002126715
0.9989188234054407
0.9989143871795504
0.9989121690470534
0.9989055146447094
0.9988966420497131
0.9988920993415076
0.9988898279673227
0.9988830138398023
0.998873928274656
0.9988685542348456
0.9988658671869745
0.998857806036821
0.9988470577492196
0.9988415168918733
0.9988387464332126
0.9988304350503858
0.9988193531142008
0.9988135131799877
0.9988105931798911
0.9988018331721109
0.99879015305902
0.9987835042998797
0.9987801798777928
0.998770206602377
0.998756908767819
0.9987496418175922
0.9987460082916817
0.9987351077033323
0.9987205734244827
0.9987135167100362
0.9987099883045798
0.9986994030781269
0.9986852892915348
0.9986786879657958
0.9986753872607828
0.9986654851367249
0.9986522821719295
0.9986440604781258
0.9986399495662114
0.9986276168175388
0.9986111729453814
0.9986030516732347
0.9985989909733596
0.9985868088610022
0.9985705658439483
0.9985610081865469
0.9985562292706556
0.9985418925063297
0.9985227765384491
0.9985128260939574
0.9985078507760251
0.9984929248041973
0.9984730232058118
0.9984712206618293
0.9984670085885341
0.9984543723550848
0.9984375238257907
0.9984264713685622
0.9984209450227959
0.9984043659637044
0.998382260178105
0.9983691941787658
0.9983626610170282
0.9983430615031652
0.9983169282925588
0.9983154780835877
0.998299161459337
0.9982774055976066
0.9982418847569182
0.9982241231405655
0.99817083811112
0.9980997874670735
0.9980790686240707
0.9980664885070823
0.9980601982981344
0.998041327644139
0.9980161662820479
0.9980034951698479
0.9979971594593504
0.997978152300359
0.9979528089257167
0.9979400622026919
0.9979336886854934
0.997914568106879
0.9978890734944492
0.9978835532842466
0.9978774944000982
0.9978593177227022
0.9978350816980643
0.997823143707486
0.9978171745750768
0.9977992671530573
0.9977753901520046
0.9977310592725024
0.9977088919709612
0.997642389796475
0.9975537140329319
0.9975409856238323
0.9975305091210142
0.9974990795449873
0.9974571720717321
0.9974380110769412
0.9974284302268651
0.997399687619823
0.9973613629962137
0.9973438798039929
0.9973351379138429
0.9973089121957831
0.9972739436130691
0.9972553225176396
0.9972460116360541
0.9972180789367466
0.997180834259739
0.9971627975420025
0.9971537788727034
0.9971267228133216
0.9970906470565774
0.9970718466076254
0.9970624460459708
0.9970342443059826
0.9969966408815395
0.996974902675803
0.9969640331211721
0.9969314243846457
0.996887944597649
0.9968663905060213
0.996855613017564
0.9968232804806484
0.9967801689932297
0.9967559601700376
0.9967438552043222
0.9967075402203088
0.9966591184091
0.9966330823410865
0.9966200636612832
0.9965810075179
0.9965289305723244
0.996502021372404
0.9964885660938522
0.9964482001486757
0.9963943766599502
0.9963688879152911
0.9963561429366686
0.9963179079038543
0.9962669258316885
0.9962223377456391
0.9962000418199878
0.9961331537635307
0.9960439634390731
0.9960000359042478
0.9959780702966394
0.9959121731985408
0.9958243043994038
0.995781622537431
0.9957149226196443
0.9956832614724055
0.995667429949831
0.995619935229269
0.9955566058410601
0.9955204301887012
0.9955023411344149
0.9954480737787527
0.9953757132360174
0.9953413367340449
0.9953241473684443
0.9952725791039588
0.9952038176782663
0.9951700709253766
0.9951531964506775
0.9951025728553529
0.9950350711978242
0.9949969222956269
0.9949778464749481
0.9949206188033513
0.9948443106763516
0.9948005787736502
0.9947787110065444
0.9947131074297662
0.9946256299850086
0.994581169621711
0.9945589375547716
0.9944922410785447
0.9944033062361056
0.9943601221299815
0.9943385283022999
0.9942737465464468
0.9941873650725773
0.9941366634590612
0.9941113102356559
0.9940352501934124
0.993933828740941
0.9938865104678448
0.9938628492033921
0.9937918650766472
0.9936972126179108
0.9936362510657326
0.9936057667986248
0.993514313446501
0.9933923641713505
0.993308754141934
0.9932669425914991
0.9931415069843814
0.9929742375007141
0.9928895804601867
0.992847245143938
0.992720238178798
0.9925508730600374
0.9925243099169283
0.9924881810109627
0.992379793569121
0.9922352606154708
0.992217521676298
0.9921851590225262
0.9920880704556578
0.9919586060495895
0.9918919726323714
0.9918586517843657
0.9917586886046463
0.9916253905039623
0.9915589455011913
0.991525718849861
0.9914260382755505
0.9912931170197309
0.9912191295115438
0.9911821305975703
0.9910711330888446
0.9909231192213
0.990852614692766
0.99081735771678
0.9907115860960979
0.9905705416413094
0.9904940857685086
0.9904558523059054
0.9903411510867322
0.9901881978672068
0.9901097135701147
0.9900704656375433
0.9899527209341635
0.9897957090060631
0.9896938700255445
0.9896429409070581
0.9894901521016275
0.9892864010539248
0.9891635061507733
0.9891020444665836
0.9889176572853051
0.9886717602570735
0.9886400054170228
0.9885821791337904
0.9884086983272607
0.9881773492517926
0.988053621509414
0.9879917434722348
0.987806107205704
0.9875585440715301
0.9875107316646495
0.9874469283114318
0.9872555159763878
0.9870002483052608
0.9868821374717549
0.9868230688525355
0.9866458609874995
0.9864095403273403
0.9862917141430334
0.9862327880806177
0.9860560078449504
0.985820257856189
0.9856918829624213
0.9856276802538247
0.9854350696918148
0.9851782044461586
0.9850218602016269
0.9849436653973825
0.9847090774793317
0.9843962169447189
0.9841737766029536
0.9840625103041486
0.9837287042582163
0.9832834753930386
0.9832032515835479
0.9828568162856012
0.9826879157370075
0.9824308238323265
0.9822739304646754
0.9821954610292222
0.9819600490053023
0.9816460899180434
0.9814409542875929
0.9813383475986885
0.9810305211794373
0.9806199559845514
0.9803878374048054
0.9802717286234877
0.9799233941010584
0.9794587813837882
0.979203751518796
0.9790761768217057
0.9786934427408367
0.9781829297086404
0.9778906610524543
0.9777444484502623
0.9773057973704627
0.9767206673823904
0.9767044981895401
0.9765879937159188
0.9762384718819482
0.9757722752628546
0.9755302444030733
0.9754091754228561
0.975045959202848
0.9745614906119398
0.9742160943951655
0.974043287646484
0.9735248488423974
0.9728332277807531
0.972776191679141
0.9725518479251772
0.9718787850926878
0.9709807478748349
0.9705388181331059
0.9703176758961738
0.9696542175530873
0.9687690072637046
0.9686000074344341
0.9680056208900059
0.9677305925074632
0.9675930100804346
0.9671802502599027
0.966629672962161
0.9663524300386122
0.9662137397424353
0.9657976559671965
0.965242642834967
0.964879746103627
0.9646981798717599
0.964153458731251
0.9634267626509363
0.9630608159164634
0.9628777232119077
0.9623284220913552
0.961595612024977
0.9612159180374602
0.9610259425063488
0.9604559908679106
0.9596956169108785
0.9591972635317724
0.958947866838302
0.9581996330354912
0.9572012360265747
0.9565616382826326
0.9562414796852531
0.9552809312199888
0.9539989544306063
0.9531538627892692
0.9527306891510172
0.9514610392190768
0.9497660047180926
0.9491520491323495
0.9479479963504286
0.947683326896282
0.9472928621392629
0.9461213507471887
0.9445575124323176
0.9440887864834342
0.9429567822511465
0.942342070226873
0.9420343907924469
0.9411112763587397
0.9398793274105867
0.9390781571457155
0.9386770255064677
0.9374734990646111
0.9358668802910923
0.9358025151220253
0.9348910303223813
0.9336746242579707
0.9329155716597851
0.9325355617977052
0.9313954079006344
0.9298734923797725
0.9289350963429046
0.928465163231637
0.9270551689329325
0.9251725740689554
0.9242974897778831
0.923859314411329
0.9225446119274041
0.9207894201555147
0.9196814346475317
0.9191264377012188
0.9174611555861606
0.9152371730667869
0.9137660513439793
0.9130287412791485
0.9108162782468263
0.9078599775259542
0.9072673081058833
0.9052614928965965
0.9025818884977261
0.9012590043574941
0.900596182219847
0.8986072370270923
0.8959502258064745
0.8955149180178159
0.8948922184074521
0.8930236770391388
0.8905278130155213
0.8889958493808949
0.8882280609397634
0.8859239928385426
0.88284509113598
0.8813067943169989
0.8805358390942292
0.8782222205448043
0.8751305297477231
0.8736587424310774
0.8729212120618459
0.8707078886019786
0.8677505031153027
0.8659131413067118
0.8649919466247491
0.8622271583044306
0.8585308793864248
0.8562072413648614
0.8528117431546085
0.8513211298756418
0.8486399693126104
0.8473845037747654
0.8467556080568801
0.8448682704411422
0.8423471418013406
0.8410174101497665
0.840351242432653
0.8383519758349293
0.8356809701609067
0.834156911174829
0.8333931652379611
0.8311008753344876
0.8280373756496217
0.826491872095567
0.8257173351616599
0.8233925823223286
0.8202854459009673
0.8187754584379242
0.8180187378437294
0.8157474263159024
0.8127117164563709
0.8112538150819133
0.8105232271511003
0.808330336338633
0.8053995050824873
0.8039647308494712
0.80324572588011
0.8010875662470066
0.7982030706015399
0.7966995562373524
0.7959459810206133
0.7936839387229341
0.7906599971199962
0.7891575835386985
0.7884045044189228
0.7861438899975787
0.7831215842768257
0.78148362508521
0.7806623476666066
0.7781968009471584
0.774899309423117
0.7733530171985336
0.7725777327678607
0.770250280820381
0.7671376492225114
0.7654758676698046
0.7646424132192605
0.7621401215082654
0.7587924260687798
0.7571512209063598
0.7563279959039864
0.7538563592245008
0.750549316411787
0.7488922619617041
0.7480609379354728
0.7455648858009062
0.7422245296014598
0.7405798051711608
0.7397545561262666
0.7372766836268725
0.7339602149506169
0.7323148494569794
0.7314891457820935
0.7290098352070699
0.7256909027789236
0.7240126553622107
0.7231702516132857
0.7206406797993012
0.7172536390744089
0.7155676142438573
0.7147211508594951
0.7121793100505518
0.708775235760534
0.7070595108949032
0.7061979394393105
0.703610622010366
0.7001448485507085
0.6984267046171839
0.6975637854719299
0.6949723590319624
0.6915005892297621
0.6897816710337568
0.6889182534974713
0.6863252783824857
0.6828510321675452
0.6810977612013968
0.680216921147518
0.6775715231149042
0.6740263649384249
0.6722597065211794
0.6713720450623348
0.6687061010412835
0.6651330565598309
0.6633331009210849
0.6624286002575916
0.6597119960703717
0.6560706090055095
0.6542693285401523
0.6533641718079826
0.6506455735882942
0.647001572472349
0.6451959410073339
0.6442886513214099
0.641563626279008
0.6379112051812336
0.6360683208433885
0.6351423406061373
0.6323611081038246
0.6286333829525218
0.6267873832937535
0.6258600075095252
0.6230745785909808
0.6193418402276095
0.6174828592525842
0.6165491769916279
0.6137447894455419
0.609987368533309
0.6081170002083437
0.6071778857411512
0.6043571717301912
0.6005788442124608
0.5986993186924529
0.5977559701916033
0.5949225339572631
0.5911283846470433
0.5892392702550465
0.588291546024011
0.5854449606763871
0.581634651913938
0.579742336250328
0.5787935257463609
0.5759436792598681
0.5721307238343812
0.5702326441706633
0.569281531854829
0.5664247634070105
0.5626044623939473
0.5607110832763559
0.5597629914572168
0.5569152961890679
0.5531092931264795
0.5512173375592657
0.5502706834945198
0.5474272911978344
0.5436293606279831
0.5417414461474157
0.540797600738167
0.5379626197635802
0.5341784203958803
0.5323022498868699
0.5313651143619554
0.5285502590886605
0.5247955663318266
0.5229331585816133
0.522003779282125
0.5192121775815944
0.5154912481009477
0.5136453928343654
0.5127251921046067
0.5099611004209588
0.5062796666443989
0.5044541121196497
0.5035449785942038
0.5008140538552793
0.4971796759338137
0.4953802510093117
0.4944850906941116
0.4917960484650828
0.4882202999074931
0.486446526390404
0.485565110824598
0.4829172389026593
0.4793991556007953
0.47765621893611215
0.4767911152012982
0.4741921083413731
0.47074184602457836
0.46903291415510984
0.46818568168853697
0.46564020398240696
0.4622638740808873
0.46059155272358165
0.4597634685142432
0.4572753342223378
0.4539779100842043
0.4523443578269342
0.4515364771939457
0.44910883321721157
0.4458944036219873
0.44430241506268053
0.4435161041695616
0.44115303244503706
0.43802691504308205
0.436478429350034
0.43571463708747793
0.43341896302930205
0.43038482865237343
0.42888183854636297
0.4281415438937923
0.42591618206825693
0.4229778296239934
0.4215221749358469
0.4208062874669639
0.41865394142801915
0.4158149065332905
0.4144083150520074
0.4137176959574665
0.41164092066459435
0.40890455880963295
0.407548650326908
0.40688411500727784
0.4048853236362486
0.40225481884551106
0.40095120955382335
0.4003135779068738
0.398395192445203
0.39587375084846127
0.39461767664236586
0.39400473631607674
0.39216001758952557
0.3897390351399879
0.3885460102686766
0.3879652177257036
0.3862166098081636
0.383925149970813
0.3827895287752178
0.38223824381279903
0.38057770817114045
0.3784054531200624
0.37732733437227
0.3768056807333237
0.3752335050160406
0.37318092973841616
0.37216250487530994
0.37167159894582386
0.37019106076295183
0.36826247410951896
0.36730620909757916
0.36684728977789444
0.36546203116598064
0.36366217596056105
0.36276973476288576
0.36234366539904705
0.3610561806463275
0.35938831679914646
0.3585609264693898
0.35816837670208174
0.35698055539867873
0.3554471766304075
0.35468678542220383
0.3543287595095268
0.35324349340843925
0.35184834393372943
0.3511566476082232
0.35083404094326814
0.34985387225389686
0.34860024900248077
0.3479790235980881
0.3476927767612539
0.3468203643821848
0.3457117055711489
0.34516267590324046
0.34491372227126393
0.34415167530378016
0.3431913655031733
0.3427164553647877
0.3425058317804525
0.3418570473104258
0.34104883161182753
0.3406498920530633
0.3404786352805658
0.33994596539981425
0.3392935700180545
0.3389727036696016
0.33884199196620324
0.3384286767458518
0.33793633487032004
0.3376957843393991
0.3376069089658145
0.3373164680764884
0.33698882213109443
0.3368311173866596
0.3367855637102767
0.33662202614786085
0.3364644336912752
0.33639252006077885
0.33639205495713403
0.3363601920806081
0.3363790590398992
0.33639653110032086
0.33644335269940506
0.33654908300023434
0.3367524283768584
0.3368639257158226
0.3369609264231614
0.33721201892502933
0.3376104664572177
0.33782247110108454
0.33797377157335445
0.33838126990603756
0.3389900575104081
0.339312722279628
0.33952491060623663
0.3401064251004729
0.34095005888261276
0.3414024786977988
0.3416882743756005
0.3424776506416838
0.34360364914686087
0.3442375055365817
0.34463285986234676
0.3457248256624309
0.34726764661559123
0.34818044153250743
0.34875291616288295
0.3503237563609478
0.3525287892634181
0.35331064002431384
0.355110650048795
0.3554923998415481
0.3567038379528025
0.35836186353593025
0.35858138192192623
0.3589873201115465
0.36014489644562536
0.36172029010589335
0.3620123169315947
0.36239866382860214
0.36350572017320065
0.3650061415655371
0.3656891418033196
0.36606036360229
0.3671279932707533
0.36857018182918255
0.36922562921704627
0.36957870533623255
0.3705974766468765
0.3719700241541184
0.37259130430088694
0.3729233547162416
0.37388439503445275
0.3751764111560856
0.375756406686193
0.3760641580181627
0.3769575784185316
0.37815663689471973
0.37835019295896216
0.37863009787656704
0.3794452108002097
0.3805377959745989
0.38061281765916716
0.3808590578246852
0.38157869613260537
0.38254231056884214
0.38302363161920955
0.38327563762617406
0.38401183756654567
0.38499719534154064
0.385524483179389
0.3858015458623345
0.38660908111515585
0.38768969761636074
0.388254608772334
0.3885522113374327
0.3894180085594802
0.3905763331183159
0.3911809206859619
0.3915003666319366
0.39242788935210665
0.39366863775810257
0.3943261755309871
0.394675109697327
0.3956855723171241
0.39703730853816366
0.3977773158522153
0.39817283112254537
0.39931345340500746
0.4008396348630313
0.40171300195045867
0.4021853075757107
0.4035383822588866
0.4053495138965587
0.40642035778880164
0.4070094705158305
0.4086810937712062
0.410919431004297
0.4121283797476147
0.4128002714633381
0.41469496895778013
0.4172318940813579
0.41864558480218494
0.41944387041438863
0.42167451007782747
0.4246587801180672
0.42638158116644614
0.42737704789520736
0.4301210431725539
0.4337828993824342
0.4359650778509345
0.4372681312738008
0.4407886560712203
0.44545900178377434
0.4483010079112959
0.45007859520207166
0.45474389160243056
0.4608554163396902
0.4648930430878851
0.46766499629846636
0.47455874160490463
0.48329360663071075
0.48748915973440615
0.49032053545816945
0.4972472249844387
0.5058871261695235
0.5100115446502147
0.5128526702058932
0.5196661709384727
0.5280346685355521
0.5324493751574602
0.5357917802476805
0.5434170269053504
0.5524032255407819
0.5568881798512073
0.5605336729621345
0.5684373102479195
0.5773442745426324
0.5814697512694308
0.5849080592419149
0.5921052695839825
0.6000383135490485
0.6036967786132752
0.6069421383453482
0.6134936742286704
0.6205588266222622
0.6238074795371586
0.6268908528334325
0.6328924199500142
0.6392225258445787
0.6421248015829174
0.6450766116757775
0.6506213045821252
0.6563404823272027
0.6589548786559154
0.661802336594912
0.6669729523395778
0.6721890129685896
0.6745657588745059
0.6773317805018543
0.6821978209338836
0.6869998889576745
0.689180104329435
0.6918831612567538
0.696500609361333
0.7009597505887255
0.7029759646242671
0.705630452566973
0.7100430294375912
0.7142143834185531
0.7160916750425006
0.7187085060042759
0.722949535759331
0.7268749753136703
0.7286322926187092
0.7312195347500599
0.7353139081412361
0.739024676588534
0.7406761013646692
0.7432395753012457
0.7472055552055836
0.7507246192334635
0.7522804729970756
0.7548242663670791
0.7586750318973655
0.7620190579872853
0.7634868191638916
0.766013710324539
0.7697586201276022
0.7729395724188755
0.7743246112553787
0.7768364077953067
0.7804820036034608
0.7835084023931038
0.7848145560005104
0.7873123594648002
0.7908631468414877
0.793741041158382
0.7949710556289343
0.7974554653088427
0.8009145115315857
0.8036482197141704
0.8048040853036056
0.8072753531507192
0.810644739155224
0.8132374057294144
0.8143206078579784
0.8167787549312163
0.8200599129181455
0.822513922406536
0.8235256273748187
0.825970530362422
0.829164492931436
0.8314817735281546
0.8324229641429791
0.8348544187550921
0.8379620001489996
0.8401442433517381
0.841015816464137
0.8434335829280406
0.8464555084248577
0.8485043249943669
0.8493071603135489
0.8517109948932925
0.8546479906524527
0.856565018702166
0.8573036535349686
0.8596857094271104
0.8625311140981756
0.8643187257326941
0.8649826420099972
0.867357796652008
0.8701273730589858
0.8717864621009025
0.8723889795963036
0.8747495163715496
0.8774367523259872
0.8789697559863593
0.8795076492059914
0.8818533760917988
0.8844593487501794
0.8858685319758459
0.8863429810058345
0.8886738524299985
0.8911998727135543
0.8924876724329897
0.8928999998666842
0.8952160254678942
0.8976635452433376
0.8988325704043797
0.899184182886389
0.9014854248970194
0.9038560279673772
0.9049090466185207
0.9052014267867364
0.9074879973417539
0.9097833884677625
0.910723311300057
0.9109580089063636
0.9132300666168467
0.9154520586401035
0.9162819204876637
0.9164605426792097
0.9187182887248745
0.9208687886586602
0.9215917288326567
0.9217159301949186
0.9239596040638468
0.9260405986088994
0.9266598410467163
0.9267313134790994
0.9289611886436699
0.9309747297459742
0.9314935633999807
0.9315140262320483
0.9337304058687479
0.9356785966784466
0.936100356486057
0.9360715471456456
0.9382747598536302
0.94015974115503
0.94048779007297
0.9404114551535532
0.9426018508880479
0.9444257883378787
0.9446635005190525
0.9445413874893303
0.9467193337232698
0.9484844059980577
0.9486351511964877
0.9484690008478168
0.9506348789900103
0.9523432668800876
0.9524103962564306
0.9522019358340328
0.9543561378560214
0.9560100142639314
0.9559968476243625
0.9557477847524081
0.9578907099623806
0.9594922307705839
0.9594020454932765
0.959114062142168
0.9612461147504292
0.9627974113233132
0.9626334314609178
0.9623081803460618
0.9644297663152758
0.9659329378089204
0.9656983264473901
0.9653374252923782
0.9674489509573043
0.9689060587729037
0.9686039098231717
0.9682089392349168
0.970310808357963
0.9717238706527609
0.9713572024880195
0.9709297023887168
0.9730223151232281
0.9743933022824328
0.97396505308062
0.9735065199935624
0.9755902711314274
0.9769211026868296
0.9764341250579508
0.975946012372194
0.9780212887664705
0.9793138290488239
0.9787708883446583
0.9782545996637712
0.9803217834013018
0.9815778414552637
0.9809816120391822
0.980438508205172
0.982497968133154
0.9837192927493061
0.9830723583369003
0.9825037477341698
0.9845558463778482
0.9857441275017894
0.9850489775187289
0.9844561223065508
0.9865012106061412
0.98765807876408
0.9869171077757899
0.9863012234464039
0.988339641215848
0.9894666654539979
0.9886821748628282
0.9880444273921568
0.9900765040956427
0.9911751915487823
0.9903493931367726
0.9896908962225344
0.9917169531758802
0.9927887528301692
0.991923763801919
0.9912455910688523
0.9932659327029962
0.9943122312916248
0.9934100805758271
0.9927132552073902
0.9947281764977827
0.9957503038462857
0.9948129284016797
0.9940984263338595
0.996108216869941
0.9971074474328335
0.9961366973389515
0.9954054640841198
0.9974103857200773
0.9983879209342553
0.9973855900835249
0.9966384898490355
0.9986388123844292
0.9995958342454723
0.9985635506328209
0.9989671117494517
0.9997763089815014
1.000136439006421
0.9999999996607025