0.9991182284739999
0.9990935931925347
0.9990812749742571
0.9990443202174883
0.9989950452551049
0.9989919180565395
0.9989822657687458
0.9989813243885092
0.9989752581149732
0.9989716054566841
0.9989697791143458
0.9989643000833931
0.9989569946689605
0.9989535988587718
0.9989519009422768
0.9989468071892376
0.9989400154840317
0.9989361374777248
0.9989341984597744
0.9989283814017156
0.9989206252783185
0.9989171000086987
0.9989153373612846
0.9989100494153118
0.9989029987834201
0.998901780054695
0.9989001439298315
0.9988952355519228
0.99888869101589
0.9988852426557977
0.9988835184638921
0.9988783458846162
0.9988714490763952
0.9988676361570743
0.9988657296830054
0.9988600102566461
0.9988523843107181
0.9988481796311046
0.9988460772738418
0.9988397701971518
0.9988313607081593
0.9988304540474657
0.998825647243978
0.9988192381420394
0.9988159443574353
0.9988142974543319
0.9988093567416615
0.9988027690924967
0.9987983957452936
0.9987962090531064
0.9987896489713616
0.9987809021375322
0.9987757820919466
0.9987732220435931
0.998765541891848
0.9987553016093039
0.998750014679929
0.9987473711879109
0.9987394407048059
0.9987288666422319
0.9987236953994024
0.9987211097520171
0.9987133528030334
0.9987030101232001
0.9986969573445996
0.9986939309199931
0.9986848516373055
0.998672745814951
0.9986663294744056
0.9986631212643818
0.9986534966248091
0.9986406636437642
0.9986336292596414
0.998630112019163
0.9986195602866444
0.9986054911557881
0.9986044931473447
0.9985952714082519
0.9985829756405902
0.9985763939507181
0.9985731030640845
0.9985632303940181
0.9985500667003854
0.9985430552466571
0.9985395494721812
0.9985290321375434
0.9985150088725347
0.9985079449128258
0.9985044128845514
0.998493816788463
0.9984796885056401
0.9984720891647489
0.9984682894383339
0.9984568902462702
0.9984416911443312
0.9984369808004836
0.9984323087021268
0.998418292388872
0.998399603698382
0.9983896576028674
0.9983846844596557
0.9983697650097321
0.9983498721003699
0.9983408504129043
0.9983363394902083
0.9983228067050012
0.9983047627372839
0.9982947336036306
0.9982897189398193
0.9982746749276209
0.998254615931377
0.9982453989881549
0.998240790434729
0.9982269647569763
0.99820853025371
0.9981996636406487
0.9981952302576559
0.9981819300921977
0.9981641962932498
0.9981532061165462
0.9981477109122413
0.9981312252753337
0.9981092440468237
0.9980980172623323
0.9980924037483645
0.9980755631819425
0.9980531086947252
0.9980520743014931
0.9980467383445879
0.9980307304506933
0.9980093862339524
0.9979990122459106
0.9979938251473217
0.9979782638295204
0.9979575150703771
0.9979463892236609
0.9979408261816035
0.9979241370308853
0.9979018844410628
0.9978891863505844
0.9978828371502745
0.9978637895180091
0.9978383921681921
0.9978245377965382
0.9978176104262904
0.9977968282795247
0.9977691181459103
0.9977550534095091
0.9977480208513821
0.9977269231393172
0.9976987922302339
0.9976961835191969
0.9976804622170966
0.9976595001342439
0.9976447214755864
0.9976373319363129
0.9976151632775864
0.9975856043706295
0.9975660813321923
0.9975563194459331
0.9975270337189587
0.9974879848794104
0.9974832045708238
0.997459425775172
0.9974277199268659
0.997413280675883
0.9974060608515041
0.9973844013387663
0.9973555213337981
0.997340643475633
0.9973332043348024
0.9973108868708225
0.9972811295516153
0.9972634233069825
0.9972545698834316
0.9972280095562284
0.9971925947934599
0.9971751275211579
0.9971663935915768
0.9971401917466686
0.9971052549932713
0.9970851546609352
0.9970751041097827
0.997044952382765
0.9970047488086053
0.9969861498464058
0.9969768500361668
0.9969489505417226
0.9969117501252794
0.9968934857375819
0.9968843532249181
0.9968569556247207
0.9968204244448248
0.9967988576573653
0.9967880738221262
0.9967557222331598
0.9967125853096248
0.9966905035618371
0.9966794622223003
0.9966463381158321
0.9966021711007981
0.9965761419002529
0.9965631266551302
0.9965240808000088
0.9964720175236633
0.9964472156617838
0.9964348141475308
0.99639760949336
0.9963480013558645
0.9963050519845366
0.9962835755507883
0.9962191459403744
0.9961332339454826
0.9961324835532409
0.996078705294535
0.9960457483524947
0.9960292688500346
0.995979830156193
0.9959139084509196
0.9958821533202101
0.9958662747931344
0.9958186390396188
0.9957551214706841
0.995747686306316
0.9957335010113386
0.9956909449832778
0.9956342010718799
0.9956057896623232
0.9955915831912243
0.9955489636368472
0.9954921350070959
0.99544993767518
0.9954288373188555
0.995365535948963
0.9952811284360066
0.9952402287036113
0.9952197772340502
0.9951584225469339
0.9950766109980909
0.9950228612195925
0.9949959835962519
0.9949153502442112
0.9948078299245737
0.9947370442914124
0.9947016467279785
0.9945954531958007
0.994453845888754
0.9943931417723817
0.9942955625427432
0.9942427593753794
0.9942163551243974
0.9941371419027465
0.9940315154174184
0.9939591549658716
0.9939229697847549
0.9938144133820322
0.9936696547410527
0.9935868012406275
0.9934742270979752
0.9934193726556487
0.9933919426159763
0.9933096519795672
0.993199921715135
0.9931389326066661
0.9931084345858489
0.9930169398976992
0.9928949352041186
0.9928310780152371
0.9927991455782754
0.9927033475750107
0.9925756040111371
0.9925152407625489
0.992485055712296
0.9923944999451163
0.9922737473604151
0.9922096740812386
0.9921776335652857
0.9920815113233882
0.991953335340417
0.9918866021620003
0.9918532313832359
0.9917531182799083
0.9916196201334054
0.9915357052364074
0.9914937411903091
0.9913678478801087
0.9911999677345559
0.9911229946894716
0.9910845025682282
0.9909690252205922
0.9908150365098684
0.9907390004410294
0.9907009769143955
0.9905869053707625
0.990434791529917
0.990336864335523
0.9902878916786102
0.9901409720760297
0.9899450488874029
0.9898476144386232
0.9897988882938421
0.9896527082375275
0.98945777166729
0.9894493363657801
0.9894071090534506
0.9892804259199768
0.9891114922777325
0.9890250547988393
0.9889818289688402
0.9888521501994997
0.9886792215593838
0.9885784651754401
0.988528077484169
0.9883769126751342
0.9881753275928506
0.98807019241789
0.9880176145340251
0.9878598789714348
0.9876495300075671
0.987548791160583
0.9874984122771571
0.9873472738625518
0.9871457239851794
0.987019719380986
0.9869567022833795
0.9867676482139858
0.9865155263838129
0.9863690002323589
0.9862957172995186
0.9860758648043971
0.9857826599769807
0.9857616439182536
0.9856948256596025
0.9854943677874642
0.9852270342795834
0.98505788188667
0.9849732790616911
0.9847194656651692
0.9843809566387659
0.9843431106365385
0.9842616105656256
0.9840171057540318
0.9836910154140187
0.9834963609085787
0.9833989984317394
0.9831069043655076
0.9827173263716453
0.9825200727786667
0.982421410063838
0.9821254150518897
0.9817306326819538
0.9815075319962913
0.981395935741863
0.9810611380737386
0.9806145838233873
0.9804029786867945
0.980297134532353
0.9799795940993392
0.9795560653661495
0.9793605457626668
0.9792627505404494
0.978969357998216
0.9785780468313316
0.978371223184186
0.9782677716442756
0.9779574092480386
0.9775434580374891
0.9773554383361839
0.9772613959270401
0.9769792621586415
0.9766029723916241
0.9763743374663799
0.9762599718580146
0.9759168653557364
0.9754592254166413
0.9751009436862542
0.9749216850450504
0.9743838852333675
0.9736664151337241
0.973278206884067
0.9730839648570326
0.972501210640934
0.9717237311862007
0.9713347402831645
0.9711401067954373
0.9705561772435989
0.9697771303746878
0.969674115713452
0.9691813112017352
0.968523902135033
0.9682048054132806
0.9680451651455454
0.967566224311924
0.9669273184896701
0.9665748678715694
0.9663985304085988
0.9658694933014674
0.9651637236810271
0.9647526582613937
0.9645469738179516
0.9639298866517367
0.9631065751846193
0.9626842202792623
0.9624728821456421
0.961838831324499
0.9609928730228223
0.960584725258717
0.960380501684729
0.9597677964288156
0.9589503385981456
0.9585031008513374
0.9582793041027339
0.9576078713153688
0.9567120073536189
0.9562787144569642
0.9560619016935159
0.9554114228280923
0.9545435353320618
0.954074819042286
0.9538402666441216
0.9531365610749161
0.9521976082427844
0.9516290019205766
0.9513444149736202
0.9504905818114079
0.9493511414493405
0.9486821575525194
0.9483472754983363
0.9473425269709759
0.946001486119464
0.9453253439083491
0.9443108284762378
0.9437623907871914
0.9434879120367967
0.9426644040878532
0.9415654723108957
0.9409305670385847
0.9406127682563963
0.9396592749914926
0.9383867110631
0.9376077166572898
0.9372176993898803
0.9360474965252187
0.9344853702529714
0.9336022481859629
0.9331600254473567
0.9318331590216192
0.9300616197474736
0.9291489289711701
0.9286918814915917
0.9273205197709079
0.9254895061151055
0.9244553222013284
0.9239373411081826
0.9223831067178531
0.9203075425745548
0.9200664827072293
0.9195359669343763
0.917944103395806
0.9158182144070524
0.9147884924460586
0.9142727620654894
0.9127252587560634
0.9106587125368901
0.909618139364205
0.909096974247621
0.907533145960093
0.9054447845333704
0.9041299432803253
0.9034711429522618
0.9014941925703019
0.8988530342868349
0.8988490774240498
0.8969205969977808
0.8943443366844079
0.8926078054978461
0.8917371789708907
0.8891242573627004
0.8856312337148272
0.8854912496629245
0.8828940269973669
0.8816709232245984
0.881058216225478
0.8792195286451233
0.8767634382326647
0.8754017806744355
0.8747195374790357
0.8726720731489322
0.8699365138587082
0.8685201921327654
0.8678105125865979
0.8656806380008586
0.862834705723542
0.8608584497497564
0.8598673918863611
0.8568925058973024
0.8529139289212136
0.8505557144601269
0.8465380665534918
0.8460295848394609
0.8431199374926658
0.8416498728493906
0.84091322212809
0.8387021777872087
0.8357472818387743
0.8343874652808425
0.8337061648136558
0.8316612805548712
0.828928830951374
0.827484643036382
0.826760973000798
0.8245888015213847
0.8216857415453543
0.8200962710599327
0.8192996050543037
0.8169081292979857
0.8137110094476796
0.8121551509998989
0.811375335495484
0.8090343983581534
0.8059047969053499
0.8043865422165317
0.8036255813355333
0.8013412082145874
0.7982871914495274
0.7968003342031538
0.7960551049112786
0.79381792035481
0.7908269092283984
0.7892963721137727
0.7885291437011169
0.7862258006513578
0.7831457948770016
0.7816327287057254
0.7808742159984433
0.7785969862937214
0.775551684190668
0.7739892535988566
0.7732058544521818
0.7708537765672561
0.7677077027938453
0.7660908644163845
0.7652800139850909
0.7628453646589115
0.7595880421808603
0.757966759530054
0.7571535672229365
0.7547117960200266
0.7514444435872555
0.7497978724958712
0.7489718410709096
0.7464913976637637
0.7431716010495215
0.7415371404862069
0.7407170822574584
0.7382545114946497
0.7349582172187348
0.7333097135807496
0.7324824610057863
0.7299981868509652
0.7266722057896184
0.7249651398721707
0.7241082542691983
0.7215348171640796
0.7180883892671555
0.7163761045108568
0.7155164471434812
0.7129346009386062
0.7094763139532356
0.7077393937197327
0.7068671822726558
0.7042475181996677
0.7007378098191362
0.6990008195427243
0.6981284463481081
0.6955082327171392
0.6919973125424329
0.6902530310282856
0.6893768714884135
0.6867452170716722
0.6832184871415096
0.6814478877149132
0.6805583581441403
0.6778864488264489
0.674305164976009
0.6725247631706907
0.67163022026897
0.668943195410699
0.6653413224603112
0.6635259879860357
0.6626137760695392
0.6598735798866964
0.6561999398718871
0.6543830507112142
0.6534700586123319
0.6507274965405739
0.647050715444763
0.6452083927463578
0.6442826111986472
0.6415015706128555
0.6377731295020653
0.6359060557377207
0.6349678802700509
0.6321495587104
0.628371260575308
0.6264918283447654
0.6255475766060031
0.6227109852600132
0.6189086647800577
0.6170147983167693
0.6160634883341067
0.6132056803145254
0.6093755842652897
0.6074698656305444
0.606512869115061
0.6036379758551068
0.5997858982382486
0.5978663591381028
0.596902756334673
0.5940080146866865
0.5901304706055452
0.5882012656667179
0.5872332251277605
0.5843251592447719
0.5804311657964596
0.5784940021609346
0.5775224577912348
0.5746038754706785
0.570697436729863
0.5687550403675483
0.5677814357989166
0.5648566752678087
0.5609438370407209
0.5589989216298863
0.5580246892015276
0.5550980517999736
0.5511847872472219
0.5492404391383247
0.5482671914122572
0.5453435175999792
0.5414364947419542
0.5394958721209233
0.538525249103449
0.5356094589869483
0.5317154191883167
0.5297819556048717
0.5288157251964544
0.5259131207958383
0.5220392792992812
0.5201164696656957
0.5191564192458387
0.5162723586378849
0.5124259652234285
0.5105172744563818
0.5095651646829336
0.5067049233367027
0.5028930763503918
0.5010020049253948
0.5000596022201939
0.4972284710560248
0.4934582486661948
0.4915882158085089
0.4906572344251075
0.4878603459590199
0.4841385764959915
0.4822928822670597
0.4813749663627378
0.4786172411828016
0.47495043614133964
0.4731322193559399
0.47222892363979707
0.46951501257419354
0.4659092958829321
0.4641215075117028
0.4632342862153354
0.4605685374654214
0.4570296097725528
0.45527499219486844
0.4544051915334112
0.45179162818338403
0.4483247464552437
0.44660582851844793
0.4457546874437058
0.44319700973887116
0.4398070006928003
0.4381261091377177
0.43729476845251614
0.4347963810104501
0.4314876878121108
0.42984696893572166
0.4290364855202298
0.42660053966496414
0.423377288116339
0.4217787453877282
0.4209901140797883
0.41861957293843577
0.4154856663760991
0.41393120628375474
0.4131653853753657
0.4108630995946022
0.40782232577812305
0.406313810989789
0.4055717506934984
0.40334054285842275
0.4003966898289329
0.3989359954745671
0.3982186671943633
0.39606141846848525
0.39321839065065944
0.39180746041063463
0.39111588518142926
0.38903561927909625
0.38629754751497336
0.3849342157148277
0.3842674672291929
0.38226132219203796
0.37962476515147886
0.37832236581526857
0.377686949779298
0.3757744793608186
0.37326503281165063
0.3720136062609027
0.3714049208322144
0.36957213997091
0.36717209307703813
0.36598237097267444
0.36540569280370877
0.3636684256734789
0.36139855476306426
0.3602710002729634
0.3597267430080865
0.3580861073519191
0.3559482791978941
0.3548870006688299
0.35437732137108624
0.35283968273636734
0.3508425219578459
0.3498505040894156
0.34937706241153926
0.3479472511879244
0.3460974718769547
0.3451782124410422
0.3447429505229947
0.3434266121460968
0.3417320402862493
0.34089031694300814
0.34049580718152356
0.33930045534010284
0.3377713344892523
0.33701231702227114
0.33666136197713703
0.33559515411921625
0.3342426145282195
0.33357186784305926
0.3332675265231152
0.3323393225143367
0.33117550339618196
0.3305994687313587
0.33034529661515266
0.32956536608649956
0.3286043330979173
0.3281305261455861
0.3279306975414228
0.3273110583022537
0.32656927848082656
0.32620657120568286
0.32606605956850254
0.3256209728596978
0.32511801941957885
0.32487713674292296
0.3248020196651438
0.3245488354660915
0.3243085704689217
0.32420285242049635
0.3242007970899717
0.3241612881440918
0.32421375327229274
0.32426051538122
0.32434163498756513
0.324544352520733
0.3249290827988242
0.3251521983973858
0.32533077822297257
0.3258157469825434
0.326588529348611
0.32702471218121626
0.3273234537866105
0.328153691672271
0.32940317951866915
0.3301227294603295
0.33058740536873166
0.33188837873683047
0.3337937784967146
0.3350624713359649
0.3358860196701353
0.33817457712221527
0.34149600301398503
0.3415174874210589
0.34237022890959057
0.3447715407525921
0.34816112674041383
0.3487403671925708
0.3510323816259301
0.35421223400372015
0.3556792671865633
0.3565041305473117
0.3588626124023943
0.36210106566290273
0.36364024487786595
0.36449453588018255
0.36694255199909226
0.37028134901782717
0.3718908593498571
0.3727765444784621
0.3753170634796847
0.37876463997459414
0.38043002160384737
0.38134045402426486
0.3839532924411536
0.38748447024811733
0.3891895923887871
0.3901169088825647
0.3927787968901996
0.39636379954872397
0.3980901368200959
0.39902491585785216
0.4017085045937639
0.4053120096835208
0.4070362108585251
0.40796616941597325
0.4106364403416067
0.4142130687994322
0.41590058707929883
0.41680700802557263
0.41941141887725397
0.4228928160438189
0.4244764979587461
0.42532217654427706
0.42775712320987463
0.43100737730458655
0.43273642834652054
0.43366582400055037
0.4363301074969917
0.4398816378694784
0.4418837439460138
0.44297255630651283
0.4460689734231795
0.4501891305285449
0.45248317382038283
0.4537469046516271
0.4573080997209884
0.46203577950990293
0.46472201094874704
0.4662295597520022
0.4704239789392336
0.4759716247409312
0.4794357455554384
0.4814559954518248
0.4869383255496768
0.4941242329750814
0.4978950068213194
0.500127671741526
0.5060928391492208
0.5138457221400761
0.5170070767084718
0.5227485087883457
0.5255229245124857
0.5271151012110016
0.5314383996686731
0.5370809990659217
0.5400111958212186
0.5417273497088643
0.5463218598486579
0.5522806597622517
0.5553639651580511
0.5572107987829222
0.5620708662870075
0.5683241527189624
0.5715651125296668
0.5735653500588708
0.5787145374608786
0.5852696731099809
0.5886815587082529
0.5908765825438512
0.5963645278855296
0.6032456496016677
0.6068654640314481
0.6093441813254648
0.6152914890076513
0.6225709169116432
0.626510956007341
0.6295243568583095
0.6362981102438419
0.644204094042159
0.6484659381072977
0.6524065110967596
0.6604371090993791
0.6689275207955807
0.6727955056976688
0.676403994181965
0.6833832946989079
0.69050493501921
0.693731898969153
0.6970515996748909
0.7031457070131489
0.7091473472064136
0.7118559011184136
0.7149495737425997
0.7203464202820012
0.7254700158930534
0.7277716118857369
0.7306903718963862
0.7355431803588841
0.7399829924105196
0.7419665019191555
0.7447502184105326
0.749178954368405
0.7530858868087639
0.7548198576403854
0.7574992154771768
0.7615959577939291
0.765084930554252
0.7666211959004284
0.7692200128297195
0.7730549630869183
0.7762123547025123
0.7775896543559891
0.780126803228491
0.7837534927148277
0.7866435152338583
0.7878906324831967
0.790381206159653
0.7938403018754946
0.7965100660398015
0.7976483078478803
0.8001040955088999
0.8034259572355981
0.8059094617202747
0.8069544801149234
0.8093841922579084
0.812590785090289
0.8149121467876564
0.8158752560364113
0.8182848995118643
0.8213915609989291
0.8235676567718253
0.8244568647868101
0.8268503286190815
0.8298674716811746
0.831910031249655
0.8327309125784306
0.8351105915648244
0.8380451794251307
0.8399623612549656
0.840718780884292
0.8430860850134465
0.845942760753199
0.8477402905276922
0.8484349591019023
0.8507906709984914
0.8535725546953743
0.8552545294539831
0.8558894008801803
0.8582339103300208
0.8609431414517479
0.8625125924845395
0.8630891384395869
0.8654225939337278
0.8680606972882382
0.8695199828362854
0.870039380003451
0.8723617873099389
0.8749299204060397
0.8762809988581094
0.8767442562951824
0.879055543221136
0.8815546637554484
0.8827992826751629
0.8832073281548475
0.8855073872806061
0.8879383660956308
0.8890781915963549
0.8894319401776848
0.8917206395869893
0.8940843207509466
0.8951210296157839
0.8954213853595878
0.8976986294036527
0.8999959168591984
0.9009312410738706
0.9011792034164623
0.9034448544719222
0.9056766648291878
0.9065124548693395
0.9067089961679881
0.9089630092699688
0.9111303993478892
0.9118686013842812
0.9120147883623344
0.9142571558622559
0.9163612778180189
0.9170039565112267
0.9171009153928831
0.9193316676883108
0.9213737694199086
0.9219231066203998
0.9219720205643205
0.9241912258608308
0.9261726473924589
0.9266309351029072
0.9266330397202903
0.9288408026188387
0.9307629693229464
0.9311325990029424
0.9310891763504353
0.9332856356094266
0.9351500493807468
0.9354334989570273
0.9353458706189841
0.9375311963715013
0.9393394255492573
0.939539245164276
0.9394087648131503
0.9415831555295057
0.9433368242448248
0.9434556214857579
0.9432836673731847
0.9454473465961282
0.9471481239142878
0.9471885490661414
0.9469765165567541
0.9491297296492358
0.9507793189131482
0.9507440505694096
0.9504933449939899
0.9526363559580249
0.9542364845327651
0.9541282159764752
0.9538402459031767
0.9559733342195724
0.9575257437439213
0.9573471701598041
0.9570233410126654
0.9591467988001243
0.9606532362282233
0.9604070428398804
0.9600487513105868
0.9621628804488319
0.9636250896023577
0.9633139411289128
0.9629225697527799
0.9650276794076615
0.96644739361478
0.9660739243189242
0.9656508369723432
0.9677472413463867
0.9691261765968284
0.9686929820107519
0.9682395198383861
0.9703275358057046
0.9716673847405509
0.9711770140369733
0.9706944919432655
0.9727744371258084
0.9740768637424047
0.9735318132555305
0.9730215163787017
0.9750937080264509
0.9763603434207332
0.9757630510101236
0.9752262327424257
0.977290985687232
0.9785234238747033
0.9778762648293867
0.9773141446327724
0.9793717696007653
0.9805715644300501
0.9798768469873171
0.9792906083233762
0.9813414117794105
0.9825100743737912
0.9817700373554856
0.9811608273245673
0.9832051090664283
0.9843441050362397
0.9835609160621859
0.9829298422227916
0.9849678965103191
0.9860786457596676
0.9852543980818366
0.9846025304745167
0.986634643754869
0.9877185180137703
0.9868552309706148
0.9861836000534935
0.9882100511772711
0.9892683741001149
0.9883679910773426
0.9876775874185768
0.9896986483319348
0.9907326949369499
0.9897970846579573
0.9890888610290229
0.9911047934006547
0.9921157904979678
0.9911467436518295
0.9904216155793243
0.992432673402092
0.9934217958945148
0.9924210380245636
0.9916798769332937
0.9936863043640873
0.994654682490306
0.9936238582759082
0.9928675103482457
0.9948695356479588
0.9958182462828848
0.9947589362714209
0.9939881912522041
0.9959860472826839
0.9969161260646215
0.9958298350995013
0.9950454566283812
0.9970393627696125
0.9979518040187211
0.9968399561870429
0.9960426942937293
0.9980328464362357
0.9989285791589094
0.9977925714602393
0.9969830838385068
0.9989696988068946
0.9998496402454942
0.9986907445071448
0.9994080986204763
0.9998414502817035
1.0000163082008209
0.9999999997167296