0.999268025165539
0.999243429630918
0.9992311312898946
0.999194236180542
0.9991450407843357
0.9991389185976683
0.999133266846307
0.9991320469537837
0.9991266445674896
0.999124092312969
0.9991228161791607
0.9991189877755815
0.9991138832187764
0.9991109815626736
0.9991095307262897
0.9991051782145924
0.9990993748408824
0.999096475946178
0.9990950264903139
0.9990906781202077
0.9990848802686338
0.9990818234943818
0.9990802950978646
0.9990757099055397
0.9990695962884271
0.9990664310293309
0.9990648483898159
0.9990601004683513
0.9990537698772229
0.9990441686507676
0.999039367949911
0.9990249658304984
0.9990057627239867
0.999002767931047
0.9989959134396594
0.9989924861486376
0.9989822042660774
0.9989684949460271
0.9989652665459311
0.998961379243231
0.9989594355770149
0.9989536045744194
0.9989458298597419
0.9989412917416433
0.9989390226626469
0.9989322154207039
0.998923139035881
0.9989187030164537
0.9989164849871918
0.9989098308945679
0.9989009587125652
0.9988964162158239
0.9988941449473749
0.9988873311370774
0.9988782459949309
0.9988728722053394
0.9988701852825832
0.998862124507796
0.9988513767207322
0.9988458361214398
0.9988430657918116
0.9988347547961053
0.9988236733761338
0.9988178337139766
0.9988149138499145
0.9988061542502626
0.9987944746814015
0.9987878262320858
0.9987845019649194
0.9987745291542978
0.9987612319395417
0.9987539653280567
0.9987503319715266
0.9987394318913587
0.9987248982901755
0.9987178419047863
0.9987143136638679
0.998703728931066
0.9986896158027607
0.9986830147849489
0.9986797142339076
0.9986698125717969
0.9986566102230062
0.99864838891284
0.9986442781927565
0.9986319460196275
0.9986155029149781
0.9986073820219338
0.9986033215116219
0.9985911399680035
0.9985748977093825
0.9985653404983131
0.9985605618056045
0.9985462257108949
0.9985271106359944
0.998517160656394
0.9985121855709251
0.9984972602965624
0.9984773596283018
0.9984755571685736
0.9984713452921598
0.9984587096494073
0.9984418619078316
0.9984308099674108
0.9984252838800706
0.9984087055963492
0.9983866008447883
0.9983735354567428
0.9983670026006832
0.9983474040039825
0.9983212720165549
0.9983198218754707
0.9983035060150958
0.9982817511720717
0.9982462319951153
0.99822847121086
0.9981751886786521
0.9981041413664488
0.9980834234954654
0.9980708439687689
0.998064554054996
0.9980456842866443
0.9980205241056862
0.9980078535884107
0.9980015181754051
0.9979825119090093
0.9979571697247739
0.9979444236005912
0.9979380503828434
0.9979189307027037
0.9978934372885229
0.9978879173378133
0.9978818587384884
0.9978636829156748
0.997839448030735
0.9978275106016419
0.9978215417500016
0.9978036351703958
0.9977797592928097
0.9977354304999052
0.9977132642420248
0.9976467652000011
0.9975580936165046
0.99754536580771
0.997534889799028
0.9975034617057407
0.9974615562102386
0.9974423961199946
0.9974328157222593
0.9974040744725179
0.9973657516592848
0.997348269293164
0.9973395278161208
0.997313303337611
0.9972783364081659
0.9972597161933537
0.997250405752141
0.9972224743742141
0.9971852314596545
0.9971671955956655
0.9971581773533003
0.9971311225749665
0.9970950485268562
0.9970762489685828
0.9970668488523329
0.9970386484488263
0.9970010468069784
0.9969793096320512
0.9969684405929125
0.9969358334032205
0.9968923556794993
0.9968708026110247
0.9968600256342299
0.9968276946326544
0.9967845851931725
0.9967603775203654
0.9967482731299512
0.9967119598722869
0.9966635403639079
0.9966375055345704
0.9966244874742313
0.9965854331897558
0.9965333587239175
0.9965064508058303
0.9964929961683302
0.9964526321468593
0.9963988112243514
0.996373323695433
0.9963605793248022
0.9963223461164572
0.996271366478064
0.9962267805215782
0.9962044856610799
0.9961376008015979
0.9960484147432888
0.9960044893109993
0.9959825247550195
0.9959166308132811
0.995828766226043
0.995786086411269
0.9957193896943799
0.9956877300672884
0.9956718993049756
0.9956244068659661
0.9955610805216075
0.9955249066088496
0.9955068184246093
0.9954525536800896
0.995380196621205
0.9953458217751923
0.9953286332377939
0.9952770674588224
0.9952083093492531
0.995174564224685
0.9951576905643608
0.9951070694130381
0.9950395710162097
0.9950014239577838
0.9949823490592653
0.9949251241552703
0.9948488197210067
0.9948050899358675
0.9947832232279041
0.9947176228300293
0.9946301496272321
0.9945856914213268
0.9945634604334578
0.9944967671959701
0.9944078366753939
0.9943646546692181
0.9943430618918639
0.9942782832884384
0.9941919060211558
0.9941412068783831
0.994115854890838
0.9940397985581706
0.9939383820564279
0.9938910660948068
0.9938674059865175
0.9937964253300057
0.9937017775022853
0.993640818935061
0.9936103361611388
0.99351888729147
0.9933969439996466
0.9933133380766851
0.9932715285808154
0.9931460991428596
0.9929788378974239
0.9928941850315889
0.9928518518040614
0.992724851110711
0.9925554943673854
0.9925289325392365
0.9924928054220281
0.9923844233505681
0.992239897566957
0.9922221595085648
0.9921897984618006
0.9920927147192607
0.9919632567532969
0.9918966266539251
0.9918633074657021
0.991763349268845
0.9916300578201266
0.9915636161364395
0.991530391145508
0.9914307155558986
0.9912978009544725
0.9912238171541079
0.9911868200951109
0.9910758281556735
0.9909278217239523
0.9908573207412166
0.9908220655391002
0.9907162992439958
0.9905752618991827
0.9904988098846472
0.990460578352321
0.9903458829286614
0.9901929374473467
0.9901144571254858
0.9900752111817402
0.9899574724497879
0.9898004684950726
0.9896986346927873
0.9896477081654625
0.9894949271418836
0.9892911864893904
0.9891682978664221
0.9891068393253146
0.9889224615855237
0.9886765771743458
0.9886448239661363
0.9885870006549177
0.9884135287753115
0.9881821916276622
0.9880584702755768
0.9879965954366047
0.9878109687772201
0.987563418481635
0.9875156085582001
0.9874518085199011
0.987260406142991
0.9870051517804169
0.9868870471160572
0.986827981584226
0.9866507829928802
0.9864144747243839
0.986296654729179
0.9862377317641308
0.9860609608320922
0.9858252232749162
0.9856968551627734
0.9856326558483498
0.9854400554826127
0.9851832038639053
0.9850268679305189
0.9849486772868589
0.9847141018710833
0.9844012580538075
0.9841788296294579
0.9840675692995768
0.983733781202283
0.983288576365898
0.9832083568969222
0.9828619403808387
0.98269304901167
0.9824359711077323
0.982279086301626
0.9822006211521097
0.9819652220071479
0.9816512801409246
0.981446155791212
0.9813435547515662
0.9810357453165137
0.9806252028518353
0.9803930971634444
0.9802769948392878
0.9799286797354011
0.9794640930188754
0.9792090774762455
0.9790815099543353
0.9786987974563912
0.978188313334816
0.9778960612950338
0.9777498570196309
0.9773112309964213
0.9767261345944093
0.9767099663335213
0.9765934685690456
0.9762439669113687
0.9757777973075245
0.9755357805214191
0.9754147185910376
0.9750515235738151
0.9745670833771056
0.9742217074859472
0.9740489109268335
0.9735305028012591
0.9728389228998172
0.9727818902097453
0.9725575598668466
0.9718845374549644
0.9709865545679566
0.9705446517365942
0.9703235229999962
0.9696601053433956
0.9687749497348338
0.9686059603965791
0.9680116108819955
0.9677365997053526
0.9675990258991692
0.9671862920145655
0.966635749468681
0.9663585241141954
0.966219842620943
0.9658037853299053
0.965248807685294
0.964885934260673
0.9647043797140576
0.9641596937602155
0.9634330449001366
0.9630671220694415
0.9628840413496901
0.9623347763186674
0.9616020146861244
0.9612223459278423
0.9610323830473151
0.9604624695083114
0.9597021466942879
0.9592038270375824
0.958954447268298
0.9582062644969603
0.9572079361336333
0.9565683827111819
0.9562482463805343
0.9552877651517435
0.9540058790298823
0.9531608477668707
0.9527377045079307
0.951468146498374
0.9497732363973853
0.9491593263502358
0.9479553636201582
0.9476907141129198
0.9473002788255247
0.9461288565398215
0.9445651386652512
0.9440964491510004
0.9429645335541349
0.9423498700569103
0.9420422149956875
0.9411191741330188
0.9398873243333252
0.9390862191645014
0.9386851202644424
0.9374816928284295
0.9358752079070035
0.9358108481415433
0.9348994401917786
0.9336831376728146
0.9329241502838699
0.9325441732065152
0.9314041184059716
0.9298823367495468
0.9289440241966322
0.9284741331112623
0.9270642660625921
0.9251818436125138
0.9243068404815509
0.9238687059509841
0.9225541270311707
0.9207991024841286
0.9196912239308547
0.9191362808870346
0.9174711622376307
0.9152474018003756
0.913776429470519
0.9130391948862615
0.9108269615492344
0.9078709747608569
0.9072783692619566
0.9052727728380939
0.9025934667262943
0.9012707324940554
0.9006079860070608
0.8986192706528201
0.8959625726756277
0.8955273169603888
0.8949046920181132
0.8930363773114774
0.890540821749334
0.889009050835196
0.888241359777099
0.885937588070453
0.8828590915715776
0.881321001303778
0.8805501504468864
0.8782368495214007
0.8751455928941214
0.873674016353435
0.8729365924262709
0.8707235926661665
0.867766649079636
0.8659295674901121
0.8650085146526011
0.8622441590862644
0.8585484742454176
0.8562252189985834
0.8528302932582646
0.8513399363240762
0.8486592446504
0.8474040022686089
0.846775219047791
0.844888222731036
0.8423675580932684
0.8410380750600507
0.8403720327273567
0.8383731467415523
0.835702659019602
0.8341789006413879
0.8334153064849159
0.8311234780572344
0.8280606081028454
0.8265154281404555
0.8257410545956451
0.8234167985490676
0.8203103400974943
0.8188006881468389
0.8180441369031631
0.8157733400600158
0.8127383320290428
0.811280773625853
0.8105503587345413
0.8083579935088403
0.8054278782119184
0.8039934603604062
0.8032746351507474
0.8011170213339134
0.7982332687674812
0.7967301481673369
0.7959767716257767
0.793715332838618
0.7906922134598274
0.7891902152731346
0.7884373457134648
0.7861773677616646
0.783155928905749
0.7815184475267039
0.7806974113151725
0.7782325978658905
0.7749361066321749
0.7733902915864873
0.772615247875047
0.7702885270357738
0.7671768911639912
0.7655156500956786
0.7646824684339469
0.7621810058293428
0.7588344409502246
0.7571937994669977
0.7563708588725944
0.7539000862871491
0.750594220939686
0.7489377661989358
0.7481067447260528
0.7456116117202573
0.7422725077123361
0.7406284097405175
0.7398034766566669
0.7373265637033646
0.7340114014986152
0.7323666942241737
0.7315413224583553
0.7290630196244
0.7257454586762991
0.7240679152550095
0.7232258664762852
0.7206973724052667
0.71731179832166
0.7156265143959424
0.714780424515559
0.7122397174790749
0.7088371854395283
0.707122249123978
0.7062610751464221
0.7036749641710136
0.7002108315253629
0.6984955478942473
0.697634071175255
0.6950469926519813
0.6915810927882956
0.6898370713881831
0.6889609864651607
0.6863299407026714
0.682804441622832
0.6810589640234964
0.6801820533610524
0.6775484807583998
0.6740192640793756
0.6722564452847929
0.6713707213526278
0.6687106148843951
0.6651454488531955
0.663375815921256
0.6624866249162616
0.6598160655095884
0.6562367383494697
0.6544355609396925
0.6535304572907371
0.6508120316304482
0.6471682756745339
0.6453499215393943
0.6444362053642406
0.6416918694498551
0.6380134398480138
0.6361883651381108
0.6352713725054393
0.6325171781515377
0.6288258929681639
0.6269724322458979
0.6260412889240089
0.6232445439553917
0.6194965713990149
0.6176380147966933
0.6167045425533686
0.6139007992321895
0.6101442550154472
0.6082743261794411
0.6073354301271108
0.6045153854301095
0.6007379680382415
0.5988659146943612
0.5979263272734928
0.5951042126280347
0.5913252961110149
0.58943925234705
0.588493069951096
0.5856511328539824
0.5818470744658512
0.5799589102823719
0.5790121824881307
0.5761686102125222
0.5723640805419106
0.5704677911376405
0.5695175729064497
0.5666635043320356
0.5628468254651018
0.5609557374541857
0.5600087896751991
0.5571645454126143
0.5533631669533982
0.5514756424457449
0.5505312023545232
0.5476944778551885
0.5439054694974355
0.5420209694631482
0.541078825936747
0.5382489727144586
0.5344716246154879
0.5325974069438584
0.5316612410469258
0.5288493113706513
0.5250985226795523
0.5232374811390988
0.5223087783682858
0.5195192205652156
0.515801017613021
0.5139572734559239
0.5130381195409284
0.5102771848839819
0.506599957842972
0.504775530779598
0.5038669553765084
0.5011377177252473
0.4975055919397202
0.49570597569488745
0.4948107216882825
0.4921214057170208
0.48854531258860967
0.4867738317777623
0.4858935524117435
0.48324910532925497
0.4797355810054087
0.47799418886951206
0.47712985193955143
0.47453315855053313
0.47108598458111023
0.469378654008309
0.4685322169183723
0.46598913829254984
0.46261601129169594
0.46094496743424856
0.4601175204998511
0.4576313092266744
0.45433646311198095
0.45270454617877
0.4518974792663664
0.4494722888947345
0.44626113837900605
0.4446706649150969
0.44388510987508023
0.4415243172753333
0.4384012523429848
0.4368541454624169
0.436091043912909
0.43379745249980045
0.4307661166542326
0.42926459088365226
0.4285250300291618
0.42630188018045634
0.4233664997134356
0.4219123643166244
0.4211972387596684
0.4190471890113655
0.41621124044733154
0.4148062056048006
0.4141163680058628
0.41204194766718466
0.4093087531019152
0.40795444249628365
0.40729071018609225
0.4052943382887195
0.4026670896150153
0.40136511323556956
0.40072830322877173
0.3988123930831446
0.396294285611579
0.3950504010347217
0.39444331076845873
0.39261624949985335
0.39021819119662815
0.3890256611414145
0.38844513499230643
0.3866973325844199
0.38440702423434514
0.38327134437603866
0.38272007257675694
0.3810595748315533
0.3788875050525824
0.3778102450257949
0.3772890441804373
0.3757182336456497
0.37366756486365676
0.3726504101036165
0.3721601548014331
0.3706815794364747
0.368755677765029
0.36780121788086434
0.3673432009712664
0.3659606684763291
0.36416447841253935
0.36327347056569625
0.362848137102688
0.3615628715945044
0.35989804706467277
0.35907233870980715
0.35868064428719765
0.3574954039434346
0.355965536101354
0.35520679890562185
0.35484962312159857
0.353766919016824
0.35237527712686856
0.35168535126044864
0.3513636555450123
0.3503862305055276
0.34913636308280865
0.3485170151844116
0.34823173680440833
0.34736223840866665
0.34625757052429174
0.3457106130742348
0.3454627225694755
0.34470387438433936
0.3437479268024076
0.3432751251204128
0.3430655953211579
0.34242009211654945
0.34161637083042545
0.3412197148556715
0.34104964053766895
0.3405205133927078
0.33987295517349125
0.3395544915784565
0.3394250324226612
0.33901545685055945
0.3385282230643293
0.33829022313442886
0.3382026869537909
0.33791622647466746
0.3375940147660748
0.3374390353281546
0.3373949265932968
0.337235657300513
0.3370838879266942
0.3370149199943788
0.33701603692793686
0.3369888088000236
0.3370139922194619
0.33703470624729825
0.3370833043329983
0.33719417848842714
0.33740453333641857
0.33751973258509416
0.3376188220856935
0.3378758680148354
0.3382824386913308
0.3384989737243405
0.3386529385541059
0.33906787911124114
0.33968686240889717
0.34001582931971913
0.3402319291590698
0.34082412034274995
0.34168249988084215
0.342146038219087
0.342439185531499
0.34324817960239046
0.344401619148118
0.34506930272126385
0.345488904865202
0.346644137855674
0.3482770834552406
0.34917269771001735
0.34972818511672155
0.35125605327084547
0.353393415174908
0.3539946953473
0.35568404653918956
0.355760126360213
0.3561681518140009
0.35732592862914764
0.35890757155635733
0.3591545249623859
0.3595428866709728
0.3606513521704164
0.3621576168821378
0.36283601393754716
0.36320740138086255
0.36427228686370905
0.3657132097649687
0.3663684762478911
0.36672361519063434
0.3677455193096688
0.36912387098406146
0.36974915330735786
0.37008511425409224
0.37105493495648534
0.3723597101628552
0.3729475730288113
0.37326097090902194
0.3741684761848269
0.3753869379389012
0.3756128351681398
0.37590044021722
0.37673584740246513
0.37785586032304685
0.377986901835413
0.37824414525191563
0.3789939235162735
0.37999798325313033
0.38046021514884476
0.38070230008767614
0.3814091492574128
0.3823549828333986
0.3828665740798661
0.38313570198321106
0.383919423925139
0.38496787597193005
0.3855150953252801
0.38580371193357677
0.3866426388603456
0.3877646985532098
0.3883443312923502
0.3886508306450952
0.3895402866778059
0.3907299036425328
0.3913470099478288
0.3916744313038483
0.3926228461572811
0.3938916627677214
0.3945626011628818
0.39492044581321956
0.395954231652602
0.3973380641871128
0.39809644375866055
0.3985043658765643
0.39967770991271656
0.40124965910031735
0.4021527411102084
0.40264510438220025
0.40405127247044514
0.4059368711036081
0.4070036713903896
0.4075932953554915
0.40926440319115354
0.4115064633914526
0.4127297080029726
0.4134133677031734
0.41533797881429424
0.4179194159612517
0.4193700311315593
0.4201941998753155
0.4224918847720184
0.42556949898691193
0.42736185031066054
0.42840495097031
0.4312708806175579
0.4350968085030166
0.437392896897878
0.43877616187544566
0.4424959413570427
0.44742591522785186
0.4505913040008778
0.45262179348935544
0.45788105492592485
0.46472972569533294
0.4687812343298606
0.4715367675587693
0.4783874819126803
0.4870557478004147
0.49125525721800894
0.49409822183410707
0.5010368950960665
0.5096707651893361
0.5139371678713568
0.5169395594020325
0.5240633036150548
0.5327334950293114
0.5371650330171461
0.5405284990809858
0.5481541214881157
0.557093597407663
0.5615157757204247
0.5651302908540469
0.5729255289932662
0.5816778062697306
0.5857288512341337
0.589136602452878
0.5962290482511072
0.6040174442027841
0.6076073413780902
0.6108259500592539
0.6172843803410158
0.6242222484491418
0.6274106099989305
0.6304714905887104
0.6363929244098648
0.64261372554707
0.6454642069377433
0.6483976382965461
0.6538746897958365
0.6595012383497912
0.6620716380706011
0.6649043628103376
0.6700183878319711
0.6751562359190272
0.67749565798172
0.6802499873638698
0.6850686622064907
0.6898043774149573
0.6919527099928038
0.6946464991025917
0.6992239650542772
0.7036261588633812
0.7056147738992813
0.7082618582742586
0.7126401757035475
0.716761835980385
0.7186148132883946
0.7212256299962573
0.7254367235597758
0.729317942604043
0.731053413112198
0.7336356458188682
0.7377032794978924
0.7413738854367596
0.7430052875382831
0.7455644558783651
0.7495060151219981
0.7529878836174541
0.7545250468681051
0.7570650090032871
0.7608930077146053
0.764201985170516
0.7656520211064136
0.76817538451026
0.771898688930545
0.775046137367955
0.7764141491050983
0.7789225970430591
0.7825473930970269
0.7855414014509069
0.7868310366200959
0.7893255825420944
0.7928561256769123
0.795702442787428
0.7969163173306465
0.7993975001667882
0.8028366879614233
0.8055394311447526
0.8066794498005523
0.809147482081955
0.8124972860723442
0.8150594727260205
0.8161270684857601
0.8185819474507394
0.8218437350023586
0.8242676767714822
0.8252639876600126
0.8277055776177294
0.8308803488937657
0.8331679402533764
0.8340939381145317
0.8365220306101615
0.8396105904807162
0.8417635168739922
0.8426200997231521
0.845034456514531
0.8480375368082943
0.850057421930075
0.8508454788793525
0.8532458614446498
0.8561642053246689
0.858052712714184
0.8587711022665478
0.861161576534241
0.8640001653977899
0.8657586658586129
0.8664149949728472
0.8687866999363574
0.8715379305815465
0.8731690138336707
0.8737573644399537
0.8761142921325373
0.8787833215650726
0.8802888631583836
0.8808127913957267
0.8831549061366889
0.8857429831634527
0.8871252728694085
0.887586061798514
0.8899133313338276
0.8924217979582568
0.8936833082290008
0.8940822987555507
0.8963947438634593
0.8988250794036489
0.8999684518571841
0.9003070662059596
0.9026047595985677
0.9049585727808117
0.9059866044647596
0.9062663388618258
0.9085494023888487
0.9108284200595367
0.9117440466175357
0.9119664622959321
0.9142350634240732
0.9164411175012463
0.917247394459792
0.9174141079393395
0.9196684557597145
0.9218034691932504
0.9225035523601237
0.9226162253829892
0.9248565663941284
0.9269225387734005
0.9275196643845154
0.9275799939586472
0.929806607711319
0.9318056008695542
0.9323030661789133
0.9323127747299921
0.9345259695901037
0.9364600937303408
0.9368612381381961
0.9368220643864787
0.9390221732322883
0.9408935734524524
0.9412017608953851
0.9411154509153462
0.9433028271827282
0.9451136709587316
0.9453322732981198
0.9452005723975774
0.9473755863856073
0.9491280519993757
0.94926043369354
0.9490850792462749
0.9512481142677546
0.9529443798583971
0.9529938841621747
0.9527765985395207
0.9549280479221633
0.9565702819529875
0.9565402183794711
0.956282703125852
0.9584229670648837
0.9600133194252619
0.9599069527671791
0.9596108831424451
0.9617403659408847
0.9632809603014797
0.9631015004799712
0.9627685211174255
0.9648876287067947
0.9663805554519448
0.9661311496756396
0.9657628696611401
0.9678720079028178
0.9693193187056659
0.9690030435161472
0.9686010348118957
0.9707006060672679
0.9721043080163893
0.9717241636420597
0.971289956308786
0.9733803595300318
0.9747424114513183
0.9743013171592991
0.9738363978929275
0.9759180260013094
0.9772403348020395
0.9767411240695798
0.9762469347055405
0.9783201735416951
0.9796045912677176
0.9790500090933286
0.9785279439616217
0.9805931723349481
0.981841494547231
0.9812341950280477
0.9806856035815807
0.9827431884758295
0.9839571515659007
0.9832996945566896
0.9827258752140771
0.9847761787333252
0.985957459660645
0.9852523152284753
0.9846545186760483
0.9866978892694827
0.9878481037293585
0.9870976485442313
0.9864770794310943
0.9885138521348091
0.9896345545471655
0.9888410699436727
0.988198882150646
0.9902293849464001
0.9913220701932733
0.9904877473661583
0.9898250460253611
0.9918495963668236
0.9929157012582268
0.9920426314692881
0.9913604801709147
0.9933793843247646
0.9944202846410479
0.9935104794777162
0.9928099047028542
0.9948234391471426
0.9958404398008727
0.994895834121596
0.994177771463684
0.9961862411436629
0.9971806169042188
0.9962030209720799
0.9954684370440834
0.9974720869482349
0.998445021640299
0.9974362118770214
0.9966859424031757
0.9986850586618751
0.9996377234081826
0.9985993317923526
0.9993756280001138
0.9997659588751924
0.9999537825511151
0.999999999658708