0.999303298724158
0.9992787125508686
0.9992664188914138
0.9992295378304562
0.9991803611739912
0.9991742413200554
0.9991685917222878
0.9991673722946192
0.9991619719670332
0.999159420685149
0.9991581450376688
0.9991543180931133
0.9991492154817647
0.9991463149315906
0.9991448646481834
0.999140513795468
0.9991347126338527
0.99913181484418
0.9991303659408443
0.9991260192283746
0.9991202235871014
0.9991171679782278
0.9991156401644141
0.9991110567202561
0.9991049454341647
0.9991017813819862
0.9991001993459451
0.9990954532349625
0.9990891250579524
0.9990795274931437
0.9990747286232481
0.9990603319972814
0.9990411362166687
0.9990381425663516
0.9990312906903365
0.9990278647070712
0.9990175867480674
0.9990038826600909
0.999000655492195
0.998996769673235
0.9989948267489117
0.9989889979720868
0.9989812262253169
0.9989766898396999
0.9989744216269754
0.9989676169839729
0.9989585440646959
0.998954109739145
0.9989518925568509
0.9989452410052501
0.9989363722115571
0.998931831449724
0.9989295610487602
0.9989227498410438
0.9989136681692977
0.9989082964325701
0.998905610536289
0.9988975528411036
0.9988868091605848
0.9988812706784337
0.9988785014074218
0.998870193587753
0.9988591164029329
0.9988532789727961
0.9988503602247951
0.9988416039735357
0.9988299288696806
0.9988232829622484
0.9988199599660899
0.9988099909687621
0.9987966988390247
0.9987894350066682
0.9987858030397817
0.9987749071288667
0.9987603790874366
0.998753325401723
0.9987497985107169
0.9987392178279567
0.9987251101004135
0.9987185116089178
0.9987152123210998
0.9987053144489262
0.9986921171540029
0.9986838989912988
0.9986797898450478
0.9986674623938301
0.9986510255860221
0.9986429078032343
0.9986388488481492
0.9986266719706166
0.9986104359343791
0.9986008823851364
0.9985961055234782
0.9985817749224796
0.9985626671738248
0.998552721008315
0.9985477478300402
0.9985328282778665
0.9985129352405984
0.998511133472116
0.9985069232109681
0.9984942924144491
0.998477451135527
0.9984664034351344
0.9984608794679918
0.998444307545613
0.9984222112775797
0.9984091509047504
0.9984026205565559
0.9983830294844983
0.9983569075323578
0.9983554579482367
0.9983391483549038
0.9983174018696199
0.9982818963423669
0.9982641423848623
0.9982108803406656
0.9981398603637992
0.9981191504675262
0.9981065757837426
0.9981002882916648
0.9980814257893728
0.998056275298752
0.998043609662397
0.9980372766900938
0.9980182777467941
0.997992945328979
0.9979802041178583
0.9979738333568867
0.9979547210480769
0.997929237464657
0.9979237196428972
0.9979176633803447
0.997899494568753
0.9978752690342076
0.9978633362116923
0.997857369663556
0.9978394699953415
0.9978156033349811
0.9977712916610929
0.9977491339656913
0.9976826606232437
0.9975940233339947
0.9975813004502685
0.9975708284956154
0.9975394125671301
0.9974975232976571
0.9974783706285637
0.9974687939419602
0.9974400638278862
0.9974017558674771
0.9973842802789092
0.9973755421911059
0.9973493278822098
0.9973143745166375
0.9972957615266543
0.9972864546983821
0.997258534161427
0.9972213057064792
0.9972032768468712
0.9971942621071906
0.9971672178389294
0.9971311578089279
0.9971123655580278
0.9971029690960019
0.9970747796573625
0.9970371926404243
0.9970154639225425
0.9970045991126456
0.9969720046136153
0.9969285438175842
0.9969069991433418
0.9968962263643703
0.9968639079591557
0.9968208153215203
0.996796617086795
0.9967845174163149
0.9967482183221028
0.9966998177067856
0.9966737930398972
0.9966607800618166
0.996621741028343
0.9965696869069699
0.9965427895054075
0.996529340127276
0.99648899188843
0.9964351920198983
0.9964097144652629
0.9963969750827674
0.9963587568428877
0.9963077971718567
0.9962632286869204
0.9962409425652403
0.9961740839346547
0.9960849328770491
0.9960410246945675
0.9960190687664506
0.9959532007203995
0.9958653706887928
0.9958227076698288
0.9957560372140302
0.9957243900586673
0.9957085655337606
0.9956610918132701
0.9955977904415428
0.9955616308009778
0.99554354975485
0.9954893064329049
0.9954169779565493
0.9953826166965143
0.9953654349539277
0.995313889566842
0.9952451586637204
0.995211426898382
0.9951945599194312
0.9951439588194178
0.9950764871743355
0.9950383552427561
0.9950192879099122
0.9949620857121435
0.994885811574179
0.9948420991621509
0.9948202411437064
0.9947546668265012
0.994667228426012
0.994622787919999
0.994600565785144
0.9945338991192433
0.9944450040565295
0.9944018392789601
0.9943802551188092
0.9943155023788498
0.9942291596236754
0.9941784807516315
0.9941531389034567
0.9940771130052762
0.9939757371208164
0.9939284401232428
0.9939047895004729
0.993833837314812
0.9937392274813652
0.9936782934036177
0.9936478228802497
0.9935564107860212
0.9934345165832607
0.9933509443509295
0.9933091517113456
0.9931837728871142
0.9930165792307026
0.9929319606153506
0.9928896445243479
0.992762695286733
0.9925934072581206
0.9925668562183199
0.9925307437766436
0.9924224057654996
0.9922779388071733
0.9922602079749873
0.9922278601126269
0.9921308159504233
0.9920014108211431
0.991934807942452
0.9919015023716214
0.9918015850557766
0.9916683481819394
0.9916019337290956
0.9915687223606164
0.9914690876671176
0.9913362276605124
0.9912622742803399
0.991225292440181
0.9911143461930152
0.9909664007672435
0.9908959288754116
0.9908606882267089
0.9907549656244162
0.9906139866122088
0.9905375662521704
0.990499350556484
0.9903847026811634
0.990231820686733
0.9901533729790121
0.9901141433522657
0.9899964536119289
0.9898395150735766
0.9897377237552842
0.9896868184867368
0.9895341013081367
0.9893304459415236
0.9892076088433521
0.9891461760891804
0.9889618758106372
0.9887160949141834
0.9886843550941721
0.9886265561663977
0.9884531575264213
0.9882219182388247
0.9880982493149789
0.9880364007152405
0.9878508528763212
0.9876034079131412
0.9875556183647923
0.9874918455232873
0.9873005248465232
0.9870453796721749
0.9869273256217539
0.9868682854199908
0.9866911629134197
0.9864549563107191
0.9863371870932117
0.9862782895401201
0.9861015949385334
0.9858659593747611
0.9857376469016316
0.9856734754342887
0.9854809587226485
0.985224218904637
0.9850679511590754
0.984989794650453
0.9847553218081767
0.9844426151464404
0.9842202844972375
0.9841090731387568
0.9837754322991902
0.9833304246046118
0.9832502407469648
0.9829039783248714
0.982735162267434
0.9824781992313106
0.9823213846676316
0.9822429546817053
0.9820076612010332
0.9816938606233464
0.9814888288255239
0.9813862741347685
0.9810786040452456
0.9806682480688559
0.9804362481466651
0.9803201987998363
0.9799720430140716
0.9795076696190043
0.9792527715833403
0.9791252629297797
0.9787427275077479
0.9782324805818949
0.9779403648706215
0.9777942289119892
0.9773558084645331
0.9767709876181341
0.9767548270034989
0.9766383842839917
0.9762890481621096
0.9758231002041804
0.975581198885238
0.9754601947950906
0.9750971737357487
0.9746129664988654
0.9742677573690429
0.9740950444101764
0.9735768879863802
0.9728856457839861
0.9728286410839229
0.9726044207722355
0.9719317299918094
0.9710341928634693
0.9705925108190238
0.9703714928463774
0.969708409003633
0.9688237020264662
0.9686547987623093
0.9680607530612246
0.9677858830514644
0.9676483799755661
0.9672358588840537
0.9666856014623412
0.966408520254613
0.9662699109856655
0.9658540709864815
0.9652993845032162
0.964936702300785
0.9647552436269672
0.9642108463657392
0.9634845849292796
0.9631188582199117
0.9629358758309238
0.9623869069009295
0.9616545426501786
0.9612750808886479
0.9610852218016381
0.9605156208550378
0.9597557176517546
0.9592576746759719
0.9590084337640045
0.9582606696892488
0.957262904541337
0.9566237147632023
0.9563037611244364
0.9553438315513761
0.9540626893315058
0.9532181534568346
0.952795259452449
0.951526455643783
0.9498325662171211
0.9492190298047335
0.9480158059325884
0.9477513200860697
0.9473611265916688
0.9461904354087929
0.9446277057290436
0.9441593151560925
0.9430281268020743
0.9424138614640037
0.9421064063824302
0.9411839691633068
0.9399529328691362
0.9391523618094064
0.9387515315327
0.937548916435741
0.935943529768422
0.9358792143395354
0.9349684369433177
0.9337529840169064
0.9329945316721889
0.9326148235950233
0.9314755818873186
0.9299548985994565
0.9290172710408866
0.9285477247827948
0.9271389018372208
0.9252578940705902
0.9243835568732058
0.923945757409889
0.9226321923596844
0.9208785399325063
0.9197715389710391
0.9192170382123419
0.9175532608480774
0.9153313226701264
0.9138615761656497
0.9131249609295761
0.9109146123401191
0.9079612015243819
0.9075654438131942
0.9057585667944525
0.9033452261739053
0.9030723955580254
0.9013101630096297
0.8989565692245081
0.8977758388908292
0.8971843855628631
0.8954096533005095
0.8930393427909871
0.8919219654638995
0.8913623096212836
0.8896829923741525
0.8874403367392263
0.8861848034385676
0.8855558344127687
0.8836684675294937
0.8811474721745243
0.8800069860268935
0.8794357562405163
0.8777216673340642
0.8754325040541988
0.8741798170555327
0.8735522980025628
0.871669237793496
0.8691540042712149
0.8675644328053821
0.866767771751166
0.8643769409730572
0.8611818943526579
0.8608061642727908
0.8600609424276603
0.8578244943534828
0.854836174136814
0.8534685997654025
0.8527834327777195
0.8507272313657552
0.8479801928718583
0.8467122085286973
0.8460770340035657
0.8441708769519368
0.8416246211700771
0.8393523371599776
0.8382124181139563
0.8347905297584173
0.8302124191400125
0.8274847823668657
0.826131346997071
0.8254532626841414
0.82341817380241
0.8206990935129156
0.8192825271692354
0.8185727354052313
0.8164423999672518
0.8135956494592641
0.8122036372742605
0.8115061492420578
0.8094127123711874
0.8066152278921557
0.8051710923257382
0.8044474000374044
0.8022752261500935
0.7993720904969521
0.7976405961801337
0.7967724589293724
0.7941663895958019
0.7906813154302619
0.790255856100124
0.7895006261867994
0.7872336233501783
0.7842029101359238
0.7827025903637714
0.7819505145364875
0.7796929245671742
0.7766745284058479
0.7750115103403985
0.7741775634012344
0.7716739699967846
0.7683252218676819
0.7667486044854342
0.765957998557827
0.7635845335745703
0.7604099534986929
0.7588175681662132
0.7580189333970735
0.7556212777556173
0.7524137904249043
0.7507922153474559
0.7499787790033187
0.7475365805593793
0.7442688096969916
0.742654884774507
0.7418451733018362
0.739414096687388
0.73616075793712
0.7345166160866713
0.7336915622373605
0.7312143140158561
0.7278984223267683
0.7262165187846785
0.7253723036561053
0.7228374025955252
0.7194434681624164
0.7177860595129042
0.7169540454302075
0.7144557479020575
0.7111105013812911
0.7094024031708254
0.7085447054601406
0.7059691524191225
0.7025194735596101
0.7008054178918168
0.6999445820829201
0.6973595385467013
0.6938966060174487
0.6921923954618595
0.6913364127089221
0.6887659063523964
0.6853221329655318
0.6835760301471759
0.6826988166387152
0.680064444144247
0.6765343405747856
0.674782055193786
0.6739016488997598
0.6712576397512718
0.6677143196721573
0.665950999172667
0.6650649865802454
0.6624040922768151
0.6588379131018983
0.657046160213457
0.6561457952605403
0.6534417275838011
0.6498174106528019
0.6480234072202867
0.6471219545111748
0.6444146003020987
0.6407860501596175
0.6389700435553073
0.6380575852137144
0.6353171321481588
0.6316443658213704
0.629825626789541
0.6289119485897726
0.6261678244587423
0.6224906840351989
0.6206461465084385
0.6197196740862012
0.6169370834505215
0.6132089252878383
0.6113539982955277
0.6104225769281472
0.6076251110902051
0.6038779377319277
0.6020086184381883
0.6010703063550352
0.5982521285456848
0.5944783258345739
0.5926012235286233
0.5916594282919606
0.5888307834186561
0.5850443733754392
0.5831649982030702
0.5822225679250693
0.5793920163406737
0.5756047258699826
0.5737206084032191
0.5727763735109237
0.5699403933511629
0.5661477082551245
0.5642663495610665
0.5633241465508964
0.5604942647160093
0.5567118442206054
0.554833143839886
0.5538929848628907
0.5510692273534706
0.5472972782197446
0.5454226406247272
0.5444852895174319
0.5416699397530798
0.5379116802558691
0.5360483470481152
0.5351174770917285
0.5323215637153766
0.5285918619180233
0.5267433619239417
0.5258207743647116
0.5230496954968643
0.5193558414127902
0.5175223405466863
0.5166081524657933
0.5138622402763433
0.51020474508782
0.5083900351941876
0.5074861625983722
0.5047711562757052
0.5011577080288313
0.49936949625872884
0.498479781207508
0.49580721088187774
0.49225313314636177
0.4904898217776464
0.4896134829680166
0.4869809745822748
0.4834831054015235
0.4817510924627082
0.48089129840297273
0.47830835545767114
0.474879251567457
0.47318030550607426
0.4723379273674351
0.46980714389213074
0.4664501864404955
0.46478749565495736
0.46396409987532317
0.4614901607867973
0.4582114801338277
0.4565863156578564
0.4557825249992787
0.45336727555081957
0.4501692551225838
0.4485867696452269
0.4478051053254557
0.4454561034222407
0.4423486323834681
0.4408091179728725
0.4400497236121717
0.43776737155973494
0.4347509391021523
0.4332570519970975
0.4325212306090878
0.4303094187200561
0.4273891046150823
0.4259424258375414
0.425230961503295
0.42309201591257534
0.42027086416660964
0.4188733087781251
0.4181871541232541
0.41612390570951574
0.41340563527775964
0.4120590971895856
0.41139920019699666
0.40941446253404346
0.40680278147053484
0.40550897387783075
0.4048762011536057
0.40297253828046553
0.40047084007813866
0.3992263680444692
0.3986191603102689
0.3967918072146656
0.39439404292029545
0.3932096114145955
0.39263313825508994
0.39089763265866456
0.3886239651747554
0.38749877409426753
0.3869527055893209
0.3853079861694497
0.3831571095378745
0.38208954270833906
0.3815731943610728
0.3800171076329147
0.37798637703084226
0.37698107938442144
0.37649671581761013
0.37503601869850334
0.37313418474571936
0.3721908206308717
0.37173837726610565
0.3703727644624663
0.3685995609851842
0.36772115499526226
0.36730213301800463
0.36603603318696704
0.3643971947571976
0.3635847100280311
0.3631996648893301
0.3620346205973523
0.36053222781008737
0.35978789383665416
0.35943796529839606
0.3583772799153909
0.357015616368217
0.35634130266796266
0.3560274714040566
0.35507394646405044
0.3538566539743648
0.35325425706751723
0.3529775246618559
0.3521340036866058
0.3510647694941425
0.3505362181018547
0.3502976126602118
0.3495669938458734
0.3486495702354669
0.3481969035102546
0.34799751491889885
0.34738285621315435
0.34662118699250777
0.3462464116414115
0.3460873396012373
0.34559168754073005
0.34498971547316687
0.34469499956797606
0.34457743797272267
0.3442040830194114
0.3437660539409893
0.3435536640178094
0.3434788849636635
0.34323129752720094
0.34296169617055605
0.3428340610844242
0.3428034537377604
0.34268538698339673
0.34258907190375665
0.3425488509607447
0.34256397273539946
0.34257959100544016
0.34266197588477265
0.3427122017329652
0.3427748703052748
0.34292899056866366
0.3431963704060328
0.3433406988835574
0.34345316682970556
0.3437517117775157
0.3442118990413175
0.344455164246428
0.3446204912936753
0.34507146933580973
0.34573515723502446
0.3460846665859392
0.3463075898086471
0.3469233897884327
0.34780735034128285
0.34827649188017235
0.3485658756485568
0.34936971330594097
0.3505058014078263
0.35112792954379624
0.35150642540110183
0.3525575836378598
0.3540281046434752
0.3549395176313299
0.355504472316947
0.35705426290327036
0.3592103818167671
0.360597586193971
0.36249862925839227
0.3626556317128547
0.3638775740333172
0.3655396583950201
0.365722875584402
0.36612533713581774
0.3672689447429291
0.3688162971202101
0.36910609592308935
0.36948429607719563
0.37056390473945544
0.37201918448902466
0.3726743992526984
0.3730301622863048
0.37404950949309385
0.37541935151098244
0.37604183014763004
0.3763771690442441
0.3773408074239378
0.3786327781344935
0.37921830264749856
0.3795315408384634
0.3804341563065977
0.3816421199181376
0.3821862442368646
0.3824754778619348
0.3833112368373816
0.38442818792996447
0.3849259328870673
0.3851888912837604
0.38595097559051955
0.38696846020280745
0.3871059052767499
0.3873400696763435
0.38802095750648824
0.38892951921816943
0.38893426932330505
0.38913381452290835
0.389716455933243
0.39049368178793376
0.39091123006512934
0.3911298984673518
0.3917666508742722
0.3926157594011337
0.3930671477095039
0.39330445437801653
0.3939936076857324
0.3949123160057011
0.3953957219118704
0.3956508720592724
0.3963898653419929
0.39737485163931185
0.39789995981723525
0.398178652076175
0.39898305752367785
0.40005523427375106
0.4006459532408629
0.4009622335805975
0.40187037462693836
0.40308104987073173
0.4037771166993879
0.40415509226354573
0.4052316088506364
0.4066673472899385
0.40751481459336636
0.4079844272235082
0.40930691788578905
0.41107191962456
0.4120588360248061
0.41261587681736783
0.4141690155783726
0.41624376027412774
0.4174117952797872
0.41808632789478106
0.41994449538864387
0.42242755343942145
0.4238813505141939
0.42474945670458475
0.42709864224586463
0.4302329164189855
0.43217216946822246
0.43339319162291107
0.4366048636279214
0.44086197160213686
0.44344198242188393
0.4451675411843652
0.44955285573921433
0.4552798950921885
0.4589150215675297
0.4616146142254978
0.4681062453963551
0.4762700575852758
0.4783127310529709
0.4838784011625311
0.4909188537107993
0.4946167333016723
0.49731825153339293
0.5036999084554064
0.5115516375329996
0.5158818893971301
0.5194065015822981
0.5272580864754209
0.5363869880190953
0.5407159833956573
0.5442150866753064
0.5517783432706356
0.5603508291879442
0.5643432466067937
0.5676866787586262
0.5747062389129319
0.5825073066188938
0.5861278709277342
0.5893216527890722
0.5958213734719262
0.6029038836226558
0.6061804899241591
0.6092418218595741
0.6152756448524227
0.6217212920155599
0.6246940002364249
0.6276432849838417
0.6332744014225906
0.639171332064821
0.6418825993350181
0.6447401835509986
0.6500310965055356
0.6554629493980977
0.657952410579383
0.660736658571726
0.6657435185838092
0.6707836093745573
0.6730855426164732
0.6758119644979804
0.6805821318608172
0.6852913498457037
0.6874339180237009
0.6901149979443054
0.6946866724879097
0.699113651106356
0.7011191563707186
0.703764571029477
0.7081675429251872
0.7123499933898484
0.7142356121289943
0.7168526240259264
0.7211095073650912
0.7250759935418944
0.7268546670551818
0.7294485627259018
0.7335761354574488
0.7373478789452913
0.7390291847178502
0.7416036895643471
0.7456141453729919
0.7492066586324507
0.7507975815653745
0.7533552212759758
0.7572572509144673
0.7606817213890161
0.7621872983243168
0.7647296985317675
0.7685293803779328
0.771793796135421
0.7732176349132045
0.77574576169043
0.7794472722650534
0.7825573118444579
0.7839019986357998
0.7864163471301161
0.7900225151839007
0.7929822364364703
0.7942496491973338
0.7967503890229911
0.8002631200174105
0.8030754844149991
0.8042670302150143
0.8067541158705422
0.8101747122194601
0.8128419779635103
0.8139587700040715
0.8164320235351651
0.8197614226237077
0.8222854349867323
0.8233284226162519
0.8257875944718878
0.8290265426356587
0.8314089448308905
0.8323790073847372
0.8348238201637701
0.8379729971637853
0.8402153803884463
0.8411133934986942
0.8435435721266527
0.8466036774532347
0.8487076848140248
0.8495368003639472
0.851947052704674
0.8549138117985778
0.8568813662035889
0.8576353745532233
0.8600353899865464
0.8629197230992948
0.864752627202156
0.8654404526264998
0.8678250274495957
0.8706228336261088
0.8723232032709084
0.8729431579456235
0.8753121202357115
0.8780245388853594
0.8795947161898184
0.8801480442482651
0.8825013407149382
0.8851297266875541
0.88657224595869
0.8870603217864514
0.8893979577714345
0.8919438168256038
0.893261397262096
0.8936856851779538
0.8960077221371932
0.8984727012631275
0.8996682325415027
0.900030278260478
0.9023368307818974
0.9047227062314938
0.9057992306464656
0.9061006517161597
0.9083918838436488
0.9107005473296645
0.9116612399490663
0.9119037154594797
0.9141798364013453
0.916413280151677
0.917261427921172
0.9174466877792246
0.9197079474749222
0.9218682489323359
0.9226072295751475
0.9227370438378885
0.9249837283578295
0.9270730349020976
0.9277062960555826
0.9277824645979098
0.9300148914917927
0.9320354054543324
0.9325664446337681
0.9325907870472772
0.9348093010151555
0.936763265466013
0.9371956110828784
0.9371699573742439
0.939374925824735
0.9412646110504865
0.941601804458443
0.9415279863962591
0.9437197953600356
0.9455474862182403
0.945793065524257
0.9456729084506624
0.9478519587419723
0.9496199431533882
0.9497774279888315
0.9496127435016823
0.951779447497389
0.9534900060710253
0.9535628842353079
0.9533554638352685
0.9555102418499481
0.9571656382987842
0.9571573532477118
0.9569089625969832
0.9590522402029786
0.9606547128439725
0.9605686538076564
0.9602810276033782
0.9624132323407908
0.9639649864438732
0.9638044788475274
0.963479315994076
0.9656008757813487
0.967104077668554
0.9668723744786543
0.9665113353630705
0.9686226758549669
0.9700794464950289
0.9697797233572019
0.9693844255537732
0.9714859680051489
0.9728983789344586
0.9725337263974886
0.9721057418613238
0.9741979035845355
0.9755679737769304
0.9751413931484725
0.974682249539747
0.9767654387258569
0.9780951290756952
0.9776095309662878
0.9771207040071165
0.9791953230643613
0.9804865363580143
0.9799447359305241
0.9794276550602321
0.9814940944623068
0.9827486720260924
0.9821533872952648
0.9816094311530387
0.9836680722603752
0.9848877917284922
0.9842416460584502
0.983672139317676
0.9857233540105108
0.9869099322862713
0.9862154453429445
0.9856216665590358
0.9876658152591185
0.9888209041120285
0.9880805028078914
0.987463678434413
0.9895011073484553
0.9906262937562474
0.9898423060089291
0.9892036136406817
0.9912346567333896
0.9923314646740728
0.9915061235096726
0.9908466913679649
0.9928716700737626
0.9939415598668271
0.9930770047903427
0.9923978990598832
0.9944171355173654
0.9954615146147958
0.9945597752655383
0.9938620379871429
0.9958758322515273
0.9968960390501004
0.9959590704247269
0.9952436934261157
0.9972523224679793
0.9982496230384332
0.9972793207837445
0.99654722901201
0.9985509578754105
0.9995265763814959
0.9985246972862556
0.9989702362783329
0.9997437587629062
1.0000987546967295
0.9999999996414161