20000.
19997.098478896
19995.647876092
19991.296699233
19985.496603496
19985.258244508
19985.115693847
19984.688047986
19984.117867796
19983.82209732
19983.674213713
19983.23056948
19982.639059215
19982.365818253
19982.229199163
19981.819347517
19981.272891787
19980.962898118
19980.807903076
19980.342925186
19979.722971559
19979.389875138
19979.223328997
19978.723698931
19978.057545011
19977.658386666
19977.45881047
19976.860093874
19976.061833069
19975.665393694
19975.467176941
19974.872538515
19974.079714895
19973.650628777
19973.436089158
19972.792484161
19971.93437651
19971.493405563
19971.272923725
19970.611492846
19969.729619172
19969.330660234
19969.13118374
19968.532766241
19967.734904217
19967.31091971
19967.098930816
19966.462977671
19965.615071737
19965.196061385
19964.986559492
19964.358067033
19963.520107947
19963.075300578
19962.852900594
19962.185715541
19961.296170244
19960.697107103
19960.397582253
19959.499034713
19958.301034366
19957.730481817
19957.445211637
19956.589425607
19955.448434763
19954.9116985
19954.643335762
19953.838269243
19952.764897848
19952.193577417
19951.907923314
19951.050985587
19949.908459318
19949.34724834
19949.06664875
19948.224873703
19947.102562337
19946.481939213
19946.171634868
19945.240750845
19943.999639851
19943.257372122
19942.88624859
19941.772919484
19940.288577506
19939.468941192
19939.059135638
19937.829769573
19936.19073289
19935.396392531
19934.99923419
19933.807806701
19932.219347639
19931.348361232
19930.912882269
19929.606502532
19927.864796253
19926.879882804
19926.387444298
19924.910201866
19922.940715842
19921.63037512
19920.975237028
19919.009952117
19916.389874089
19915.613489553
19913.642115368
19912.568847302
19912.032234921
19910.422484622
19908.276353537
19907.269527514
19906.76613356
19905.256028146
19903.242732657
19901.920275467
19901.259079775
19899.275624593
19896.631325446
19895.257865976
19894.571171743
19892.511231355
19889.764976226
19889.030280109
19888.279316431
19886.026595632
19883.023365113
19881.594126103
19880.879545071
19878.735956178
19875.878197463
19874.496221535
19873.805269553
19871.732557836
19868.969278749
19867.656027452
19866.999434305
19865.029785156
19862.403890307
19860.446260201
19859.46751743
19856.531578654
19852.617669165
19850.555706125
19849.524804841
19846.432422359
19842.309995526
19839.860322996
19838.635600053
19834.961885004
19830.064656977
19829.243470334
19828.151926462
19824.877655511
19820.5128024
19818.248221432
19817.116027893
19813.719835513
19809.192484818
19808.493241817
19805.81930338
19802.25461396
19800.525779821
19799.661419289
19797.068564209
19793.611952621
19791.973491477
19791.154311705
19788.696975938
19785.421003185
19783.797326533
19782.985538114
19780.550372834
19777.303952393
19775.80280145
19775.052268652
19772.800841269
19769.799337119
19768.106278791
19767.259803936
19764.72059697
19761.335495392
19759.704705867
19758.889361512
19756.443530423
19753.182893573
19751.320658015
19750.389606003
19747.596713431
19743.873471382
19742.125687907
19741.251854125
19738.630584969
19735.136101187
19732.854250181
19731.713423534
19728.291339479
19723.729484386
19721.275322828
19720.048356472
19716.367915582
19711.461730035
19708.781897643
19707.442117974
19703.423325603
19698.06621109
19695.01808446
19693.494197914
19688.923245924
19682.830294183
19679.403984467
19677.691053153
19672.553153992
19665.704709205
19662.592034704
19661.035882095
19656.368163409
19650.146262873
19646.37376273
19644.487784123
19638.830934794
19631.291003616
19629.664983768
19627.647132267
19621.594822539
19613.527980022
19612.62643668
19610.875513794
19605.623683226
19598.623430911
19594.884334459
19593.015053611
19587.408281214
19579.93508115
19576.157137985
19574.268439629
19568.603438094
19561.052653733
19557.629336688
19555.917902709
19550.784499549
19543.942058752
19540.307416674
19538.490348987
19533.040159956
19525.775606823
19522.24627067
19520.481841695
19515.189511795
19508.135304535
19504.417165293
19502.558361289
19496.983012368
19489.551693816
19485.104693895
19482.881574291
19476.213737552
19467.326839102
19462.480174783
19460.057294954
19452.79046542
19443.105581317
19438.444269866
19436.11403305
19429.124998874
19419.810196811
19414.435326186
19411.748448555
19403.690046973
19392.950716134
19386.304813895
19382.98271665
19373.019840728
19359.743972921
19351.913309123
19347.999164773
19336.261481745
19320.622315312
19312.706480469
19308.749779033
19296.884538436
19281.075560301
19278.639032785
19274.783721289
19263.222412631
19247.818122462
19240.503089692
19236.846615616
19225.881362671
19211.270748993
19203.990457785
19200.351346575
19189.438150585
19174.896872387
19167.845067845
19164.320137892
19153.749237447
19139.663774548
19130.687152578
19126.200420166
19112.746536271
19094.822746542
19084.878051956
19079.907646682
19065.00419711
19045.15103993
19035.08960664
19030.060883067
19014.982682677
18994.89700007
18983.134608235
18977.256143563
18959.631670393
18936.157834061
18919.280785718
18910.847902449
18885.571799908
18851.922878052
18835.094158546
18826.685432499
18801.481772817
18767.929374208
18750.500645698
18741.792351143
18715.691727616
18680.947433596
18664.558719156
18656.369753771
18631.82440969
18599.147514017
18581.164779361
18572.179932446
18545.251452155
18509.407541557
18489.398515662
18479.402114736
18449.44532943
18409.57848129
18404.735100867
18396.198561289
18370.612693139
18336.553552211
18321.243023585
18313.592553324
18290.660306157
18260.12864231
18242.25094369
18233.318658515
18206.548037818
18170.915012031
18162.360501685
18153.530316204
18127.06551111
18091.839113369
18073.64989324
18064.56214132
18037.326294619
18001.075701561
17983.426980817
17974.609109572
17948.18143084
17913.004962214
17896.043570145
17887.568897055
17862.168950537
17828.358454454
17808.522909239
17798.613413195
17768.917998909
17729.401171544
17710.708951148
17701.370231801
17673.383610171
17636.136936554
17617.622389005
17608.372404583
17580.651582254
17543.758363335
17521.530390439
17510.426966476
17477.158895957
17432.899772714
17409.726981238
17398.152138165
17363.473763355
17317.343433661
17294.83276504
17283.588405306
17249.899172373
17205.082326384
17181.520491638
17169.751676357
17134.493577847
17087.595384941
17061.633785415
17048.667779967
17009.828856775
16958.181231299
16922.195631395
16904.231476051
16850.453353366
16779.015237361
16772.383186006
16757.804178019
16714.143146976
16656.105345799
16623.962449746
16607.914268982
16559.862623313
16496.009964554
16461.063951837
16443.618715789
16391.39386138
16322.018651551
16283.15403291
16263.756438865
16205.702195885
16128.618771945
16082.884474524
16060.065978673
15991.804560969
15901.240457434
15851.347816252
15826.460229295
15752.031677023
15653.337811048
15605.364482478
15581.432979178
15509.858447779
15414.936927957
15364.215660674
15338.917644434
15263.273252583
15162.994044072
15113.18943609
15088.348509748
15014.070446108
14915.60153333
14895.489646703
14825.044824285
14731.636368685
14682.354534625
14657.775473838
14584.284899819
14486.870324293
14432.840724463
14405.901534494
14325.385288603
14218.729892202
14169.246029415
14144.568713634
14070.794340388
13973.026730762
13927.440789565
13904.70361789
13836.714580651
13746.57939093
13694.517052615
13668.559869033
13590.983151534
13488.232003527
13438.035243111
13413.006957694
13338.201448499
13239.109349725
13185.174471225
13158.289483102
13077.962991876
12971.623283878
12921.429003093
12896.404743767
12821.622373335
12722.586672691
12659.095242868
12627.468443662
12533.061349699
12408.282263257
12377.706615036
12285.927674364
12164.613491092
12107.620848453
12079.224734805
11994.435359642
11882.307973497
11819.033395054
11787.52256985
11693.493271227
11569.286630889
11493.692988142
11456.081589311
11343.984254876
11196.225538319
11107.740566584
11063.760663727
10932.863008636
10760.738699386
10734.83066186
10637.79242355
10509.77125402
10421.845582057
10378.158976386
10248.194859421
10077.437556233
9963.7122899402
9907.3318386363
9740.0974814419
9521.5012665948
9465.1684777229
9323.784399205
9305.7768675245
9271.5497460546
9169.6218708571
9035.4590046571
8972.3823412189
8941.0093269422
8847.5469528735
8724.4484495786
8666.9207975442
8638.299374249
8553.0009731165
8440.5785472314
8372.7862695729
8339.0945853516
8238.8307998449
8107.0184864858
8041.893121452
8009.5268870907
7913.2076807238
7786.5814635261
7729.0340691604
7700.4200576984
7615.212059716
7503.0662682661
7445.6156427858
7417.0555003218
7332.0307095684
7220.1785584382
7166.7760716422
7140.2231268367
7061.1531125404
6957.0868216131
6902.8827182658
6875.939239109
6795.7381634282
6690.2566871679
6641.0690950839
6616.6110763219
6543.7761482718
6447.9085725849
6398.9552795912
6374.6181803641
6302.1608461081
6206.8305938234
6160.6068400688
6137.6242119197
6069.189483636
5979.1286810005
5933.6662953199
5911.0648932389
5843.7759138904
5755.247310918
5711.2065261002
5689.3126734261
5624.1334120608
5538.3878251322
5495.7045487526
5474.4864247796
5411.3223128034
5328.2357091645
5287.5517406187
5267.3263950732
5207.1133610914
5127.8986819969
5087.8060371899
5067.8774165571
5008.5586907984
4930.5457047335
4893.171793476
4874.5912074699
4819.2717120807
4746.4877291509
4710.151384089
4692.0876574015
4638.3110714747
4567.566491683
4532.8595889115
4515.6051577044
4464.2349437968
4396.6492401719
4363.3981843813
4346.8670763346
4297.6485835343
4232.8897337416
4200.7202582618
4184.7273174118
4137.112899847
4074.4686917924
4043.9814859203
4028.8235340164
3983.6897264522
3924.2968640028
3895.0367646897
3880.4886286574
3837.1694392609
3780.1618366499
3752.0199452826
3738.0276610092
3696.3631183719
3641.5319014652
3614.6741913984
3601.3197091959
3561.551566423
3509.2096575297
3483.393289718
3470.5564141089
3432.3289284435
3382.0131442658
3357.3530945674
3345.090579532
3308.5711107438
3260.4979292965
3236.8300425216
3225.0606031792
3190.0084342095
3143.8641180465
3121.2435080378
3109.9943101905
3076.4893921139
3032.3769903541
3010.6827466825
2999.8938955213
2967.7587625195
2925.446759992
2904.6757694918
2894.3456427022
2863.5751687554
2823.0561380718
2803.1721612102
2793.2827530778
2763.8233733358
2725.0269379702
2705.9837376886
2696.5120996929
2668.2956423199
2631.1324590831
2612.8959687223
2603.8251769717
2576.8013042546
2541.2052570839
2523.7345686461
2515.0443168908
2489.1526956713
2455.0446900783
2438.3098560671
2429.9852645952
2405.181628674
2372.503503343
2356.4666594328
2348.4889329517
2324.7174389522
2293.3959865412
2278.0262194086
2270.3800051545
2247.5950067303
2217.5703154037
2202.834086377
2195.5027341135
2173.6547526894
2144.8619395123
2130.7287678199
2123.6971428708
2102.7411935255
2075.121245022
2061.5611786486
2054.8144097906
2034.7062943005
2008.2012374944
1995.1854321774
1988.7091981683
1969.4063528282
1943.9603585942
1931.4611390731
1925.2416988931
1906.703283722
1882.2627822285
1870.2536342164
1864.277823024
1846.4647095154
1822.9783736215
1811.4338782842
1805.6890749133
1788.5637495436
1765.9823684838
1754.8781861792
1749.3523050392
1732.8788450891
1711.1552925101
1700.4682069057
1695.1497197985
1679.2938578461
1658.3831755844
1648.0910145018
1642.9689113922
1627.6979189988
1607.5571651609
1597.6388163334
1592.702613139
1577.985323866
1558.573602697
1549.0089717471
1544.2486895139
1530.0554371887
1511.3338184551
1502.1037888293
1497.5099338812
1483.8124937646
1465.743935965
1456.8303219459
1452.3938626082
1439.1653824263
1421.7146428086
1413.1001324445
1408.8124707757
1396.0273869673
1379.1609122837
1370.8289982145
1366.6819357432
1354.3158719557
1338.0016660754
1329.926896548
1325.9078039608
1313.9232552383
1298.1121950936
1290.2975489059
1286.4078848513
1274.809105455
1259.5065835182
1251.948127467
1248.1859259267
1236.9670203149
1222.1651822756
1214.8102710169
1211.1494298187
1200.2329657426
1185.830584716
1178.6820413029
1175.1239456935
1164.5139748803
1150.5162138766
1143.5683616748
1140.1101852075
1129.7982755358
1116.1940010849
1109.4269675214
1106.0588507419
1096.015728552
1082.7666119833
1076.1675256137
1072.8830797169
1063.0897646857
1050.1709282477
1043.7286778301
1040.5223875111
1030.9624936183
1018.3524581496
1012.0530924993
1008.9180371173
999.57102030299
987.2428960697
981.07306637422
978.00262590531
968.84884164328
956.77693277006
950.7208370905
947.70717916702
938.7234021669
926.87736783304
920.92103155202
917.95723241882
909.12294311387
897.47600344638
891.60302218819
888.68095914533
879.97210411727
868.49291208153
862.68613026131
859.79731455051
851.18877980995
839.84466023732
834.08405994383
831.21859382267
822.6811259612
811.43408507239
805.69694583394
802.84360536172
794.34407122877
783.15116838865
777.40857069518
774.5530817263
766.04939203
754.85619031717
749.06897814047
746.19203134085
737.62731865872
726.36042613634
720.46797464251
717.53969848173
708.82608739564
697.37232017379
691.26081892558
688.22518207049
679.19802311328
667.34572954041
660.71295180737
657.42132509865
647.64451102747
634.83455629726
626.55870161303
622.46131955671
610.32924326642
594.52017076728
587.13477203693
575.20746206788
574.77361467159
572.22917076461
564.66322360646
554.73067758722
550.24949115155
548.02249095247
541.39542434542
532.68382933009
528.64773959444
526.64117698691
520.66707120987
512.80688291811
509.08880018033
507.23988009379
501.73331234061
494.48409989094
491.04187668825
489.32976121731
484.22914966488
477.51094332866
474.31765384704
472.72902594433
467.99499591042
461.75661974475
458.79651584893
457.32358734882
452.93311368489
447.14464622206
444.41304104188
443.0535024994
438.99979063935
433.65247786955
431.16029435704
429.91957859377
426.21881227633
421.33396453672
419.1246720778
418.02437378455
414.74077996562
410.40274225778
408.2928412567
407.24196183497
404.10552465321
399.96115224738
397.64421611814
396.49078600752
393.05053129667
388.50991436856
386.0536939885
384.83141308642
381.187740701
376.38312009273
373.80986466628
372.52984170509
368.71601183026
363.69157274608
361.00787513511
359.67346156393
355.69974298992
350.46966032306
347.66712211913
346.27426810669
342.12909797183
336.67929016587
333.73080999758
332.26626701463
327.91108755591
322.19285224005
319.14997759913
317.63933383246
313.15016983168
307.26315512005
304.15852821551
302.61799811717
298.04306588164
292.05056272111
288.49532828265
286.7339736828
281.5141696626
274.70194546838
271.50957932364
269.92733536946
265.23571303954
259.10681984277
256.25834632071
254.84587399859
250.65499832661
245.174173811
242.37541083282
240.98803301517
236.87336701822
231.49622296148
228.69132658472
227.30164859402
223.18307742825
217.80750031031
214.97034220574
213.56565208085
209.40641476413
203.98649517389
201.0956927464
199.66569057513
195.43640846841
189.93638976173
186.9702452959
185.50458874644
181.17619529967
175.56169863711
172.48396275537
170.96538739328
166.48941035226
160.7031948143
157.45866155469
155.86104278324
151.16478975761
145.12249463458
141.64812510667
139.94225819233
134.94693346666
128.5627673291
124.84714322465
123.02979695753
117.7349496582
111.02791865202
107.56644113819
105.87638400001
100.96387309621
94.76657993785
91.820010856109
90.381262890162
86.198876090894
80.921862484158
78.414123617694
77.189549106819
73.629379112233
69.13659499697
66.999024145244
65.955151452303
62.9201076982
59.089517064633
57.264884064786
56.373806173298
53.782907363896
50.51265172423
48.953397371329
48.191913584759
45.977798743177
43.183070136041
41.849617819144
41.198412918324
39.304968860289
36.915046503302
35.77426347539
35.217160887535
33.597368511172
31.552939715222
30.57686604746
30.100211117003
28.714367582399
26.965317837623
26.130198911592
25.722388969323
24.53675118066
23.040473774123
22.326038983603
21.977172400706
20.962941624613
19.683067156408
19.071977035462
18.773583778014
17.906124338725
16.811539280798
16.288943910829
16.033770072509
15.291983586043
14.356042044625
13.909216867914
13.691046847902
13.056855309338
12.25672684471
11.874766478248
11.688273423522
11.146184242654
10.462304608509
10.135862739341
9.9764814720629
9.5132178125905
8.9288219580704
8.6498892035224
8.5137076865655
8.1178926976777
7.6186157727511
7.3803294556571
7.2639958481482
6.9258822410544
6.4994178709571
6.2958989089388
6.1965418692158
5.9077800349665
5.5435872930209
5.3698002480644
5.2849605534048
5.0383996092581
4.7274516053831
4.5789592172327
4.506471375693
4.295820656697
4.0301899123048
3.9035691428457
3.8417584760716
3.6621371472858
3.4356375128648
3.3275862152041
3.2748416580543
3.1215714245666
2.9283112737237
2.8361233398204
2.7911234824423
2.6603627709067
2.4954944744673
2.4168562305005
2.3784713155765
2.2669358144853
2.1263151522715
2.059247804974
2.0265116281159
1.9313926134147
1.8114757460783
1.754287313264
1.7263737412785
1.645269775777
1.5430269796903
1.4942710722167
1.4704739088674
1.4013322807188
1.3141739886352
1.2726144626643
1.2523301826235
1.1933966886214
1.1191100749087
1.0836907258434
1.0664036718826
1.0161795670523
0.95287418752625
0.92269277128095
0.90796246563296
0.86516756334694
0.81122876579334
0.78551473741458
0.77296500919399
0.73650606417286
0.69055507253013
0.66865051366915
0.65796018411898
0.62690380696175
0.5877635296474
0.56910681305477
0.56000171782908
0.53355117858309
0.50021692886059
0.48432873125953
0.47657488983801
0.45405025803797
0.42566468806342
0.41213601643718
0.40553378501619
0.38635493006893
0.36218657703492
0.35066852289363
0.34504759127487
0.32871963731861
0.30814456868779
0.29833954092836
0.29355465159759
0.27965553260131
0.26214164316413
0.25379586982349
0.2497231567494
0.23789297367698
0.22298655755709
0.21588367626661
0.21241753537174
0.20234945921282
0.18966373302547
0.18361930907154
0.18066972174163
0.17210221392095
0.1613075030109
0.15616434550533
0.15365459183183
0.14636475768528
0.13718011225999
0.13280427435798
0.1306689803883
0.12446689359285
0.11665292994372
0.11293028898009
0.11111375718364
0.10583760769165
0.099190388905052
0.096023728217336
0.094478512887846
0.089990466778421
0.084336281459508
0.081642798994635
0.080328490035186
0.076511155100324
0.07170206030836
0.069411240074159
0.068293423964861
0.065046830408868
0.06095684463248
0.059008644682488
0.058058019934363
0.055297049888683
0.051818911704293
0.050162213284019
0.049353833456209
0.047006021483492
0.04404841666861
0.042639705044414
0.041952334822446
0.039955996836292
0.037441199302796
0.036243434486945
0.035658998517891
0.033961630475977
0.031823483874971
0.03080514362116
0.030308259372968
0.028865179872452
0.027047386156432
0.026181645021606
0.025759222127103
0.024532408446265
0.022987060899111
0.022251095430343
0.021891996537375
0.020849099173481
0.019535439990719
0.018909831646447
0.018604581036504
0.017718077284581
0.016601430981288
0.016069660246432
0.015810196931111
0.015056673565204
0.01410754284921
0.013655557612097
0.013435024685206
0.012794566014888
0.011987860573031
0.011603705676222
0.011416269559
0.010871932472835
0.010186307706561
0.010148770483265
0.010130053774816
0.010074110505671
0.0099999997764826