0.23515834757344123
0.2351695021366646
0.23517508041126042
0.23519181564110891
0.23521413309567374
0.23521694688566913
0.23521950240799744
0.23522006581663724
0.23522250714528045
0.2352236790467631
0.2352242579010162
0.23522599793918547
0.23522831338109648
0.23522963000582467
0.23523028829604287
0.235232263173232
0.23523490491673812
0.23523621313428728
0.23523687230448348
0.2352388537622178
0.23524147413131824
0.23524287312990216
0.23524356892307466
0.2352456438446776
0.23524844439632
0.23524986286207228
0.23525058176882746
0.23525273849680842
0.23525561419501462
0.23525997565392817
0.23526215653444627
0.2352687253365277
0.23527736704295246
0.23527877605154782
0.23528191258900816
0.2352834713159278
0.2352880916618049
0.23529444312764028
0.23529584741535095
0.2352975888162824
0.23529847199638762
0.23530112154810684
0.23530464296992293
0.23530671007375373
0.2353077401543729
0.23531083041156542
0.2353149775076687
0.2353169790389459
0.23531798802025714
0.23532101497885957
0.23532502502002461
0.23532710131787554
0.23532813381573076
0.23533122515798693
0.23533535533431604
0.23533779758066842
0.23533901881575006
0.2353426679548532
0.2353475834467988
0.23535007762014773
0.23535133811981657
0.23535511964146633
0.23536016185830758
0.2353628065179923
0.2353641325266736
0.2353681105776788
0.23537343197198252
0.23537644391308332
0.23537794845297236
0.23538248014267943
0.23538849850580623
0.2353918200764296
0.23539347207052996
0.2353984083821251
0.23540505773518608
0.23540823970387376
0.2354098440766458
0.2354146572312791
0.23542103373927217
0.23542406098538712
0.23542556197630227
0.23543006498116853
0.2354360692544636
0.23543980458459354
0.23544167653882478
0.23544730359111765
0.23545472153563007
0.23545844730807086
0.2354603030405166
0.23546583727838247
0.23547326087935383
0.23547758666215826
0.23547976064889528
0.23548628267524138
0.23549495130944892
0.23549949549178456
0.2355017541003251
0.23550857041218246
0.2355174912146108
0.235518411893562
0.23552032424851682
0.2355260727669599
0.23553372262229355
0.23553876348774982
0.23554127850945547
0.23554879375384885
0.2355589169295082
0.23556481626937575
0.23556778338770412
0.2355767732242322
0.2355884194051598
0.23558926117497828
0.23559668922903382
0.23560659402906203
0.23562276641124355
0.23563085467330208
0.23565521634457004
0.23568717133668543
0.23569681919937682
0.23570263469167257
0.23570550043586705
0.23571406382537863
0.2357256352496953
0.23573131582227844
0.23573420925038363
0.2357428725552875
0.23575437366280852
0.23576022775760203
0.23576313255397766
0.23577181268358707
0.23578357880443584
0.23578597608063867
0.23578874134413816
0.23579705357167927
0.23580797724934993
0.23581351717277121
0.2358162359302497
0.23582439230514396
0.23583526835260354
0.23585546234473842
0.23586558496285465
0.2358956557409113
0.23593704407776148
0.23594217464543288
0.23594693878977285
0.23596134423833293
0.23598016467148444
0.23598912980954634
0.23599349335829642
0.23600655852273417
0.23602423354606414
0.2360320622395357
0.23603606338516608
0.23604797312735556
0.236064128579404
0.23607245193850596
0.23607671464235036
0.23608940303706263
0.23610672255585116
0.23611472111777546
0.23611883201565048
0.23613123751352175
0.23614758264040414
0.23615627672755918
0.23616056813355585
0.23617349300025492
0.23619055631419045
0.2362005716359687
0.23620552906243794
0.23622048902983628
0.23624007501758965
0.23625014185818793
0.23625504808059167
0.2362698824748533
0.236289452631002
0.2363005958018367
0.23630613924605162
0.2363227376162042
0.2363448458601598
0.23635679561316186
0.23636273215948744
0.23638075102686934
0.236404137004286
0.2364167648525963
0.23642293886590912
0.23644138956419888
0.23646593605722793
0.23647769424201895
0.23648351061894438
0.23650109620372603
0.23652422451948213
0.23654480633455624
0.23655497660175318
0.23658584528640136
0.23662604556115804
0.23664662650644877
0.23665668693967595
0.2366866358655057
0.23672775639307678
0.236746573397105
0.2367778355099121
0.23679186046479944
0.23679910232646045
0.23682103876569835
0.23684966344433697
0.23686661360216366
0.23687490830344882
0.23689984131908015
0.23693302925451573
0.23694879493894624
0.23695670785345765
0.23698021982246056
0.23701235742528678
0.23702743999747397
0.23703516911996814
0.23705844659291045
0.23708946715953114
0.23710699566072566
0.23711575877747124
0.23714214996025812
0.23717700324314556
0.23719728006988197
0.23720729819095776
0.2372375847255344
0.23727755488845279
0.23729811801917275
0.2373083781858865
0.2373390429340542
0.23737984564169967
0.23739986116716313
0.23740978832970525
0.23743974155926054
0.2374791043678996
0.23750276272659693
0.23751446512844107
0.23754924125557014
0.23759691154994272
0.23761800697998567
0.23762894681217808
0.2376615818143363
0.23770561583831457
0.2377335526389643
0.23774758169341959
0.2377898311431805
0.23784597336276772
0.23788472063916813
0.2379040056969711
0.23796197510673264
0.23803892987482567
0.23807829121775206
0.23809788400494789
0.2381566675276676
0.23823461499643953
0.23824729459638602
0.23826401719845863
0.23831456404353957
0.23838030653685702
0.23838923747728402
0.2384042303653024
0.2384492120531987
0.23850921415650317
0.23854009169364646
0.23855555808647777
0.23860213278481188
0.2386633002318416
0.23869463599377713
0.238710091976787
0.23875654879651428
0.238817863792445
0.2388526159478608
0.23886984458347282
0.23892162963153932
0.23898977744117103
0.23902320902194227
0.23903967836866902
0.23908872791149097
0.23915521488817437
0.23919017659754652
0.23920801900451422
0.23926145252536843
0.23933286567193066
0.2393694417058074
0.23938777879303677
0.23944249378955423
0.2395160887035964
0.2395634150981229
0.23958716538052197
0.23965855356403223
0.23975335051837104
0.2398110213804661
0.23983976380570043
0.2399256902457722
0.24004209374664434
0.24005588001677938
0.24008301949072833
0.2401643014348473
0.24027264352343605
0.2403309033989723
0.24035996394296472
0.24044746843464757
0.24056250331389317
0.24058587400309955
0.24061594831554206
0.24070538285878107
0.24082747978342667
0.24088154581389337
0.24090939108548157
0.24099337972183313
0.24110331910659613
0.24115994891629208
0.24118788658867765
0.24127068340122262
0.24138407688531877
0.24144333863135906
0.2414737672166871
0.24156458791771668
0.24168708851974077
0.24176039618033116
0.24179738937426212
0.24190858019350028
0.2420567356542977
0.24216234611608806
0.242215290691657
0.24237279720475013
0.24258839789922787
0.2426228636563573
0.24279102840493613
0.24286967978537602
0.24299208981709017
0.243067255766969
0.24310462070158745
0.24321749425028286
0.24336675806581182
0.24346559864475226
0.24351468199569407
0.24366221124286674
0.24385939658655043
0.24397087675049478
0.2440265450430118
0.24419470167502322
0.24441722753511774
0.2445408164195805
0.24460230420266124
0.2447866664768477
0.24503342075250506
0.2451744959077291
0.2452450651972961
0.24545752725714215
0.24574194266375138
0.24574897493953424
0.24580561244222662
0.24597488776234636
0.24620357631360043
0.24632001598237227
0.24637914471747446
0.24655587585974673
0.24679313113262993
0.24696150931466346
0.24704599881054087
0.2473011463544511
0.24763628558356104
0.24766712726316858
0.24777729504718793
0.2481089774167287
0.24855127345717276
0.2487700318965625
0.2488793830680191
0.2492090781958529
0.24964597971506172
0.24973105878710306
0.25003114149904404
0.2501651265959755
0.25023389340431523
0.2504391969412039
0.25071741269724346
0.25085396840781143
0.2509235293524614
0.2511319728294201
0.25141146722558927
0.2515933677642581
0.25168494793336044
0.25195881775498996
0.2523282642291044
0.25251119322837423
0.2526041170452949
0.25288241310863163
0.25325437055269195
0.2534478076358956
0.2535446669847281
0.2538351651639967
0.254224226995236
0.25447873196323484
0.25460678136096837
0.25499139836315626
0.25550459206225423
0.25583533285250065
0.2560008889089719
0.2564992192612582
0.2571642443620522
0.25760545947048
0.25782721679933956
0.2584939587337585
0.2593808927142139
0.25970827710424804
0.2603507613151007
0.2604875700657876
0.2606957031619138
0.26131801356737205
0.2621622194942362
0.2624084643981686
0.2630194310166423
0.26334992486938646
0.26351655467108437
0.2640167936209529
0.2646866973912318
0.2651231312995296
0.2653427213901653
0.2660035659853965
0.2668823471473951
0.26692206362807824
0.26742650076176744
0.26809976800763125
0.2685229906036365
0.2687352304101804
0.26937251125945066
0.2702268477420471
0.27075504464058586
0.271021002026574
0.2718205625128514
0.27288935080294163
0.2733925679999614
0.2736442152153888
0.2744010409038818
0.27541352323778867
0.2760570727222793
0.27638111132504234
0.2773549704538706
0.2786619039607683
0.2795323887023997
0.2799719567879664
0.2812927503886066
0.2830725436088898
0.28331305280703073
0.28441076505246754
0.2858940859423926
0.2860587819625716
0.2871480463408716
0.288608737818834
0.2893487759858452
0.2897210558438527
0.2908389196356448
0.29234464816802824
0.293055710145745
0.29341509144754047
0.2944941833294451
0.29594573283401104
0.29676142578920406
0.29717332528264684
0.2984103976649979
0.3000784296966171
0.30083429733383193
0.30121644685450066
0.3023640458498779
0.30390885599908507
0.30475674438016015
0.30518513920076573
0.30647365463108805
0.3082043242715854
0.3093073712638078
0.30986485755097903
0.31154068859786055
0.31380264837976085
0.31406842632399723
0.31460225689291554
0.31620681126335304
0.3183719515841675
0.3193682766513571
0.3198718625423109
0.32138560511622616
0.3234262523921112
0.32444133039828327
0.32495463968036103
0.326497162872581
0.3285776377997678
0.3295833617267504
0.3300920161559887
0.33162078010413937
0.3336807659997317
0.3348098620591251
0.33538098871960115
0.3370989193502895
0.33941317293860845
0.3408165691749875
0.34152767742599127
0.3436660583435039
0.34655868729552575
0.34712509178110734
0.34909753038347047
0.3517616934657691
0.3530387695282895
0.35368524951378427
0.35562895061904354
0.3582542442695125
0.3595047201308838
0.36013785150170463
0.3620417007854781
0.36460956707282133
0.36609365469984156
0.3668458197777686
0.36910809411351675
0.372167487744347
0.37358762280274593
0.3743072130696191
0.3764715384627357
0.37939468742799315
0.38098016999944434
0.38178418568282096
0.38420287374233403
0.3874760799547108
0.38899844864884514
0.3897704632986914
0.39209275088858087
0.39523228790567105
0.39688388805468927
0.39772205982257164
0.400243733050214
0.40365708938149336
0.4053612208218833
0.40622646764301223
0.4088296592011907
0.41235558673602024
0.41409615796461896
0.41498035796565835
0.41764080622767774
0.42124480008229065
0.42308134965398353
0.42401499637852014
0.4268245904674814
0.43063349391652556
0.43256230796883155
0.4335434974489105
0.4364965259965601
0.4405025125462225
0.44252538800027674
0.44355505387926775
0.4466542593748455
0.45086114287136064
0.45297868095076615
0.4540571119804155
0.4573036325543263
0.46171175697101374
0.46398048819666576
0.46513667880170145
0.4686176899625358
0.4733487069662758
0.475711894612723
0.47691657991300235
0.48054386282009864
0.4854746097524675
0.48796289436142937
0.48923174821584575
0.49305258900330506
0.4982481837943604
0.5008708988996552
0.50220859880342
0.5062371075867236
0.5117169119263937
0.5144606750520689
0.5158601740754878
0.520075321019218
0.5258085686780651
0.5287417794949184
0.5302381972829368
0.5347459754782155
0.5408802168262582
0.543959525775306
0.5455303764412941
0.5502628577798181
0.556703158049723
0.5599431882132077
0.5615959478826458
0.5665756765746098
0.5733528696349464
0.576771653187222
0.5785155160463107
0.5837702957338644
0.5909230188076809
0.5944983647277688
0.596321784165
0.6018167860765984
0.6092955977710053
0.6130745797170191
0.615001719245977
0.6208100826910642
0.6287162752213495
0.632702281872729
0.6347347712123299
0.640861407622507
0.6492014955395419
0.6533922729486137
0.6555288375776306
0.6619699203802402
0.6707377950112074
0.6751629725017672
0.6774187546718283
0.6842200843290344
0.6934791585718848
0.6981263831256052
0.700494880868009
0.70763674324622
0.71735883600397
0.722250840243561
0.7247435941957365
0.7322609869075589
0.7424939026463302
0.747646964760392
0.750272159771882
0.7581898830713828
0.7689673548291487
0.7743890300872144
0.777150329419078
0.7854794708728076
0.7968159916874887
0.8025205959674626
0.8054251398268993
0.8141872909922999
0.826111961318457
0.8321111173170064
0.8351646186900493
0.8443770972767854
0.8569129937734568
0.8632134370173687
0.8664190840644841
0.8760915943118385
0.8892507919253639
0.8958847164043283
0.8992587229674409
0.9094403703652616
0.923290204806426
0.9302530159232513
0.9337927087354307
0.9444753815032418
0.9590032881682259
0.9663121059373656
0.9700259193985175
0.9812352186781217
0.9964754186805125
1.004145317277352
1.0080406133062219
1.0197989283526647
1.0357809950801384
1.0438309141476192
1.0479169941264685
1.0602524545242398
1.077014389504846
1.0854404076459616
1.0897149101348087
1.102620381558332
1.1201507629291354
1.1289725530026182
1.133445105768419
1.1469498669442362
1.16528762307521
1.174527485344766
1.1792090080077051
1.19334620158848
1.2125358988638768
1.222192091760689
1.2270812504442274
1.2418469106196093
1.2618811459849506
1.27198002486661
1.2770896852262201
1.292522886861492
1.313454110918938
1.323998876929485
1.3293301213515
1.3454342105663135
1.367265143543436
1.3782675541348646
1.3838257269628098
1.4006170094315231
1.4233681520403316
1.4348374479281543
1.440626540558778
1.458117258669528
1.4818032499250302
1.4937497279780843
1.4997741727351965
1.5179779136041722
1.542615134050173
1.5550411501839165
1.5613012833790187
1.5802192026024502
1.605806774600103
1.6187150312637433
1.6252112825950475
1.6448448939462423
1.6713822149643094
1.6848261625717549
1.6915845054484997
1.712013106722443
1.7396059065580936
1.7534846917792113
1.7604530850313043
1.7815185532103366
1.8099474781755651
1.8243346507265643
1.8315489701746135
1.853360939342913
1.8827728601741767
1.8976313414496342
1.905071683501862
1.9275700039988342
1.9578796818672237
1.9732098379130951
1.9808750392030359
2.004056732386933
2.035256958472982
2.0510442451311435
2.058925618295739
2.0827648968598016
2.114817399815261
2.131048439961175
2.139137819827161
2.163610601908065
2.196479493118116
2.213129506422812
2.2214130242339065
2.2464779627577216
2.280104087083413
2.2971476565750035
2.305611107712406
2.331225958905808
2.365549157939187
2.3829589004239473
2.391587090873507
2.4177067306505395
2.452663176033214
2.4704055335877824
2.479180225979015
2.505750391068341
2.5412641790911326
2.559304784554561
2.5682073303503277
2.5951726476376873
2.6311666737636403
2.6494665755749076
2.6584760916032346
2.6857745108893885
2.72216304183268
2.740680720972144
2.7497750848148725
2.7773409288182584
2.814033677526717
2.832726898688837
2.8418836303179407
2.8696502821221577
2.9065560479355272
2.925382499914611
2.9345790734455366
2.962479938698823
2.999507838641093
3.018427853894833
3.027642956939535
3.05561533959655
3.092679902418646
3.111659879348671
3.1208749750200613
3.1488649113844955
3.185892298609687
3.2049133641054173
3.2141166159237065
3.242091016699011
3.279034758993486
3.298108152130949
3.3073012891078144
3.3352692984746044
3.3721376980951607
3.3913430286565593
3.400558267878433
3.4286240189978527
3.465547806137771
3.485146884758027
3.494496821142731
3.5230153968491584
3.560447321367744
3.581432720862654
3.5913479657006873
3.621670477868451
3.661337534983078
3.6847686047243142
3.695673042394159
3.7291610201893577
3.7727655536975147
3.7882733725583613
3.820023299572206
3.82647928387129
3.8462082525931485
3.8720237278059115
3.8761335184513066
3.8816406179791123
3.8984098487918524
3.920373275641183
3.930197814166122
3.9349047433421998
3.9492179787594974
3.9679779181311723
3.976506193381797
3.9806003874732765
3.993035619920346
4.009338792113711
4.016803051929407
4.02039158103904
4.031278397654526
4.045548448307788
4.052060047962023
4.055193345848356
4.064687250168334
4.077121227806396
4.082751337506416
4.08546063092447
4.093658644156143
4.104377684478857
4.109165485577775
4.111467354106969
4.1184224355020405
4.127492615446625
4.128906962596048
4.1308316163360805
4.136639267435527
4.144193105390474
4.144400815649053
4.145942373376718
4.150588687223242
4.1566212987831355
4.159827544986586
4.1613438929204865
4.165910878352934
4.171775639510506
4.174858848273735
4.17628526746099
4.1805759654126895
4.185983591181212
4.188755435845987
4.189989861783842
4.193697235225912
4.1982125118454405
4.200491401674511
4.201426672387845
4.204232097300226
4.207386483859285
4.208902738748379
4.209376719478944
4.210799926368953
4.211880786327492
4.212125764787554
4.2118524725360125
4.211043809134862
4.208829851948287
4.206943253542597
4.2054667745242496
4.201061679024946
4.1936528201056635
4.188808095741036
4.1858379485851325
4.176930859904099
4.163411154511533
4.154737208537291
4.1498662068712635
4.135172278358462
4.113872332979146
4.0995255239010815
4.091908601652075
4.068736156785863
4.0360866145669965
4.01476066556711
4.004061610554622
3.9710491412555995
3.92576319085081
3.8805042388570192
3.859964302971149
3.793470033759506
3.7053362194174104
3.7045638490166843
3.6474293673255453
3.6172166206644856
3.604112566289208
3.5614175652439104
3.5060486483475306
3.467053945090083
3.4515133413675585
3.398150667884556
3.330798721446681
3.288213297930148
3.272845336117402
3.2169386702776435
3.148295978488683
3.1094913569574003
3.0964170026823807
3.0471921477993513
2.987330873593826
2.9527317306219385
2.9416421653446814
2.89845361772724
2.8462714332289423
2.8153337291042613
2.8058775609272297
2.7677487454781637
2.7219050308698978
2.6940693208499353
2.685944496569938
2.652013370089049
2.611369935942846
2.586134766085471
2.579088566673533
2.5486214485039485
2.512235721190914
2.4891712422751575
2.4829975936622315
2.4553873080767845
2.422495224175173
2.4012454449490477
2.3957802001222546
2.3705366318524326
2.340530806884308
2.3208083933951844
2.315923137767824
2.292658042077604
2.265062530395055
2.2466394548264246
2.2422348794837585
2.220644273955846
2.1950890737423805
2.177785894304987
2.17378556964924
2.153632484216477
2.129830322176675
2.1135059180672804
2.109850931505377
2.0909501764805767
2.0686768999954013
2.0532195967944746
2.049864206755227
2.0320698283032743
2.011148716880343
1.9964691016037297
1.9933773622396553
1.9765727958037878
1.9568624799934615
1.9428878334709214
1.9400310491972326
1.924121640687107
1.9055070405203471
1.8921771466577604
1.8895319898872647
1.874439438166691
1.8568250831888176
1.844089132822559
1.841636269447181
1.8272945532309182
1.810599710508916
1.7984140391948236
1.7961371321897297
1.7824895483812202
1.7666446894607708
1.7549711337771279
1.7528561233822446
1.7398531410300597
1.7247973848321987
1.7136020897539164
1.711636673635145
1.6992343788897064
1.684913638815269
1.6741661907532406
1.672339447701291
1.6604984137413685
1.6468640498477696
1.6365368436522194
1.6348389598147304
1.6235234212285217
1.6105312535890435
1.6005990275504907
1.5990210956904718
1.5881983408543427
1.57580792104961
1.566247413278287
1.5647812839048458
1.5544212041206777
1.5425952717397133
1.5333762328282112
1.5320149491856303
1.5220805483200432
1.5107775801729768
1.5018955759476773
1.5006311494004252
1.4911157138887796
1.4803185469224336
1.471751580473611
1.4705779970858959
1.4614480979035045
1.4511195083196147
1.4428474219849767
1.4417586757172018
1.4329916458662586
1.4231036026637505
1.415110025158502
1.4141005084716178
1.4056752517408897
1.3962016217185724
1.388471248128186
1.3875357231780352
1.37943249225394
1.3703488149670855
1.3628672985176127
1.3620008680271274
1.3542011625494068
1.3454845256264698
1.338238409714424
1.3374364918136048
1.3299229702487607
1.3215519008739025
1.3145285589573674
1.313786865097033
1.3065432665070726
1.2984976344913604
1.2916852159248218
1.2909997312188108
1.2840108044082306
1.2762717350536839
1.2696591156261767
1.2690260810277312
1.2622775204663532
1.2548273148608893
1.2484040512421573
1.247819947307727
1.2412983337672525
1.2341203947624897
1.2278766827035519
1.2273382146366263
1.2210309602847804
1.2141097249879158
1.2080363596943318
1.207540443448506
1.201435740869051
1.1947566167850798
1.1888449567311077
1.1883887060579845
1.1824754806457538
1.176024786725998
1.1702667190027607
1.1698474333694402
1.1641152983261747
1.1578802091933587
1.1522681172024216
1.1518832703503665
1.1463224852085028
1.140290978213398
1.1348177124084382
1.134464941729288
1.129066372572384
1.1232271794188158
1.1178860272252586
1.1175631238586674
1.112318205100079
1.1066607669897999
1.101445425396212
1.1011503244542515
1.096051025928544
1.0905654455918983
1.0854699988509007
1.0852007709244023
1.0802395625767989
1.0749165677977135
1.0699354612010186
1.0696903033667646
1.0648601271497955
1.0596910299134161
1.0548190483389481
1.054596276797388
1.0498905141362784
1.0448671754818277
1.0400994193797795
1.0398974617541903
1.035309908074964
1.0304246969358664
1.0257565717257953
1.0255739600317886
1.021098798412228
1.0163445757539353
1.0117717575131935
1.01160712158107
1.0072388987597867
1.002608963215563
0.998127396853108
0.9979794587307591
0.9937130556467643
0.9892011486355948
0.9848070110987597
0.9846745775167702
0.9805052048163303
0.9761054311338435
0.9717951567133677
0.9716771150506291
0.9676002741655562
0.9633071340625533
0.9590773486381691
0.9589726617309933
0.9549841279532132
0.95079248335062
0.9466400072482587
0.9465477072806808
0.9426435308244617
0.9385485366274328
0.9344703938964665
0.9343895806299017
0.930566046803453
0.9265631354705129
0.9225565540312806
0.9224863862518989
0.9187400040117968
0.9148250092538595
0.9108872964131173
0.910826990524409
0.9071544886809799
0.9033234000533086
0.8994520949288163
0.899400922547147
0.8957992382913299
0.8920483057414675
0.8882410987385744
0.8881983709860515
0.8846646704343295
0.8809902814610447
0.8772450305754762
0.8772101284703504
0.8737416292337251
0.8701406376906087
0.8664551416860137
0.8664274757179191
0.863021671583603
0.8594908593823295
0.8583908249238661
0.8581932455338316
0.8574245805968898
0.8564132647658418