0.9993107729401556
0.9992861887505585
0.9992738960831414
0.9992370179990778
0.9991878453136165
0.9991817259539932
0.9991760768125783
0.9991748574834135
0.9991694575920737
0.9991669065162939
0.9991656309718678
0.9991618043364836
0.9991567021373828
0.9991538018215579
0.9991523516553283
0.9991480011541558
0.9991422004612897
0.9991393029057762
0.9991378541195228
0.999133507758311
0.9991277125854067
0.9991246572234802
0.999123129533143
0.9991185464594265
0.9991124356672852
0.9991092718708561
0.9991076899626925
0.9991029442353564
0.9990966165699048
0.9990870197810091
0.9990822212990995
0.9990678258372097
0.9990486316089757
0.9990456382007835
0.9990387868789733
0.9990353611728254
0.9990250840452347
0.9990113810659494
0.9990081541591599
0.9990042686546089
0.9990023258874949
0.9989964975823168
0.9989887264644551
0.998984190445956
0.9989819224167968
0.9989751183245176
0.9989660461395996
0.9989616121729858
0.9989593951701667
0.998952744157016
0.9989438760813155
0.9989393356871146
0.9989370654699733
0.9989302548137513
0.998921173877393
0.9989158025756731
0.9989131168969051
0.9989050598542962
0.9988943170439663
0.9988887790104432
0.9988860099637554
0.998877702817098
0.9988666265297188
0.9988607895725535
0.9988578710610493
0.9988491155193236
0.9988374413616166
0.9988307959928167
0.9988274732659882
0.9988175050767085
0.9988042140245011
0.9987969507810502
0.9987933191086332
0.9987824240811952
0.9987678972178929
0.9987608441042481
0.9987573174992925
0.9987467376747479
0.9987326310916421
0.9987260331354801
0.9987227341153427
0.9987128370462678
0.9986996408222739
0.9986914233265263
0.998687314513775
0.9986749880631441
0.9986585525896554
0.9986504354659398
0.9986463768404121
0.9986342009516367
0.9986179662339407
0.9986084134606497
0.9986036369869966
0.9985893075501314
0.9985702013539298
0.9985602559966369
0.9985552832225022
0.9985403648828772
0.9985204734626391
0.9985186718406338
0.9985144619217657
0.9985018321521779
0.9984849922427113
0.9984739454407932
0.9984684219229268
0.9984518513485354
0.9984297568781869
0.9984166975680971
0.9984101677513267
0.9983905782737634
0.9983644584481304
0.9983630089820313
0.9983467007167035
0.99832495600245
0.9982894533676103
0.9982717008567146
0.9982184431539896
0.9981474289695641
0.9981267207631568
0.9981141471056013
0.998107860126688
0.9980889991640962
0.9980638507268877
0.9980511861248148
0.9980448536697039
0.998025856278191
0.9980005259299102
0.9979877857598827
0.9979814155195096
0.9979623047727073
0.9979368232724558
0.9979313059018272
0.997925250134444
0.9979070828085523
0.9978828592553844
0.9978709274090172
0.9978649613490006
0.9978470631453313
0.9978231984381299
0.997778890391815
0.9977567345108294
0.9976902666142031
0.9976016365920134
0.9975889147519249
0.9975784436563335
0.9975470303056084
0.9975051444744828
0.9974859933779551
0.9974764174777523
0.9974476897233618
0.9974093849103142
0.9973919107579314
0.997383173388319
0.9973569612343968
0.9973220107430529
0.9973033992840343
0.9972940932213562
0.9972661749816383
0.9972289495907293
0.9972109222153724
0.9972019082179223
0.9971748661767798
0.9971388091172614
0.997120018414818
0.9971106227271341
0.9970824356119861
0.9970448516941144
0.9970231247683085
0.9970122608546018
0.9969796690447652
0.9969362118357676
0.9969146689402911
0.9969038970508526
0.9968715813148487
0.996828492237581
0.9968042960028167
0.9967921973325065
0.9967559012395778
0.996707504627764
0.9966814821143328
0.9966684702132003
0.9966294344114657
0.9965773846011542
0.9965504894280792
0.9965370411644259
0.9964966962699723
0.9964429008628504
0.9964174254218
0.9964046870963076
0.9963664720282974
0.9963155165884197
0.9962709518057656
0.9962486675358717
0.9961818144632807
0.9960926708224473
0.9960487662952607
0.9960268121954189
0.9959609496367555
0.9958731269276104
0.995830467467739
0.9957638025767597
0.9957321580642011
0.9957163348610233
0.9956688651070547
0.9956055690271187
0.9955694124108835
0.9955513328773478
0.9954970940949244
0.9954247716753116
0.9953904132941956
0.9953732329914547
0.995321691925485
0.9952529667875109
0.995219237853043
0.9952023722899
0.9951517754388342
0.9950843094625473
0.9950461807364034
0.9950271150067548
0.9949699176205213
0.9948936499024577
0.9948499411718582
0.9948280849947558
0.9947625162041445
0.9946750851783982
0.9946306484230608
0.9946084281641938
0.9945417671289154
0.9944528795798611
0.9944097184531011
0.9943881361189694
0.9943233888595799
0.9942370534176578
0.9941863788410618
0.9941610391414599
0.9940850196924687
0.9939836524149742
0.9939363594359585
0.9939127108232085
0.9938417646706362
0.9937471628883306
0.9936862340000033
0.9936557660725781
0.9935643617712164
0.9934424779706317
0.9933589128774856
0.993317123809819
0.9931917557108484
0.9930245763768372
0.9929399650193084
0.9928976525596088
0.9927707142256855
0.992601440758019
0.9925748920043164
0.992538782672449
0.9924304539978794
0.9922859995048909
0.9922682702039697
0.9922359251354431
0.9921388893604894
0.9920094954275394
0.9919428983170333
0.9919095956317897
0.9918096869788169
0.9916764616696464
0.9916100529871432
0.9915768445053244
0.9914772184779002
0.9913443700401913
0.9912704231061998
0.9912334444909839
0.9911225079262255
0.9909745754279037
0.9909041097005729
0.990868872135808
0.9907631587922315
0.9906221921409849
0.990545778488688
0.9905075661488628
0.9903929283492673
0.9902400598080201
0.9901616190113965
0.9901223928423034
0.990004713483534
0.9898477888072371
0.9897460064915173
0.9896951057278126
0.9895424020782887
0.9893387647841919
0.9892159386043916
0.9891545113146057
0.9889702274505062
0.98872446848937
0.9886927315063889
0.9886349377455964
0.9884615546254903
0.9882303360749688
0.9881066782609534
0.9880448352214523
0.9878593040850245
0.9876118814423676
0.987564096211614
0.9875003291332625
0.9873090257692214
0.9870539037324818
0.9869358604074457
0.9868768255732707
0.9866997191895059
0.9864635341303839
0.9863457756729708
0.9862868835048239
0.9861102050781153
0.9858745911273592
0.9857462904444745
0.9856821248780976
0.985489625893273
0.9852329097665203
0.9850766564703848
0.9849985071951909
0.9847640560888865
0.9844513784912845
0.9842290685612664
0.9841178675801437
0.9837842579454557
0.9833392920265396
0.983259115715173
0.9829128859466426
0.9827440858482777
0.9824871471534388
0.9823303474746201
0.9822519249401048
0.9820166538504407
0.9817028832128012
0.9814978710273901
0.9813953261582998
0.9810876855971108
0.9806773691389681
0.9804453916294262
0.980329353508892
0.9799812314838471
0.9795169032932406
0.97926203015822
0.9791345339793257
0.9787520360810843
0.9782418394189162
0.9779497525967679
0.9778036311150217
0.9773652542307776
0.9767804917769453
0.9767643327826165
0.9766479017276101
0.9762986006841925
0.9758326996949733
0.9755908228445456
0.9754698310112593
0.9751068468151547
0.9746226889445799
0.9742775151530237
0.9741048199098274
0.9735867168240059
0.9728955461832781
0.9728385474145693
0.9726143504195678
0.9719417299151232
0.9710442872475544
0.9706026519901356
0.9703816574895252
0.9697186443854625
0.968834032478134
0.9686651474540227
0.9680711661343867
0.9677963260394735
0.967658837952121
0.9672463619538857
0.966696164953273
0.966419114291924
0.9662805203281539
0.9658647263756822
0.9653101015929937
0.9649474599128632
0.9647660215556626
0.9642216854719609
0.9634955061354263
0.9631298209866634
0.9629468594352247
0.9623979532528703
0.9616656732125489
0.9612862553163923
0.9610964182246241
0.9605268835205958
0.9597670692386189
0.9592690848954015
0.9590198734092641
0.95827219806231
0.9572745522679833
0.956635439551504
0.9563155246279045
0.9553557119591448
0.9540747273838054
0.9532302964899069
0.9528074553066371
0.95153881132571
0.9498451381975218
0.9492316809649416
0.9480286136701074
0.9477641625062908
0.9473740202522836
0.9462034840038008
0.9446409637415983
0.9441726365201982
0.9430416022835051
0.942427421323477
0.9421200086217066
0.9411976993272285
0.9399668354321984
0.9391663775617878
0.9387656042122744
0.9375631612680992
0.9359580073460232
0.9358937013130899
0.9349830575460055
0.9337677846686532
0.9330094457128922
0.9326297946435158
0.9314907252505655
0.9299702747352169
0.9290327923449417
0.9285633191649242
0.9271547174930463
0.9252740095372516
0.9243998134701987
0.9239620850173059
0.9226487348357906
0.9208953732021089
0.9197885582294084
0.9192341512047618
0.9175706581015574
0.9153491061203278
0.9138796194098334
0.9131431354350336
0.9109331862904092
0.9079803214171293
0.9075846379476329
0.9057781031383844
0.9033652280663669
0.9030924507032212
0.9013305651507314
0.8989774431430966
0.8977969532342166
0.8972056211127889
0.8954312565837786
0.8930614460477874
0.8919443080640745
0.8913847728229009
0.8897058212254809
0.8874636621476498
0.8862084111410644
0.8855795844868385
0.88369264978846
0.8811722425961251
0.8800320267915154
0.8794609332333407
0.8777472573827882
0.8754586551021023
0.8742062798275572
0.8735789179661011
0.8716963348362736
0.8691817503521421
0.8675925963538951
0.8667961462770363
0.8644059577482585
0.8612117894302346
0.8608361643764891
0.8600911511830917
0.8578553376076391
0.8548678835056744
0.8535007127610708
0.8528157494177391
0.8507601663991102
0.8480139710574865
0.8466546215909716
0.8459735910797556
0.8439297787092748
0.8411992885001531
0.8398847304857232
0.8392261822528782
0.8372498291835987
0.8346095752123357
0.833049553130287
0.8322677522402686
0.8299213033198451
0.8267853577924815
0.825177206626585
0.8243712042965259
0.8219520214108951
0.8187184631748138
0.8171930289968397
0.8164285500705211
0.81413399459592
0.8110672324726688
0.8094482783192094
0.808636785047916
0.8062009770923972
0.8029446957815454
0.8014468693647107
0.800696181393968
0.7984429194064055
0.795431039404706
0.7938766568955665
0.7930975080346376
0.7907587071564003
0.7876319060126722
0.7860194329532383
0.7852110187041946
0.7827842456679932
0.7795391468466655
0.7780075531888521
0.7772397117798582
0.7749347409509632
0.7718526273457404
0.7702506810371996
0.7694473876444063
0.7670358531928797
0.763810402870301
0.7622227959650906
0.7614266092853769
0.7590363534302241
0.7558390162182688
0.7542294263448921
0.7534220716285738
0.750998192315465
0.7477552545949452
0.7461295901463635
0.7453140237774675
0.7428654006281832
0.7395887351381565
0.7379569234442784
0.7371381326512284
0.7346797509296634
0.7313894568015382
0.7297296191270898
0.7288965791120813
0.7263953094302249
0.7230468453123228
0.721383875313616
0.720549117213707
0.7180426181637457
0.7146865884228153
0.7130081193292187
0.7121654142300888
0.7096349688641524
0.7062462179509181
0.704564754813339
0.7037204103940934
0.7011849805044233
0.6977890430626483
0.6960793194350663
0.6952206040599134
0.6926419257071155
0.6891873493429347
0.687450809788381
0.6865784587210081
0.6839587439569051
0.6804485436923883
0.678712172758046
0.6778398241254593
0.6752200756598318
0.6717095488078167
0.6699683959249753
0.6690935844325184
0.666466398817916
0.6629456885787579
0.6611743755991842
0.6602843234609131
0.6576112932081578
0.6540287877082791
0.6522405186419071
0.6513419311977883
0.6486432206249749
0.6450262330373363
0.6432131779087286
0.6423021532603528
0.6395660372613217
0.6358989461915558
0.6340749851811667
0.633158588726528
0.6304063157120422
0.626717946492214
0.62488711099364
0.6239674410124155
0.6212053248819185
0.6175043884296639
0.6156533891720334
0.6147238087749484
0.6119318987619943
0.6081917577510825
0.6063351558012144
0.6054030813734396
0.6026036780188704
0.5988545846331049
0.5969819732094594
0.5960422361931206
0.5932197999417773
0.5894410903821187
0.5875656466519973
0.586624960334135
0.5837996735608235
0.5800187184556811
0.5781407126447241
0.5771992849913415
0.5743717685883787
0.5705896141425355
0.5687102474015936
0.5677687520731798
0.5649410246341402
0.5611605844588632
0.5592837108779315
0.558344148533005
0.5555222157560469
0.5517517271055721
0.54987876102646
0.5489419017969572
0.5461280671821732
0.5423707803793132
0.5405060277129997
0.5395740817049846
0.5367749756187999
0.5330398994021084
0.5311867983206447
0.5302615300683317
0.5274824409851733
0.5237767486610202
0.5219383457694361
0.5210213137398786
0.5182669084939308
0.5145969067028504
0.5127768498880784
0.511869901086853
0.5091457122483369
0.5055188231985417
0.5037196756518214
0.5028241075936899
0.5001340138918354
0.4965554254904619
0.4947828416448654
0.4939014724782467
0.49125392430782966
0.4877348526840068
0.48599176977532504
0.485126058109548
0.4825254170975807
0.47907161321130315
0.4773592390261058
0.4765097844905051
0.47395782781197215
0.4705716078441023
0.46889508819543924
0.4680644244642061
0.46556874636857487
0.4622600913070167
0.46062167860494346
0.4598109076624528
0.45737479607896747
0.4541479822172848
0.4525501910903022
0.4517605422085119
0.44938766766666266
0.4462474720136621
0.4446926347035605
0.4439252477474163
0.44161901132784664
0.4385698575243757
0.4370591821223406
0.43631465250970775
0.4340768151368014
0.4311209878999563
0.4296570265662561
0.42893660917049414
0.42677091529354994
0.42391331049387343
0.4224980235387476
0.4218026895063279
0.41971202737895436
0.41695643097912094
0.4155911950840659
0.4149216402032246
0.41290806514776096
0.4102571934071655
0.4089441377336364
0.4083014271791321
0.4063681036240156
0.40382612831039083
0.40256518772097144
0.40194934312799535
0.40009628222840843
0.39766330597177096
0.3964579905522087
0.3958707510796086
0.39410313865690016
0.39178596787898123
0.39063861926069376
0.3900811610630172
0.3884024810234596
0.3862057006663044
0.38511793717803544
0.3845910934866188
0.3830037879157554
0.38093063076380185
0.37990271512331253
0.3794066907593499
0.3779112892545763
0.37596255069738665
0.3749968557108444
0.37453285170728406
0.3731328865239003
0.37131319627588555
0.37041110812159717
0.36997986853821097
0.3686774757451679
0.36698967784306397
0.3661528185461325
0.3657552057335442
0.36455286363602063
0.36300023756264144
0.3622313340502803
0.36186871218710565
0.3607704145532279
0.3593581150925905
0.358658724873717
0.3583319315098871
0.35734005182321055
0.3560711934760912
0.3554432579879089
0.3551533125238821
0.3542707579872922
0.35314911469962673
0.35259459234778484
0.35234253190064696
0.35157223988177727
0.35060161760226927
0.35012248367903614
0.3499093680609549
0.3492543153345106
0.3484385703392875
0.3480368933368277
0.3478638419678811
0.3473271523919796
0.34667032543074616
0.34634826589549195
0.34621646241178117
0.34580141325417796
0.34530774135890085
0.3450675748235321
0.3449782836690908
0.34468834632687545
0.3443623174913427
0.34420645973614006
0.3441610487013923
0.3439999417700851
0.3438463715805748
0.34377744971637336
0.343777434726458
0.34374924082069525
0.34377342664204824
0.34379437303090776
0.34384148835636175
0.34395083116352193
0.34415880260147375
0.34427306028435994
0.34436939323690324
0.3446217907668437
0.3450207920295374
0.34523271234891584
0.34538097198860457
0.3457835406406852
0.34638300901252916
0.34669875497935027
0.3469028766962569
0.3474659250443478
0.34827970624718596
0.348709583638356
0.3489762967880995
0.34971745946410676
0.3507695645871591
0.3513356583947428
0.35167970638432366
0.35263765083188714
0.3539813943236586
0.3547615684285659
0.3552370215369958
0.35655269794483785
0.3583847228987828
0.35934073842581027
0.35991445438034786
0.36150071346650986
0.3636854159728381
0.36446893283600695
0.3662034180667735
0.3663135523487909
0.3667289396796484
0.3679078895707435
0.369503960502247
0.3697761894546462
0.3701651055509917
0.37127430036705394
0.37276964902719356
0.37343890588510514
0.37380258644386416
0.37484394780337615
0.3762430492106302
0.3768787160657977
0.37722136446933763
0.3782053279543777
0.3795239252488159
0.3801218849743517
0.3804419261609376
0.381363426566986
0.3825958366475713
0.38315157310712233
0.38344710122313275
0.3843002956723721
0.38543960277309214
0.3859481537413923
0.38621693310086885
0.38699511940613385
0.38803312773660853
0.38818834399831254
0.3884283035770182
0.38912527078855225
0.3900543878469255
0.39009280333281643
0.39029934148962797
0.3909015920080362
0.39170423473233357
0.3921163356477533
0.3923319273179942
0.3929595872423237
0.393795727837358
0.39424029068746386
0.39447379797152715
0.3951517051531275
0.39605441098278493
0.39652679892201115
0.39677585976317364
0.39749704950481873
0.3984571907777882
0.3989638116977628
0.39923227775402126
0.40000720295534187
0.4010389035900683
0.40159926890222
0.4018985888953477
0.4027585064546231
0.40390361388793977
0.40455303597503384
0.4049044360462276
0.40590645454648744
0.40724130996228214
0.40802700376196405
0.40846053474609806
0.4096831500696523
0.4113128017730096
0.4122330147025398
0.41275069028489986
0.4141951232503408
0.4161221238599107
0.4171996477448073
0.4178192686770893
0.4195280359657552
0.42180892638801626
0.42313375134558195
0.42392056561600805
0.42605354931412576
0.4288978758383582
0.4306241746299947
0.43170024425297215
0.4345427707935357
0.4383150626973553
0.4406885522587218
0.4422794870212193
0.4463227605746498
0.4516142452739741
0.4551364660714384
0.45782218949568965
0.46422612229468285
0.47226857901774255
0.4723869079977838
0.474702661516525
0.48030660470113357
0.48737869253923655
0.4909670122190635
0.493594276791789
0.4997872411697112
0.5074243589865592
0.5116515536824473
0.5151258997401063
0.522854127160014
0.5318591470473262
0.5361380460926396
0.5396107898984281
0.5471189805769994
0.5556499433259634
0.5596296860073969
0.5629616274903522
0.5699706155343383
0.5777825549923281
0.5814141420120558
0.5846061013221078
0.5911236991804821
0.5982494701708676
0.6015512351858582
0.604616553367106
0.6106848105146413
0.6171917605142047
0.6201971007992311
0.6231534722134374
0.6288274234825328
0.6347941738988843
0.6375413090638029
0.6404073759356761
0.645744475086095
0.6512489274104107
0.6537750396605505
0.6565681944897421
0.6616217530179364
0.6667340899071661
0.6690721752079307
0.671807431909736
0.6766233838977823
0.6814029857388089
0.6835806273607011
0.6862702561162555
0.6908862039211103
0.6953811266112953
0.6974204357230672
0.7000740528709679
0.7045196353574379
0.7087675006968163
0.7106856579012794
0.7133105405942451
0.7176084354483889
0.7216379431032651
0.7234479779661791
0.7260494576811044
0.730216590972491
0.7340491781766454
0.7357607809746634
0.7383426347229958
0.7423913646509037
0.7460427652754413
0.7476630291087658
0.7502278295914041
0.7541669958269983
0.7576485912400177
0.7591826443898481
0.7617320552208199
0.7655678572983678
0.7688877907512971
0.7703393124615112
0.7728743277722627
0.7766110336173628
0.779775099866378
0.7811467286919347
0.7836678625516664
0.7873083653124132
0.790320704146979
0.7916143542085584
0.7941217874649364
0.7976680345366335
0.8005316614401873
0.8017487630345955
0.8042424553295711
0.807695773457525
0.8104129791243488
0.8115546588856445
0.8140344328168448
0.817395770599815
0.8199684170187044
0.8210356306727871
0.8235012339580587
0.8267713396761402
0.8292010758282151
0.8301947042934278
0.8326458546135815
0.8358254038619286
0.8381138196506741
0.8390347371402866
0.841471153222778
0.8445608377381801
0.8467095709462473
0.8475625174904208
0.8499751510113099
0.8529668746401636
0.8549778437583503
0.8557513598449542
0.8581573771850425
0.8610697312254004
0.8629448603380739
0.8636536308620234
0.8660441276780254
0.8688691719758347
0.8706104341346818
0.871250683540903
0.8736254359495409
0.8763642563875651
0.8779739910783229
0.8785469371562455
0.8809058846659771
0.8835598294710904
0.885040571010824
0.8855475885427311
0.8878907305652339
0.8904613017544541
0.8918157725690502
0.8922583282472879
0.8945857211197844
0.897074564464166
0.8983056608529456
0.8986853044866285
0.9009970585413297
0.903405951670978
0.9045167259753856
0.9048350809311553
0.9071313568045735
0.9094621953661782
0.910455836036227
0.9107145888633758
0.9129955932440214
0.9152503758994045
0.9161301864523972
0.9163310760972114
0.9185970572223962
0.9207778702030704
0.9215472478839654
0.9216920549326326
0.9239432979216478
0.9260522995331177
0.9267147142816397
0.9268052503824301
0.9290420726257377
0.9310814781521942
0.931640452259868
0.9316785500227235
0.9339012966533163
0.9358733638994408
0.9363324526373188
0.9363199561365962
0.938528995673155
0.9404360112460143
0.9407987848040156
0.94073754067653
0.942933260893157
0.944777527437796
0.9450475542517949
0.9449394035191535
0.9471222075449939
0.9489060319617056
0.9490868634427231
0.9489336341189845
0.9511039367997337
0.952829619566792
0.9529247761816967
0.9527282766249154
0.9548865013274165
0.956556326785403
0.9565692859767769
0.956331298895912
0.9584778743394593
0.9600941020392957
0.9600282871900799
0.9597505645529605
0.9618859221561871
0.9634507794615442
0.963309550121356
0.9629938088059903
0.9651183803022929
0.9666340554894454
0.966420699903208
0.9660686175877187
0.9681828326117116
0.9696514690582927
0.969369197170756
0.9689824084746305
0.9710866934342968
0.9725103857810088
0.9721623219880517
0.9717424184769582
0.973837193355872
0.9752179814312817
0.9748071633225817
0.9743556873755012
0.9764413657039759
0.9777812332412373
0.9773106043985885
0.976829050065097
0.9789060382300036
0.9802069102736797
0.9796793184954655
0.9791691329138317
0.9812378252743528
0.9825015636697053
0.98191976113795
0.9813823369237409
0.9834431205587131
0.9846715257731059
0.9840381647064876
0.9834748461247548
0.9855280960689199
0.9867229030354615
0.9860405410528975
0.9854526161930275
0.9874986981880598
0.9886615820650986
0.9879326685558936
0.987321389059215
0.9893606491902989
0.9904932140211051
0.9897201104451094
0.9890866544276269
0.9911194433917874
0.9922232356200538
0.9914082031743956
0.9907537195704025
0.9927803565511093
0.9938568567776479
0.9930020547235521
0.9923276349120856
0.9943484401948653
0.9953990625873402
0.9945065693444267
0.9938132445642218
0.9958285279456895
0.9968546398426157
0.9959264132115286
0.9952151998577862
0.9972252487312113
0.9982281375067388
0.9972660855893763
0.9965379206935586
0.9985430149336831
0.9995239211122127
0.9985298393290882
0.9987746053152047
0.9997677585324078
1.000222711136064
0.9999999996375251