0.23515341603331685
0.23516456893230425
0.23517014637455494
0.2351868791065337
0.23520919322859854
0.23521200660296349
0.23521456174245495
0.2352151250682102
0.23521756603090702
0.23521873775910684
0.23521931652686542
0.23522105630546908
0.23522337140136867
0.23522468782938943
0.2352253460212516
0.23522732060336082
0.2352299619532201
0.23523126997436328
0.2352319290462474
0.23523391020895051
0.23523653018510288
0.2352379289761354
0.23523862466560683
0.2352406992763559
0.2352434994127822
0.23524491766420977
0.23524563646359584
0.2352477928694556
0.2352506681381337
0.2352550289455385
0.2352572095002675
0.23526377732430548
0.23527241772883253
0.23527382653307427
0.2352769626046386
0.2352785210987948
0.23528314074749238
0.23528949127958573
0.23529089534931014
0.23529263648669027
0.23529351953475205
0.23529616869031986
0.23529968958412406
0.2353017563794835
0.235302786305933
0.2353058761005879
0.23531002257934544
0.23531202380940616
0.23531303263992945
0.2353160591461407
0.2353200685846004
0.23532214457335512
0.2353231769167741
0.23532626779582308
0.23533039735430022
0.23533283923517884
0.2353340602875114
0.23533770887863456
0.2353426236387947
0.23534511743569983
0.2353463777468535
0.23535015870291534
0.23535520016553707
0.2353578444279844
0.2353591702379578
0.23536314769279193
0.23536846829172628
0.23537147978038211
0.23537298409406351
0.23537751510470617
0.23538353256277644
0.2353868536380527
0.2353885053846468
0.235393440954066
0.23540008931596307
0.23540327080433174
0.23540487493664472
0.23540968736983137
0.23541606291660236
0.2354190897121265
0.2354205904779979
0.2354250928076726
0.2354310961805667
0.2354348309500017
0.2354367026237717
0.2354423288343511
0.23544974565815402
0.23545347087569807
0.23545532633082394
0.235460859737336
0.2354682822286808
0.23547260735935005
0.23547478101975336
0.23548130206697154
0.23548996939596162
0.23549451289808923
0.235496771166777
0.23550358645808284
0.23551250590300535
0.23551342645659923
0.23551533852368137
0.23552108617816617
0.2355287348816417
0.23553377499087497
0.23553628963454165
0.23554380374528147
0.23555392540683076
0.23555982385333757
0.23556279052455698
0.2355717790176469
0.23558342341398902
0.23558426508061256
0.23559169201679678
0.2356015953259334
0.2356177652730035
0.23562585231702635
0.23565021033038588
0.23568216045242407
0.23569180688713612
0.23569762151310522
0.23570048682497474
0.23570904891801236
0.23572061860991797
0.23572629831297906
0.2357291913051366
0.23573785330233638
0.2357493526667969
0.2357552058832038
0.23575811024080365
0.23576678905459053
0.23577855341637863
0.2357809503148279
0.23578371516083196
0.23579202613533262
0.2358029481452041
0.23580848724352607
0.23581120558949747
0.23581936072967044
0.23583023513035442
0.2358504260636365
0.23586054715109614
0.23589061334079872
0.23593199552578561
0.23593712522718477
0.23594188864684604
0.23595629191833936
0.23597510945559225
0.23598407326135248
0.23598843614637335
0.23600149931965775
0.23601917168145747
0.2360269991653648
0.23603099970424474
0.23604290762776614
0.2360590606480076
0.23606738271770392
0.23607164477455536
0.2360843312299456
0.23610164815320855
0.23610964546609162
0.23611375573693338
0.23612615935168377
0.23614250197088124
0.23615119474693616
0.236155485498456
0.23616840840013872
0.23618546909655333
0.23619548290132933
0.2362004395702138
0.23621539726230445
0.2362349802225422
0.23624504555397952
0.23624995102438268
0.2362647831594931
0.23628435030642855
0.2362954917834159
0.2363010343811086
0.23631763021156005
0.23633973506781802
0.23635168299705614
0.23635761863209012
0.23637563476011345
0.23639901709665984
0.23641164305092366
0.2364178161199876
0.2364362639860544
0.2364608067015813
0.23647256309367531
0.2364783785753831
0.2364959614706315
0.236519086205129
0.23653966487845468
0.23654983357669496
0.23658069754387165
0.2366208915429409
0.2366414693776818
0.23665152825995947
0.23668147253526864
0.2367225868297991
0.23674140082893555
0.2367726582021053
0.23678668092356955
0.23679392166314628
0.23681585473008673
0.23684447492265284
0.23686142250313608
0.23686971591923334
0.23689464507635866
0.23692782786398237
0.23694359110117283
0.23695150279098062
0.2369750110891636
0.23700714377627732
0.2370222239495139
0.23702995186799244
0.23705322572527024
0.23708424146754173
0.23710176724044038
0.23711052899253987
0.23713691607704776
0.2371717638980703
0.23719203758552387
0.237202054138927
0.23723233596259352
0.23727229984697396
0.23729285977841794
0.23730311834525278
0.2373337782934908
0.2373745745964137
0.23739458700478266
0.23740451260989182
0.23743446116062603
0.23747381773731283
0.2374974724225917
0.23750917298961433
0.23754394361592268
0.2375916065380811
0.23761269855089676
0.23762363666490388
0.2376562665133643
0.23770029364646672
0.23772822601403634
0.23774225284923575
0.2377844956321533
0.23784062895418742
0.23787937011648372
0.23789865211665978
0.23795661234069596
0.23803355484477087
0.23807290996132785
0.2380924996346786
0.23815127380515658
0.23822920878929685
0.2382418864182853
0.23825860635077084
0.23830914517072757
0.23837487698340915
0.23838380659188083
0.23839879707907297
0.23844377155818428
0.23850376403459986
0.23853463661079724
0.23855010052086562
0.23859666776025043
0.23865782526787194
0.23868915604955768
0.23870460954564696
0.23875105889593712
0.23881236393156854
0.23884711052109475
0.23886433637509463
0.23891611306777752
0.23898424973838628
0.2390176759833288
0.23903414266595865
0.23908318421726588
0.23914966049576236
0.23918461642293204
0.23920245592817896
0.23925588073715495
0.23932728224316943
0.23936385229668805
0.23938218639024036
0.23943689240323673
0.23951047530223143
0.23955779390031878
0.23958154027847828
0.2396529167301036
0.23974769801379192
0.23980535939244974
0.23983409707232403
0.23992000926006601
0.24003639365965385
0.24005017748797328
0.24007731246552244
0.24015858090286024
0.2402669049345292
0.2403251551234957
0.2403542108198643
0.24044170073690938
0.2405567161664792
0.24058008306411965
0.24061015234119387
0.24069957177163592
0.24082164841682807
0.24087570510047526
0.2409035456734418
0.24098752018071065
0.241097440724571
0.241154061074862
0.24118199402117946
0.2412647766581144
0.24137815111586175
0.24143740253823112
0.24146782593549165
0.24155863105714934
0.24168111078968027
0.2417544057451848
0.24179139256824594
0.241902564229809
0.24205069405631643
0.24215628622285434
0.24220922162698494
0.24236670057757753
0.24258226418999776
0.24261672335427117
0.24278485906626127
0.24286349632921708
0.24298588474611807
0.24306103745849827
0.2430983957695935
0.24321124938627464
0.24336048656044088
0.24345930964058637
0.2435083842329434
0.2436558871254471
0.24385303714915801
0.24396449726253389
0.2440201555084668
0.244188281877481
0.2444107672132188
0.244534333713161
0.24459581028369387
0.2447801388089864
0.24502684779394318
0.2451678968925624
0.24523845311510717
0.24545087580140004
0.2457352383221289
0.2457422691520691
0.24579889607787653
0.24596813958683586
0.24619678541144951
0.24631320286141475
0.2463723204352813
0.2465490180046833
0.24678622821722607
0.24695457412539887
0.24703904742060043
0.2472941460925946
0.2476292197806169
0.247660055932118
0.24777020228419233
0.24810181994211072
0.24854402880028373
0.24876274393938744
0.24887207336675699
0.2492017028325321
0.24963851598534334
0.24972357802635622
0.25002360052807976
0.2501575577589397
0.2502263105427293
0.2504315718837741
0.2507097308843128
0.25084625797474874
0.2509158045307572
0.25112420469158697
0.2514036409146515
0.25158550322180534
0.25167706418703645
0.25195087614919726
0.25232024469526215
0.2525031342803433
0.2525960382725587
0.25287427459081685
0.2532461516738394
0.2534395468036636
0.25353638509283755
0.2538268197806323
0.2542157961591319
0.2544702446914389
0.2545982657064666
0.25498279698745213
0.2554958750670885
0.2558265409547761
0.2559920593182797
0.2564902755845529
0.25715514630895875
0.2575962581826594
0.2578179634249906
0.25848454731374415
0.25937126653913045
0.2596985718049899
0.2603408990861486
0.2604776731720288
0.26068575474384686
0.26130790908216217
0.2621519026298342
0.26239808335026954
0.2630088927888503
0.26333930040812387
0.2635058867793947
0.26400599438247124
0.26467572044729293
0.26511203728657784
0.26533156832940424
0.2659922338488217
0.2668707719797173
0.2669104784280442
0.2674147751878243
0.2680878526573516
0.2685109552359399
0.26872313456465113
0.269360232173125
0.2702143199083378
0.27074236101827714
0.2710082397164424
0.27180756119558097
0.27287602388717164
0.27337908683988743
0.27363065628106664
0.27438724592261404
0.2753994071237642
0.2760427500676736
0.27636668418222504
0.27734022528478697
0.2786467236688052
0.27951691367380993
0.2799563320701687
0.2812766679886393
0.2830558295383466
0.2832962522542698
0.28439356444977065
0.28587633629114995
0.2860409694203373
0.28712982102278184
0.2885899471144902
0.2893296950399775
0.289701828000018
0.29081924441313095
0.29232435963996223
0.293035126275654
0.2933943580743461
0.2944729950328957
0.29592392194849554
0.2967392587175694
0.29715097770477705
0.29838749987444163
0.3000547763617601
0.300810294532414
0.30119226711064506
0.30233932757242377
0.30388340034828487
0.3047308763908529
0.30515906224439576
0.30644694063484795
0.30817673628884196
0.3092792164470678
0.30983641456190136
0.3115113635610976
0.3137721033700596
0.3140377346440518
0.3145712723790498
0.31617493165485966
0.3183388369042934
0.3193345815312696
0.31983787295456906
0.3213507168252531
0.32339012760059965
0.3244045781024876
0.324917569044643
0.32645912088485296
0.32853825958835864
0.32954332438131734
0.33005164456116165
0.33157938920906144
0.33363797464287215
0.3347662881130972
0.3353370174683042
0.33705373455219095
0.33936631659646593
0.34076867840901565
0.3414792599156149
0.3436160262528265
0.34650641553045397
0.34707237329367396
0.3490432379046106
0.351705226541475
0.3529812380591323
0.3536271772768193
0.3555692259762737
0.3581922403633436
0.3594416078931974
0.36007417661181595
0.3619763081822383
0.3645418096178636
0.36602450334663966
0.3667759593048369
0.36903606321373295
0.3720924538340146
0.3735111649693782
0.37423003167158686
0.37639214578707936
0.37931224408096764
0.3808960387560102
0.3816991956790537
0.38411525555306236
0.38738482552169656
0.3889054729378858
0.3896765797798382
0.3919962094863704
0.3951320072820597
0.3967793976414758
0.397615356681752
0.40013042885752964
0.4035346174937249
0.4052323078220343
0.40609426046897273
0.4086878049157957
0.41219895271871915
0.4140205396467107
0.41494614521030554
0.4177317680656747
0.42150740648773705
0.4233760013460199
0.4243259834333246
0.4271850229567664
0.4310616521609033
0.4330064769686849
0.4339958721463876
0.4369737202454234
0.44101337534788615
0.44306907541101703
0.4441156092993112
0.4472659362098026
0.4515424333675887
0.4537125341353793
0.45481796816433
0.45814598621212715
0.4626668940513786
0.4649248293117643
0.46607544950461977
0.469539554126428
0.47424694678889356
0.4766088790540994
0.4778129307331013
0.4814381351913338
0.4863659079281251
0.48884970283419993
0.49011623460855747
0.4939300015238771
0.49911534053103424
0.5017461565098817
0.5030879937257129
0.5071290671153014
0.5126252361741943
0.5154134431018694
0.5168357977559763
0.5211198193335269
0.526948663584265
0.5298646524699555
0.5313521436149824
0.5358327332903199
0.5419287667926191
0.5450138118809147
0.5465875995693078
0.5513288399058581
0.5577806212582528
0.5610358252577878
0.5626963649385865
0.5676994662553664
0.5745085401725909
0.5779349240754789
0.5796826343880072
0.5849488699698694
0.5921169286962767
0.5956946672476863
0.597519242856197
0.6030175525340841
0.6105003181583006
0.6142837578932109
0.6162131296278809
0.6220280098276187
0.6299426067091523
0.6339329322753311
0.6359675920223204
0.6421005174681537
0.6504486866898259
0.6546444499462793
0.6567835361651693
0.6632319137172265
0.672009413512137
0.6764273259832172
0.6786793107333347
0.685468844908803
0.6947106231220743
0.6993721866134052
0.7017480011865724
0.7089117810228197
0.7186632709592458
0.7235709607041959
0.7260716987759347
0.7336129640766583
0.743878112502366
0.7490375052644498
0.7516658701485657
0.7595928018401421
0.7703820782451642
0.7758111319634751
0.778576137846927
0.7869161207723452
0.7982665925696167
0.8039782356655227
0.8068862812235058
0.8156586299774342
0.8275963255740798
0.8335966555072445
0.8366506332531887
0.8458641502744195
0.8584000299238437
0.8647156559913249
0.8679289406802592
0.8776240764614428
0.8908135873623059
0.8974378025889027
0.9008066679475905
0.9109721856223236
0.9247982807362434
0.9317573059550252
0.9352948846898267
0.9459705340469249
0.9604874286882037
0.9677832977512342
0.9714902952703605
0.9826783025097915
0.9978875119742279
1.0055472311588116
1.0094371034301828
1.0211782560768672
1.0371352506705331
1.0451600209660823
1.049233029176579
1.061528142221588
1.0782325193686861
1.0866458327726152
1.0909135727517492
1.103797850435581
1.1212970534036613
1.1301057945320514
1.134571380102041
1.1480542671746081
1.1663599017268702
1.1755775971557123
1.1802474815581712
1.1943485602382593
1.213486401181322
1.223114451541713
1.2279889052482102
1.2427090874388935
1.2626784699663673
1.2727435317480078
1.2778355670631643
1.2932143693314984
1.314068394842029
1.3245704904734719
1.3298795796654284
1.345915486136661
1.3676500802572813
1.3786045335586476
1.384137814903931
1.4008525774017484
1.423495764257298
1.434910468097328
1.4406712509034618
1.45807501139217
1.4816386182593337
1.4935206832460326
1.4995117973523953
1.5176132899556536
1.542106972597889
1.5544539145575669
1.5606732190767367
1.579466072123848
1.6048786501744343
1.6176928434254634
1.6241406314478397
1.6436259379326885
1.6699563121423533
1.6832837705770916
1.6899822629429104
1.7102279026567704
1.737566130302229
1.7513472597758695
1.7582652328591393
1.779176472947241
1.8073900284800328
1.821651052475615
1.828800532969556
1.8504143985304438
1.8795508270803458
1.8942763703459704
1.9016483548741194
1.923937890927637
1.9539573525540144
1.969139153178492
1.976728160264843
1.9996772673807433
2.0305546418763054
2.0461790647763114
2.053976848620899
2.0775610919660865
2.1092599985708222
2.1253030008427745
2.1332961041345317
2.1574752878450782
2.189938063119886
2.206382235601716
2.214560456585621
2.2393044299152227
2.272487156878457
2.289300392448746
2.2976462366295776
2.3229027439572962
2.3567318266599377
2.3738888203039252
2.382388127241176
2.4081152204710965
2.442531177700787
2.4599949434049067
2.46862780426196
2.494766138244481
2.529686348958804
2.5474222640809976
2.5561699217552527
2.5826638127181063
2.61801086252609
2.635977030299015
2.6448171876775857
2.6716003153824857
2.707282787990366
2.725437771348221
2.7343483374256228
2.7613551288404996
2.797283047245994
2.8155827040936936
2.82454030774707
2.8517014593140453
2.887780131574271
2.906180451900751
2.9151617515461936
2.942408222088427
2.978543617430124
2.997003429923448
3.005986401855866
3.03325334841343
3.069357276342057
3.087841915006169
3.0968075110828814
3.1240394585156084
3.1600361709526172
3.178526204930904
3.1874622858482216
3.214625289065351
3.250467226177655
3.2689741809605537
3.2778824986371617
3.3049858909250265
3.3406815429773022
3.359287609623374
3.368201295067968
3.3953522467634274
3.4310359394112813
3.4500176040984916
3.459055074561549
3.486627270602606
3.5227745216739876
3.5432375710808213
3.5528758535316083
3.5823673918195924
3.6208885932803194
3.6431295889075077
3.6534576447808798
3.6851853078692436
3.7264399851815893
3.7386534060026664
3.7681610886428523
3.768981931615839
3.775031958244616
3.7934843900306214
3.8176115799561554
3.821670361189078
3.826821864849184
3.8425114747474973
3.863046952091839
3.8722395732084443
3.876638563651729
3.8900185400947493
3.9075446508651135
3.9155259353537057
3.919352872785166
3.930979497390212
3.946213651467107
3.953188404729105
3.9565375699006204
3.966700946356917
3.980015041483986
3.98609052194302
3.9890102973993393
3.997859504104581
4.009441820954875
4.014686883761615
4.01720736172981
4.02483581866313
4.034802471290379
4.039254530298648
4.041391443277538
4.047849400802436
4.056262672512885
4.057590442287194
4.059371630638154
4.064747278453632
4.071729990661993
4.071880853947055
4.073299183702226
4.077574730120678
4.083117561457271
4.086098693797265
4.0875025461888015
4.091731289991513
4.097145719334046
4.09998639614173
4.101291518909979
4.105217632259504
4.110139317028665
4.1126534461323185
4.113758262046878
4.11707656995565
4.121072158669753
4.123069949135583
4.123862765080664
4.1262415872918465
4.128824557473635
4.130015639852425
4.130323886505717
4.13125231943993
4.13166976299989
4.131516878463371
4.131043251978573
4.129638231456126
4.126633056367727
4.1242504882929865
4.122526210285457
4.1173846776706595
4.109008558340817
4.103614380898271
4.100381863946755
4.09069302874889
4.076182047689971
4.066824952127362
4.061633907975086
4.045981045698151
4.023481969179026
4.008223996373636
4.000216067266103
3.975848673862269
3.9417985682997463
3.9194959613818012
3.9084798279105493
3.874417662988524
3.828180768164731
3.7914537481590784
3.774910905767124
3.7217034779083367
3.6520854781124945
3.621004495559602
3.570599960700208
3.5443571810038947
3.5331397401511246
3.496485269698514
3.44933409004827
3.4151435332322793
3.4018523787561565
3.3556602190284748
3.297952379204854
3.2599691580237753
3.246846975399081
3.197688674596336
3.138027457522584
3.103397682083064
3.092313346733918
3.049010537535117
2.9966513291226353
2.9655139339171224
2.9560025553827067
2.917472329896224
2.870914204661566
2.8425467228463033
2.8342133425979172
2.7993605218883295
2.7572691683168626
2.7311132718617688
2.723693202760265
2.6917732558646756
2.653280048113639
2.628961891300382
2.6222868079883885
2.592818949719509
2.5573705660933763
2.5346456312708097
2.528605991915201
2.5012717900877433
2.4684912531576986
2.4471889063094125
2.441705535237973
2.41627158487574
2.385868441277549
2.3658537338838603
2.3608620786221817
2.337135682066821
2.308861943732663
2.2900166481140913
2.2854603987122544
2.2632709417158017
2.2369055288399853
2.219121904024634
2.2149512625249876
2.1941452437329434
2.169490890441573
2.152671028470043
2.148842452943459
2.1292832003638025
2.1061664166831906
2.090222809421424
2.086698822568196
2.0682665400848426
2.0465369282246497
2.031392547764228
2.028141253914055
2.010732140132774
1.9902604399593598
1.9758480819348017
1.9728424569426932
1.9563670059455103
1.9370423390998193
1.9233034916995497
1.9205205960696006
1.9049015285454185
1.886628434157108
1.873511984787968
1.8709322150103922
1.8561024147669625
1.8387980800278645
1.8262590724837873
1.8238655103718553
1.8097661793773063
1.7933580580531188
1.7813566061860697
1.7791344844923245
1.765713598210206
1.7501374651913522
1.7386378554312225
1.7365741343877052
1.7237852000598164
1.708983611965148
1.6979535867807352
1.6960366257948574
1.683837708560597
1.6697588083079065
1.6591690055612214
1.6573883116741228
1.6457412812098404
1.632337878434101
1.6221613975528546
1.6205074334530574
1.6093773847500261
1.596606250211376
1.5868183186404143
1.5852823556730284
1.574637164392125
1.5624584872853706
1.5530474375011667
1.5516207987432604
1.5414425842887165
1.5298287293032709
1.5207546571961605
1.5194310425641717
1.5096690342988315
1.4985675690471372
1.4898154281350262
1.4885874278528397
1.4792278867478448
1.4686164470384493
1.4601711308157725
1.4590323236550915
1.4500514190696496
1.4399003880891232
1.431744629837511
1.4306890418357772
1.422064397052211
1.4123460240506542
1.4044636374515476
1.4034856972221195
1.3951963946687287
1.3858847420595146
1.3782605751456476
1.377355081533816
1.369381553142034
1.3604523607033026
1.3530722216590034
1.3522343157982109
1.3445582454671419
1.3359888097740666
1.3288394003872077
1.328064541109278
1.3206687776321375
1.312437844640216
1.3055067000228389
1.3047906418896649
1.2976591206020236
1.2897467881087443
1.2830222223063137
1.2823609957614215
1.2754786671407488
1.2678662962738907
1.2613373518721498
1.260727245153709
1.2540800091018836
1.2467501430252834
1.2404065445584345
1.239844087031627
1.2334187323945136
1.2263550207337972
1.2201871316623578
1.219669078443089
1.2134532266522935
1.2066403553316325
1.2006391382614725
1.2001624558610247
1.1941445088061848
1.1875681350902907
1.1817251138105898
1.1812869668505521
1.1754560574495914
1.1691027487806909
1.163409973230913
1.163007711940788
1.1573536586578155
1.1512108358976825
1.1456608490935822
1.145291997579438
1.1398052613916163
1.133861144374023
1.1284469517913231
1.1281091972783934
1.122780840580083
1.1170243993407516
1.1117394397178304
1.111430621855681
1.1062522729896247
1.1006731777362286
1.0955112974619625
1.0952293991802395
1.090193213010781
1.084781795054033
1.0797372170275332
1.0794803550321581
1.0745789830843933
1.069326184902335
1.0643934938750808
1.064159910300242
1.0593864676178206
1.0542838142187172
1.0494579236472321
1.0492459781737216
1.0445940131413292
1.0396335683877578
1.034909706293115
1.0347178680763256
1.0301813383517875
1.02535566536517
1.020729357144663
1.0205561984673421
1.0161294403889674
1.0114315841401553
1.0068986212865516
1.0067428107885665
1.0024205133574688
0.997843966804571
0.9934003935707539
0.993260688659745
0.9890378861446165
0.9845765197336318
0.980218651425777
0.9800938951219224
0.9759659195279026
0.9716140506716427
0.9673383807305611
0.9672274928069255
0.9631899760319081
0.9589422386860059
0.9547455006478119
0.9546474766591168
0.9506963178258012
0.946547704508798
0.9424268174621572
0.942340720859883
0.9384720761217411
0.9344178981970634
0.9303699574852454
0.9302949150129769
0.9265051750900849
0.922541021361275
0.9185633105135019
0.9184985115290512
0.9147842750899887
0.9109061231218439
0.9069960216777161
0.9069407000960826
0.90329885365917
0.899502671198944
0.8956578865692313
0.8956113472828612
0.8920388628590888
0.8883210617871796
0.8845392984085579
0.8845008766830067
0.8809949573831564
0.877352290782649
0.8736312754208317
0.8736003613456497
0.8701584409332525
0.8665873535735057
0.8657336031134772
0.8656034821746378
0.865154418131736
0.8645585465470385