20000.
19997.098478896
19995.647876092
19991.296699233
19985.496603496
19985.467344459
19984.017543449
19983.236178961
19982.801832498
19982.584662791
19981.933167863
19981.064541085
19980.476018154
19979.642430999
19979.497073892
19978.963995957
19978.253247572
19977.851624206
19977.650815535
19977.048401665
19976.245211507
19975.730020843
19975.472430475
19974.699679337
19973.669391091
19973.170145785
19972.920527792
19972.17169257
19971.17328938
19970.667589996
19970.414745087
19969.656229606
19968.644920546
19968.175478398
19967.940761445
19967.236627175
19966.297820199
19965.842973184
19965.615553545
19964.933310204
19964.023688771
19963.540590115
19963.299045152
19962.574427836
19961.608312423
19961.017983799
19960.722826011
19959.837378879
19958.656843918
19958.077200691
19957.787385369
19956.917964696
19955.758796163
19955.10815316
19954.78283959
19953.806930747
19952.505793329
19951.864078877
19951.543229367
19950.580711842
19949.2974275
19948.666693941
19948.351334616
19947.405286599
19946.143959161
19945.478298123
19945.14547591
19944.147042643
19942.815876165
19942.105975739
19941.751034976
19940.686250644
19939.266626781
19938.588235043
19938.249047804
19937.231520758
19935.874898942
19934.986930997
19934.542961823
19933.211113692
19931.435454777
19930.626927117
19930.222675556
19929.009970131
19927.393144508
19924.727465155
19923.394759103
19919.397175965
19914.068313336
19914.014137255
19912.087849715
19909.519756427
19908.173448117
19907.500328052
19905.481104508
19902.789125308
19901.242567784
19900.469334031
19898.149813141
19895.057539473
19894.921862547
19894.301869687
19892.442007122
19889.962461082
19888.779520592
19888.188076687
19886.413850584
19884.048462225
19882.631064892
19881.922404063
19879.796573225
19876.962485962
19876.787239704
19876.152649215
19874.2489994
19871.711083509
19870.429780164
19869.789159426
19867.867421226
19865.305392998
19864.071261901
19863.454225059
19861.603229622
19859.135504262
19857.754217224
19857.063609681
19854.99193126
19852.230029849
19850.797040879
19850.08058513
19847.931373135
19845.0661194
19843.729830641
19843.061719955
19841.057522959
19838.385575449
19837.113322968
19836.477227277
19834.569062679
19832.025128994
19830.69366318
19830.027963745
19828.030999619
19825.36869387
19823.796566996
19823.010550251
19820.652687124
19817.509306194
19815.970669697
19815.20139619
19812.89375496
19809.817318333
19808.012358946
19807.109940857
19804.402933395
19800.79416596
19798.570643941
19797.458976484
19794.124348778
19789.679052646
19787.437539393
19786.316877893
19782.955274359
19778.474025152
19776.430807598
19775.409277899
19772.34500554
19768.260048064
19765.9911878
19764.856855237
19761.454248285
19756.918350652
19754.795093232
19753.733550014
19750.549262764
19746.304345312
19743.660920865
19742.339341249
19738.375133349
19733.090761538
19730.262697137
19728.848816825
19724.607783986
19718.954492228
19716.161315745
19714.764875772
19710.576149468
19704.992565974
19702.198236358
19700.801220046
19696.610765638
19691.024880129
19688.424809313
19687.124902557
19683.22569741
19678.027959013
19675.593285677
19674.376061882
19670.724842479
19665.857604451
19663.162094858
19661.814478512
19657.772183804
19652.383750792
19649.702313318
19648.361731684
19644.340535714
19638.980221766
19635.741958839
19634.123027494
19629.267034524
19622.79424605
19619.00573088
19617.111747452
19611.43089443
19603.858983446
19599.089280544
19596.704864116
19589.553355569
19580.022071358
19574.86583139
19572.288220432
19564.557424274
19554.254446865
19549.241827062
19546.735998853
19539.220441622
19529.20419449
19524.65994938
19522.388223195
19515.574630771
19506.493540807
19500.757733848
19497.890462657
19489.29117878
19477.831367392
19471.342624207
19468.099063027
19458.37162151
19445.409261007
19439.57326106
19436.655917719
19427.906514745
19416.246771583
19409.258089491
19405.764691556
19395.288270398
19381.328507645
19372.832456762
19368.585827737
19355.851525784
19338.885481052
19336.724128481
19327.005115786
19314.054031887
19306.794782888
19303.166181337
19292.284468562
19277.785061301
19275.667666657
19272.092746048
19261.371962354
19247.086861986
19239.04987292
19235.032636675
19222.985960785
19206.93546323
19206.101389916
19202.549906735
19191.899397553
19177.707908469
19170.796878219
19167.342296835
19156.982287846
19143.177653891
19135.673399769
19131.922375645
19120.673714967
19105.685789489
19098.274920135
19094.570563222
19083.461803524
19068.660178004
19058.567761863
19053.523556688
19038.398950757
19018.251485633
19007.823815655
19002.612124525
18986.985624199
18966.170279884
18953.726314268
18947.507393079
18928.862870726
18904.03204575
18890.286775361
18883.417887969
18862.826209175
18835.405565123
18822.849455342
18816.574539154
18797.762339832
18772.708663257
18759.560297192
18752.989567482
18733.2911849
18707.058860315
18699.12419238
18691.328977478
18667.962826337
18636.853392976
18621.342975503
18613.592607533
18590.360854037
18559.430283964
18543.255583657
18520.487917452
18509.317117834
18503.734244526
18486.995727009
18464.701257253
18452.731521088
18446.74956264
18428.815320969
18404.930120805
18393.428496528
18387.680379594
18370.446805441
18347.493831419
18333.34493839
18326.274583534
18305.079876138
18276.858394123
18272.40923679
18265.900076007
18246.386503834
18220.400834172
18208.174922428
18202.065042796
18183.747703333
18159.353257355
18147.536931185
18141.631651312
18123.927339681
18100.348466429
18084.608402432
18076.743503427
18053.169324047
18021.784904242
18004.968667845
17996.566434186
17971.383253156
17937.860490476
17920.082358987
17911.199901107
17884.5789367
17849.145858056
17832.835166952
17824.685410959
17800.258484428
17767.741315995
17749.971808396
17741.093719274
17714.486087925
17679.071314415
17659.731258642
17650.069165393
17621.114593794
17582.582376594
17557.329120517
17544.716096189
17506.931365533
17456.678281311
17434.000679474
17422.672927603
17388.733815827
17343.584491282
17318.530578571
17306.017196542
17268.531274925
17218.67632687
17188.567279284
17173.532503693
17128.507038323
17068.656666355
17058.946839586
17021.99479726
16972.8498941
16944.828163878
16930.83465118
16888.923414403
16833.203113323
16798.409768166
16781.040072097
16729.038674669
16659.954065315
16655.719917578
16639.00589493
16588.964397335
16522.476438207
16491.687374952
16476.314364249
16430.281262306
16369.103799594
16331.844238041
16313.246271963
16257.579351186
16183.652173164
16150.169395272
16133.453991566
16083.411513848
16016.929588321
15973.92576217
15952.467164727
15888.264179375
15803.061973854
15756.108036048
15732.68340728
15662.618270005
15569.683241179
15542.693131284
15515.645940473
15434.786447567
15327.628928604
15267.737287159
15237.879279855
15148.655152665
15030.501823488
14956.223182001
14919.221625095
14808.765303556
14662.761272683
14610.331708148
14495.377453694
14495.01248354
14425.173516742
14332.578057809
14286.198313724
14263.06475159
14193.888586373
14102.175325032
14038.654588605
14007.001592911
13912.470175827
13787.419967274
13699.738338916
13656.106849168
13526.044373679
13354.552629661
13257.92993213
13209.881053042
13066.776722115
12878.379585409
12788.033741607
12743.09877158
12609.239013752
12432.944107649
12410.430232515
12288.204139993
12257.859904752
12226.173747756
12131.605881003
12006.652267679
11945.642523633
11915.254001946
11824.551487435
11704.687944712
11615.318929096
11570.890629871
11438.622763876
11264.614579859
11150.021415295
10996.414376183
10970.894803726
10938.07308997
10840.195937266
10711.054131683
10639.087093334
10603.285103669
10496.600391284
10356.021994534
10291.011837545
10258.659955651
10162.213265019
10035.026702848
9964.7220450155
9929.7546357098
9825.5869211999
9688.394524367
9623.7626277936
9591.6085436474
9495.7894440804
9369.5180137547
9306.5847882051
9275.2768673308
9181.9836238477
9059.0506952087
8981.0129605314
8942.2465447344
8826.9484250824
8675.5268021711
8597.0241621047
8558.0396237036
8442.1434998682
8290.0531245828
8262.2540762194
8163.9768832776
8034.7566434408
7974.9970401106
7945.2841197661
7856.807933983
7740.3703981371
7678.6698690785
7648.0042847185
7556.7403793945
7436.7470196469
7382.3671146521
7355.3264586852
7274.7973234678
7168.794962704
7112.3557728476
7084.303022611
7000.8069106841
6891.0075722559
6838.8434272882
6812.9096189771
6735.6967743333
6634.1058389768
6580.8953552718
6554.4503714793
6475.7513242826
6372.2872079767
6325.7887987404
6302.6669841859
6233.807393964
6143.1634733668
6097.8504698562
6075.3194595556
6008.224703066
5919.9162591338
5873.895310301
5851.0191696899
5782.9239174217
5693.3614452367
5649.5309170937
5627.7423507596
5562.8795521195
5477.5572377547
5435.3526732918
5414.3724913247
5351.9165939067
5269.7613198864
5229.9928377955
5210.2212801984
5151.3539495974
5073.8974950776
5035.1607719417
5015.9034514279
4958.5722727852
4883.1487494035
4845.8692702125
4827.3363916112
4772.1619458388
4699.5757430582
4663.9882703767
4646.2957177438
4593.6197386781
4524.3129090718
4490.294781665
4473.3817550956
4423.0239439668
4356.7609239791
4324.0301352096
4307.7570659209
4259.3043921361
4195.5475258428
4163.8800989774
4148.1361305007
4101.2605032305
4039.5826354305
4009.3362828492
3994.2981377434
3949.5212879783
3890.5986751785
3861.6803605706
3847.3019071095
3804.4869698028
3748.140647611
3720.2900922582
3706.442513748
3665.2082723937
3610.9419881995
3584.3067703528
3571.0629267998
3531.6242877451
3479.7161430475
3454.1800924918
3441.4824264965
3403.6688065917
3353.8961645978
3329.4443924732
3317.2854371007
3281.0743479055
3233.4070268384
3209.9804754235
3198.3309243343
3163.6353285082
3117.9593099338
3095.5273188412
3084.3719148883
3051.1463312052
3007.4016445561
2985.9222260324
2975.240113382
2943.4225216645
2901.5277355145
2880.9615310172
2870.7331581979
2840.2654107718
2800.1441635373
2780.4483033582
2770.6523854268
2741.4712216724
2703.0405355994
2684.1780735489
2674.7962594203
2646.8471098315
2610.0353411076
2591.9684112782
2582.9818978629
2556.2088679826
2520.9426775675
2503.6346204478
2495.0252043979
2469.3741852899
2435.5825832427
2418.9980866512
2410.7482339335
2386.1671073686
2353.7817183087
2337.8862928415
2329.9788789746
2306.4167480953
2275.3708083407
2260.1312309296
2252.549760352
2229.9575982351
2200.1867986003
2185.5709502284
2178.299475838
2156.6298868145
2128.0720605957
2114.0490869613
2107.0722895259
2086.2797437626
2058.8751711165
2045.4153880263
2038.718529246
2018.7592233855
1992.4504488602
1979.5253827926
1973.0943252936
1953.9262412939
1928.6581496544
1916.2405310985
1910.061735062
1891.6446299213
1867.3644320763
1855.428182182
1849.4886986733
1831.7840844365
1808.4412908174
1796.9614887802
1791.2489435499
1774.2200391356
1751.7663964451
1740.7192504334
1735.2218294801
1718.833517765
1697.2229526584
1686.5857657755
1681.2921984585
1665.5109761329
1644.6995295504
1634.4506490963
1629.3501829824
1614.1440859478
1594.0898156095
1584.2085763045
1579.2909490302
1564.6294689707
1545.2923404092
1535.7589964578
1531.0144020663
1516.8683866729
1498.210142983
1489.0057881177
1484.4248374474
1470.7663730292
1452.750381681
1443.8568588305
1439.4305347669
1426.2328136661
1408.8238935385
1400.2236935661
1395.9433008873
1383.1804728962
1366.344700501
1358.0208523511
1353.8779633253
1341.5249745586
1325.2294739854
1317.1315876897
1313.1012191477
1301.0839598533
1285.2318543784
1277.3971572432
1273.4977365669
1261.8707508035
1246.5330652106
1238.9194059619
1235.1300325579
1223.8313125443
1208.9269700736
1201.5499081685
1197.8782751462
1186.9305570872
1172.4890823904
1165.3079218916
1161.7338517096
1151.0772786529
1137.020420405
1130.0167019662
1126.5310369679
1116.1384215068
1102.43058843
1095.5918371527
1092.1883864082
1082.0413402205
1068.6584400057
1061.9589029837
1058.6249007698
1048.685565543
1035.5781319167
1029.006859488
1025.7368763876
1015.9891437975
1003.1361134917
996.67084847804
993.45385842242
983.86505633718
971.22380167786
964.84705050793
961.67439231638
952.21887606069
939.75598389817
933.44489336943
930.30525940509
920.94957681117
908.62152691688
902.35026985762
899.23089127091
889.93730817676
877.69510373827
871.43477824183
868.3213800776
859.04776714433
846.83683259151
840.55257810912
837.42796028139
828.12362626571
815.87845826843
809.52435206168
806.36588017955
796.96421216676
784.59894994756
778.11025241256
774.88605450095
765.29339925855
752.68766375965
745.95914529162
742.61747517878
732.68201538774
719.64120305841
712.4558785934
708.89016448681
698.29974044073
684.42487913217
676.03396484533
671.8771631904
659.55948735991
643.48648320567
634.63355340266
630.25286711471
617.29140684896
600.42315775211
590.65615774549
577.72979531377
571.78339630647
568.83318779494
560.07358138975
548.60357842222
543.08306214167
540.34367091921
532.20812657139
521.55095670254
516.2814867147
513.66675023128
505.90172810985
495.73065405478
490.6476295356
488.12569535856
480.63740363925
470.83140812871
465.8835443739
463.42914510498
456.1432581278
446.60661433401
441.74796945725
439.33850442312
432.18867628412
422.83624437347
418.01922530954
415.63133343887
408.54919046058
399.29369595347
394.46085881482
392.06641979608
384.96995842786
375.70741426821
370.7756582283
368.33410982297
361.10550738886
351.6875635115
346.50126678332
343.93686976257
336.35699028124
326.50970178847
320.57653763265
317.65050901416
309.03169285403
297.90261097996
291.30790879345
288.06550650175
278.55323510975
266.35701550199
259.93449773092
251.08137611279
249.83412645184
247.93217478852
242.31275572327
235.01782010596
233.96087591093
232.38657161792
227.72693453685
221.65909863416
218.2693785643
216.59400721199
211.64465726523
205.22100442053
201.62645631523
199.8528616242
194.6251379685
187.86693557539
184.09139461565
182.23217376419
176.76641742791
169.73290108059
165.65869191331
163.65840869363
157.80131350854
150.31662023071
145.77504975068
143.55598248004
137.09941105767
128.9400941615
124.82441167524
122.81609924725
116.98296276577
109.63411317565
106.14195175577
104.43780832041
99.487791626469
93.250789066915
90.28710009687
88.840766765948
84.639303522653
79.344798369093
76.827527922114
75.599001204238
72.030039782729
67.532130849627
65.392958297431
64.348918170703
61.31575026057
57.49275388286
55.674354505686
54.786837157406
52.208275356367
48.957981811688
47.411980794796
46.657385169292
44.464896433209
41.701000376959
40.386416075836
39.744746889401
37.880264046983
35.529629859905
34.411638664901
33.865905245596
32.280086863442
30.280569475487
29.329505820555
28.865235062197
27.516054342057
25.814729255512
25.005289362931
24.610137440329
23.461755451204
22.013501414937
21.324134669707
20.987589512512
20.009488960572
18.775892082475
18.188333228551
17.90148515699
17.06779999684
16.016299852314
15.515159486583
15.270500457981
14.559429230685
13.662571835812
13.234923672716
13.026145708108
12.419365405576
11.654063294036
11.289032702632
11.110827625392
10.592914025475
9.9397203733046
9.6281163222479
9.4759968764777
9.0339077389117
8.4763713778162
8.2103883218447
8.0805432401037
7.7031994169192
7.2273416741826
7.0003280280271
6.8895093331789
6.5674685094126
6.1613745466092
5.9676511539299
5.8730856774241
5.5982857580613
5.2517821240381
5.0864956397545
5.0058134861574
4.7713648560363
4.4757578428283
4.3347901797011
4.2659801473624
4.0660346821154
3.8139419600616
3.6936816888504
3.6349811181318
3.4644176202832
3.249383824792
3.1468326376786
3.0967772020972
2.9513377170955
2.7679878105027
2.6805533699273
2.63787736034
2.5138828075007
2.3575754491909
2.2830421000906
2.246663757661
2.1409698857018
2.0077387465671
1.944213447666
1.9132085515083
1.8231291136972
1.7095858446442
1.6554515332541
1.6290306233967
1.5522711423224
1.4555217523527
1.4093974011858
1.3868862705867
1.3214873116344
1.239060555888
1.199766968064
1.1805899576564
1.1248785553666
1.0546646199803
1.0211951435142
1.0048608402829
0.95740891389037
0.89760692735933
0.86910238536111
0.85519137963123
0.81478013761228
0.76385324516197
0.73958048030156
0.72773488838985
0.69332436712695
0.64996128795293
0.62929480460642
0.61920930445655
0.58991230682854
0.55299444666293
0.53540070536404
0.52681486761081
0.50187466874322
0.47044798862406
0.45547197537989
0.44816370542204
0.42693498901982
0.40018595219906
0.3874396938176
0.38121962428439
0.36315218248151
0.34038718979921
0.32953993652296
0.32424663397958
0.30887143464214
0.28949924805804
0.28026908365765
0.27576495239143
0.26268223312345
0.24619895708069
0.23834563011036
0.23451341223898
0.22338250808245
0.20935875877262
0.2026775589536
0.19941734487249
0.1899479996401
0.17801794641257
0.17233447466915
0.16956114986077
0.1615060959948
0.15135810337852
0.1465238077199
0.1441648734855
0.137313498803
0.12868213967226
0.12457050182094
0.12256421377439
0.11673715199633
0.10939638643118
0.10589967089369
0.10419345201595
0.09923797117219
0.092995331437505
0.090021808218327
0.088570893196704
0.084356956423494
0.079048580444708
0.076520158834373
0.075286439052763
0.071703348413828
0.067189748288963
0.065039956814597
0.063990994360435
0.060944525965875
0.05710697629751
0.055279240013223
0.05438742684027
0.051797387816428
0.048534846055606
0.046981020248051
0.046222862481003
0.044021011491204
0.041247496469233
0.039926612712385
0.039282118659622
0.037410387986568
0.035052739123368
0.033929943571001
0.033382105488813
0.031791095210684
0.029787074061421
0.028832712734985
0.0283670604676
0.027014741962008
0.025311398732879
0.024500248197782
0.024104473659213
0.022955098472411
0.02150739639291
0.020818000266043
0.020481633678986
0.019504793164944
0.018274423783061
0.017688534974337
0.017402672625615
0.016572506915104
0.015526892863091
0.01502899440247
0.014786064806261
0.014080583564446
0.013192022676322
0.01276891448766
0.012562476799475
0.011962973928221
0.011207902315297
0.010955178737105
0.010830962008615
0.010466698828375
0.0099999997764826