0.235227353071821
0.23523853091415603
0.2352441208315555
0.23526089100132014
0.2352832550661157
0.23528341875312914
0.23528896876529665
0.23529201638602537
0.2352936905328039
0.23529452809311246
0.23529705582082683
0.23530036361924292
0.23530267561944537
0.23530585755465366
0.23530644645087342
0.23530850448706694
0.23531125957773852
0.23531280844991148
0.23531358322868404
0.23531591220861597
0.2353190113786305
0.23532100420188548
0.23532199948044788
0.23532498533075155
0.23532897942569694
0.23533090275147173
0.23533186839124803
0.23533476532441572
0.2353386155668507
0.23534057786392146
0.23534155521823028
0.235344475624771
0.23534842205915374
0.23535020961991523
0.23535111596005773
0.23535384040991736
0.23535744244547088
0.23535921660693482
0.2353600951579706
0.23536273082259054
0.23536624513410434
0.2353681142051383
0.235369047504329
0.23537184741489367
0.23537558073262435
0.23537785977404804
0.23537900189086736
0.23538242144856203
0.235387019570589
0.2353892430843022
0.23539036062210766
0.23539372663112898
0.23539819687449204
0.2354007217272361
0.23540197802696247
0.23540575445732895
0.23541079604872694
0.2354132680140712
0.23541450895228946
0.23541823178939503
0.23542322774927363
0.23542565289873235
0.2354268753533343
0.23543051362790188
0.23543546421189757
0.23543798919746353
0.23543927840936416
0.23544314606936295
0.23544830314706533
0.2354510407225222
0.2354524132712004
0.2354565309447118
0.2354620567935131
0.23546466022884432
0.2354659748516107
0.23546990309025867
0.23547519438740208
0.2354786118297977
0.23548033309973349
0.23548549695215432
0.23549233817433501
0.23549550092474258
0.23549706877369517
0.23550177235614092
0.23550804409194318
0.23551838588779878
0.23552353456565137
0.23553904249057758
0.2355597733966713
0.23555996936506962
0.23556745467906318
0.23557739614122497
0.2355826242865672
0.23558524052314783
0.2355930737956129
0.23560353978409937
0.2356095441526092
0.23561255052731322
0.23562153409299963
0.23563367362696067
0.23563410917937244
0.235636518600913
0.23564374694803733
0.23565344725299062
0.23565799443703314
0.23566029920504655
0.23566719993596497
0.2356764198246545
0.2356819436790765
0.23568470599004251
0.23569292762124244
0.23570418464267862
0.23570468424741253
0.2357071535375422
0.23571457613906516
0.23572448568832033
0.23572944850122265
0.23573195428863283
0.23573944217325515
0.23574940249798135
0.23575424191908248
0.23575664605495877
0.2357638585448222
0.23577347588956832
0.2357788667459841
0.23578155897547837
0.23578963576664355
0.23580044011412005
0.23580600555402867
0.23580880913969104
0.23581720347489651
0.23582834757568527
0.23583361897909375
0.23583622913728466
0.2358440597084522
0.23585453458573802
0.23585947667222631
0.23586196557274497
0.23586943236226465
0.23587929369919874
0.2358845608485159
0.23588716187050715
0.2358949650323638
0.23590540323835915
0.23591152072146873
0.23591460046133877
0.2359238216772841
0.23593610287816572
0.23594213899452626
0.2359451454908979
0.23595423610452945
0.2359661156482195
0.2359733173281574
0.2359768457210298
0.23598745189842257
0.23600161204801323
0.2360103316497341
0.23601466677072197
0.23602785194713016
0.23604492575423425
0.23605398340453507
0.23605838249743283
0.23607147662606148
0.23608940252625948
0.2360971581860008
0.23610115414326047
0.23611323651748323
0.23612917513811352
0.23613817687079874
0.23614264312827005
0.23615601600642638
0.23617394047021883
0.236182231356712
0.23618640472214483
0.2361989495564326
0.23621564527795094
0.23622608011164403
0.23623126936084618
0.23624689847351557
0.23626772469730978
0.2362788669953251
0.2362844562730819
0.23630119191847782
0.23632355351747428
0.23633454332677828
0.23634007155537948
0.23635659222758865
0.23637864014034102
0.2363897005548494
0.23639521877429848
0.2364118383118777
0.23643378130632972
0.2364441678248474
0.23644929590596278
0.23646474049948266
0.23648532088078153
0.23649492781110454
0.2364997512869094
0.23651422203963765
0.2365333978442543
0.23654416549740362
0.23654950618304071
0.23656552863839864
0.23658689531766314
0.23659753691450378
0.23660285449345714
0.2366189003987519
0.23663997897278835
0.23665303321309372
0.23665946267911495
0.23667886368845306
0.2367043509992839
0.23671961823541013
0.23672716004719987
0.23674978627400545
0.23677996134760793
0.23679895974935533
0.23680846179872897
0.23683707919250144
0.23687487099751145
0.23689564584236975
0.2369059267824928
0.2369369494391759
0.23697771169007933
0.23699810824353706
0.23700810301661865
0.23703855109696068
0.23707769712569154
0.23709667266065648
0.23710577224519078
0.23713322933695868
0.23716942080086623
0.23719265156665434
0.23720417459224152
0.23723861325719953
0.23728499879952844
0.237310857965801
0.23732397018791868
0.23736315957106663
0.2374157943541901
0.2374390749963398
0.23745088616096935
0.237486254286937
0.23753351843213166
0.2375617735252786
0.2375759544765666
0.2376182584145049
0.23767534540682844
0.23770953790429847
0.2377267745918759
0.23777858672670066
0.2378479966126002
0.23785664785170088
0.23789619254204247
0.237949449641481
0.23797888409261544
0.23799372710998654
0.23803842651779822
0.23809693868272153
0.238106364951946
0.23812102774161795
0.23816501907194973
0.23822387761608166
0.23825677158440203
0.23827326689700778
0.23832303446854974
0.23838826720422787
0.23839243613241545
0.23840707729649271
0.23845116748460402
0.2385092440218124
0.23853822360903607
0.23855249574924725
0.23859563350235632
0.23865208727144013
0.23868381272255218
0.23869940447261156
0.23874575071599302
0.2388092442951342
0.23883914168626938
0.2388545399003981
0.23890082323220668
0.2389624480370848
0.2390046787529682
0.2390257659029475
0.23908880094952759
0.23917394488615107
0.23921714487647824
0.23923900480274862
0.23930471133901995
0.2393922155166113
0.2394447646704272
0.2394709228368028
0.23954969361297718
0.2396544182971178
0.23971282442563877
0.23974194729810047
0.23982964410692645
0.2399452506227592
0.23999957024213875
0.2400263029141533
0.24010665543490034
0.2402139946686267
0.24027012455007127
0.24029825160686324
0.24038279514577282
0.24049639060382796
0.24052977800908618
0.24056350413715402
0.24066397929853792
0.24080017407639023
0.24086632483635076
0.24090015069084328
0.24099985800594226
0.24113905975888814
0.24120615579288432
0.24130719037544898
0.24135508718054258
0.24137959814851642
0.24145262484796812
0.2415520976722336
0.24160380227483638
0.24163014989927914
0.24170934014740011
0.2418148236753012
0.24186590550775378
0.24189146478066015
0.2419676216909592
0.24207078455310918
0.24213307940116585
0.2421645319732405
0.24225890349902213
0.24238657767850122
0.24240549244404988
0.24243466591243304
0.24252234795146954
0.24263883175364787
0.24269425956217214
0.24272184021395954
0.24280501452230188
0.24291335742422368
0.24296843569102095
0.2429951852487669
0.24307557976086056
0.24318296680839419
0.2432545969412766
0.24329050712777286
0.24339789295936098
0.24354285052006644
0.24361915902413278
0.24365773787639286
0.24377407529414294
0.24392736610948343
0.24401079707385348
0.24405190902381088
0.24417547257001718
0.24434058639092218
0.24441625326592972
0.24445423192768745
0.2445688445778936
0.24472016945619932
0.2448044387537158
0.244846064723516
0.24497209104126696
0.24513710709847378
0.24523044489405377
0.24527627760770232
0.24541402657105885
0.24559765374073786
0.24571842638750852
0.24577902970317989
0.2459607431591846
0.24620178654817537
0.24631258102849704
0.24636757586323466
0.24653247050042032
0.24675228701499557
0.24687539294158617
0.2469366931407841
0.24712136539153337
0.24736615047482796
0.24751626605329266
0.24759115129053402
0.24781415067800558
0.24811842877727008
0.24816355429814677
0.24834987080461038
0.24859783248328898
0.24874063096246832
0.24881187025037174
0.2490261397389024
0.24931074084440133
0.24949076929373232
0.24958061554963656
0.24984906225228473
0.2502132866512074
0.25023247851956787
0.2503199296428579
0.25058431173482726
0.25093228853630556
0.25109883293974095
0.251180961093801
0.2514267262737835
0.2517572249202169
0.25195743791155234
0.2520584862438579
0.25236176555063644
0.25276452733209703
0.25295074112746646
0.2530431366201956
0.2533204361935253
0.25369110429991426
0.25393226880272546
0.2540532637513226
0.25441644196820157
0.2549028013471404
0.25517167505996885
0.2553068019710755
0.25571377386841876
0.2562531555940338
0.25641423741634584
0.2565738043951337
0.2570550259892367
0.2576951904805521
0.2580597602667893
0.2582418937840981
0.25878872470973363
0.2595205285329199
0.2599862209701001
0.26021993442498315
0.2609217776213646
0.2618694002069784
0.26220623096426937
0.2629693856514267
0.26296838541756756
0.26343349919624115
0.26406020683059506
0.26437295735302
0.26453069400386775
0.2650066234509649
0.26563912492931385
0.26608480477455443
0.26630797736036493
0.2669784408864025
0.2678767003605724
0.26851453840482514
0.26883626004760736
0.2698029691490868
0.2710986556986897
0.271844162352742
0.27221912777262575
0.27334669947997386
0.2748627999188048
0.2756044141204521
0.27597834249861525
0.2770994070516689
0.2786175384043584
0.2788097861729662
0.2798785773745373
0.280151260293912
0.2804345278698948
0.28128708604043495
0.2824265160713629
0.2829942460645426
0.2832786007920662
0.2841337275934217
0.2852796357009066
0.2861479959738771
0.286586387279133
0.28790293563494046
0.2896809842439215
0.2908742796031994
0.2925139046103884
0.2927877766496554
0.2931455996446825
0.2942218403335815
0.2956652934087412
0.296485381068999
0.2968984821159846
0.29813878789920123
0.29981113325801556
0.3005948475306231
0.30099107384538076
0.3021818218791046
0.3037809646383591
0.3046824300870495
0.30513660865410674
0.30650190898562746
0.3083417685357871
0.30922226360531974
0.30966740106986257
0.3110046527511893
0.3128068593718956
0.3137185361838507
0.3141793868457367
0.315565113278976
0.3174285273452853
0.318635859053733
0.31924641431827766
0.3210837539347176
0.32356193060289423
0.32487880696011145
0.325545264475621
0.3275501304545811
0.3302605535621744
0.33072303582120793
0.33249140550287226
0.33488016700409545
0.3353973701786191
0.3359698743497202
0.3376914582621775
0.3400121334313635
0.3413668260000122
0.3420530609552109
0.344116921474209
0.3469075027890138
0.34705072749902177
0.34762283371725067
0.3493427507882478
0.3516621758236719
0.3529459787923218
0.35359601856757644
0.3555505105064048
0.3581904731079999
0.3594894236987792
0.3601471493474498
0.3621254461491902
0.3647960658522456
0.36620098911881765
0.36691257426071916
0.3690531655831329
0.37194561206071
0.37339107289027607
0.37412339507827785
0.3763261222331499
0.3793046532300242
0.38074090766732505
0.38146882559099804
0.38365864552384676
0.3866174600423812
0.3882009031046938
0.3890038707477623
0.39141999621776496
0.39468918463566033
0.39631930044728486
0.3971463342383584
0.3996349459858424
0.40300365710353986
0.4046947033551125
0.40555312585103553
0.4081365233105815
0.4116348644117643
0.4134237032189697
0.414332389252605
0.4170676951618967
0.4207741742368724
0.4226712607473446
0.4236356268283518
0.4265390111751792
0.4304767657614189
0.432462865144537
0.43347319011889685
0.43651504811294284
0.44064375854694726
0.44270985676312996
0.44376151283479087
0.44692811450450887
0.4512280847692723
0.4533981033740579
0.4545032442165269
0.4578314534291839
0.4623529921551715
0.46465076319688225
0.4658216190410671
0.46934810917160563
0.4741423269029283
0.4765484940063169
0.4777750255163813
0.48146954083296095
0.48649381461499713
0.4890276992983741
0.4903197176501809
0.4942118940326172
0.49950698963309764
0.5021669291288168
0.5035234554199121
0.50761042445963
0.5131714075430126
0.5159881197886291
0.5174248442063912
0.5217540298716222
0.5276465143134771
0.5306140358961431
0.5321277469255692
0.5366894930173898
0.5428993768937582
0.5460354471021219
0.547635174707619
0.5524567887807409
0.559021627262937
0.5623322444842894
0.5640209590230075
0.5691114730615562
0.5760433308774432
0.5795373986942927
0.5813195795268732
0.5866925748671422
0.5940098388363598
0.5977001466447315
0.5995822816474976
0.6052574199754106
0.6129870002106893
0.6168819886281948
0.6188683201119664
0.624858463462123
0.6330177599849249
0.6371291322481621
0.6392255811919914
0.6455486788065147
0.6541621446213594
0.6585017737818829
0.6607143361825064
0.6673885663520277
0.676480924325785
0.6810612665197309
0.6833962230178717
0.6904406272242237
0.7000377381519052
0.7048721366276663
0.7073362051415069
0.7147711513159521
0.7249006521319696
0.7300028941067698
0.7326029978055623
0.7404494775540384
0.7511397896563292
0.7565244353736305
0.7592678693134816
0.7675480045038957
0.7788290345607329
0.7845112249998926
0.7874055548495106
0.7961422915801712
0.8080449985037601
0.8140406040991333
0.8170937410967413
0.8263110777962128
0.8388677901160204
0.8451932528134669
0.8484133712785569
0.8581361092316491
0.8713801762310132
0.8780524940658576
0.8814480225216864
0.8917017399549053
0.9056674943547022
0.912704193763275
0.9162837995738297
0.9270948058522962
0.9418174980730808
0.9492365947872476
0.9530091623171629
0.964404432379602
0.9799201348753138
0.9877400859778428
0.991714689142922
1.0037217807013765
1.02006726424971
1.0283069048908722
1.0324927700939674
1.045139711476351
1.062352274474672
1.0710307378853277
1.0754371959359494
1.0887523402654113
1.1068695835304072
1.1160061720687904
1.1206425819149735
1.1346543755479874
1.1537138482520997
1.1633278620935013
1.1682035091533756
1.1829401829707555
1.2029789110199247
1.2130893955377615
1.2182133443678855
1.2337024665477343
1.254756277913649
1.2653816819578898
1.2707625792385824
1.2870304575757645
1.30913308932809
1.3202908083797873
1.3259366232931054
1.3430075181407828
1.3661894536399457
1.3778952409611154
1.3838129351225608
1.4017080595479128
1.4259950671030808
1.438262300550078
1.444457422346656
1.4631937143018263
1.488605071084294
1.5014438647886874
1.5079200640415107
1.5275087186281089
1.5540551087642338
1.5674712681823695
1.5742297319013092
1.594674496567745
1.6223555929886022
1.6363494153281524
1.6433882364934294
1.6646834818077638
1.6934852654678607
1.7080292366172536
1.7153321100515566
1.7374284701485676
1.767276072997951
1.782403448940651
1.78998431479041
1.8129247578576972
1.8438687049535567
1.8594803696944058
1.8672862511850326
1.8909097888711988
1.922721155165937
1.9388701318286141
1.9469237161707167
1.9713004625615502
2.0040639161047316
2.0206574870801077
2.0289081239419553
2.053884677445823
2.0873796194443592
2.104355886671377
2.1127677189133953
2.1382361676380848
2.1723028164012996
2.1895748746691064
2.1980990776399087
2.223912347528422
2.2583368298707858
2.2757967166609245
2.2843734358226313
2.3103512853358397
2.344873957719639
2.3623996875778825
2.370961361829691
2.3969006416501655
2.4312296269947984
2.448670115337652
2.4571340930398256
2.482786322626388
2.5165676569533435
2.5337473010115876
2.5420178947420093
2.567095707202551
2.5999217302714377
2.616624847582387
2.6245859197170187
2.6487405849926158
2.6801207507172315
2.6961046866421174
2.7036254201971683
2.726464797542058
2.7558482939786013
2.770822257148807
2.7777470305903167
2.798804962087569
2.8255409272580394
2.839171337730153
2.8453211177249473
2.8640623737905697
2.8874038769580532
2.8992971310088884
2.904459692677035
2.9202511982657673
2.9393141644115524
2.94899958907231
2.9529164858771515
2.964990102926457
2.9786927952823414
2.9855752709600116
2.9879036498813694
2.9952470998728287
3.0021284260437744
3.0053240875364695
3.00548078799958
3.006397486440593
3.003844293783846
3.0009644563957294
2.9971825103041057
2.9866160266577815
2.9664856852396673
2.95520891895043
2.9335035274156094
2.9232063181274386
2.9172886559520768
2.8997319091951597
2.8743344714705805
2.8617557140808607
2.854949434284788
2.8346384429834215
2.8061846570972233
2.791784107330664
2.7842493426302233
2.7616822761969657
2.730663302970203
2.714852465443008
2.7067704356052262
2.682492695165185
2.6495690210218896
2.6326988305019947
2.62423218417713
2.5987286211022793
2.564503130508062
2.546850829897815
2.5381301807618364
2.511785636593369
2.47673420051022
2.4584990202239876
2.44961903334913
2.4227052538925395
2.38715227584374
2.36843133316818
2.35943896747337
2.332077337846552
2.2961487912718326
2.2768873264554856
2.2677651992363534
2.239872058512126
2.2034493892985014
2.1833360521283023
2.17397487817144
2.14515723881334
2.1077788893502376
2.0857657013966238
2.0758008437822775
2.0447708303371126
2.004946184366704
1.9636071340912111
1.9474744268056214
1.8936194897731844
1.8288094646688475
1.8149816048650673
1.8086626453760617
1.7876032114801068
1.760824071296824
1.7569951385689835
1.751726707448985
1.7349513306478712
1.7135036900051932
1.702021666935247
1.6970977130101614
1.6812409618974933
1.6610356559558483
1.6490584405890296
1.6441141927071805
1.6278205615884902
1.6072483726068407
1.5949228960606692
1.5900891488936466
1.5736464988236631
1.5531144385891518
1.540221563383403
1.5355339143145799
1.5187725491497157
1.4981900946706497
1.4838791992896037
1.4793348814658098
1.4614511041298208
1.4402240512004478
1.4256654696660633
1.4217429229624312
1.404392173825964
1.3844746478059033
1.3715805233106366
1.368472550663507
1.3537082115105907
1.3368237998237187
1.3254566388871472
1.322934208476173
1.3100844526498299
1.2954328191137185
1.2852077886621338
1.2831088345862853
1.2716768247781687
1.2586780776411604
1.2493223674843885
1.2475348531022454
1.2371764211097898
1.2254292297496565
1.2167533602791294
1.2151994883402504
1.2056755683922211
1.1949007790069501
1.1867725145017463
1.1853979027642827
1.1765412282396956
1.1665430329899598
1.158869152200925
1.1576354604855774
1.1493277162029758
1.139967201832594
1.1326808307181044
1.131560746060217
1.1237168311629833
1.1148938728142892
1.1079455530115805
1.1069193932214518
1.0994764548563472
1.0911172192687812
1.0844685625169141
1.0835219907123266
1.07643177931333
1.0684801044890644
1.062099542199593
1.061222022560342
1.054445847126815
1.0468575093361066
1.04071800342521
1.0399017180494208
1.03340761492331
1.0261468674038445
1.0202252217254981
1.0194642631882904
1.013225771893687
1.0062634711530056
1.0005403782853308
0.999830136761317
0.9938257273222878
0.9871381935886862
0.9815981173367294
0.9809348433779328
0.9751472217705309
0.9687151910159495
0.9633457659727428
0.9627262876209145
0.9571414326385133
0.9509489606406603
0.9457401465825042
0.9451616967404318
0.9397678908864007
0.9338013757927149
0.9287446969638806
0.9282048058661435
0.9229918857189605
0.9172393423973687
0.9123273523766209
0.9118237762411312
0.9067826389590877
0.9012332219122156
0.8964591737983347
0.8959898453089508
0.8911121470395847
0.8857558529496229
0.8811110731026893
0.8806744051491181
0.8759499327153702
0.8707758191565638
0.8662585234360495
0.8658520416492891
0.861278475560491
0.8562810247507084
0.8518850471137431
0.8515073546500046
0.8470753462354783
0.8422445840090101
0.8379637930110755
0.8376132737439815
0.833316223990554
0.8286441948942337
0.824473585726376
0.8241486991310095
0.8199803570510886
0.8154595050565874
0.8113943202639671
0.8110935994377177
0.8070480090471196
0.8026711319452541
0.7987068361478288
0.7984288833817479
0.7945003666750625
0.7902605967732551
0.7863928655600078
0.7861363489341856
0.7823194927038899
0.7782102818062029
0.7744349925619288
0.7741986432320124
0.770488288177688
0.7665033948625252
0.7628166188323802
0.7625992287535567
0.7589904598268706
0.7551239382854129
0.7515219333456251
0.7513223532439605
0.7478104909351434
0.7440566808515704
0.7405358844590563
0.740353021969116
0.7369336138587991
0.7332871305077718
0.7298441532326903
0.7296769710617597
0.7263457839217109
0.7228015087102571
0.7194331276393722
0.719280641800108
0.7160336535365533
0.7125867242533553
0.7092898769565887
0.7091511549546755
0.7059845467876722
0.7026303491362578
0.6994021264453597
0.6992762855213009
0.6961864340332934
0.692920591282244
0.6897582319366032
0.6896444371751373
0.6866279068459095
0.6834462707772035
0.6803471548589445
0.6802446174166479
0.6772981524176283
0.6741967943040675
0.6711584368525598
0.6710664120562513
0.6681869289678106
0.6651621294197257
0.6621821748806216
0.6620999605096753
0.6592845401658548
0.6563327815035946
0.6534089971823074
0.6533359314283579
0.6505818123819229
0.6476997674743528
0.6448300386083032
0.6447654983341824
0.6420700686282884
0.6392545930035992
0.6364369162412378
0.6363803154354991
0.6337411052302401
0.6309892288658046
0.628221707219962
0.6281724946399292
0.6255871702472193
0.622896089401729
0.6201769251676453
0.6201345834386387
0.6176009386927284
0.614968006327715
0.6122954975180547
0.6122595406446157
0.6097754934718456
0.6071982063281599
0.6045707465448485
0.6045407186020874
0.6021043008595146
0.5995803034130088
0.59699636584007
0.596971839669738
0.5945811924640121
0.5921082622523094
0.5895664015591607
0.5895469762612363
0.5872003451449807
0.5847763844735877
0.5822752326020193
0.5822605340461964
0.5799562606152732
0.5775792911739553
0.5751175536861671
0.5751072298794568
0.5728437559455315
0.5705118934123733
0.5680883587792396
0.5680820826099262
0.5658579237947446
0.5635694315808742
0.5611829212907699
0.561180385469713
0.5589941450045037
0.5567473734239963
0.5543967727005797
0.5543976886176306
0.5522480549716138
0.5500414001282382
0.5477256937032166
0.5477297983022673
0.545615507416161
0.5434475540915881
0.5411657121444239
0.5411727485332072
0.5390926643653735
0.5369619014413747
0.5347130668626799
0.5347228058314532
0.5326757790904996
0.530581021075945
0.5283642133085371
0.5283764393660682
0.5263614222153857
0.5243013843396278
0.5239013550591061
0.5238695789621084
0.5237690197591554
0.5236350725920066