0.9993452965697645
0.9993207215433229
0.9993084334583677
0.9992715691253005
0.9992224147828702
0.9992162977065963
0.9992106506731846
0.9992094317990338
0.9992040339228205
0.999201483799087
0.9992002087306939
0.9991963835234464
0.9991912832286186
0.9991883839953103
0.9991869343703512
0.9991825854930411
0.9991767869654411
0.9991738904915665
0.9991724422461448
0.9991680975074785
0.9991623044980844
0.9991592502768664
0.9991577231568969
0.99915314179434
0.999147033283874
0.9991438706688127
0.999142289351348
0.9991375453961675
0.999131220093729
0.9991216268889656
0.9991168301992571
0.9991024401145217
0.9990832530571034
0.9990802607673454
0.9990734120055426
0.9990699875794675
0.9990597142923748
0.9990460164344054
0.9990427907337313
0.9990389066815112
0.9990369646405847
0.9990311385140599
0.9990233703012781
0.9990188359785855
0.9990165687973603
0.9990097672490047
0.9990006984562704
0.9989962661476757
0.9989940499738947
0.9989874014479766
0.9989785366888585
0.99897399799284
0.9989717286248199
0.9989649205160854
0.9989558429766631
0.9989504736843501
0.9989477890103282
0.9989397349821296
0.9989289961914135
0.9989234602302146
0.9989206922197338
0.9989123881818808
0.9989013160400003
0.9988954812676063
0.9988925638485376
0.9988838115843232
0.9988721417971037
0.9988654989163788
0.9988621774336528
0.9988522129769448
0.9988389269021131
0.9988316663789603
0.9988280360667697
0.9988171451203278
0.9988026236990866
0.9987955732279691
0.9987920479443502
0.9987814720841139
0.9987673707874443
0.9987607753041201
0.9987574775204657
0.9987475841611005
0.9987343928839917
0.9987261784690794
0.9987220711968452
0.9987097493681706
0.9986933200582294
0.9986852059789313
0.9986811488757094
0.9986689775542463
0.9986527489272172
0.9986431997382382
0.9986384250568755
0.9986241009974297
0.9986050019723902
0.9985950603484511
0.9985900894411385
0.998575176702575
0.9985552927517959
0.998553491806404
0.9985492834686102
0.9985366584426708
0.9985198248590562
0.9985087822074136
0.9985032607648646
0.9984866964171595
0.9984646102507603
0.9984515558497256
0.9984450284877343
0.9984254463755341
0.998399336372764
0.9983978874518381
0.9983815853208936
0.9983598487874668
0.9983243595133989
0.9983066136847486
0.9982533760363557
0.998182388608651
0.9981616882081515
0.998149119290998
0.9981428346825195
0.9981239808321853
0.9980988418801979
0.9980861820557306
0.9980798519896598
0.9980608617662348
0.9980355409776488
0.9980228056166888
0.9980164377810896
0.9979973342495894
0.9979718623720122
0.9979663470852704
0.9979602936051976
0.9979421331421231
0.9979179187414325
0.9979059914041368
0.9979000275988668
0.9978821361602979
0.9978582804752248
0.9978139891855761
0.9977918416858317
0.9977253989448153
0.9976368024909937
0.9976240854717292
0.9976136183443588
0.9975822169009552
0.9975403469524192
0.997521203119967
0.9975116308523465
0.9974829139979283
0.9974446237233335
0.9974271562050522
0.9974184221529441
0.9973922199533891
0.9973572827388314
0.9973386783517246
0.9973293758255175
0.9973014681973175
0.9972642569599771
0.9972462364407516
0.9972372258718509
0.9972101941183328
0.9971741507802273
0.9971553672304959
0.9971459751196943
0.9971177987373413
0.9970802291348434
0.9970585104870905
0.9970476507131141
0.9970150713253436
0.9969716306857658
0.9969500960068601
0.9969393282263996
0.9969070248201596
0.9968639521891355
0.9968397651927011
0.9968276711424304
0.9967913889131933
0.9967430107945835
0.9967169982285214
0.9967039913020858
0.9966649704285795
0.9966129405321631
0.9965860556530418
0.9965726125374484
0.9965322830915994
0.9964785082928732
0.9964530426150138
0.99644030917209
0.9964021087557594
0.996351172860666
0.9963066251798051
0.9962843494637874
0.9962175220650062
0.9961284126841565
0.9960845250417224
0.9960625793871537
0.9959967421761551
0.995908953291357
0.9958663102718559
0.9957996710862226
0.9957680387814639
0.9957522216836955
0.9957047702521236
0.9956414986163499
0.9956053559702818
0.9955872834238034
0.9955330656106166
0.9954607711686826
0.9954264260860454
0.995409252434329
0.9953577313287258
0.9952890328214787
0.9952553169635452
0.995238457940391
0.9951878807163298
0.9951204409257005
0.9950823270063084
0.9950632686822399
0.9950060935217565
0.9949298554589097
0.9948861637338017
0.9948643160623459
0.9947987728005343
0.9947113758406811
0.9946669564107099
0.9946447448175296
0.9945781097915929
0.9944892569501316
0.9944461126874324
0.9944245387881706
0.994359816844998
0.9942735151849427
0.9942228604501703
0.9941975306754022
0.9941215410169455
0.994020213497335
0.9939729390811198
0.9939492997531926
0.993878381469082
0.9937838168771697
0.9937229119601767
0.9936924560241126
0.9936010877201142
0.9934792519700009
0.9933957198546902
0.9933539472866822
0.9932286287306147
0.9930615155556859
0.992976937724032
0.9929346420383169
0.9928077540715413
0.9926385478648952
0.9926120096713102
0.9925759147045115
0.9924676291581603
0.9923232322460224
0.9923055100184399
0.9922731778554076
0.9921761808234928
0.9920468386095133
0.991980268143864
0.9919469787879536
0.9918471101512107
0.9917139382624783
0.9916475562348002
0.9916143610872776
0.9915147750908934
0.9913819800931808
0.9913080629359214
0.9912710992176306
0.9911602073786561
0.9910123345958975
0.9909418973441524
0.9909066740249755
0.9908010034500514
0.9906600938976172
0.9905837112303008
0.9905455143921604
0.990430923135235
0.9902781167381149
0.9901997078658457
0.9901604976686516
0.9900428662653457
0.9898860056219042
0.989784264891685
0.9897333849371602
0.9895807437823863
0.989377189970531
0.9892544142258934
0.9891930121777125
0.9890088041367665
0.9887631465013519
0.988731422623456
0.988673652730487
0.9885003413012793
0.9882692185415
0.9881456120471186
0.9880837946920231
0.9878983407094263
0.9876510211720066
0.9876032558855313
0.9875395154289325
0.9873482920376178
0.9870932768805506
0.986975283099351
0.9869162730597099
0.986739241152139
0.986503155609449
0.9863854468562397
0.9863265795628197
0.9861499758528952
0.9859144617393961
0.9857862155193369
0.9857220772113703
0.9855296601122714
0.9852730534229104
0.985116866873242
0.9850387510115471
0.9848044003106063
0.9844918569695243
0.9842696427480702
0.9841584897033047
0.9838250242140325
0.9833802512704939
0.983300109817863
0.9829540308868535
0.9827853045087045
0.9825284782543114
0.9823717473336042
0.9822933592196359
0.982058191561507
0.9817445592269824
0.9815396376379036
0.9814371381384015
0.9811296339785923
0.980719500068706
0.980487626090874
0.9803716398284554
0.9800236737558315
0.9795595543803476
0.9793047962701102
0.9791773577160771
0.9787950331534518
0.9782850686770996
0.9779931153041526
0.9778470606963411
0.977408885046291
0.9768243923289754
0.9768082408194343
0.9766918636470275
0.9763427246439341
0.9758770406205726
0.975635276799325
0.9755143415850579
0.9751515276740714
0.974667597845121
0.9743225872944546
0.9741499738867063
0.9736321171894797
0.9729412771198552
0.9728843057503874
0.9726602164642819
0.9719879205923003
0.9710909142767565
0.9706494951475023
0.9704286090737537
0.9697659227405812
0.9688817500001957
0.9687129492344693
0.9681192653197919
0.9678445634142115
0.9677071445653147
0.9672948768721499
0.9667449589825549
0.966468049428141
0.9663295261656267
0.9659139449229863
0.9653596051623587
0.9649971506726626
0.964815806166942
0.9642717526895697
0.9635459526096436
0.9631804594482347
0.9629975941549621
0.9624489778328061
0.9617170867995684
0.9613378715381213
0.9611481360527228
0.9605789073544888
0.9598195038425459
0.9593217903514588
0.9590727147975192
0.9583254493277001
0.9573283548867737
0.9566895981567759
0.9563698620781139
0.9554105894500265
0.9541303331166648
0.9532863871843648
0.952863790009975
0.9515958843596187
0.9499032104333919
0.9492901189767671
0.9480877750015609
0.9478234840570787
0.9474335785120405
0.9462637579960188
0.9447022051582381
0.9442341705959543
0.9431038483214469
0.9424900571558521
0.942182840232814
0.9412611219027254
0.9400310544294248
0.9392311194538121
0.9388306090882025
0.9376289614315029
0.9360248827165816
0.9359606200899647
0.9350505936475948
0.9338361525423085
0.9330783374102366
0.9326989497004294
0.9315606763533139
0.9300413011847835
0.9291044894350432
0.9286353538576398
0.9272277744176024
0.925348451521712
0.9244749074477051
0.9240375070488392
0.9227251495199386
0.9209731313019757
0.9198671755681973
0.9193132015810394
0.9176510217255828
0.9154312539297758
0.91396296744389
0.9132270898859953
0.9110189861526435
0.9080686435183661
0.907673303044984
0.9058683492461383
0.9034576250246021
0.9031850936918934
0.901424811283518
0.8990738689324316
0.8978944898147104
0.8973037176834239
0.8955310521369847
0.8931635515678537
0.8920475193993391
0.8914885413629399
0.8898112791525244
0.8875714142993082
0.8863174675734053
0.8856892987193702
0.8838043608560255
0.8812866711878331
0.880147704473968
0.8795772403454711
0.8778654729891184
0.8755794627830273
0.874328527827179
0.8737018922704527
0.8718215135001064
0.8693099279431866
0.8677227028997965
0.866927227671821
0.864540006761086
0.8613498968312814
0.8609747570774391
0.8602307080148915
0.8579978263291219
0.8550143744149034
0.8536490689309629
0.8529650466832681
0.8509123220535215
0.8481700204128448
0.8468126314146254
0.8461325899041555
0.8440917808903505
0.8413653805830922
0.8400528246030995
0.8393952859633055
0.8374219973787298
0.8347859110640281
0.8333487595357199
0.8326286686402224
0.8304675499057065
0.8275799217917662
0.8258427559435827
0.8249719419407734
0.8223581970074709
0.8188640081984637
0.8181842025303829
0.8158326422963593
0.8126896473770494
0.811193073490002
0.8104430732857257
0.8081920009363688
0.8051834386464363
0.8037583408661679
0.803044205113575
0.8009007765587054
0.7980362206438878
0.7963925443858128
0.7955685491326601
0.7930951368548814
0.7897880715838114
0.7882639313946597
0.7874999329833694
0.7852066474856857
0.7821407488546198
0.7804907879263616
0.7796634756898032
0.7771799525571474
0.7738585804032361
0.7723251026953726
0.771556256253544
0.7692482817337618
0.7661619790410759
0.7645530989211566
0.7637462487679346
0.7613240483391139
0.7580840866366763
0.7564813021475454
0.7556774034528887
0.7532639998550311
0.7500353761431722
0.7483749036445541
0.7475418523001431
0.7450407905271544
0.7416939549404954
0.7400524034200623
0.7392287383216054
0.7367558073198216
0.733446216124238
0.7318007669479649
0.7309750039833914
0.7284957019484756
0.7251770139780533
0.7235039515172837
0.7226641382515265
0.7201425496962752
0.7167664789959031
0.7150700407559537
0.7142183022887464
0.7116608122023734
0.7082359198504413
0.7065423457227594
0.7056919127355442
0.7031382871160126
0.6997180848889354
0.6980189603423007
0.6971656050124293
0.6946031431884506
0.6911705987774523
0.6894577078849371
0.6885973006694954
0.6860135959911826
0.6825520735135175
0.680813760238084
0.6799404370091738
0.6773178674199525
0.6738037117601031
0.6720396444279808
0.6711532600093411
0.668491393019937
0.6649241108747399
0.6631582519089391
0.6622709385929033
0.6596062510006032
0.6560351047608483
0.6542469775306226
0.6533484413175563
0.6506499944514005
0.6470334568610594
0.6452284253828462
0.6443214226472411
0.6415975086262868
0.6379469250260604
0.6361299298246363
0.6352170128430751
0.6324753103805941
0.6288012209975359
0.6269873553763019
0.6260762037659444
0.6233398054271441
0.6196735111068514
0.6178375290641527
0.616915470169043
0.6141462814779672
0.6104367077265406
0.6085901997358565
0.6076631521353515
0.6048789685062784
0.6011503087504488
0.5992972039939476
0.5983672229992768
0.5955742237413074
0.5918350221327459
0.5899748456430195
0.5890417665343829
0.5862394546929772
0.5824892727146671
0.5806264121198218
0.5796925162405401
0.5768877462037856
0.5731360123543194
0.5712678488658706
0.5703318934464717
0.5675209225763777
0.5637628317599768
0.5618969094103214
0.5609627520493209
0.558157168391378
0.5544084563218148
0.5525481253721989
0.5516175070318091
0.5488225329071602
0.5450903579551012
0.5432347773500713
0.5423073351348181
0.5395218654953389
0.5358049032040979
0.5339601695381279
0.5330390025899866
0.530272338039213
0.52658314024986
0.5247545501885403
0.5238423407362117
0.5211025267015297
0.5174519087893941
0.5156422957759652
0.514740484674622
0.5120318327937228
0.5084255890765611
0.5066403180570381
0.5057515911971657
0.5030821552824185
0.4995310123520999
0.49776952942738417
0.4968936273404339
0.494262603769288
0.4907654988497167
0.48903338124194073
0.48817307408936345
0.4855887681588758
0.4821566939386679
0.48045674935633514
0.4796134258442644
0.47707998847661387
0.4737183990865086
0.4720516370538106
0.4712257968626432
0.4687447040878902
0.4654555118175297
0.46382717501697024
0.4630213940984914
0.4606003672645741
0.4573937052010378
0.4558063047006985
0.4550218104617866
0.45266451476162084
0.4495451530906481
0.44800028969137506
0.44723786560778356
0.44494662965870696
0.4419175873685955
0.44041810131190307
0.4396791381080923
0.43745811724251477
0.43452481650649527
0.4330716510015292
0.4323566208538824
0.4302072035071673
0.4273714582545283
0.42596768554376585
0.4252780993056974
0.423204799460053
0.4204725202339678
0.4191192597244353
0.4184556880404678
0.41646018502102367
0.4138335979859248
0.41253260304845624
0.41189593122466717
0.4099808478159317
0.40746342558402326
0.40622134847223224
0.40561480344289064
0.4037898239361576
0.4013941616824255
0.40020612372128395
0.3996274242219707
0.39788561158664826
0.3956028214906258
0.3944669689454975
0.39391532655750583
0.3922542230539481
0.39008131617624653
0.38900598845977324
0.38848543797349827
0.38691715036084473
0.38486982533214864
0.38385595087263125
0.3833670085241623
0.38189301105012324
0.37997327421042326
0.37902277136060086
0.3785664244628811
0.37718960537755086
0.37540126720900274
0.37451527110325994
0.37409215116376604
0.3728143064383823
0.37115979492514234
0.37034052593551353
0.3699517714495677
0.3687762208532083
0.3672598847793781
0.3665089520100161
0.3661554304204213
0.3650846523487536
0.36370978336571547
0.36302981251278915
0.36271285156722854
0.3617507126808206
0.36052231209758556
0.35991515570803834
0.35963574562922995
0.35878506143150435
0.3577068226891165
0.35717463358927615
0.35693391002149866
0.35619791578880416
0.3552740495249108
0.3548190228424907
0.3546181557143438
0.3540001617200335
0.3532349742840276
0.3528594141718154
0.3526996398435027
0.3522031248957445
0.3516011339594695
0.3513074308950434
0.3511900492801902
0.3508186427550118
0.35038456406160495
0.3501752458499869
0.35010164947656125
0.34985921026497246
0.3495980596705447
0.3494758368172778
0.34944753851531474
0.34933822723782393
0.34925541376342617
0.34922322122806004
0.3492418918123484
0.3492702615847293
0.34937172246477227
0.3494328455427311
0.3495003917601466
0.34967159522299124
0.34996407217601627
0.3501223339065659
0.3502410197428174
0.3505611282477062
0.35105260112388537
0.3513127646302238
0.35148548539893865
0.35196221093752006
0.35266291234537495
0.35303153620421795
0.35326236614002526
0.3539065241351018
0.35483094730667986
0.3553185362991122
0.3556141435321701
0.3564434213108675
0.3576155583799989
0.35824320890395434
0.35861726533996835
0.35966794123191187
0.3611375876947571
0.3619693254512322
0.3624646170027407
0.36384980863318156
0.3657739417087516
0.36688341043651695
0.36754796308081994
0.36939178117699145
0.3719343244720602
0.3727690846060967
0.3747780380348982
0.37479734246493224
0.37526945974647097
0.37661337676584183
0.37843327311521774
0.37871797694865666
0.37915845886950916
0.38041813632344573
0.38211653514747185
0.38287604111501466
0.3832871898491385
0.38446735711945046
0.3860528987208705
0.38677275607635303
0.38715937468869516
0.38827209967714443
0.3897630389883585
0.390443251274327
0.3908062236264686
0.39185321761951775
0.3932531325607661
0.393890070251364
0.39422799864052305
0.3952048440961323
0.39650880469128535
0.3970986364530432
0.3974099179058325
0.39831172048980945
0.3995140113062898
0.40005222569950083
0.4003348172435334
0.4011554861072473
0.40224867365115324
0.40241580840985675
0.402667270948475
0.4033996253615646
0.4043747737488061
0.40439040233970736
0.40460420859543517
0.4052292588251568
0.40606147192894165
0.40651204415851067
0.40674698064910864
0.4074317702811669
0.40834294786008074
0.4088313122348224
0.4090869846403766
0.40982991117870715
0.41081782570476766
0.4113450606460369
0.41162235544070697
0.4124253817543742
0.4134926090336039
0.4140741874493617
0.4143821463788116
0.4152698051634191
0.41644884771578145
0.41711565954785756
0.4174726135430682
0.41849416461490113
0.41985019092530296
0.4206414207605335
0.42107201107076986
0.4222915417491322
0.4239092035237156
0.4248808198882361
0.42542289000368616
0.42693517000702635
0.4289390765172235
0.4300515729813071
0.43068579124547074
0.4324323673646724
0.4347451319820051
0.4360835391429717
0.43687306988283814
0.43900484912182614
0.4418195951394071
0.4435403351012409
0.4446135425837237
0.44741952056194406
0.451092889008329
0.4532488645873946
0.45467975534658234
0.45828229614825866
0.4629251107669849
0.4660303127882125
0.46844733540609235
0.4740594379937784
0.4809187175180019
0.48435566490478943
0.489527156188922
0.4919352503780456
0.4936322924414143
0.4976676887956883
0.5027068713558444
0.5056309627236114
0.5080724337115706
0.5134689699022866
0.5198475979312125
0.5231543841436119
0.5262146098282555
0.5325726555774147
0.5396532721953792
0.5429574192888152
0.5459500496513003
0.5520232045381741
0.5587002691567869
0.5618154641286128
0.5647395955070493
0.5705570687994598
0.5768886834190098
0.5798463511078074
0.582722571551171
0.5883393479202745
0.594385277566521
0.5972074938233755
0.6000462033174447
0.6054878449645079
0.6112721566162473
0.6139657262464571
0.6167705116101122
0.6220444794250678
0.6275731368083569
0.6301385823426842
0.6329104846413831
0.6380185501717159
0.6432940670561489
0.6457320068454133
0.6484721099983127
0.6534174221190547
0.6584458002468538
0.660759369767741
0.6634696698851752
0.6682587590673459
0.673050560601701
0.6752452710392082
0.6779285299904371
0.6825705128456506
0.6871391836144658
0.689221808694645
0.691881068024366
0.6963860312563661
0.7007457177126061
0.7027231765312314
0.7053613122326049
0.709738925631345
0.713902818647041
0.7157814211050457
0.7184008674524767
0.7226595463630362
0.7266389765183567
0.7284240563617599
0.7310266937247064
0.7351732641896874
0.7389774115698994
0.7406732443328973
0.7432604011569139
0.7473001065417801
0.7509361012824827
0.7525459900925345
0.755118508294142
0.7590552024192555
0.7625284241179872
0.764054863410103
0.7666131900002736
0.7704496057090511
0.7737640516651368
0.7752089117233955
0.7777531939003104
0.7814912200096871
0.7846498671907608
0.7860145683893579
0.7885447402079482
0.7921856722791404
0.7951907964110445
0.7964764591165451
0.7989923147663591
0.8025370656517213
0.8053905043129841
0.8065980703670342
0.8090993229909473
0.8125485906072434
0.815251949989972
0.8163822768715717
0.8188686037488055
0.8222229991717344
0.8247778102099023
0.8258317412789732
0.8283028169122434
0.8315629581142202
0.8339707899170691
0.8349492049036615
0.8374047235212195
0.840571300367633
0.8428338391506466
0.8437385211301749
0.8461762126928164
0.8492479861478167
0.8513670656292045
0.8521964101691237
0.8546197795738247
0.8576015573013706
0.8595793583120522
0.8603374155591068
0.8627443476662776
0.8656352252201374
0.8674739507473577
0.8681608857105256
0.870551256004039
0.8733525102257287
0.87505467464508
0.8756718442297043
0.8780456141541512
0.8807587122518987
0.8823270382573616
0.8828759138495018
0.8852331068304993
0.8878596753307888
0.8892970802890569
0.8897792270673348
0.8921199255686829
0.8946617385046782
0.8959713167598351
0.8963883839288155
0.8987127258129746
0.901171690748833
0.902356693189084
0.9027104032537545
0.9050185775378667
0.9073967201233202
0.9084605322556161
0.9087526697469513
0.9110449119081588
0.9133443596365821
0.9142904790238955
0.914522879038449
0.916799466150271
0.919022431945967
0.9198544456754502
0.9200289825927392
0.9222902284213533
0.9244389944450022
0.9251605572597966
0.925279133796714
0.927525383926941
0.929602285902686
0.9302170991720378
0.9302816359693808
0.9325132631925324
0.9345206755970668
0.9350324674810255
0.9350448934817253
0.9372622932331763
0.9392026152341562
0.9396151223655538
0.9395773657191603
0.9417809518683578
0.943656594359108
0.9439735449935271
0.9438875248152765
0.9460777256917414
0.9478910994604653
0.9481161979585584
0.9479838169264655
0.9501610717287358
0.9519145766974103
0.9520514897041092
0.9518746275357381
0.9540393828776654
0.9557353983078042
0.9557877426509693
0.9555682495806864
0.9577209570819014
0.9593618335008539
0.9593331649927408
0.9590728583919084
0.9612139702656182
0.9628020205611092
0.9626958260388675
0.9623964830338402
0.9645264516807488
0.9660639465344931
0.9658836332485985
0.965546990389773
0.9676662649720584
0.969155425581108
0.9689043171192762
0.9685320642943989
0.9706410898237814
0.9720840841098871
0.9717654140979535
0.9713591937932504
0.9734584079519214
0.9748573463197477
0.974474252764911
0.9740356580890198
0.9761254910745519
0.9774824234900559
0.9770379465429871
0.976568518489607
0.9786493922279577
0.9799663051959838
0.9794633855233433
0.978964611612843
0.9810369381822726
0.9823157551759255
0.9817572279625677
0.9812305501775163
0.9832947253549307
0.9845372980194285
0.9839259045454704
0.983372697732848
0.9854291127920566
0.9866372333832394
0.9859755975342758
0.9853971949770916
0.9874462285245902
0.9886216186362442
0.9879122707890535
0.9873099442990364
0.9893519634375586
0.9904962806153553
0.9897416428628814
0.989116628244561
0.9911519745161408
0.9922667999879651
0.99146920671392
0.9908226586061939
0.992851681405774
0.9939385470396472
0.9931002048514198
0.9924332650418667
0.9944562829624143
0.9955166381425503
0.9946396899979556
0.9939534185045557
0.9959707441400741
0.997005980867844
0.9960924640145998
0.9953878797508612
0.9973998154124866
0.9984112674583382
0.9974631144185778
0.9967411786560363
0.998748033577391
0.9997369842789073
0.9987560186705332
0.9997691291878166
0.9998545049143853
0.9999242204561786
0.9999999996183977