0.9992287007660492
0.999204094795886
0.999191791236085
0.9991548804662892
0.9991056641799643
0.9990995393928852
0.999093885240806
0.9990926648300865
0.9990872601488486
0.9990847068100819
0.9990834301341397
0.999079600104115
0.9990744933786128
0.9990715904896769
0.9990701390368624
0.9990657846758161
0.9990599788361748
0.9990570787096369
0.999055628637842
0.9990512784198866
0.9990454781043815
0.9990424200310241
0.9990408909849389
0.9990363038438459
0.9990301876282287
0.9990270210237221
0.9990254377114849
0.9990206877717863
0.9990143544895217
0.9990047491812484
0.9989999464393291
0.9989855381961013
0.9989663269230492
0.9989633308563721
0.9989564734495
0.9989530447006576
0.9989427584443156
0.9989290432918158
0.9989258135181258
0.9989219245614276
0.9989199800681872
0.9989141465844159
0.9989063685612659
0.998901828511885
0.9988995584672131
0.9988927483281033
0.9988836680800663
0.9988792301723919
0.9988770111989735
0.9988703542737462
0.9988614783146288
0.9988569338839003
0.9988546616484231
0.9988478449369009
0.998838755926129
0.9988333798481098
0.9988306917810914
0.9988226275733212
0.9988118752084911
0.9988063322491177
0.9988035607393977
0.9987952462032071
0.9987841600621055
0.9987783179118063
0.998775396803616
0.9987666334713478
0.9987549489251264
0.9987482976422496
0.9987449719582285
0.9987349948967421
0.998721692013468
0.9987144223039531
0.99871078739832
0.9986998826704824
0.9986853428715716
0.998678283476723
0.9986747537309917
0.9986641644834111
0.9986500453346142
0.9986434415005951
0.9986401395413773
0.9986302336544399
0.998617025671858
0.9986088008530632
0.9986046883785523
0.9985923509416795
0.9985759008176364
0.9985677764574387
0.9985637142134397
0.9985515274683101
0.998535278273297
0.9985257169802128
0.9985209362463436
0.998506594027529
0.998487470785709
0.9984775165543578
0.9984725393428477
0.9984576076896853
0.9984376985147899
0.9984358952844967
0.9984316816074679
0.9984190405623857
0.9984021856165797
0.9983911289495958
0.9983856004987695
0.9983690151237541
0.9983469009151981
0.9983338299364503
0.9983272942847535
0.9983076872999727
0.9982815441257306
0.998280093363773
0.9982637705172271
0.9982420063574307
0.9982064719644993
0.9981887035701399
0.9981353981989713
0.9980643204147713
0.9980435936540012
0.9980310087286803
0.9980247161153293
0.9980058382471577
0.9979806672639234
0.9979679913056554
0.9979616531718838
0.9979426387420874
0.9979172856707638
0.9979045340697598
0.9978981581133279
0.9978790302160202
0.9978535258430296
0.9978480035190795
0.9978419423148449
0.9978237586762932
0.9977995133680307
0.9977875708037703
0.9977815993843062
0.9977636851002498
0.9977397989477915
0.9976954510715212
0.9976732752686474
0.9976067475781115
0.9975180377652301
0.9975053044662343
0.9974948239383391
0.9974633822843859
0.9974214587009819
0.9974022903380402
0.997392705803336
0.9973639521401546
0.9973256127697974
0.9973081228484283
0.9972993775932442
0.9972731417782017
0.9972381597284881
0.9972195314598297
0.9972102169911072
0.9971822735282555
0.9971450144949097
0.9971269708228191
0.9971179486758522
0.9970908821814638
0.9970547925067336
0.9970359848026006
0.997026580612822
0.9969983679862834
0.9969607500413895
0.9969390034390129
0.9969281296853484
0.9968955083488055
0.9968520117550291
0.996830449329128
0.9968196676728315
0.9967873226295296
0.9967441944602798
0.9967199762664228
0.996707866614488
0.9966715375681939
0.9966230969988807
0.9965970508410116
0.9965840271152536
0.9965449558298125
0.9964928586851017
0.9964659390437819
0.9964524785434324
0.9964120969283765
0.9963582525360791
0.9963327538883914
0.996320003957268
0.996281754062922
0.996230752166041
0.9961861467332603
0.9961638421312224
0.9960969280332549
0.9960077029581533
0.9959637582967624
0.9959417841229337
0.9958758613141647
0.9957879582062915
0.9957452596685145
0.9956785336772757
0.9956468601474212
0.9956310224320084
0.9955835091266771
0.995520154944277
0.9954839651217077
0.9954658689803146
0.9954115803551563
0.9953391914341365
0.9953048014432702
0.9952876053314131
0.9952360168207628
0.9951672283830435
0.9951334683663925
0.9951165872580668
0.995065943754727
0.9949984155366333
0.994960251615695
0.9949411682834107
0.9948839180678626
0.9948075798610876
0.9947638307094403
0.9947419543149203
0.9946763248438745
0.9945888128455515
0.9945443349088704
0.994522094052194
0.9944553711943034
0.9943664011474457
0.9943231999358634
0.9943015975525739
0.994236790118128
0.99415037437885
0.9940996526395073
0.9940742893492122
0.9939981990900433
0.9938967373106501
0.9938494002090781
0.9938257295269171
0.9937547171328603
0.9936600269514794
0.9935990410849086
0.9935685446548315
0.9934770547901968
0.9933550567769608
0.9932714132978024
0.9932295850116071
0.9931040991526696
0.9929367625632826
0.9928520715171941
0.9928097191869643
0.9926826611340591
0.9925132277919998
0.9924866539376976
0.9924505104611565
0.9923420792741154
0.9921974879159108
0.9921797418022168
0.9921473660583415
0.9920502381942378
0.9919207213294161
0.9918540608862274
0.9918207265182359
0.9917207227499367
0.9915873704647732
0.9915208984259606
0.9914876582496306
0.9913879370717785
0.9912549616117211
0.991180943900981
0.9911439298770534
0.991032887002971
0.9908848125659732
0.9908142791546868
0.9907790077294217
0.9906731927285709
0.9905320903585896
0.9904556030578108
0.9904173538718963
0.9903026054446527
0.9901495891925898
0.9900710725147711
0.9900318083819796
0.9899140150376222
0.9897569381613692
0.989655057000944
0.9896041067758476
0.989451254582444
0.9892474188593755
0.9891244728002828
0.989062985513766
0.988878521425806
0.9886325216239884
0.9886007534915998
0.9885429029995119
0.9883693494777773
0.9881379032430163
0.9880141234478488
0.9879522193593465
0.9877665048368391
0.9875188371246704
0.9874710044886404
0.9874071741334297
0.9872156806834512
0.9869603046062588
0.9868421435214041
0.9867830497535817
0.9866057663488649
0.9863693447513204
0.986251468153146
0.986192516860859
0.9860156608416946
0.9857798095904226
0.9856513794563779
0.9855871491002725
0.9853944554837147
0.9851374792386953
0.9849810672951075
0.9849028386005139
0.9846681488442725
0.9843551521374196
0.9841326147215399
0.9840212998024702
0.9836873475547576
0.9832419229616027
0.9831616637961964
0.9828150755095363
0.9826461001894483
0.9823888942409963
0.9822319311348595
0.9821534267881014
0.9819179098580295
0.9816038104960666
0.9813985829778996
0.9812959302727321
0.9809879655080456
0.9805772151634715
0.9803449915767896
0.9802288301984745
0.9798803375017757
0.9794155129948351
0.979160366466756
0.9790327333241078
0.9786498234391936
0.9781390749152177
0.9778466709099997
0.9777003904819085
0.9772615353036107
0.9766761317404019
0.9766599549562593
0.9765433958333397
0.9761937096535626
0.9757272929821275
0.9754851474854634
0.9753640210809457
0.9750006321541076
0.9745159322789984
0.974170370500539
0.9739974807530712
0.9734787920582942
0.9727868357279997
0.9727297718378478
0.9725053188447073
0.9718319267683224
0.9709334470019352
0.9704912980124657
0.9702700457839505
0.9696062560746938
0.9687205993948409
0.9681702788866693
0.9678948450924275
0.9670684916686754
0.9659657545748013
0.9654303884913539
0.9651624480823178
0.9643585769520732
0.9632858644712581
0.9632741648582002
0.9625895595214917
0.9622624399672931
0.9620987841367299
0.9616077971185764
0.9609528203261357
0.9605120626448393
0.9602915109508745
0.9596298203577007
0.9587469725754315
0.9582474878141399
0.9579975244160162
0.9572475880296591
0.9562469128018981
0.9559399556302575
0.9556511575902952
0.9547847008627998
0.9536284087504566
0.9530279888577929
0.9527274617431842
0.9518258110260345
0.9506225134940194
0.9500032000529726
0.9496932082843133
0.948763157367604
0.94752192523332
0.9469217358274538
0.9466213277937502
0.9457200311467218
0.9445172104140355
0.9438989889727861
0.9435895474937117
0.9426611436736697
0.9414221215158605
0.940729821886364
0.9403832622803953
0.9393434814020921
0.9379556674150197
0.9373221691110298
0.9370050784510457
0.9360537182709782
0.9347840408016287
0.9339900704528913
0.9335925550852986
0.9323998680327034
0.9308077334050879
0.9297722808395024
0.929253657167375
0.9276975392529272
0.925619521442646
0.9254259161071584
0.924064160396043
0.9222460500920108
0.9211233597383078
0.9205609801700891
0.9188735316819376
0.9166198655467925
0.9155624751534459
0.9150328685894106
0.9134437612758768
0.9113216553791851
0.9102645642764856
0.909735119564694
0.9081464858100398
0.9060250227323892
0.904571113554718
0.9038424801029848
0.9016559924144734
0.8987344591022253
0.8967957539478961
0.8941604806908803
0.8935816861921686
0.8929259238580468
0.8909581162609772
0.8883293598968477
0.8875574251797524
0.8868052569650561
0.8845480370961254
0.8815318211576008
0.8814629444651869
0.8806210857308551
0.8780945747484157
0.8747176082975489
0.8744672479741017
0.8721755222846781
0.8709709593438849
0.8703675893003797
0.868556953679386
0.8661385248427158
0.8648714978241723
0.8642367869965779
0.8623320467633284
0.859787668460667
0.8584431506288707
0.8577695497391159
0.8557480295901022
0.8530473130324064
0.8516189457119899
0.850903252835178
0.8487553236484503
0.8458853104896119
0.8443778300108409
0.8436224084615976
0.8413551459992481
0.8383252371554691
0.8368654990032334
0.8361340467351618
0.8339387021811745
0.8310050166342294
0.8295482803590518
0.8288183269429901
0.8266274311632686
0.8236995853919828
0.8222682125784365
0.8215509799380946
0.8193982308761371
0.8165213427661856
0.8148333940642841
0.8139872446405481
0.8114472598235577
0.808051220173183
0.8065041460665487
0.805728729850744
0.8034011179937289
0.8002895164578041
0.7987741789494301
0.7980146679050841
0.7957347613354583
0.7926868468525333
0.7912137966034533
0.7904754809447211
0.7882591747996313
0.7852962477541217
0.7835248782963495
0.7826365297882929
0.779969423079607
0.7764014176279749
0.7758559809263778
0.7750503487735508
0.7726316833583348
0.7693966895412923
0.7678211505386746
0.7670310970053992
0.7646591605421692
0.761486452826843
0.7598980595850549
0.7591014441700967
0.7567097182835045
0.7535100147936237
0.7518230897466278
0.7509767792643508
0.7484356416846164
0.7450347894490669
0.7434533088128483
0.7426599385406305
0.7402778172838027
0.7370900552325154
0.7354054302725004
0.734560011729148
0.7320213951695093
0.7286228309144479
0.7269900394775869
0.7261705861869601
0.723709938158009
0.7204156521866318
0.7187375330197024
0.717895115279382
0.7153653748884335
0.71197766538618
0.710274357164414
0.7094191058842362
0.7068507221360564
0.7034105090578188
0.7016927467454684
0.7008300772789373
0.6982393318881956
0.6947685413869926
0.6930350875103038
0.692164386592068
0.6895494405857158
0.6860456423434883
0.6843022269492552
0.6834264022221204
0.6807960035315767
0.6772710475049821
0.6755042629724337
0.6746165709576482
0.6719504503398176
0.6683771217218377
0.6665944122560696
0.6656986382318137
0.6630081837594959
0.659401934408577
0.6575925386034904
0.6566832863733901
0.6539522786338505
0.6502913864749797
0.6484853109586267
0.6475777765545507
0.6448519188659187
0.6411981383799814
0.6393702458485033
0.6384517904448462
0.6356930840576223
0.631995384796572
0.6301465064443291
0.6292176066100711
0.6264274909009481
0.622688017266165
0.6208226355290305
0.6198856204758184
0.6170711055019648
0.6132995253886366
0.6114210492499927
0.6104777103921952
0.6076441877251476
0.6038479958249213
0.6019633366971656
0.6010172316558876
0.5981754024640936
0.5943692343863983
0.5924760192885142
0.5915260246961827
0.5886725111734018
0.5848520489171354
0.5829508172997846
0.5819972792887925
0.579133120453552
0.5752999918940404
0.5733947937590671
0.572439823302758
0.5695713627924749
0.5657343099704523
0.5638262670963705
0.5628704985838154
0.5599996369923043
0.5561614162145325
0.5542560961419994
0.5533023889141653
0.550437714771668
0.5466100220871101
0.5447086411367603
0.5437576635044702
0.5409011739758754
0.5370868402901641
0.5351933468105426
0.5342471272180834
0.5314049069263487
0.5276122029034995
0.5257307172188922
0.5247913577471589
0.5219697103948766
0.5182071548677334
0.5163396024876196
0.5154080997307807
0.5126100024584564
0.5088816397881419
0.5070330307075878
0.5061119063615545
0.5033449207985825
0.4996608644273464
0.4978345402557659
0.4969254724851966
0.4941946221619962
0.49056156246344657
0.4887606504338824
0.4878652005027565
0.48517515621713364
0.48159928093901916
0.47982727953434
0.4789471824440671
0.4763031367910374
0.4727912937412397
0.4710510947280409
0.47018777690082286
0.4675939938491711
0.46415177451283013
0.4624463030734548
0.46160120092296136
0.4590619742163747
0.45569499039304995
0.4540268614448613
0.4532012541868432
0.4507204044553405
0.44743363098946376
0.4458052113888551
0.4450002545492661
0.44258122992952353
0.4393791463305928
0.437792616519813
0.4370093747741233
0.43465534939405914
0.43154207697166513
0.42999941820144333
0.42923886147745355
0.426952723209114
0.4239320151760128
0.42243504182776187
0.4216980631250727
0.41948246652418986
0.41655778223555406
0.41510817589545435
0.4143956094032719
0.41225302942645264
0.40942760762233515
0.4080269513416517
0.40733959006272297
0.40527237421712187
0.40254930225414676
0.4011991181638723
0.4005377326038884
0.3985481562725571
0.39593044176912484
0.3946334980335883
0.3939994608955984
0.3920916117502882
0.3895846182904514
0.38834131001110656
0.38773486149731523
0.38590940513482275
0.3835140675358659
0.3823206349511832
0.38174006491808504
0.3799917597860369
0.3777014527522295
0.3765679104326361
0.37601804936740674
0.3743614093494221
0.3721949409723882
0.3711194510390598
0.3705995077471162
0.3690320519967382
0.3669863500858981
0.3659707432342271
0.36548167733551534
0.3640062038058706
0.3620850010136326
0.3611315185703587
0.3606744868651529
0.35929438007290804
0.35750215827321835
0.356611814907418
0.3561874229840475
0.3549043759917087
0.3532434990531084
0.35241816509935353
0.3520274388878925
0.35084439647549537
0.3493188564090821
0.3485612980095422
0.34820568971912763
0.34712687291840116
0.34574228983368643
0.34505458321030813
0.34473526758464595
0.34376401589937566
0.3425249682689442
0.34190984932674007
0.3416283401260265
0.340768985371987
0.3396813607871739
0.339141902686873
0.3388999191295737
0.3381573653777255
0.337227855671285
0.3367675627513519
0.3365670900197298
0.3359469794598421
0.3351833170312944
0.33480633989232117
0.3346497452654446
0.33415879034897156
0.33357018887876383
0.3332814717007958
0.3331716061278882
0.3328178609130017
0.3324154065584455
0.3322209891810676
0.33216137599253287
0.3319547530615713
0.33175212554745015
0.3316596072581987
0.3316547456277037
0.33160783806545824
0.33162247589928157
0.33164186748728514
0.33169780361536627
0.33182742529734693
0.33208272913963083
0.3322282773790796
0.33235386492871427
0.3326844317361122
0.3332146537602818
0.33350975189143733
0.3337201503145741
0.3342930123555556
0.33515688005163236
0.33565392413253925
0.3359854684788676
0.3368981825067347
0.33823697970671385
0.33909586683096865
0.3396662362666039
0.34122917168579453
0.3434950630249171
0.34433002525931394
0.346243528558356
0.3462287560206451
0.34669313485592984
0.3480117568117103
0.34983963443929367
0.35016492284637096
0.35062453633045343
0.3519380106602361
0.35374237226514466
0.3545760754937076
0.3550375368175391
0.35636188613716907
0.35816929107321965
0.3590086527409887
0.35946770721275983
0.36078936139633516
0.36258434407484746
0.3634154414634393
0.36386552722008647
0.36516494775386904
0.36692301442980546
0.3677301368486742
0.3681634736688647
0.36941788780187435
0.3711098472575458
0.37187286095799
0.3722791166773746
0.3734585978478194
0.3750454641855216
0.3751709636435883
0.3755327257137162
0.3765870207205065
0.37800267400496473
0.37874180368136146
0.37913282375964713
0.38027039244735933
0.3817966379961079
0.38261824983669623
0.38305462439036375
0.38432041201275224
0.386017405556543
0.38690708935487206
0.3873808601302956
0.3887518107056883
0.3905880961024058
0.39154006499013994
0.392048264253801
0.39351549836722977
0.3954790302164137
0.39649382497034047
0.39703716967486086
0.398602148607565
0.4006951140266839
0.40167218608275185
0.40219339151599404
0.40369681437517696
0.40570680686510147
0.40664662814439506
0.40714679400683546
0.40859158931565476
0.4105232988361237
0.41165669437995084
0.412268687059005
0.41402349142030664
0.41637076905459913
0.41776590293623383
0.41853283981017153
0.4207111009043773
0.42362668533379744
0.4256439550406154
0.4268015247412537
0.4300192755036016
0.43432420901365976
0.43629905512949113
0.4396624680257643
0.4412456025516686
0.44212066131728983
0.4445933680786107
0.44790182811735096
0.4496006583790982
0.450545294485004
0.4532041746110776
0.4567553020683673
0.4586452455665399
0.4597055591967573
0.46266956867125014
0.4666166580158694
0.4687429882705074
0.4699493583653359
0.47329094884679074
0.4777221807292496
0.48001448292822174
0.4813243003780802
0.4849242495076272
0.4896760441304898
0.4923069188656111
0.49384354789079093
0.49799998296429876
0.5034451397670592
0.5063625401197156
0.508101338543134
0.5127254663859616
0.5187294677552926
0.5219459348089749
0.5239186067277307
0.5290506644529578
0.5356353602830207
0.5391898032239273
0.5414636799666945
0.5472027168646939
0.5544391061933197
0.558358809817233
0.5610272531998728
0.5674842854297549
0.5754089750301279
0.5796020248518035
0.5826996805500032
0.5898047430702246
0.5981896829612291
0.602625726170063
0.6063863563082809
0.6143753087243256
0.6231627604769159
0.6271974001077025
0.6306817501182349
0.6377640608942907
0.6453466257107079
0.6488076454785386
0.6520491116005174
0.6583495603599852
0.6649159389550413
0.667901674864609
0.6709512235668283
0.6766226355548673
0.6823718830952633
0.6849762877178218
0.6878776733303744
0.6930512188886325
0.6981505545256517
0.7004515540957852
0.7032401880129591
0.7080220834756045
0.712605239176709
0.7146644360860382
0.717367909958021
0.7218409682979444
0.7260114601926508
0.7278761031539975
0.7305153572282428
0.7347425294552092
0.7385787425885901
0.7402843698982355
0.7428749923198987
0.7469033014152117
0.7504636898271407
0.7520366758356832
0.7545900862747236
0.7584541975625891
0.7617818540943617
0.763241575181272
0.765766012049245
0.7694911979110587
0.7726175928451067
0.7739781658929752
0.7764794739008726
0.7800839684168339
0.78303189623991
0.784303533075499
0.7867857764553745
0.7902826010281596
0.7930684547881176
0.7942584998828918
0.7967244330086084
0.800122791686556
0.8027582955235256
0.8038720125372391
0.8063234376088949
0.8096297732261989
0.8121232899242997
0.8131644531132088
0.8156024899830454
0.8188212775036128
0.8211787878344712
0.8221501236424821
0.8245754120375945
0.8277097504266211
0.8299355815157823
0.830839096038005
0.8332519461473691
0.8363039968866685
0.8384013599814982
0.8392385799859765
0.8416390838056671
0.8446103932806974
0.8465817775271287
0.8473539263062941
0.849742039249194
0.8526337735364301
0.8544812314360973
0.8551893557311064
0.8575649557081414
0.8603780694495476
0.8621034211471311
0.8627484814921782
0.8651114108695612
0.8678467666326404
0.869451743634005
0.870034677524657
0.8723847718963951
0.8750432222944898
0.8765295662373107
0.8770517653629579
0.8793880881494586
0.8819698101148622
0.8833395011713617
0.8838007236479158
0.8861245705487362
0.8886318632981062
0.8898865694751791
0.8902891533759384
0.8925996763947797
0.8950329185765201
0.8961748577196856
0.8965194883416613
0.8988166379093522
0.9011770297437298
0.9022084335644525
0.9024963193521633
0.9047801008657362
0.9070689684285055
0.907992211644414
0.9082246377780648
0.9104951021077583
0.9127138851820165
0.9135314802215146
0.9137097981580605
0.9159670400649313
0.9181172847423656
0.9188318699884536
0.9189574907193245
0.921201646420282
0.9232849952583922
0.9238993204035403
0.9239737065925525
0.9262049506614108
0.9282231312562995
0.9287400409611138
0.9287646984308143
0.9309832403019774
0.9329380530081979
0.9333604697801425
0.93333693874832
0.9355430189825521
0.9374363243128787
0.937767231203261
0.9376970775902849
0.9398909640809092
0.9417246701848695
0.9419670939136099
0.9418519008282973
0.9440338850631051
0.9458099355984034
0.9459669303072923
0.9458082900452452
0.9479786834133437
0.9496990459940662
0.9497736779305025
0.9495731843775989
0.9517323147535569
0.9533989701408921
0.9533943034288564
0.9531535452507199
0.9553017535600193
0.9569166855816358
0.9568357692306506
0.9565563233918072
0.9586939606526103
0.9602591470441437
0.960105003231375
0.9597884292663081
0.9619158537717385
0.9634332579713691
0.96320887136705
0.9628567063139525
0.964974281118009
0.9664458449516159
0.9661541532653517
0.9657679074434314
0.9678759979017023
0.9693036349839761
0.968947520907753
0.9685286738950183
0.9706276456887596
0.9720132355500093
0.9715955203827631
0.9711455178651335
0.9732357344709207
0.9745811176887098
0.974104554569044
0.973624804782457
0.975706627414226
0.977013602090952
0.9764808713327908
0.9759727441756711
0.9780465287178366
0.9793168462516886
0.9787305515862647
0.9781953762325566
0.9802614725052935
0.9814968350607634
0.9808595001943021
0.9802985626450017
0.9823573146556553
0.9835593733321376
0.9828734398743678
0.982287984635933
0.9843397267815226
0.9855100785164224
0.9847779061508004
0.9841691319734365
0.98621419060305
0.9873543791136103
0.9865782395862998
0.9859473022061194
0.9879859958682153
0.9890975101183019
0.9882795918872127
0.9876276055762632
0.9896602388760698
0.9907445092219951
0.9898869183982967
0.9892149415132533
0.9912418190896121
0.992300227008015
0.9914049771098012
0.99071404271532
0.9927354472031433
0.9937693122731074
0.992838342916565
0.9921294278194129
0.9941456360672722
0.9951562283760436
0.994191385738006
0.9934654339803933
0.9954767120352003
0.996465240207778
0.995468307358834
0.9947262002800112
0.9967328116252171
0.9977004417413666
0.9966731054800564
0.9959157198860223
0.9979178936748977
0.9988657304335461
0.997809606055376
0.9970377262454958
0.9990357309555067
0.9999648454226886
0.9988814571363084
0.9983571866245655
1.0000963355790398
1.0008740335745228
0.9999999996761219