0.2351545905417541
0.2351657438371003
0.2351713214775845
0.23518805480446237
0.23521036972020407
0.23521318319355664
0.23521573842422555
0.23521630176972072
0.2352187428195724
0.23521991458904162
0.2352204933774
0.2352222332178225
0.23522454839612905
0.23522586487099825
0.23522652308628503
0.2352284977386713
0.23523113918228253
0.2352324472502023
0.23523310634550057
0.2352350875784692
0.23523770764820706
0.23523910648867066
0.23523980220283972
0.23524187688762255
0.23524467712293773
0.2352460954254095
0.23524681425036692
0.23524897073294387
0.2352518461039195
0.23525620706648936
0.23525838769880916
0.23526495575578044
0.23527359647037085
0.23527500532328202
0.2352781415058054
0.23527970005539706
0.2352843198701367
0.2352906706246125
0.23529207474625308
0.23529381594640134
0.23529469902591085
0.23529734827582718
0.23530086929538402
0.23530293616420975
0.2353039661273767
0.23530705603219085
0.23531120265797706
0.23531320395977628
0.23531421282621154
0.23531723944016555
0.23532124902216708
0.23532332508453693
0.23532435746473693
0.23532744845410455
0.23533157815973088
0.23533402012765162
0.23533524122350824
0.23533888994513974
0.23534380487958387
0.23534629876614382
0.23534755912219466
0.23535134021295845
0.23535638185520702
0.23535902621226143
0.23536035206955963
0.23536432966637938
0.23536965045474104
0.2353726620511523
0.23537416641870795
0.23537869759107835
0.23538471526469928
0.23538803645794865
0.2353896882634894
0.23539462400966726
0.23540127260762242
0.2354044542103852
0.23540605839996648
0.2354108710049747
0.2354172467806729
0.23542027368351093
0.23542177450297933
0.23542627699345942
0.23543228058079538
0.23543601548376691
0.23543788722433234
0.23544351363537636
0.2354509307260904
0.2354546560757901
0.2354565115969632
0.23546204520147263
0.23546946795708898
0.2354737932430725
0.23547596698119636
0.23548248826160612
0.2354911559014502
0.23549569956557787
0.23549795791520592
0.2355047734495689
0.23551369321779853
0.23551461380124783
0.23551652593689057
0.2355222737971378
0.23552992277494283
0.23553496306428023
0.23553747779798168
0.23554499217871536
0.235555114200869
0.23556101286014097
0.23556397963784503
0.23557296845089168
0.23558461327225536
0.2355854549634561
0.2355928821658754
0.2356027858300867
0.23561895635710917
0.2356270436912227
0.23565140257575912
0.23568335385766756
0.23569300063247095
0.23569881546476665
0.23570168087959972
0.235710243281409
0.23572181338591022
0.23572749329605888
0.23573038639204288
0.23573904870068882
0.23575054848028118
0.23575640190588693
0.23575930636798678
0.23576798549515343
0.23577975027588394
0.23578214726429997
0.23578491220973585
0.23579322348266385
0.23580414588974277
0.2358096851845726
0.2358124036285495
0.2358205590627869
0.2358314338556713
0.2358516255174577
0.2358617469694625
0.23589181425193947
0.23593319790207012
0.23593832780978297
0.23594309140203557
0.23595749519202486
0.2359763134189724
0.23598527754203716
0.23598964058513344
0.2360027042326361
0.23602037722831282
0.23602820500029315
0.23603220568367828
0.23604411404033834
0.2360602676397453
0.23606859001652986
0.23607285222747082
0.23608553914473507
0.2361028566861552
0.2361108542965131
0.23611496471669075
0.23612736877993012
0.23614371199636436
0.23615240508467428
0.23615669599206604
0.23616961936174224
0.2361866806815524
0.23619669484762162
0.23620165169693438
0.23621660993091825
0.23623619361219703
0.2362462593030601
0.23625116495256157
0.23626599762571734
0.23628556548933488
0.2362967073697334
0.23630225016903594
0.23631884660434935
0.23634095226743015
0.2363529006310206
0.23635883648309017
0.2363768532635262
0.23640023646719183
0.23641286287254665
0.23641903616649543
0.23643748470709183
0.23646202832227842
0.23647378514132583
0.23647960083624098
0.2364971843720356
0.23652030995945494
0.23654088938102766
0.23655105845293475
0.2365819235436368
0.23662211903734004
0.23664269761289766
0.23665275686455345
0.23668270224744264
0.23672381802645032
0.23674263274123963
0.2367738912432138
0.2367879144965959
0.23679515550341107
0.2368170893735067
0.2368457106344875
0.23686265882879765
0.23687095255097856
0.2368958826270556
0.23692906664069566
0.23694483046072723
0.23695274244221362
0.23697625161464858
0.2370083854725012
0.2370234662170781
0.2370311944223081
0.23705446914070208
0.23708548603195306
0.23710301245462978
0.237111774531737
0.2371381625923016
0.23717301171413616
0.23719328614924948
0.23720330307601364
0.2372335860216428
0.2372735514013362
0.23729411209472803
0.23730437104259425
0.23733503213399593
0.2373758299622843
0.2373958431130286
0.23740576908906005
0.23743571875411443
0.2374750768150192
0.237498732375169
0.23751043337917746
0.23754520531557563
0.2375928699935198
0.23761396282019118
0.23762490134340575
0.2376575324192843
0.23770156119353567
0.23772949461689918
0.23774352198064236
0.23778576635135268
0.2378419017924512
0.2378806444108984
0.23789992713928687
0.23795788955101932
0.2380348349759248
0.23807419157537016
0.2380937819903223
0.2381525583881545
0.23823049634566723
0.23824317444406415
0.23825989501234554
0.23831043574358668
0.2383761700999963
0.23838510002568994
0.2384000910846691
0.2384450672806434
0.23850506204982386
0.23853593580753307
0.2385514003089027
0.23859796932473037
0.2386591291995472
0.23869046116734224
0.238705915255723
0.2387523663849537
0.23881367379275592
0.23884842170786894
0.23886564822434486
0.23891742690696763
0.23898556623047512
0.23901899374621244
0.2390354610633306
0.23908450451791777
0.23915098334432225
0.23918594064859633
0.23920378084492466
0.23925720772874423
0.23932861200710187
0.23936518348491817
0.23938351829145244
0.23943822644398757
0.23951181220451723
0.2395591326594248
0.23958287996742814
0.23965425921314978
0.2397490442290011
0.23980670786625893
0.23983544667630055
0.2399213622584145
0.24003775120721393
0.24005153561708248
0.240078671665506
0.240159943319654
0.24026827165180598
0.24032652414775113
0.24035558099864243
0.24044307438682122
0.24055809444857645
0.24058146224922616
0.24061153272553673
0.24070095575528194
0.24082303723028153
0.24087709613999148
0.24090493783199407
0.2409889157042821
0.24109884073534085
0.2411554633385083
0.24118339741039846
0.24126618342343356
0.24137956241254574
0.24143881629362746
0.2414692409264917
0.24156004975857312
0.2416825344614369
0.24175583244281773
0.24179282078318182
0.24190399700738666
0.24205213293902336
0.24215772946280625
0.24221066705123045
0.24236815256617997
0.24258372501015954
0.24261818574460473
0.24278632837202443
0.24286496899723706
0.2429873625619782
0.2430625184270355
0.2430998783156062
0.24321273667934787
0.24336198019849034
0.24346080744619442
0.24350988412451877
0.24365739329371913
0.24385455172932674
0.24396601661799822
0.24402167725665175
0.24418981083318012
0.24441230582030438
0.24453587765140217
0.2445973568923446
0.24478169345536166
0.2450284132268696
0.2451694685311977
0.24524002786581844
0.24545245992941933
0.24573683504558716
0.245743866219873
0.2458004956646989
0.24596974674988706
0.24619840275038857
0.24631482549204267
0.24637394572409815
0.24655065128930231
0.2467878722335331
0.24695622582813265
0.2470407029817293
0.2472958132931863
0.2476309025906447
0.24766174005873404
0.24777189151509618
0.24810352458490303
0.24854575420663272
0.24876447965824539
0.24887381426424335
0.24920345936826524
0.2496402935666479
0.24972535966381487
0.2500253965053605
0.2501593603728766
0.25022811649678967
0.25043338788730646
0.25071156040488296
0.2508480943115642
0.25091764429440894
0.2511260547715207
0.2514055048492434
0.25158737626171435
0.2516789418005895
0.251952767542712
0.252322154648324
0.252505053620391
0.2525979623341098
0.25287621288141143
0.253248109103428
0.25344151422497835
0.2535383575297754
0.25382880733886487
0.25421780406901145
0.25447226604218975
0.2546002938169166
0.25498484551348694
0.25549795112935536
0.2558286348560313
0.2559941621965902
0.25649240563388553
0.25715731312497386
0.25759844958532596
0.25782016723272044
0.2584867887620412
0.25937355913405397
0.2597008832443329
0.2603432479002761
0.26048003024201694
0.26068812408499836
0.2613103155926708
0.2621543597211243
0.2624005557276684
0.26301140260062167
0.26334183075748313
0.26350842747225756
0.26400856635722814
0.26467833474484426
0.26511467946559014
0.26533422457139655
0.265994932739976
0.26687352875179204
0.26691323758945096
0.2674175677810468
0.26809069044820055
0.2685138216104494
0.2687260153427187
0.2693631565922977
0.2702173035698352
0.270745381782793
0.271011279221455
0.27181065762315615
0.27287919786013326
0.27338229754807414
0.27363388551217094
0.2743905313712734
0.2754027690542372
0.2760461611883892
0.2763701201881252
0.2773437370326508
0.27865033904666703
0.27952059924691425
0.27996005329364454
0.2812804982148925
0.2830598102049089
0.28330025351766225
0.28439766099009756
0.2858805635943082
0.2860452117017779
0.28713416161199495
0.2885944223575658
0.2893342394077302
0.28970640735337305
0.2908239303153571
0.29232919160863563
0.29304002858375316
0.2933992959884936
0.294478041292774
0.29592911648578324
0.2967445380850708
0.29715630006211335
0.29839295327186405
0.30006040970158043
0.30081601110210054
0.3011980258214033
0.302345214541746
0.3038894629323634
0.304737037178544
0.3051652728002266
0.306453302909753
0.30818330671464844
0.309285921871535
0.30984318861824267
0.31151834768821246
0.3137793780491062
0.31404504425446567
0.3145786517315526
0.31618252418542975
0.31834672358267946
0.31934260644880835
0.3198459680032912
0.3213590259114768
0.3233987311750113
0.3244133311249535
0.32492639788377375
0.3264681810637078
0.32854763800572473
0.32955285977975884
0.3300612595653092
0.3315892469724109
0.33364816594384616
0.3347766657975452
0.3353474897760097
0.3370644958813628
0.3393774760249198
0.34078008419854217
0.3414907911559603
0.34362794202582064
0.34651886471013393
0.34708492886591474
0.34905616834274794
0.3517186748511989
0.3529949399036329
0.3536410079119891
0.3555834501527127
0.3582070073750886
0.35945663886806256
0.36008934158939476
0.3619918822549015
0.3645579469097697
0.3660409726129813
0.36679259745697984
0.3690532182803866
0.3721103241054801
0.3735293743660615
0.3742484133943559
0.3764110541529643
0.37933187900399984
0.38091607569853464
0.38171943715969586
0.38413612300938577
0.38740655905334254
0.38892761776945844
0.3896989336476092
0.39201920215031566
0.39515588131466584
0.39680374381316524
0.397639942994475
0.400155749610667
0.403560953254322
0.40525915989090633
0.40612137515145613
0.4087157226368105
0.41222797998533195
0.41405015377812676
0.41497605803328524
0.41776259478563804
0.4215394975140622
0.42340873033391185
0.4243590370929348
0.42721906966509143
0.4310970720355331
0.4330425989068402
0.43403235143433067
0.43701129245314596
0.44105245884238115
0.44310894242178733
0.444155875266029
0.4473074226028991
0.45158560824612975
0.45375658177263367
0.4548624603369618
0.45819183843577926
0.46271462876156083
0.4649735215689031
0.4661246295061626
0.46959022610599616
0.47429968351590707
0.4766626706455203
0.4778672596998451
0.4814941078209629
0.48642415517644666
0.4889091172470199
0.4901762437005555
0.49399182958106636
0.49917968609001817
0.5018118021525317
0.5031543019326288
0.5071974022076017
0.5126963774966634
0.5154860333074734
0.5169091265213838
0.5211954077570988
0.5270274174207787
0.5299409926046981
0.5314272283669272
0.5359040975219977
0.5419947924593468
0.5450919214335291
0.5466719266506223
0.551431961524094
0.5579099284057485
0.5611646469587269
0.5628249179513556
0.5678272379994915
0.5746352403372138
0.5780618481693901
0.5798096598846864
0.5850763191921045
0.5922445919451598
0.5958456424265144
0.5976822226921578
0.6032169633312627
0.610750027973826
0.6145530562103921
0.616492493616347
0.6223379331037581
0.6302947899839128
0.6342942413829619
0.6363335633392498
0.6424806709541387
0.650848272147012
0.6550597110317548
0.6572068329355283
0.6636796339880302
0.6724908190099208
0.676918961653664
0.6791761699619532
0.6859815455738276
0.6952452346732922
0.6999100957998728
0.7022875606004371
0.7094563479072512
0.7192147469598196
0.7241242672893259
0.7266259045335258
0.7341699379988169
0.744438763041701
0.7496056568900652
0.752237840198548
0.7601763539288741
0.7709817343455715
0.7764081505305909
0.7791717601571359
0.7875074718614404
0.7988521002960889
0.8045597379232796
0.8074656970564389
0.8162318096815209
0.82816047204475
0.8341823965231484
0.8372474164175903
0.846494449212422
0.8590768696585457
0.8653929307451015
0.8686063975893683
0.8783021690573951
0.8914922627161755
0.8981332252608243
0.9015106320894778
0.9117021215739106
0.925564120214013
0.9325310483939226
0.9360726103326715
0.9467604858231967
0.961293931299951
0.9686108482467753
0.972328552655063
0.9835491468361466
0.9988032901610663
1.006476499243484
1.01037320905596
1.0221352254638314
1.038120830724144
1.0461616352296486
1.0502427789356181
1.0625626291834631
1.0793011817151272
1.0877230895416057
1.0919951855582761
1.104892770246673
1.1224101302220848
1.1312367120227733
1.135711347199266
1.149221776973693
1.167565399432382
1.1767954339228144
1.1814715705920114
1.195591762201041
1.2147556639310597
1.2244087284362726
1.2292958499396864
1.2440546208154002
1.2640771044912045
1.2741606468179976
1.2792620383242923
1.2946694105096095
1.3155625200977208
1.3260913708423974
1.3314139914988867
1.3474911635841251
1.3692823219607897
1.38026471349567
1.3858121150698066
1.4025699228580772
1.4252721649699314
1.436713547426876
1.442487815404188
1.4599327032759335
1.483552662998007
1.4954641509973923
1.501470126710454
1.5196169341595764
1.5441726895345569
1.556562256102437
1.5628031011642016
1.5816615993307566
1.6071640939912557
1.620032365474232
1.6265074655293654
1.6460759969587668
1.672520216308493
1.6858518974541097
1.6925524706416084
1.7128045327642365
1.7401515260072205
1.7539709888738368
1.7609082633528903
1.7818783661305588
1.8101723765926256
1.8244920993255083
1.8316711085862165
1.8533749780516517
1.882634300193491
1.897406811795507
1.9048024209420935
1.9271639995366903
1.9572817466700323
1.9725131708085215
1.9801270978327148
2.003152193662002
2.0341331929753284
2.0498121257998334
2.0576372593570964
2.0813048978583404
2.1131174448936108
2.1292154364767466
2.1372361248205873
2.161499421275524
2.194076783276303
2.2105813146329467
2.2187897800214116
2.243625972575912
2.276934232402936
2.293813491846513
2.302192382125178
2.3275496497646184
2.361515766029814
2.3787430480159557
2.387277506633843
2.413111773907831
2.447673402020525
2.4652126781905506
2.473883266297614
2.5001366298019154
2.5352130375233997
2.5530294649607566
2.5618173059747646
2.588433717333329
2.6239469847816688
2.6420000153394296
2.650883461457336
2.6777985678685976
2.7136599454890926
2.7319074040502733
2.740864019082916
2.768011198627512
2.8041292738364536
2.8225270192243097
2.8315334251440714
2.858843357908392
2.8951233720328142
2.913628801729685
2.9226623230261985
2.950067976463377
2.986418614632083
3.004990029675243
3.0140284016028946
3.0414642209131544
3.077796270863699
3.0964003764001267
3.10542518461864
3.1328376245859295
3.1690778916981084
3.18769587427908
3.1966952785198637
3.2240512965010053
3.2601534328819106
3.2787978091789696
3.2877740399222266
3.3150844400353807
3.3510588483022254
3.369815019587732
3.3788027014663204
3.4061792561226016
3.4421663148520683
3.4613175762785717
3.470438285365586
3.4982644651014088
3.534752547645583
3.555435174495444
3.565179739731897
3.594996628127541
3.633952342897968
3.656396709106005
3.6668255838704695
3.698860704566283
3.7405296552919314
3.752638491072748
3.7824152119780017
3.783321010132794
3.789433913996939
3.808076298115047
3.832458712729387
3.8365815487211106
3.8417916934368828
3.8576583099329076
3.8784309248683377
3.8877322708651367
3.8921854096279307
3.9057286655441796
3.9234730813687926
3.9315566930190737
3.935434504242677
3.94721443454367
3.962653150958579
3.9697225580216835
3.9731187651092412
3.9834237737963814
3.9969265932732108
4.003088860770429
4.006051746500929
4.015030636092278
4.026785512560709
4.03210914762128
4.034668633156402
4.042414334087479
4.052536771037801
4.057058574577237
4.059230099759395
4.065792010282692
4.074343231966777
4.075683096115723
4.077494174287369
4.082959541057612
4.090061302189131
4.090278959152296
4.091726063635894
4.096088027041582
4.101744547833561
4.104786972261297
4.106220687223257
4.110539031739688
4.116070703773454
4.118973120222847
4.120308117890345
4.124323782489708
4.129361876047401
4.131937994440412
4.133072452430841
4.1364795671060115
4.140589448119764
4.1426497419985635
4.143471869486992
4.145938500315998
4.148632673241685
4.149886250268169
4.150222921175909
4.1512365074644215
4.151758936883058
4.151665474083242
4.151217890671674
4.149890794085067
4.146978020389991
4.144648024177657
4.142945542742533
4.137868657786979
4.129563776285911
4.124210392244099
4.120995542644071
4.111357375557437
4.096901866251158
4.087564960127731
4.082381585215879
4.066746437556495
4.044255887104649
4.029013702697883
4.021015451107907
3.996664843337736
3.962625118521613
3.9402911625070733
3.9292671107766894
3.8951541200178927
3.848835312700344
3.813045945928048
3.7968958746623698
3.7449792395312964
3.676950199116423
3.644335593225113
3.594411283930618
3.568016195982374
3.5567218625357286
3.5197954823105984
3.4722254998251145
3.438166397787156
3.4248452488656738
3.3786472790689808
3.320658994119015
3.2821422293224054
3.2686844774985886
3.218458115389378
3.157070235133166
3.121573121541613
3.1099970703474877
3.065186936837437
3.0105912921454747
2.9783969226878946
2.968326787676939
2.9281254079550005
2.8792723190604583
2.849835292001398
2.8409789241389762
2.804576188162561
2.7605020687673054
2.7334254124469246
2.7255881601932685
2.692432417486177
2.6524556460083475
2.6274511775254905
2.6204857779238417
2.5901569510286278
2.5537344294029785
2.5305636855869382
2.5243464901492656
2.4964883240583395
2.463151944261446
2.4416021356488775
2.4360255893069724
2.41032342791919
2.379662768821357
2.3595422214552153
2.354513499944591
2.3306909903422066
2.3023512518595455
2.283490798352497
2.2789314979702717
2.2567510572478966
2.2304319737172724
2.212685971559992
2.208531195315945
2.187792734567628
2.1632445794742114
2.146489987667519
2.1426867413961
2.123224052304733
2.1002412060739837
2.084375141735284
2.080880400788797
2.062556207965225
2.040969772137926
2.025906386350039
2.0226851732509425
2.005385923768492
1.985056578698661
1.9707239067912026
1.9677475814710854
1.9513786595291178
1.9321904178410447
1.9185275673164897
1.9157724087470251
1.9002540850116485
1.8821091624641229
1.8690639761854964
1.8665100577173783
1.8517742328370697
1.834589005194785
1.8221162045754262
1.8197465281619225
1.8057342001711951
1.789436099155372
1.7774958497515851
1.7752956919809526
1.7619550274712283
1.746480196414253
1.7350370185388784
1.7329934421896376
1.7202783252048386
1.7055698643708477
1.6945918132541404
1.6926933044119699
1.6805622510230893
1.6665689086339657
1.656026959502113
1.6542631580593445
1.6426785050840849
1.6293536995547495
1.619221286174225
1.6175827848422437
1.6065100816728375
1.593811167533763
1.5840638352625784
1.5825420283538174
1.5719495787057876
1.5598372911495555
1.5504572003481714
1.5490438896349965
1.5389074085978587
1.527349319673153
1.518307944553047
1.5169962743704746
1.5072791136730277
1.4962340831777958
1.4875139644336497
1.4862969085305182
1.4769787701002386
1.4664193656178908
1.458003663310632
1.4568748920529724
1.4479321717262366
1.437829100530175
1.4297007337918917
1.4286543529589368
1.4200649507499032
1.4103908124545614
1.4025337844933206
1.4015642950817082
1.3933075457467325
1.384036721825363
1.3764360532220474
1.3755383197988724
1.367594884620612
1.3587034048178193
1.3513450605951927
1.3505142839823339
1.3428660552009943
1.3343314798120451
1.3272023042941754
1.3264339975251596
1.3190640134894978
1.3108653281251725
1.3039529862090602
1.3032429531100913
1.2961353214408478
1.288252842047622
1.2815457658239435
1.2808900816106519
1.2740299096561871
1.266445195982641
1.2599325354630488
1.259327529099084
1.2527008595196951
1.245396635540138
1.2390682132623803
1.2385104511739602
1.2321042029752087
1.2250642831139622
1.2189105520061676
1.2183968230282083
1.2121987363720086
1.205407956740852
1.1994199607841072
1.1989472622199062
1.192945846921459
1.1863900020586733
1.1805593393007099
1.180124863780954
1.1743093516705414
1.1679751342806008
1.1622939227953628
1.1618950460984037
1.1562553458609728
1.1501302914143323
1.1445911359116185
1.1442254055804988
1.1387520604802555
1.1328244925414879
1.127420456518401
1.1270855808985452
1.1217697294359354
1.1160287141085863
1.1107532871266674
1.1104471256116024
1.1052804635587865
1.0997157591516804
1.0945628349604488
1.09428338803448
1.0892581356534201
1.083860150307161
1.0788239997934603
1.0785694004885114
1.073678266093695
1.06843802206336
1.0635132638770983
1.0632817694273204
1.0585179203574255
1.0534270077895826
1.0486085933403406
1.048398577129321
1.0437556116563074
1.038806152869089
1.0340893468549683
1.033899290601156
1.0293712089310734
1.0245558332709328
1.0199361841303667
1.0197646715435915
1.0153458519697123
1.010657648649014
1.006130982454385
1.0059766927449303
1.001661865459117
0.9970943642847993
0.9926567626736958
0.9925184631718346
0.9883026895203484
0.9838498461889142
0.9794976151889105
0.9793741568350143
0.9752528115096329
0.9709089222256269
0.9666386203553937
0.9665289338396937
0.9624976669171725
0.9582574469725743
0.9540657975899863
0.9539688828193743
0.9500236240506315
0.9458820930702672
0.9417660475187747
0.9416809744787211
0.9378179137048458
0.933770414161826
0.9297270811476888
0.9296529844029763
0.9258685328489629
0.9219106586339602
0.9179373655116303
0.9178734370061895
0.9141642395194176
0.9102919303631986
0.9063861003758196
0.9063315902648134
0.9026944617504241
0.8989039510656268
0.895063131373288
0.8950173332507968
0.8914493537124036
0.8877369612330528
0.8839589578155802
0.8839212193050653
0.8804196220470525
0.8767817885995159
0.8730646293972373
0.8730343505546881
0.8695965203488407
0.8660302675275191
0.8650896049832304
0.8649327705824804
0.8643693898580348
0.8636236518131865