0.23515723223003035
0.23516838641686116
0.2351739645032094
0.23519069916812635
0.2352130158689952
0.23521582956498938
0.23521838500073325
0.23521894839062746
0.2352213896365063
0.23522256149879833
0.23522314033348943
0.235224880312954
0.23522719567660924
0.235228512256849
0.23522917052482245
0.23523114533527476
0.23523378698975161
0.23523509516288058
0.23523575431084193
0.23523773570185041
0.23524035598207965
0.23524175493372265
0.23524245070344144
0.23524452555474012
0.23524732601247503
0.23524874442975444
0.23524946331222643
0.23525161996735477
0.2352544955684166
0.23525885687998152
0.23526103768681733
0.2352676062676993
0.23527624767967995
0.23527765664205755
0.23528079307414845
0.23528235174842496
0.2352869719366243
0.23529332319127957
0.23529472742968932
0.2352964687710146
0.23529735192125614
0.2353000013833797
0.23530352268577773
0.23530558971984297
0.23530661976559433
0.23530970991817693
0.235313856874658
0.23531585833781044
0.23531686728501866
0.23531989414130594
0.2353239040461599
0.23532598027410398
0.23532701273703105
0.2353301039745259
0.23533423401111833
0.2353366761748131
0.2353378973685633
0.23534154638373234
0.2353464617101735
0.23534895579838389
0.2353502162554171
0.2353539976491505
0.23535903969541344
0.2353616842652568
0.2353630102289973
0.23536698814516918
0.23537230935958792
0.23537532119836144
0.2353768256870901
0.23538135722321632
0.23538737538165083
0.23539069684024377
0.23539234877836673
0.23539728492210754
0.2354039340510015
0.23540711591105773
0.2354087202294463
0.23541353322091335
0.23541990951151137
0.2354229366557183
0.2354244375957363
0.23542894044789767
0.23543494451755317
0.23543867972087335
0.23544055161167404
0.2354461784736005
0.23545359616464728
0.23545732181158965
0.2354591774813152
0.2354647115311577
0.23547213488117005
0.23547646051648408
0.23547863442941572
0.23548515623431707
0.23549382457332965
0.23549836860182582
0.23550062713350342
0.23550744321454734
0.23551636370995493
0.23551728436055464
0.23551919665040275
0.2355249449734483
0.23553259456827166
0.2355376352626965
0.23554015019890284
0.2355476651869031
0.23555778802012323
0.2355636871579436
0.23556665417515135
0.2355756437078403
0.23558728948515656
0.2355881312316359
0.23559555903286772
0.23560546349570793
0.23562163532715166
0.23562972331373275
0.23565408415770864
0.2356860380483813
0.23569568558811335
0.23570150088447614
0.23570436653089366
0.2357129296271877
0.23572450065969308
0.23573018103562043
0.23573307436512947
0.23574173737427592
0.23575323808757717
0.23575909198371003
0.23576199668084982
0.23577067651286582
0.23578244223587602
0.23578483942664413
0.23578760459572048
0.23579591653986737
0.23580683984033968
0.23581237957715206
0.23581509824156194
0.23582325433720502
0.23583413001222103
0.2358543233125495
0.23586444558448422
0.2358945153248143
0.2359359022703263
0.23594103264207694
0.2359457966225197
0.2359602015787028
0.23597902135690235
0.23598798619364383
0.2359923495922814
0.2360054143063893
0.23602308872777342
0.23603091714768346
0.23603491815608788
0.23604682748695763
0.23606298238901569
0.23607130545649874
0.23607556801401583
0.2360882559701207
0.23610557490189132
0.2361135731813258
0.23611768393738763
0.23613008900936225
0.2361464335690932
0.23615512735972288
0.23615941861769962
0.23617234303998005
0.23618940576192313
0.236199420740608
0.23620437799573787
0.23621933744854057
0.23623892275157476
0.23624898925085325
0.2362538953031804
0.23626872918650038
0.23628829866206938
0.23629944144981457
0.23630498470257547
0.2363215824983357
0.23634368997611152
0.2363556393166414
0.2363615756568644
0.23637959390469837
0.23640297905867638
0.23641560647861906
0.23642178027837552
0.23644023033611467
0.23646477597480367
0.23647653375414876
0.23648234992860703
0.2364999349051095
0.236523062410909
0.23654364351542856
0.23655381342778195
0.2365846810455016
0.23662487990091535
0.23664546014270757
0.2366555202251637
0.2366854680992069
0.23672658721708026
0.2367454035415062
0.23677666458237165
0.2367906890321361
0.2367979306400205
0.23681986631656163
0.23684848998060617
0.23686543955552716
0.23687373396614725
0.23689866610911842
0.23693185288029736
0.23694761801124703
0.23695553064877292
0.23697904178756363
0.23701117827862614
0.2370262603082538
0.23703398915844132
0.23705726581364578
0.2370882852891659
0.23710581317331453
0.2371145759814244
0.2371409662373227
0.23717581828492565
0.23719609440166511
0.23720611216818765
0.23723639763731977
0.23727636638025051
0.2372969287874052
0.23730718859228173
0.23733785225487172
0.23737865351399104
0.23739866833447587
0.23740859514478055
0.23743854731614872
0.2374779087153362
0.23750156624323365
0.23751326823010477
0.23754804311313896
0.23759571174017224
0.23761680639735686
0.23762774584095528
0.23766037967752573
0.23770441214302684
0.23773234794106748
0.23774637649360397
0.23778862443555612
0.23784476464282522
0.23788351053642728
0.23790279490270103
0.23796076223496992
0.23803771422936718
0.23807707416410476
0.23809666624705672
0.2381554476546236
0.2382333922998047
0.2382460714539888
0.23826279345229331
0.23831333848236938
0.23837907856009724
0.23838800919928216
0.2384030015443169
0.23844798160183583
0.2385079815278719
0.23853885794302118
0.23855432377433758
0.23860089678571597
0.23866206198479614
0.23869339662037178
0.23870885204092646
0.23875530717132598
0.23881661991458228
0.23885137081118685
0.23886859881769468
0.23892038197606302
0.23898852726643394
0.23902195764042572
0.2390384263846261
0.23908747412004447
0.23915395867716882
0.23918891907880724
0.23920676082950634
0.2392601923800357
0.23933160289390956
0.23936817757523662
0.23938651398539998
0.23944122695015646
0.2395148191468114
0.23956214377805363
0.23958589317744905
0.23965727870761372
0.23975207211779465
0.2398097408350649
0.23983848218706336
0.2399244054037522
0.24004080458457608
0.24005459030245702
0.24008172875947625
0.24016300764882959
0.24027134565356914
0.24032960333833897
0.24035866278596693
0.2404461639813721
0.24056119446177532
0.2405845642934609
0.24061463746707767
0.24070406859232593
0.24082616093046216
0.24088022484700236
0.24090806905592524
0.24099205449676808
0.2411019896203721
0.24115861729067858
0.24118655389419139
0.24126934750070478
0.24138273668170046
0.24144199609288436
0.2414724235048513
0.241563240682367
0.24168573656443526
0.24175904135157564
0.24179603310463677
0.24190721959107295
0.2420553692542827
0.24216097557832122
0.24221391807962872
0.24237141835903983
0.24258701066684168
0.24262147493289568
0.24278963311440468
0.24286828130195914
0.24299068644515187
0.24306584940116738
0.2431032128377745
0.24321608187853935
0.2433653396687156
0.24346417629003528
0.24351325766008886
0.24366078094674912
0.24385795830227938
0.24396943393148027
0.24402509995180824
0.2441932497393788
0.24441576643426877
0.244539350256129
0.24460083550332018
0.2447851901446768
0.24503193417714778
0.24517300343927112
0.2452435697735307
0.24545602292844404
0.24574042637410048
0.24574745832288394
0.24580409343345158
0.24597336155898972
0.24620204044695887
0.246318475090607
0.2463776013014246
0.24655432485067752
0.24679156993247384
0.24695994081527897
0.24704442664712514
0.2472995631379022
0.24763468754389031
0.2476655279732318
0.2477756909100882
0.2481073586441034
0.24854963496694008
0.24876838361330628
0.24887772986700424
0.2492074101443567
0.24964429167814986
0.249729366898363
0.2500294359928401
0.25016341478743226
0.25023217842390494
0.25043747241755654
0.25071567533746936
0.25085222457515577
0.25092178226559386
0.25113021594594587
0.2514096971853755
0.2515915890774009
0.25168316490325343
0.2519570216390769
0.25232645048856817
0.25250937057371486
0.25260228990697453
0.2528805724580456
0.2532525117272253
0.2534459393220288
0.25354279390789664
0.253833277727595
0.25422232023238706
0.254476812436589
0.25460485541513833
0.25498945303016196
0.25550262058014606
0.25583334443003036
0.255998891961659
0.2564971965116443
0.2571621866978511
0.2576033784581626
0.25782512400685526
0.2584918301968236
0.25937871560712744
0.25970608210201646
0.2603485308208126
0.260485331731522
0.26069345317463594
0.261315728283117
0.2621598861771706
0.26240611656502105
0.263017047634852
0.26334752198457456
0.2635141419638156
0.26401435120759326
0.2646842147870584
0.265120622218404
0.2653401989544723
0.2660010030489625
0.266879729245751
0.2669194434574629
0.2674238488434404
0.2680970731684759
0.2685202686207022
0.268732494749257
0.2693697341558116
0.2702240143803734
0.27075217604493174
0.2710181156344623
0.2718176220656108
0.27288633671660806
0.27338951902891356
0.2736411486545024
0.2743979209573594
0.2754103306621697
0.2760538334343411
0.2763778484054931
0.2773516356078051
0.2786584707049923
0.27952888878741655
0.2799684230184737
0.281289113107274
0.2830687634655715
0.2833092531044329
0.2844068748724431
0.2858900715866213
0.28605475338303826
0.28714392440574976
0.2886044880129422
0.28934446053738266
0.28971670717216264
0.2908344697824071
0.2923400596063365
0.29305105478792615
0.2934104022773024
0.2944893912713154
0.2959407999678409
0.296756412366082
0.297168271035272
0.29840521897858807
0.30007308013227935
0.3008288687322733
0.3012109782346969
0.3023584554324438
0.30390309881336325
0.3047508939377629
0.3051792414972633
0.3064676128512516
0.30819808482630107
0.30930100362032437
0.3098584247329031
0.31153405629117664
0.313795740157492
0.31406148493000385
0.3145952492700414
0.316199601201105
0.3183644621915902
0.3193606559833261
0.319864175275905
0.32137771459430525
0.32341808221663526
0.32443301830309235
0.3249462555877158
0.32648855909378566
0.3285687318134996
0.32957430666721654
0.3300828855008296
0.3316114189186004
0.33367108807828844
0.3348000071431425
0.3353710439469404
0.33708870011541303
0.3394025756584179
0.34080573794398783
0.34151672706366837
0.3436547428190907
0.34654686523440903
0.3471131686868792
0.34908525130694834
0.35174892260507284
0.35302575790445045
0.3536721155870144
0.35561544297536557
0.35824022113547066
0.3594904463306759
0.36012345044907457
0.36202691124563713
0.36459424268550567
0.3660780150610664
0.3668300197606942
0.369091803221132
0.3721505176750838
0.37357033069145623
0.37428975731322056
0.3764535825903055
0.37937604160371674
0.38096114251498203
0.3817649640204745
0.38418305780608475
0.38745544181478436
0.38897742562105747
0.3897492116605599
0.3920709169348645
0.39520957846152405
0.39685850286293267
0.3976952567354833
0.40021264231689524
0.4036201818473366
0.40532119063072725
0.4061848773497145
0.40878327501508843
0.41230278700397177
0.41403720311134073
0.41491833626923014
0.4175692647254387
0.4211606451149607
0.42298641172386153
0.4239145988319806
0.4267076272986834
0.4304939530984855
0.4324059051025405
0.43337846361131893
0.436305698685412
0.44027498524421776
0.4423632162214212
0.4434264470318823
0.44662718121308537
0.4509740766240068
0.45310386548186826
0.4541885639986413
0.45745393257429584
0.46188821592547136
0.4641544676373558
0.46530938417714834
0.4687865393607655
0.47351226219727005
0.4758654615477049
0.47706500137560076
0.4806767929146
0.48558578789647316
0.48808435584165977
0.4893584799825776
0.49319529771651305
0.4984130413387023
0.5010231105020437
0.5023542776551592
0.506363060583196
0.5118151308340216
0.5145791108241474
0.5159890190837954
0.520235547853498
0.5260127510830676
0.5289138938315547
0.5303937649420584
0.5348514156690284
0.5409161446637003
0.5439883774354696
0.5455556129951293
0.5502769859927296
0.5567023272240536
0.5599163455886786
0.5615557157958101
0.5664948953997185
0.5732158071754082
0.5766307765560371
0.5783726983110923
0.5836215590574166
0.5907660855917478
0.5943409230759475
0.5961640883537304
0.601658346573095
0.6091360271944904
0.6129180901010784
0.6148468238562788
0.6206599857438372
0.6285728716368385
0.6325546929341173
0.6345850287673279
0.6407052093938824
0.6490360014141514
0.653240222827977
0.6553837162473002
0.6618457370883637
0.670642789884056
0.6750589769575898
0.6773101448180068
0.6840973895611052
0.6933370424833485
0.6979738998119726
0.7003370828922613
0.7074627719568347
0.7171624589258329
0.7220476102021032
0.7245368645356914
0.732043606152624
0.7422616394855641
0.7474196471968689
0.750047412402827
0.757972873570732
0.768761063292092
0.7741828571643582
0.7769442456802821
0.7852735273241692
0.79661045201007
0.8023010673684889
0.8051984521529983
0.8139388077452507
0.8258332442373103
0.8318260280148583
0.834876299808061
0.8440788662076311
0.8566010738738483
0.8628969233023446
0.8661002493992012
0.8757655801232144
0.8889150160612149
0.8955352094210608
0.8989022097089688
0.9090624782237202
0.922882821056409
0.9298308583991266
0.9333630096293855
0.9440227078857115
0.9585187878972076
0.9658204989209248
0.9695306985830809
0.9807289435156988
0.9959539262066973
1.0036108444032654
1.0074995243430918
1.0192376226486548
1.0351918997406746
1.0432238751903589
1.0473008219348598
1.0596084366578704
1.0763319312017143
1.0847445505845497
1.0890122401387412
1.1018969343019542
1.1193985724914004
1.1282111737311635
1.1326790590404543
1.1461695178726747
1.1644876513207003
1.1737092914573806
1.178381560381091
1.192490532052243
1.2116412470666118
1.2212849052690558
1.2261676958090764
1.240913858269637
1.2609213528960304
1.2709986899354924
1.276097424793585
1.2914972810600727
1.3123826226555428
1.3229061248396266
1.3282265853636608
1.3442977672657312
1.3660834058947025
1.3770645760261775
1.3826119744896943
1.3993703780954738
1.4220762731094974
1.433522931250509
1.439300545019476
1.4567562202519317
1.480394049022417
1.492314697934841
1.4983260581689464
1.5164898740028723
1.5410722167963342
1.5534622354247185
1.5597041245776835
1.578566407880774
1.6040776092399467
1.61696946427881
1.6234574247384594
1.6430656832297195
1.6695681827660505
1.6829094544274237
1.6896159218126996
1.7098864924335708
1.7372629465231524
1.7511164411835534
1.758072049937598
1.7790985084966129
1.807474012929987
1.8218197575178843
1.8290132018650094
1.8507615064385827
1.8800863974586726
1.8949091549206065
1.902331495672933
1.9247749067128697
1.955009493507834
1.9702986609317226
1.9779432221994775
2.001061968698363
2.032176157359732
2.0479206076804033
2.0557804084238387
2.0795538989007807
2.1115165038337635
2.127693331858522
2.1357554793006153
2.1601452234090868
2.1929008463480755
2.2094950798896646
2.21775057931105
2.2427300880354926
2.2762397302101065
2.2932222726680522
2.3016551083951566
2.327176618270944
2.361372665710043
2.378718137032631
2.387314100560236
2.413335496497824
2.448158181684409
2.465829520406683
2.4745686610059843
2.501030447684837
2.5363968637665697
2.554361890263331
2.5632266333325195
2.590076722451198
2.625914185953475
2.64413309878796
2.653102152558677
2.6802772424729437
2.7164983713034587
2.734929782477304
2.743981092570271
2.77141571450978
2.8079305276891704
2.8265311447356547
2.835641730264142
2.8632677461571427
2.8999830048175927
2.918711051984082
2.9278586360213326
2.9556102186105235
2.9924360965580608
3.011250943144545
3.0204137650927265
3.048226848444766
3.085076088250844
3.1039438413551657
3.1131032326572865
3.1409234531483055
3.1777217267728006
3.1966229885722215
3.205766874066887
3.233560415407855
3.270260342275997
3.28920533413255
3.298334977790082
3.3261095584055522
3.3627176252816873
3.381784053695626
3.3909308007298353
3.4187878725102916
3.4554313630944247
3.474876749937319
3.484151229564483
3.51243979989085
3.549563617546787
3.570363215736491
3.580188183994703
3.6102349727022895
3.649534448474061
3.6727705726037216
3.683579819943433
3.7167774824995026
3.7599953561694726
3.7754959323845276
3.806979380147487
3.8133275337007295
3.8328780968571197
3.8584571790681994
3.8625187118509534
3.867973305580397
3.884583951915042
3.906337993193392
3.9160685433207783
3.9207295491571283
3.934904289778209
3.9534820155536785
3.961927323535438
3.9659810949212924
3.978294573027657
3.9944381694283964
4.001831744393304
4.005385894783616
4.016169340761175
4.030304446121017
4.0367581725019015
4.039863363908191
4.04927293000772
4.061597285027666
4.067182681814515
4.069870264349028
4.078003285986729
4.088638207085222
4.0933945055993215
4.09568100959902
4.102590223273576
4.111601148102145
4.113064282623475
4.114979248559591
4.1207580647639555
4.128274209094414
4.128570911273297
4.130109236620475
4.134746075901425
4.140765041341835
4.143929401507439
4.145425865187434
4.149933083093289
4.155720804067151
4.158767756410028
4.160176773989788
4.164415246640038
4.169755899040673
4.1724948505084924
4.173713518861073
4.177373735588664
4.181828983648603
4.18407731359519
4.1849980033631615
4.187760053885012
4.190859959011846
4.1923469415883785
4.192807217290894
4.1941901085371285
4.195222006953623
4.195439504813201
4.195154607821692
4.194312556874309
4.192063420284206
4.190156888115882
4.188673640084915
4.184250550783925
4.176832682238652
4.171974570720041
4.169000992738488
4.160086622602461
4.146574390038769
4.137887205928535
4.133016072135128
4.118324669538179
4.097056096732407
4.082696301771957
4.075090854403479
4.051951623569857
4.01940689845769
3.998185910705156
3.987583760999757
3.9548472563803725
3.910056986781881
3.86545555129866
3.845404418060345
3.780278453137318
3.6943752488503896
3.6439362659862775
3.6153495180966733
3.6029613736374397
3.5625886192399685
3.5102194886306073
3.472940006663855
3.458089343112609
3.407013300316324
3.342440419156641
3.3008851554292606
3.285928596447057
3.231253149872679
3.1640010342710765
3.12582041384019
3.112988845157157
3.0644716697985914
3.0053285624555173
2.9710481499401995
2.9600716848616715
2.9171952370950582
2.86526448109994
2.8344188327247544
2.8249873876355878
2.786896546070944
2.741001587342121
2.7131092899783464
2.7049557766081156
2.670894203802284
2.63002399412586
2.6046460256668498
2.5975425717249108
2.5668537168737084
2.5301525146347577
2.506902050731011
2.5006583831303417
2.4727851566853545
2.439542783646458
2.4180906434168734
2.4125518520248366
2.38703394555408
2.356673861718284
2.336748093657385
2.3317907401951286
2.3082562501868216
2.2803186970372527
2.2616993570124797
2.257226544752313
2.2353795771606264
2.209502044147811
2.1920134309138706
2.1879496942403955
2.1675566269419537
2.1434544868937384
2.126956792232663
2.1232434164807614
2.104119854151445
2.0815690802386615
2.0659506735458133
2.0625417421662853
2.044541252828856
2.023364055644172
2.0085349620135955
2.005394195661062
1.9883991743057354
1.9684526358588805
1.9543393277102252
1.9514376489386025
1.9353522106096481
1.916519585469336
1.9030609752489442
1.9003746787502627
1.8851192828686867
1.867303487788329
1.8544479185384537
1.8519573188329372
1.8374647763875147
1.8205835873475347
1.808286606575651
1.805975048766075
1.7921875894800319
1.7761701282634401
1.7643928552123131
1.762245995363349
1.7491131260278245
1.7338973002505234
1.7226052326699197
1.7206105153202436
1.7080874585908061
1.6936180970358297
1.6827802388915576
1.680926517228315
1.6689730717069147
1.6552005622902355
1.6447887840009554
1.6430660425754517
1.6316457467917436
1.61852503607461
1.6085136028089937
1.6069127536282752
1.5959922687795032
1.583482121087898
1.5738473430721256
1.5723600740016415
1.5619087246545398
1.5499711679218406
1.540680724290932
1.5393000227022098
1.5292785264249737
1.5178700079962746
1.5089220138536628
1.5076395945600167
1.4980443682029734
1.487149979041396
1.4785214201756585
1.4773312190186334
1.4681266097637382
1.4577071546058098
1.4493770701438922
1.4482729718988616
1.4394359038165345
1.429462846951453
1.4214145910305105
1.420390887721012
1.4118999092652567
1.402346670571396
1.3945646921607766
1.3936160541842506
1.3854510928949937
1.3762928029529258
1.3687625295327177
1.3678839756711039
1.360026233150273
1.351239604508929
1.343947372339992
1.343134243834165
1.335566105041405
1.327129320702651
1.3200623127897215
1.3193102505965502
1.3120152032533077
1.3039078168847702
1.2970540073911105
1.296358931907287
1.2893214938652238
1.281524339953972
1.2748724433774186
1.2742305361195438
1.2674361891620998
1.2599313010177686
1.2534707255578192
1.2528784124522132
1.2463135415357598
1.2390840758116737
1.2328048801667089
1.232258816140059
1.2259106530337605
1.2189408199334644
1.2128336728121292
1.2123307275462154
1.2061872985145825
1.1994622957375336
1.1935184393592155
1.1930556839825577
1.1871057607932847
1.180611715079592
1.1748229281952745
1.1743976228503585
1.1686306774892927
1.1623545838386338
1.1567131512794442
1.156322733560185
1.150728894161389
1.144658566248913
1.1391572452436398
1.138799319204052
1.1333693306857018
1.1274933483446934
1.122125341528641
1.121797667364949
1.1165228531499982
1.1108305163306607
1.1055894424229415
1.1052899268108767
1.1001621531225934
1.0946434343107945
1.0895233050263387
1.0892499921603545
1.0842616336605289
1.0789071406140498
1.073902332669266
1.0736533956385543
1.0687973043420986
1.0635982381533824
1.0587034737118883
1.058477205965598
1.0537466829955078
1.0486947986048232
1.0439051228187703
1.0436999316100504
1.0390886941358752
1.034176273492198
1.0294870287258324
1.029301427084419
1.024803587328027
1.0200233940690817
1.015430215431006
1.0152628147348082
1.0108728560846814
1.0062181168123217
1.001716897645764
1.0015664035058351
0.9972791486222043
0.9927435169676697
0.9883304001788507
0.9881956043891232
0.9840062049900219
0.9795837254917746
0.9752550979118179
0.9751348731667089
0.971038781957462
0.966723877929867
0.9624763337439566
0.9623696306573173
0.9583625735680501
0.9541500420617353
0.949980365604328
0.9498862047166544
0.945964184325249
0.9418491175498086
0.9377543208616665
0.9376717878059391
0.9338310476972587
0.9298088902995275
0.9257861140094251
0.9257143600144718
0.9219513692033696
0.9180178215981344
0.9140644002508298
0.9140026319198277
0.9103141057971853
0.9064650880612759
0.902578559426654
0.902526037819628
0.8989088716621452
0.8951406049639444
0.8913186061236844
0.8912746469074607
0.8877259022164852
0.8840349225196683
0.8802751749234495
0.8802391264086287
0.8767560969924523
0.8731390353355392
0.8694394632244156
0.869410747880261
0.8659908233340726
0.8624445705749033
0.8612997073876775
0.8610925258719628
0.8602706042964495
0.8591910262296738