0.9991042934065555
0.9990796544282415
0.9990673343611829
0.9990303740566068
0.9989810916938265
0.99898084082554
0.9989713200331868
0.9989669931132843
0.998964829634858
0.9989583391944976
0.998949685216802
0.9989492313573127
0.9989432809104654
0.9989429952203486
0.9989416950174662
0.998937794406417
0.9989325935717469
0.9989301607817108
0.998928944380633
0.998925295175217
0.9989204295509096
0.9989175800054043
0.9989161552246485
0.998911880879667
0.998906181728854
0.9989029894541438
0.9989013933066268
0.9988966048608623
0.9988902202361458
0.9988864179472704
0.9988845167886488
0.9988788133086107
0.9988712086245058
0.9988677242083682
0.9988659819880239
0.9988607553233244
0.9988537864005642
0.9988490896825711
0.9988467413020871
0.9988396961548546
0.9988303025572423
0.9988286403472038
0.9988262513679796
0.9988190844242278
0.9988095284296182
0.9988085403936217
0.99880646223944
0.9988002277720743
0.9987919150966114
0.9987868846317572
0.9987843693747042
0.99877682359709
0.9987667624822694
0.9987618521536591
0.9987593969655082
0.9987520313946852
0.9987422105606849
0.9987364000464874
0.9987334947569211
0.9987247788799452
0.9987131576066811
0.9987073207128817
0.9987044022327227
0.9986956467840101
0.9986839727470577
0.9986779453259013
0.9986749315798229
0.9986658903328
0.9986538352243952
0.9986475942921281
0.9986444737879397
0.9986351122661985
0.9986226301161347
0.9986168846898063
0.9986140119440424
0.9986053936985652
0.9985939026028477
0.9985918163344074
0.9985890366121805
0.9985806974377689
0.9985695784432758
0.9985628621449184
0.998559503951964
0.9985494293625762
0.9985359964375436
0.998527448582545
0.9985231745848163
0.9985103525760028
0.9984932563363299
0.9984852272461087
0.9984812126385253
0.9984691688015095
0.9984531101527477
0.9984450946300546
0.9984410868069373
0.9984290633234799
0.9984130318125339
0.9984056667746827
0.9984019842031817
0.9983909364766147
0.9983762060047494
0.9983677669563602
0.9983635473629233
0.998350888567318
0.998334009949167
0.9983261569869181
0.9983222304451748
0.9983104508062007
0.9982947444296784
0.9982858560606718
0.9982814118002069
0.9982680790019488
0.998250301691424
0.9982387003890159
0.9982328996088957
0.998215497241165
0.9981922936625812
0.9981784370617538
0.9981715085773826
0.998150723087575
0.9981230084927922
0.9981189124688757
0.998111656413601
0.9980898882071524
0.9980608632725101
0.9980439099785433
0.9980201984546544
0.99800828465866
0.9980023276234423
0.9979844564890515
0.9979606278652129
0.997957414311
0.9979522125761535
0.9979366073490462
0.9979158000413509
0.9979041013300384
0.997898251843095
0.9978807033548894
0.997857304940441
0.9978448724538191
0.997838656061802
0.9978200068552185
0.997795140762886
0.9977795561409926
0.9977717635984069
0.9977483859250427
0.9977172149255479
0.9977119730061178
0.9977052758001911
0.9976851841472087
0.9976583947141504
0.9976427504586323
0.997634928097397
0.9976114609669394
0.99758017068809
0.9975633816772077
0.9975549869016926
0.9975298025228545
0.9974962224586152
0.9974788710230487
0.997470195016108
0.9974441669401923
0.997409461878215
0.9973917145808582
0.9973828406270482
0.9973562187066016
0.9973207218155381
0.997303084327605
0.9972942652847143
0.9972678080981788
0.9972325308743846
0.997216624624583
0.9972086712600983
0.9971848111199523
0.9971529967967587
0.9971378231780786
0.9971302361464778
0.9971074750076862
0.9970771260960333
0.9970606454561914
0.9970524048760452
0.997027683084438
0.9969947198403306
0.9969731824050719
0.9969624132457288
0.9969301056836725
0.9968870274686338
0.9968600456730229
0.9968465540826629
0.9968060791819477
0.9967521103413644
0.9967257554004
0.9967125772670088
0.996673042746089
0.9966203278391376
0.9965955923237425
0.9965832239789406
0.9965461188332673
0.9964966433827601
0.9964702591625639
0.9964570663949278
0.9964174879662651
0.9963647145266741
0.9963375094023015
0.9963239061364627
0.9962830962067238
0.9962286806295592
0.9962030029232538
0.996190163444646
0.9961516448891552
0.9961002847427032
0.9960707946867465
0.9960560488372638
0.996011811135877
0.9959528247892008
0.9959245697530029
0.9959104414802198
0.9958680565245535
0.9958115406823541
0.9957839072005152
0.9957700897181743
0.9957286371405558
0.9956733645771632
0.9956417586740246
0.9956259547583471
0.9955785428313934
0.9955153237907963
0.9954842600514948
0.995468727274451
0.995422128772191
0.995359994403815
0.9953265866673559
0.9953098817493908
0.995259766796816
0.9951929433376584
0.9951587508306213
0.9951416534723503
0.9950903611951856
0.9950219677842607
0.9949776165561722
0.9949554390777772
0.9948889062991192
0.9948001896759017
0.994784147567845
0.994763514308847
0.9947016142407341
0.9946190753805817
0.9945789858981597
0.994558939622186
0.9944988005082153
0.9944186099420408
0.9943789264469076
0.9943590832116916
0.9942995532375961
0.9942201748919908
0.9941817713472624
0.9941625681582688
0.9941049583341557
0.9940281405380692
0.9939855836698288
0.993964303511702
0.993900462729221
0.9938153359441328
0.9937703572288016
0.9937478659592641
0.9936803918008799
0.9935904197910622
0.9935340321005995
0.9935058352286356
0.9934212440795185
0.9933084457062751
0.9932470974133853
0.9932164196810732
0.9931243858484039
0.9930016620448519
0.9929422521979798
0.9929125439103994
0.9928234184489773
0.9927045733184129
0.9926464673849332
0.9926174112425626
0.9925302422355222
0.9924140061633031
0.9923538696153661
0.9923237979217319
0.992233582213707
0.9921132831257324
0.9920559927056515
0.9920273443980272
0.9919413989031715
0.9918267945563002
0.9917509742045709
0.9917130586344947
0.9915993109244088
0.9914476292386821
0.9913561156182664
0.9913103509882597
0.9911730556348711
0.9909899687972558
0.9909609945011286
0.9908504765517999
0.9907031019209069
0.9906223753458752
0.9905820058683849
0.9904608963250618
0.990299396030211
0.9902048681799259
0.9901575957657517
0.9900157770037814
0.9898266567256923
0.9897306090282012
0.9896825764217785
0.9895384770146638
0.9893463151621196
0.9892487032064335
0.9891998882660319
0.989053441784918
0.9888581496743254
0.9887702079091151
0.9887262298051592
0.9885942941474313
0.9884183553920395
0.9882983764160945
0.9882383734252638
0.9880583619633014
0.9878183009778045
0.9876950059562404
0.9876333441816776
0.9874483562180196
0.9872016575910494
0.9870734570990739
0.9870093415576351
0.986816992019422
0.986560473988694
0.9864440399642354
0.986385810309588
0.9862111189237576
0.9859781543263386
0.9858616034994683
0.9858033154715634
0.9856284489891087
0.9853952504146191
0.9852827728835242
0.9852265222044079
0.9850577679201077
0.9848327221383699
0.9847119191996679
0.9846515041149597
0.9844702562622849
0.9842285463701311
0.9840975110267084
0.98403197739733
0.9838353734671668
0.9835731805943857
0.9834241331096601
0.9833495887167302
0.9831259516243653
0.9828276981364333
0.982638143938413
0.982543333311433
0.9822588949932448
0.9818795304622346
0.9816832813348231
0.981585121126661
0.9812906334995626
0.9808978625910973
0.980673717158185
0.9805615983271655
0.9802252326484293
0.9797765864795552
0.9797193114407285
0.9796130313239377
0.9792941827079892
0.9788689085867411
0.9786697688942663
0.9785701624054264
0.9782713356055408
0.9778727744298822
0.977642128584029
0.9775267565089621
0.977180630391909
0.9767189605145393
0.9764533020138961
0.9763204076157016
0.9759217111590301
0.9753898937986308
0.9750767095595613
0.9749200275475929
0.974449963119457
0.9738228999992407
0.9733655567589998
0.9731366932053428
0.9724500621248182
0.9715338977984667
0.9711651218653964
0.970889273644624
0.9707512797108323
0.9703372828628608
0.9697850484739123
0.9694698725341918
0.9693121943307348
0.9688391399612396
0.9682080900014163
0.9678136819896531
0.9676163373177163
0.9670242722568089
0.9662343651250118
0.9660825491638985
0.9658967470288009
0.9653393125963171
0.9645956363721792
0.9642173541692621
0.9640280846374104
0.9634602466059118
0.9627026822364712
0.9622906466409983
0.9620844765654538
0.9614659308223207
0.9606406749111602
0.9602094568498202
0.9599936821653727
0.9593463190953416
0.9584825848612671
0.9580209674455352
0.9577899674784119
0.9570969217570211
0.9561721963181067
0.9559833591135742
0.9557445835000382
0.9550282067945972
0.9540723308777123
0.9535748516396714
0.9533258934401607
0.9525789639925553
0.9515822874908787
0.9510610542047462
0.9508001975761904
0.9500175655994798
0.9489732159604326
0.9483919636209692
0.9481010422447825
0.9472281994062719
0.9460633683550553
0.9455024377519583
0.9452216998873795
0.9443794118147436
0.9432553884604735
0.9426900754085384
0.9424071413106587
0.9415582610598275
0.9404254394249838
0.9394440915675504
0.9389525920437014
0.9374778562278978
0.9355085768488516
0.9345759384717699
0.9341088769109103
0.9327074690452033
0.9308362606450238
0.9298146561630636
0.9293029742861053
0.9277676518481528
0.9257173587967517
0.9253476746907663
0.9240788763408073
0.9223849737280095
0.9223061949477623
0.921359077802474
0.9200950487534217
0.9194090292341855
0.9190656315838421
0.9180353019168115
0.9166601030750952
0.9160097524634407
0.9156842303013809
0.9147075375105085
0.9134040029511419
0.9120727883217727
0.9114057446268573
0.909404074310622
0.9067298116424958
0.9066845014421617
0.9048256091823548
0.9023424540348589
0.9011816456529023
0.9006001632899452
0.8988552686031878
0.896524678442527
0.8953887291992287
0.8948197376089753
0.8931123154494883
0.8908318616603916
0.8896667865474015
0.8890831895348216
0.8873319073843612
0.8849927647275466
0.8837546799117054
0.8831344506993011
0.8812731838590288
0.8787868577322152
0.8776490739161532
0.8770791864313939
0.875369010721002
0.8730848591871042
0.8719757970073542
0.8714203298456927
0.8697534195013342
0.8675271437952538
0.8660468188954668
0.865305006793699
0.8630786277538823
0.8601034073553996
0.8586682081167599
0.8579490559081431
0.855790663843046
0.8529064491927253
0.8515734472857062
0.8509056116939276
0.848901254847594
0.8462232478866434
0.8448327598189013
0.8441360694891995
0.8420450292384474
0.8392508758979509
0.837734802006377
0.8369750408322961
0.8346945473169609
0.8316465136012425
0.8302133232129651
0.8294951729511325
0.8273395836904456
0.8244587578470555
0.8229056953700596
0.8221273266899395
0.8197908170669578
0.8166674090534728
0.8151561721856064
0.81439878394944
0.812125221419437
0.8090859792731849
0.8076453798231855
0.8069234421624661
0.8047562973132205
0.8018594714067849
0.8003117280417197
0.7995359296191721
0.7972069253109535
0.7940928908067384
0.7925708857731448
0.7918079651323507
0.7895175740686619
0.7864550293606263
0.7847671373056452
0.7839207639883762
0.7813795465550208
0.7779801369105318
0.7773582482770901
0.7765411360037936
0.774087763830108
0.7708058746977245
0.7691559917872768
0.7683285538009765
0.7658440615754483
0.7625199469166387
0.7608381153109329
0.7599944947409725
0.7574612740934252
0.7540712200917299
0.7524350095028219
0.7516142266662814
0.7491495582954554
0.7458510760809969
0.7441741828586844
0.7433328033779045
0.7408061394832715
0.737423827451677
0.7357405671529976
0.7348958473073749
0.7323590568971811
0.7289625801832005
0.7272695406584365
0.7264197593183134
0.7238676713542587
0.720450070871935
0.7187670800676955
0.7179222279054901
0.7153848848145078
0.7119865888739815
0.7102504598735414
0.7093786913673787
0.7067603458978078
0.70325252023979
0.7015193569289802
0.7006489525553331
0.6980346434891878
0.694531765891022
0.6927623143697864
0.6918734894439217
0.689203726793981
0.6856257303629271
0.6838508237671888
0.6829591453927852
0.6802807506328524
0.67669076883973
0.6749011186877789
0.67400192601341
0.6713008903486888
0.6676801436903467
0.6658712185704204
0.6649622522263912
0.6622317885351399
0.6585712417285766
0.6567504595829454
0.6558355010705464
0.6530869923201742
0.6494021262703618
0.6475633306961345
0.6466393155171578
0.6438635531849292
0.6401421120560564
0.6382790966976888
0.637342941060739
0.6345306576515221
0.6307603285916912
0.6288804279383295
0.6279358932248957
0.6250984112904244
0.6212946618108175
0.619401796428427
0.6184509262000483
0.6155944003606291
0.6117657418833077
0.6098589395893151
0.6089013114424343
0.6060244770426797
0.6021694315948618
0.600249335482561
0.5992853457547246
0.5963893992028588
0.5925098134533469
0.590578674429699
0.5896095321281674
0.58669811223295
0.5827991213666387
0.5808593311317458
0.5798863154555962
0.5769632696405181
0.5730502803667514
0.5711044154725928
0.5701288958305881
0.5671983401010177
0.5632771045812215
0.5613277715183908
0.5603511277757204
0.5574172066794884
0.5534934941783551
0.5515437552358919
0.5505675897610163
0.5476351141377735
0.5437155610096239
0.5417683987243234
0.5407942657807467
0.5378678988396735
0.5339589115630804
0.5320177554082369
0.5310474236025017
0.5281324704348187
0.5242412788595162
0.5223095222954067
0.5213447313162304
0.5184464074201688
0.5145800818907177
0.5126612048140174
0.5117037259745655
0.5088273396356345
0.504993033668275
0.5030905168477071
0.5021421099795977
0.4992929329623159
0.4954977104553587
0.4936149807869588
0.4926773671553565
0.4898605536270717
0.4861112826576662
0.4842516627588728
0.4833265007966523
0.4805470147487635
0.47685027484681164
0.47501694040670767
0.4741058059961766
0.47136836232528284
0.4677303720909133
0.46592632166792236
0.4650306952832833
0.46233972144575985
0.45876629551241455
0.4569943286102466
0.45611558720270334
0.4534751990157693
0.4499717254958056
0.4482344384570891
0.4473738566725031
0.44478786201402587
0.4413593180707883
0.4396591109736494
0.4388178681475605
0.43628978780667055
0.4329407783721419
0.43127987825971253
0.4304590735694166
0.42799218637009273
0.4247270145354125
0.4231075117648757
0.4223081856727443
0.41990559224048385
0.4167283529621509
0.41515224819152236
0.4143754086891934
0.41204010938177804
0.40895479979345745
0.40742405810355486
0.40667070981739806
0.40440569100874946
0.40141632911003344
0.39993293795698376
0.399204112357219
0.39701243582370016
0.394123180368628
0.3926892073679338
0.39198599209624635
0.38987088156970856
0.38708614544016623
0.38569987796488314
0.38502156980053354
0.38298083622568857
0.3802980701095803
0.3789683967422072
0.37831939690547517
0.37636623613159714
0.3738028706625743
0.3725278592608867
0.3719074050621536
0.370039419293075
0.3675927339381019
0.36638152198918544
0.3657941279192384
0.3640248407263229
0.36171263723345276
0.36056481159508746
0.360010477235165
0.358339756156208
0.3561622983558503
0.3550797087152446
0.35455955404380324
0.35299061714588437
0.3509525713711688
0.3499390685935365
0.34945518965803
0.3479941732287308
0.34610399568265704
0.3451652390082647
0.34472058943807754
0.3433761985537095
0.3416456091318799
0.340785914302369
0.3403828750465834
0.33916202914534627
0.33760057304260543
0.33682510071578153
0.336466505563219
0.3353774344857314
0.33399641555100673
0.3333114435194232
0.33300070530867504
0.33205332330326687
0.33086626322552715
0.33027857507253305
0.3300194520977816
0.32922461138983933
0.3282464081454131
0.3277640480213624
0.3275610164481051
0.32693160605435373
0.3261799475126067
0.3258124472279779
0.3256708718794002
0.32522227209904164
0.32471832239791315
0.3244773662966949
0.3244038913950059
0.3241550693987495
0.3239249773950979
0.3238252777396635
0.3238283949781619
0.3238034618432616
0.3238805870624378
0.3239415470882236
0.32403266169366723
0.32426380001223504
0.3246928701757333
0.3249419071932233
0.32513754778922377
0.3256710360183176
0.32651681158008306
0.3269977507857969
0.32732532125538416
0.328237126229168
0.3296070352328903
0.3304111491600204
0.33093122080330756
0.33238690927469733
0.33451919138702585
0.3359709915655471
0.3369201354369658
0.33955186379991875
0.3433738237510611
0.34533743773768866
0.3487130254371542
0.3489769708245817
0.3498177561613247
0.35221217262868526
0.35553165217113547
0.357084083242378
0.3579571093504939
0.3604528803970478
0.36387893897044654
0.36553171477374224
0.3664506513055005
0.36908147654794565
0.37266932565717825
0.37441478753933793
0.3753776139860341
0.3781354672977734
0.3818774027185133
0.38370213405719394
0.38470282082387763
0.38756903310310425
0.39144148965532327
0.39333034468030625
0.3943615955730555
0.39731421845198367
0.4012888010028228
0.40322390428613847
0.40427669231867663
0.4072892055781145
0.41133137865292096
0.41328912797529976
0.41435104389495553
0.4173878939305225
0.42145142586721496
0.423394176893012
0.4244446575895483
0.42744832455501697
0.43145845502669716
0.4333032599354834
0.4342955669789672
0.4371371944027512
0.44092525538200505
0.4430770766410929
0.44425062468867027
0.44758220606782173
0.45201381133475765
0.4545963630085517
0.4560307365932706
0.4600522302198717
0.4653841202108917
0.46863140611620246
0.47048977936620323
0.4755975697277879
0.4823271096310506
0.48699871437329006
0.48986073169839334
0.49739885042520876
0.5071400048320696
0.5111155702956494
0.5183211718590697
0.5192076864908939
0.5209728464165415
0.525757042623389
0.5319970700069092
0.5349613975421161
0.5366756988919007
0.5412973323450939
0.5473069183372011
0.5505093284391573
0.5524163808637268
0.55745993572395
0.5639598713417688
0.5673807670321241
0.5694814874983136
0.574909992100173
0.5818258447085606
0.5854629739436005
0.5877933343379403
0.5936352345178292
0.6009572406552711
0.6048309588242521
0.6074744484205796
0.6138272113390185
0.6215884649186944
0.6258227900581211
0.6290648997806901
0.6363439009018476
0.6447899666798302
0.649243556287163
0.6532751985866356
0.6615342943749999
0.6702815142137032
0.674262580856462
0.6779378375072509
0.6850775575078588
0.6923718181945928
0.6956744688856161
0.6990451577011765
0.7052514906290764
0.7113640286965595
0.7141206545214399
0.7172540136913613
0.7227274182288947
0.7279159420027003
0.7302452601387999
0.7331961639100466
0.7381002583523486
0.742571708282684
0.7445684070040577
0.7473794074397062
0.7518418581288284
0.7557565837033285
0.7574935474980994
0.760196724425894
0.7643145168935628
0.7677940178949958
0.7693261090957135
0.7719454004090932
0.7757911885633054
0.7789262603903453
0.780294195223016
0.7828476903464556
0.7864758070083524
0.7893337427998132
0.7905674914236234
0.793069351822806
0.7965207723396199
0.7991511352126466
0.800272702331868
0.8027344248183923
0.8060403438955444
0.8084793297663629
0.8095049184146413
0.8119358511714847
0.8151199152433721
0.8173936083605223
0.8183351830410704
0.8207425694085478
0.8238222369854907
0.8259491261118183
0.8268154596402723
0.8292044719408093
0.8321921089286446
0.8341851114870208
0.8349825115628647
0.8373565300783128
0.8402605481511355
0.8421286287278047
0.8428615328157355
0.8452225992830715
0.8480485751661199
0.8497979803175691
0.850469482859726
0.8528187460475851
0.8555703559297528
0.8572055098955328
0.8578177985725868
0.8601558510642083
0.8628355532580161
0.8643596876639846
0.8649143686170947
0.867241469703965
0.8698509678346948
0.8712665585599543
0.8717648819785261
0.8740810979304215
0.8766216467518854
0.8779307153818381
0.8783737269634281
0.8806790186427531
0.8831516250007377
0.8843559457815563
0.8847445873183027
0.8870388651884177
0.8894444199753263
0.890545660650814
0.8908808363623045
0.8931639950150998
0.8955033591697813
0.8965031753170792
0.8967864406705471
0.8990573729188484
0.9013305741655523
0.9022310195047455
0.9024614633055604
0.9047220187332745
0.9069316627648633
0.9077338902098125
0.9079143169103419
0.910163478154259
0.9123097557274787
0.9130159759523653
0.9131468302282261
0.9153845731301851
0.9174685969795076
0.918080830712252
0.9181632061546778
0.9203895560345946
0.9224125426559614
0.9229329204793439
0.9229679742124816
0.9251829934997071
0.927146249810213
0.9275770105403977
0.9275659514942541
0.9297697383859779
0.9316746554929188
0.9320181363669314
0.9319622195517784
0.9341549059584381
0.9360029508417805
0.936261575187115
0.9361620950531458
0.9383438439661943
0.940136549815216
0.9403128132964877
0.9401710965385084
0.9423420990858018
0.944081054958445
0.944177511174529
0.9439949094065501
0.9461553816833406
0.9478422218831482
0.9478614679677241
0.9476393503411433
0.9497895302678145
0.9514259239253905
0.9513705863577481
0.9511103326153985
0.9532504767359132
0.9548381176435755
0.954710838825538
0.9544138325204663
0.9565442130234229
0.9580848100958462
0.9578882356983386
0.9575558581016657
0.959676759773189
0.961172028014366
0.9609087952969076
0.9605424194479032
0.9626541372061725
0.9641057896432824
0.9637785167059392
0.9633795026607203
0.9654823386573226
0.9668920785850552
0.966503354983661
0.9660730445389005
0.968167306334966
0.9695368209484466
0.9690891989013893
0.9686289123541658
0.9707149101464927
0.9720458641425358
0.9715418513674655
0.9710528832529518
0.973130928403465
0.9744249590020403
0.9738670120513985
0.9733506281145828
0.9754210316815222
0.9766797443034017
0.9760702627814695
0.9755276977449608
0.9775907687794445
0.9788157329268908
0.9781570553314693
0.9775895113782817
0.979645554622286
0.9808383002429756
0.9801327004402838
0.9795413430987255
0.9815906600960438
0.9827526762436591
0.9820023585894849
0.9813883189462861
0.9834312049316835
0.984563935988582
0.9837710362762324
0.9831354073435457
0.9851721506620408
0.9862769956709599
0.9854435763295041
0.9847874130267738
0.9868182960595052
0.9878966072891231
0.9870246594133434
0.9863489791539515
0.9883742745954844
0.9894273557520439
0.9885187975710248
0.9878245761736771
0.9898445512017248
0.9908736609047101
0.9899303314927197
0.9892185109150584
0.9912334240866574
0.9922397702284826
0.9912634408184127
0.9905349188520586
0.992545021823774
0.9935297670202684
0.992522132174143
0.9917777805499636
0.9937833076150234
0.9947475616854645
0.9937102523894131
0.9929508847270033
0.9949520759745415
0.9958969106689715
0.9948314702216818
0.9940578916663769
0.9960549628064523
0.9969813923940677
0.9958893200953615
0.9951022722178107
0.9970954409552149
0.9980044432944457
0.9968871499598112
0.9960873563948711
0.9980768278590939
0.9989693395560594
0.9978281661978917
0.9970163275026274
0.9990022929649731
0.9998791915253866
0.9987154447625626
0.9991463241129962
0.999885163792675
1.0001726894909677
0.9999999997211407