0.9992444555416005
0.9992198537521847
0.9992075522831606
0.9991706477873425
0.9991214398701379
0.9991153161248506
0.9991096629345609
0.9991084427314441
0.9991030389696199
0.9991004860652302
0.9990992096064808
0.9990953802280522
0.9990902743713861
0.9990873719763546
0.9990859207704983
0.9990815671503486
0.9990757622986229
0.9990728626655894
0.9990714128405523
0.9990670633628929
0.9990612640345022
0.9990582064815998
0.9990566776957481
0.999052091335382
0.9990459761607926
0.9990428100952922
0.9990412270525649
0.9990364779214226
0.9990301457172968
0.9990205420443048
0.9990157401200878
0.9990013343302181
0.9989821263288923
0.9989791307725073
0.9989722745336533
0.9989688463688513
0.9989585618647588
0.9989448490488886
0.9989416198254958
0.9989377315314317
0.9989357873695186
0.9989299548797702
0.9989221781820794
0.9989176389064198
0.9989153692486225
0.9989085602701921
0.9988994815698583
0.9988950444186641
0.9988928258234993
0.9988861700330856
0.9988772955871775
0.998872751931254
0.9988704800831933
0.9988636645339763
0.9988545770730752
0.998849201911859
0.9988465143032615
0.9988384514708324
0.9988277009399733
0.998822158926109
0.9988193878891642
0.9988110747713825
0.998799990521687
0.9987941493682015
0.9987912287584411
0.9987824669215548
0.9987707843693918
0.9987641342217125
0.9987608091053198
0.998750833746839
0.9987375331345189
0.9987302646661544
0.998726630381132
0.99871572751527
0.9987011901993281
0.9986941320101465
0.9986906028672817
0.9986800154284372
0.9986658986916038
0.9986592959858299
0.9986559945907636
0.9986460903964003
0.9986328846708598
0.9986246612577114
0.9986205494860694
0.9986082141579875
0.9985917668460936
0.9985836438749263
0.998579582325487
0.9985673976642162
0.9985511512480995
0.9985415915903754
0.9985368116742475
0.9985224719089062
0.9985033519389636
0.9984933994109728
0.9984884230512093
0.9984734939535577
0.9984535881866381
0.998451785265053
0.9984475723093965
0.9984349334286261
0.9984180813690192
0.9984070265956178
0.9984014990916644
0.998384916557603
0.9983628061377613
0.9983497373987921
0.9983432028670992
0.9983235992427979
0.99829746055028
0.9982960100370601
0.998279689989353
0.9982579295620941
0.9982224012650712
0.9982046359195144
0.998151339698217
0.9980802741218775
0.9980595509225828
0.9980469681600888
0.9980406766282576
0.9980218020050806
0.9979966353495139
0.9979839615710463
0.997977624527283
0.9979586133679529
0.9979332646582745
0.9979205152514247
0.9979141403921796
0.997895015786879
0.9978695158042669
0.9978639944310974
0.9978579342704561
0.997839753763088
0.9978155126306745
0.9978035721236928
0.9977976017329642
0.9977796905355067
0.997755808499424
0.9977114682684358
0.9976892962895293
0.997622780076316
0.9975340855790978
0.9975213544796162
0.9975108757622326
0.9974794395410267
0.9974375232040954
0.997418358155406
0.9974087752780768
0.9973800265880344
0.9973416938508809
0.9973242069563358
0.9973154632147707
0.9972892319414308
0.9972542559492799
0.9972356309071962
0.9972263180519962
0.9971983794306716
0.9971611268549196
0.9971430863109522
0.9971340657282676
0.9971070039276272
0.9970709205133163
0.9970521160726207
0.9970427135148007
0.9970145057851175
0.9969768943716363
0.9969551515461339
0.9969442796812277
0.9969116640122705
0.9968681749783147
0.9968466163012351
0.9968358365196648
0.9968034971018331
0.9967603764362006
0.9967361624573416
0.9967240549133046
0.9966877321923336
0.9966393000605613
0.9966132584411871
0.9966002369851386
0.9965611725107124
0.9965090844517286
0.9964821695070308
0.9964687113554863
0.9964283367888629
0.996374501799153
0.9963490076059238
0.9963362599024734
0.9962980166929581
0.9962470237133861
0.996202426083298
0.996180125383965
0.996113222999668
0.9960240135556708
0.9959800765979395
0.9959581062772617
0.9958921950333472
0.9958043073578036
0.9957616163209293
0.9956949020577258
0.9956632340976652
0.9956473991678378
0.9955998942220755
0.9955365511922889
0.9955003677435863
0.9954822747900272
0.9954279957320472
0.9953556195757918
0.9953212356523304
0.9953040425749899
0.9952524631712153
0.9951836868837062
0.9951499328331934
0.9951330547087222
0.9950824201601549
0.9950149038891998
0.994976746723802
0.9949576667702932
0.9949004266951804
0.9948241020185095
0.9947803606255646
0.9947584881117189
0.994692870288104
0.9946053738322272
0.994560903800182
0.9945386668971934
0.9944719559059667
0.9943830016943119
0.9943398081768884
0.9943182096419733
0.9942534137579438
0.9941670134314934
0.994116300744892
0.994090941982756
0.9940148653153769
0.9939134216753214
0.9938660930429317
0.9938424265969231
0.993771426917704
0.9936767537042365
0.9936157787744513
0.9935852878153637
0.9934938143743136
0.9933718382838108
0.9932882098505806
0.9932463890922473
0.9931209258369285
0.9929536194321594
0.992868943682007
0.9928265990047831
0.9926995639315056
0.9925301612767525
0.992503592240418
0.9924674553178208
0.9923590438076674
0.9922144787202262
0.99219673583368
0.9921643659778215
0.9920672557898783
0.991937762521355
0.991871114234628
0.9918377859480162
0.99173780043673
0.9916044725241034
0.9915380126462807
0.9915047785535845
0.9914050756394722
0.9912721245608351
0.9911981204354001
0.9911611132080281
0.9910500907395772
0.9909020435471102
0.9908315231274715
0.9907962582015849
0.9906904627134113
0.9905493863940525
0.9904729132297777
0.990434671116308
0.9903199439235523
0.9901669560239207
0.9900884539111551
0.9900491970653237
0.9899314255999803
0.9897743779378081
0.9896725157501646
0.9896215750189508
0.9894687513378448
0.9892649537022699
0.9891420306534278
0.9890805548829915
0.9888961253881167
0.9886501718144668
0.9886184096610502
0.988560570058248
0.9883870492442381
0.9881556467122907
0.9880318903307678
0.9879699979603002
0.9877843186377776
0.9875366979653822
0.9874888744285374
0.9874250562189745
0.9872335992549457
0.9869782719393997
0.9868601334578767
0.9868010510020329
0.986623801575474
0.9863874253801077
0.9862695714583594
0.9862106315146022
0.9860338095832545
0.9857980038803889
0.9856695985937067
0.9856053806735933
0.9854127244153965
0.985155798098453
0.98499941660624
0.9849212031556945
0.9846865592067746
0.9843736237508592
0.984151129999383
0.98403983694994
0.9837059504644767
0.9832606139106679
0.9831803706485129
0.9828338511768625
0.9826649094893232
0.9824077548382572
0.9822508231007919
0.9821723344572881
0.9819368647144482
0.9816228284486319
0.9814176422619366
0.981315010255071
0.9810071077187156
0.9805964406551956
0.9803642643010353
0.9802481265810485
0.9798997050317242
0.9794349757885422
0.9791798817359296
0.9790522748822957
0.978669444074638
0.9781588014756356
0.9778664583508403
0.9777202084310493
0.9772814450568735
0.9766961645485505
0.9766799911789926
0.9765634566374793
0.9762138443808931
0.9757475266895749
0.9755054327568683
0.975384332181942
0.9750210209390487
0.9745364250960985
0.9741909377876417
0.9740180853732006
0.9734995090797515
0.9728077035539026
0.9727506521630831
0.9725262483059058
0.9718530043239295
0.9709547236164499
0.9705126732730339
0.970291470532925
0.9696278298491104
0.9687423745020821
0.9685733276562813
0.9679787751589712
0.9677036696665284
0.9675660486043568
0.9671531725495056
0.9666024395080867
0.9663251178471752
0.9661863880998951
0.9657701856333372
0.9652150134602336
0.9648520122778292
0.9646703936775132
0.964125514845017
0.9633986071433862
0.9630325532822461
0.9628494068668557
0.9622999440083152
0.9615669168821203
0.9611871098279785
0.9609970776023796
0.9604269552186911
0.9596663520608656
0.9591678475526649
0.9589183750123987
0.9581699125089594
0.9571712078609331
0.9565314114878612
0.9562111531009782
0.9552503033121794
0.9539679201923112
0.9531225579631258
0.9526992481788709
0.9514291862937305
0.9497335942908697
0.9491194346229478
0.9479149782721359
0.9476502194256435
0.9472596226001394
0.9460877118770772
0.9445233338087056
0.944054444578101
0.9429220431267161
0.9423071136289745
0.9419993249663442
0.9410758808251739
0.9398434875452704
0.9390420255541501
0.938640747195174
0.9374367770618935
0.9358295584355961
0.9357651690505043
0.9348533398517367
0.9336364697538491
0.9328771249242187
0.9324969681393872
0.9313563701476818
0.9298338547252799
0.928895084280656
0.9284249626937017
0.9270143977148785
0.9251310296520412
0.9242555801570412
0.9238172210008148
0.9225019626986068
0.9207460209526832
0.9196699138220862
0.9191309129131493
0.9175136276329459
0.9153538311931785
0.9143256990428805
0.9124536348858909
0.9115875788108201
0.9111539465458568
0.9098528538868679
0.9081158681035653
0.9067938210524101
0.9061314061025734
0.9041436924329196
0.9014882902804511
0.9013921659266451
0.8997161462698453
0.8974778302977017
0.8970077750303292
0.8962576148424581
0.8940064871488806
0.8909984368257
0.8903798174217892
0.8880221599348656
0.887315872973424
0.88642035604623
0.8837328176978371
0.8801401024568528
0.8784995332871749
0.8776771921330941
0.8752092727532598
0.8719108511531592
0.8708019253562761
0.8684915469729086
0.8671322327817176
0.8664511989191873
0.8644074232291428
0.8616769838248001
0.8601071219457546
0.8593203634778078
0.8569591426215937
0.8538035758978169
0.8528655032386862
0.851765836937017
0.8484649048118299
0.8440492138872027
0.8436580043758667
0.8401956291527837
0.8399297357967256
0.838003938796787
0.8354312420566493
0.8340635911063041
0.8333783802543557
0.8313218793019431
0.8285741229577587
0.8270829238135748
0.8263356639787319
0.824092800956926
0.8210953348393688
0.8196097769671021
0.818865327171812
0.8166308457321307
0.8136444489094055
0.8118938340942987
0.8110161737163939
0.808381536773071
0.8048585213228128
0.8045089891114572
0.8022156061867023
0.7991498896213909
0.7975153547388455
0.7966959413278842
0.7942361175549754
0.7909469752106214
0.789382233226816
0.788597826518207
0.7862430814253986
0.7830945143140987
0.7814203470376586
0.7805808576835953
0.7780605586876354
0.7746895311910871
0.7731436208979804
0.772368522600495
0.770041593970437
0.7669295956268226
0.7653353179491368
0.764535814440103
0.7621354917054766
0.7589246021432347
0.7572420205469516
0.7563979792313176
0.7538637508406444
0.7504725888826808
0.7488546677812649
0.7480430367750865
0.7456061209108181
0.7423451335425446
0.7406917219193812
0.7398621042579813
0.7373710610524149
0.7340368387781712
0.732383253591152
0.7315534128146015
0.7290616252478791
0.7257258647175638
0.7240411296522387
0.7231954600234798
0.720656025817879
0.7172556622913475
0.7155531266295333
0.7146983443200176
0.7121314497226452
0.7086936078410268
0.7069838277420488
0.7061252568676688
0.7035469095214663
0.700093144988362
0.6983879881542798
0.6975316258337432
0.6949598605770856
0.69151450000221
0.6897849125331276
0.6889161197039833
0.6863069333482785
0.6828107992476319
0.6810559757279823
0.6801743581192591
0.6775265690460663
0.6739781296950083
0.6722219449524937
0.6713395780652504
0.6686894994093688
0.6651377694248439
0.663347817643364
0.6624483766608412
0.6597469306350614
0.6561259063319552
0.6543258518430463
0.653421321115186
0.6507045495633192
0.6470629402908341
0.6452452641564494
0.6443318969660045
0.6415885411212848
0.6379113428301014
0.6360821231231508
0.6351630420295565
0.6324024984407285
0.6287025617687025
0.6268597303444751
0.6259339519545614
0.6231532696791956
0.6194268221777689
0.6175629745010807
0.6166268291476715
0.6138149780753874
0.61004738865443
0.6081764257930456
0.607236997444715
0.6044152834082904
0.6006354738563873
0.5987530848346464
0.5978082731949742
0.5949703819656779
0.5911700843956704
0.5892784840143626
0.5883294802489868
0.5854789932955451
0.5816632617517892
0.5797634554659831
0.57881084215751
0.5759495084603474
0.5721209274511885
0.5702203092378009
0.569267876938294
0.5664070893247428
0.5625811705289606
0.5606795465377041
0.5597272653082194
0.5568669255406733
0.5530437291513232
0.5511427423304799
0.5501915016922807
0.5473342736606888
0.5435175520616562
0.5416252897049757
0.5406791966428122
0.5378374165076476
0.5340438258661642
0.5321600650337667
0.5312190558832047
0.5283925161858786
0.5246218948591471
0.5227503612845943
0.521816338911821
0.5190107432098482
0.515270801184353
0.5134169792374456
0.5124927088531273
0.5097163519994165
0.5060182037204201
0.5041832928508855
0.5032693954567872
0.500524122566799
0.4968702562012485
0.49505958697059343
0.49415872523136817
0.4914525199674043
0.48785354959914146
0.48607027792248747
0.4851840225362815
0.4825215838431902
0.47898371948097973
0.47723059573082205
0.4763603083647764
0.473745705758383
0.4702742972226103
0.46855465841573485
0.467701982745461
0.4651401336586537
0.46174162971953153
0.46005810405194325
0.459224328519734
0.4567190815948765
0.45339850196960196
0.4517536536022443
0.45094003214469075
0.4484951319615016
0.44525735119874793
0.44365354223033554
0.44286122873174083
0.44048011843576573
0.4373296125494345
0.43576898201757613
0.4349990225986966
0.4326848202724453
0.4296256427918962
0.4281101317196227
0.427363479338876
0.4251190213129579
0.42215486607697533
0.4206863042166284
0.4199638626467626
0.4177918351511666
0.4149262123766684
0.41350632565319023
0.4128089541083889
0.41071190637466626
0.40794816097045855
0.406578575247939
0.40590709077424236
0.40388744128301973
0.4012287606069214
0.3999110458490416
0.39926624470346195
0.3973263446045591
0.39477583909072256
0.3935161859215857
0.3929010724276687
0.3910499335723736
0.38861931978353353
0.3874090498055698
0.3868195387838849
0.38504476556463163
0.38271810931752315
0.38156549146893964
0.3810055913014487
0.3793192115648561
0.3771121335721897
0.37601654870955464
0.3754860371891286
0.37388729498005324
0.37179891864888587
0.370764160924528
0.37026489856316075
0.3687593288930693
0.36679682999893864
0.365823080080393
0.36535523259541636
0.3639432302874257
0.362107202269779
0.36119664738259455
0.36076132133958727
0.3594461200672364
0.35774076535434546
0.35689426785551615
0.35649196571877506
0.3552749488620123
0.3537021287400226
0.35292172464202926
0.3525534948135583
0.3514376894574445
0.35000133556822494
0.34928900592380574
0.3489558743106472
0.3479442250747539
0.34664815237647095
0.34600540822899367
0.3457082054970179
0.3448030363421512
0.34365030223000054
0.343079075467417
0.3428188368290686
0.34202307203762367
0.34101749468749926
0.3405196605832642
0.34029742421094666
0.3396139613555606
0.33875936450194893
0.3383370433167039
0.3381539882066814
0.3375861159123434
0.33688685116117
0.33654232389401645
0.336399749237723
0.3359510679040257
0.33541194695734217
0.33514782184231084
0.33504723365796174
0.33472190663778323
0.33434853110029117
0.3341678523692516
0.3341110325529824
0.33391397458105715
0.33371300015234107
0.333619407741894
0.33360851785400125
0.3335456757865889
0.33352520777221184
0.3335232051510645
0.3335609554433272
0.33363976764103265
0.3338099995144523
0.33390539543762854
0.3339953336145605
0.33422550691439085
0.33459981175413
0.334800576804726
0.3349476559123769
0.33534268808384543
0.3359397662033664
0.33625797332557966
0.3364698663132781
0.33705055348710566
0.3378994133278618
0.3383568240955347
0.3386478054675292
0.3394525395330358
0.34060722006472355
0.3412604224789745
0.3416695636198477
0.3428021228046316
0.3444106087578045
0.3453693903131484
0.34597233298540875
0.34763177006487583
0.3499728629520003
0.35076076452892685
0.3526714640216406
0.3530794316844931
0.3543699711337837
0.3561405334292411
0.3563747100073007
0.35680834052747884
0.35804782119109635
0.3597379242036858
0.3600581753617822
0.36047320114039594
0.36166504773830743
0.3632829461478254
0.3640209221774551
0.3644214431855293
0.3655757368329572
0.36713705705126515
0.3678479813744834
0.3682303523389144
0.36933581911127517
0.3708268371964556
0.37150301714739414
0.3718638473728327
0.37291010009863934
0.37431802043614393
0.37495106267389566
0.375286445270076
0.3762617349203723
0.3775717303044911
0.37778050749424275
0.37808591332369273
0.3789766880715617
0.3801714992142099
0.3802376682358111
0.380505617342697
0.3812898720668769
0.3823405730495363
0.3828788345171634
0.38316049110445605
0.38398407329897577
0.38508702022749686
0.3856760005134659
0.3859851804677432
0.386887307427108
0.3880951316398325
0.3887254370948196
0.3890570552121977
0.3900229996114512
0.3913158594442631
0.3919879908352913
0.392342473454293
0.39337321468414516
0.3947524427986094
0.39547722351156445
0.39586079119486567
0.39697360030736845
0.39846242514775765
0.39926568252939165
0.3996931675889252
0.4009291848702601
0.4025828324334039
0.4035121140630167
0.404011306517762
0.4054468025721413
0.4073675126485369
0.40849127193286366
0.40910371215944535
0.4108502814320823
0.41318729500702595
0.4144735162823711
0.41518216850346423
0.41718954460105784
0.4198746197959522
0.42133925317863535
0.42215572219615266
0.4244516411422385
0.42751967466149654
0.42925422132481855
0.4302386872587958
0.4329764058186501
0.43662653066613094
0.43875345850614483
0.43999188347346896
0.443380224195607
0.44787646285027977
0.45059786881020236
0.4522460581289625
0.45664346786737864
0.46242128533692317
0.4658631737473157
0.46805052565507566
0.47369925722438255
0.4809916190016783
0.48603621492799437
0.4897044338057223
0.49849431043855624
0.5092186577408689
0.5114948513301817
0.5185824435686555
0.5273156853241584
0.5316333495158004
0.5347137114601764
0.5419287873221956
0.550606700753703
0.5550686801301135
0.5585696719485368
0.5663399156156586
0.5752733253410834
0.5795536574137712
0.5831076824244152
0.590636718399686
0.5989797495152736
0.6028242232810377
0.6061623464836058
0.6129718292050377
0.6203464056421772
0.6237329058852824
0.6268850472843729
0.6330740217207588
0.6396234675404201
0.6426223789436684
0.6456233248462683
0.6512981024528505
0.6571644556030024
0.6598426733555456
0.6627236988467772
0.6679792778835701
0.6732863740691488
0.675701581750085
0.6784891248960387
0.6834055261418873
0.6882560431891143
0.6904556149629343
0.6931710705811496
0.6978129568399821
0.7022889928762946
0.7043105098541829
0.7069706223469573
0.7113886496295134
0.7155540701448712
0.7174265810019613
0.7200441045615655
0.7242770065591914
0.7281804376677065
0.7299259461745187
0.7325103680073641
0.7365871789431289
0.7402650028238642
0.7418999052162658
0.7444581239134486
0.7484002346881433
0.7518792745046103
0.7534156219027458
0.7559525346631389
0.7597754568823338
0.7630752378728117
0.7645217855008261
0.7670407726032142
0.7707555843041525
0.7738901644397459
0.7752532134235978
0.777756525614614
0.781371020913701
0.7843504340713046
0.7856344906949401
0.788123552315873
0.7916431364702308
0.7944745085647033
0.7956827915478933
0.7981584340015054
0.8015868093525734
0.8042752089823132
0.8054100344676278
0.8078726738183246
0.8112123588605491
0.8137614377926569
0.8148245080968843
0.8172742787408785
0.8205269965396065
0.8229394666242646
0.8239320844026025
0.8263689386318188
0.829535904265413
0.8318138885444586
0.8327371137697661
0.8351608950496434
0.8382430256884538
0.8403883135749449
0.8412430770460945
0.8436535730788074
0.8466516391164027
0.8486658689407198
0.8494530529889199
0.851850033147437
0.8547647645339601
0.8566495514426896
0.8573700461099204
0.8597532865773209
0.8625854450562075
0.8643424681318472
0.8649980287830553
0.8673657054553577
0.8701145814932376
0.8717458514715447
0.872335021332925
0.8746900022268104
0.8773594761813578
0.87886661563565
0.8793930489264989
0.8817336371710346
0.884323264740737
0.8857085701909223
0.8861725197598395
0.8884986330892194
0.8910096300127258
0.8922754244982868
0.8926781432871536
0.8949897713955921
0.8974235091546687
0.8985722833345818
0.8989151187636109
0.9012123032951833
0.9035702848752747
0.9046046890213388
0.9048890653390382
0.9071718975711522
0.9094557478234243
0.9103785772493379
0.9106059873547777
0.9128746051378248
0.9150860589972296
0.9159002368136248
0.9160722331336043
0.9183268172780084
0.9204677066037016
0.9211762650269171
0.9212944498707707
0.923535220148584
0.9256074598180136
0.9262135209106742
0.9262795366226163
0.9285067475902601
0.9305123214338109
0.9310190777852518
0.9310345971258519
0.9332485338423521
0.9351894806716405
0.9356001766998967
0.9355668933173261
0.9377678673085542
0.9396462676316546
0.9399641815160131
0.939883801293456
0.9420721463683759
0.9438901094827256
0.9441185364291612
0.9439927689333216
0.9461688374537262
0.9479284896333818
0.9480707260707388
0.9479012770795529
0.950065436258203
0.9517689096263379
0.9518282388932073
0.9516168032585542
0.953769431884929
0.9554188544015588
0.9553985337537692
0.955146789300478
0.9572882744217103
0.9588857605854715
0.9587890096323103
0.9584986111268452
0.9606293455935464
0.962176988665425
0.9620069785453106
0.9616795532630216
0.9637999330776507
0.9652997975947462
0.9650596426515081
0.9646967864339094
0.9668072073934542
0.9682613224438407
0.9679540722869033
0.9675573442409645
0.9696582018393084
0.9710685564461826
0.9706971893452407
0.9702681107241917
0.9723597963393217
0.9737283342421122
0.9732957510088638
0.9728358011571749
0.974918702489954
0.9762473189776238
0.9757563388242319
0.9752669549614754
0.977341452473259
0.9786319899332035
0.9780853483956018
0.9775679212325832
0.9796343888311072
0.9808886357464518
0.9802889787096278
0.9797448542665126
0.9818036576664774
0.9830233459725007
0.9823732307007285
0.9818037097551059
0.9838552032226964
0.9850420048735109
0.9843439006841295
0.9837502314943269
0.9857947628874153
0.9869502939637798
0.986206574273938
0.9855899629736457
0.9876278680473025
0.9887536822671968
0.9879666345366945
0.987328234724942
0.9893598400464103
0.990457435596051
0.9896292471864148
0.9889701713226108
0.9909957930920481
0.9920666067654333
0.9911993818353189
0.9905206928969915
0.9925406342757713
0.9935860449649294
0.9926817974258724
0.9919845216672506
0.9939990670428865
0.9950203908425984
0.9940810488362847
0.9933661462602935
0.9953755889886101
0.9963740927214385
0.995401498421663
0.9946699146113104
0.996674507357066
0.997651394239608
0.9966473083360552
0.9958999292977265
0.997899930425099
0.9988563469936474
0.9978224605448618
0.9970601074815942
0.999055778532716
0.9999928349361186
0.9989307189468637
0.9999741786286782
0.9999788699642573
0.9999879605796178
0.9999999996693627