0.9992818398134665
0.9992572479450609
0.9992449514374988
0.9992080618299748
0.9991588737728873
0.9991527524997967
0.9991471015918558
0.9991458818813853
0.9991404803013512
0.9991379284277481
0.9991366524844024
0.9991328246522264
0.999127720857328
0.9991248196343443
0.9991233690145253
0.9991190171525413
0.9991132146451627
0.9991103161832261
0.9991088669437508
0.9991045192228314
0.9990987222368863
0.9990956659190359
0.9990941377507252
0.9990895532430418
0.9990834405388362
0.9990802757524102
0.9990786933492358
0.9990739461368174
0.9990676164911398
0.9990580166987093
0.9990532167149192
0.9990388167469263
0.9990196165094851
0.9990166221640353
0.999009768696916
0.9990063419180564
0.9989960615720936
0.9989823543011008
0.9989791263835761
0.9989752396619591
0.9989732962862933
0.9989674661553851
0.9989596926030407
0.9989551551634406
0.9989528864237058
0.9989460801995959
0.9989370051719983
0.9989325698159505
0.9989303521183898
0.9989236990209167
0.9989148281658908
0.9989102863485985
0.9989080154198862
0.9989012026288475
0.9988921188458273
0.9988867458602071
0.9988840593394532
0.9988759997707424
0.9988652535919407
0.9988597138217925
0.9988569439067545
0.998848634154892
0.9988375543935493
0.998831715605527
0.998828796178552
0.9988200378902442
0.9988083600700307
0.9988017126162027
0.9987983888468059
0.9987884175295995
0.9987751223063086
0.9987678567832246
0.9987642239709261
0.9987533255235787
0.9987387940997831
0.9987317387716782
0.9987282110594312
0.9987176279127625
0.9987035168995787
0.9986969168711578
0.9986936168148375
0.9986837166369942
0.998670516267469
0.9986622961899557
0.9986581860862382
0.9986458557623692
0.9986294151237763
0.9986212954488136
0.9986172355475812
0.9986050558313597
0.9985888160096346
0.9985792602326603
0.9985744822570531
0.9985601483138665
0.9985410361081714
0.9985310876222978
0.9985261132837506
0.9985111902503908
0.9984912925706847
0.9984894903816717
0.9984852791378508
0.9984726453930469
0.9984558001824648
0.9984447499025826
0.9984392246455832
0.9984226488531787
0.9984005474240537
0.9983874840001363
0.9983809521262414
0.9983613564764449
0.9983352284191749
0.9983337784962161
0.9983174650902265
0.9982957135203756
0.9982601996891038
0.9982424415784346
0.9981891670700231
0.9981181304632598
0.9980974157154421
0.9980848380853936
0.9980785491200381
0.9980596821973202
0.9980345258114252
0.9980218572056825
0.9980155227485382
0.9979965193501135
0.9979711809907374
0.9979584367906754
0.997952064535084
0.9979329477418052
0.9979074581776815
0.9979019390607405
0.9978958813765745
0.9978777082995914
0.997853477076581
0.9978415414515786
0.997835573502068
0.9978176696291957
0.9977937973613855
0.9977494752728637
0.9977273123683381
0.9976608233911326
0.9975721652384165
0.9975594393584443
0.9975489649374563
0.9975175416083141
0.99747564246747
0.9974564852835978
0.9974469063392665
0.9974181694506262
0.9973798524542576
0.9973623727424541
0.9973536325927509
0.9973274120970033
0.9972924504796257
0.997273833094299
0.997264524068035
0.9972365969357961
0.9971993596841056
0.9971813265632671
0.9971723096926705
0.9971452590304332
0.9971091904722841
0.9970903937758232
0.9970809950906898
0.9970527989813923
0.997015203067149
0.996993469204284
0.9969826018214578
0.9969499996018539
0.9969065285075827
0.9968849787265703
0.9968742033937837
0.9968418773253643
0.9967987744660476
0.9967745704895089
0.9967624679475787
0.9967261602367959
0.9966777481275712
0.9966517172781884
0.9966387012082315
0.9965996528965578
0.9965475863982914
0.9965206825988265
0.9965072300210707
0.9964668721806025
0.996413059503534
0.9963875758808776
0.9963748334637669
0.9963366061175721
0.9962856342990637
0.996241055185019
0.996218763746933
0.9961518891595604
0.9960627168086921
0.9960187981320014
0.99599683695498
0.9959309531548538
0.9958431021007498
0.9958004288637734
0.9957337424315995
0.9957020876888513
0.9956862593693137
0.9956387742610977
0.9955754576968502
0.9955392893735564
0.9955212039848378
0.9954669476301086
0.9953946017650898
0.9953602322397961
0.9953430463634712
0.9952914885706377
0.9952227411160138
0.9951890012233625
0.9951721301796851
0.9951215168811185
0.9950540289611586
0.9950158878269058
0.9949968158913554
0.9949395998798691
0.9948633073106369
0.9948195843293817
0.9947977210245207
0.9947321308406967
0.9946446712676312
0.9946002199935873
0.9945779924728504
0.9945113096416717
0.9944223930075622
0.9943792177486759
0.9943576283461022
0.9942928598716609
0.9942064961204551
0.9941558049163661
0.9941304568997315
0.994054412486209
0.9939530118915277
0.9939057033568499
0.9938820469634013
0.9938110774570085
0.9937164445090911
0.993655495532748
0.9936250175565442
0.9935335830893417
0.9934116590224014
0.9933280662937921
0.9932862633993946
0.9931608537834263
0.9929936190080577
0.9929089795558282
0.9928666530395223
0.9927396724979136
0.992570342665505
0.9925437850624239
0.992507663692631
0.992399298876622
0.9922547961309017
0.9922370609025262
0.9922047050192023
0.9921076367776053
0.9919781995041981
0.9919115800653262
0.9918782662101145
0.9917783240235842
0.991645053948153
0.9915786229289436
0.9915454032730043
0.9914457436996313
0.9913128504792974
0.9912388785924601
0.9912018874936503
0.9910909134487773
0.9909429309089477
0.9908724413191448
0.9908371918166127
0.9907314426330163
0.9905904281331227
0.9905139885155029
0.990475763185312
0.9903610863831048
0.9902081657652849
0.9901296982161637
0.9900904586626763
0.9899727391174051
0.9898157607818243
0.9897139436176245
0.9896630254159143
0.9895102693960611
0.9893065621442297
0.9891836937000078
0.9891222452578824
0.9889378978543716
0.9886920539828359
0.9886603060178681
0.9886024922559769
0.9884290490593225
0.9881977502367554
0.9880740494172195
0.9880121848543573
0.9878265890635447
0.9875790800194353
0.9875312780755229
0.9874674886883408
0.9872761183077658
0.9870209067067134
0.9869028218643519
0.9868437662525652
0.9866665974583883
0.9864303290053804
0.9863125288962994
0.9862536158833621
0.9860768748446962
0.9858411772312958
0.9857128309091113
0.985648642500465
0.9854560748962546
0.985199267062145
0.9850429578332085
0.9849647805578785
0.984730245313034
0.9844174552100686
0.9841950650774549
0.9840838239262691
0.9837500934995881
0.9833049658699221
0.9832247603474219
0.982878404179207
0.9827095423043858
0.9824525093861457
0.9822956520890873
0.9822172007106897
0.9819818429470352
0.9816679564136338
0.9814628683100067
0.9813602854219695
0.9810525305587774
0.9806420611284508
0.9804099968612361
0.9802939152845676
0.9799456625743588
0.9794811594007891
0.9792261898773313
0.9790986454099895
0.9787160022601424
0.9782056110313093
0.977913412381721
0.9777672348611407
0.9773286893473248
0.9767437008607996
0.9767275355944028
0.9766110593871115
0.9762616225579765
0.9757955397569743
0.975553568191082
0.975432528912572
0.9750694020221649
0.974585053059071
0.9742397424763198
0.9740669786573971
0.9735486691052428
0.9728572214560884
0.9728001997276752
0.9725759124760264
0.9719030199401054
0.9710052116243024
0.970563395259053
0.9703423099005962
0.9696790229744334
0.9687940430618294
0.9686250874324619
0.9680308568992252
0.9677559010072239
0.9676183549008649
0.9672057043515682
0.9666552734676817
0.9663781045647756
0.966239451356415
0.9658234791624272
0.9652686155440068
0.964905817006834
0.9647243000064241
0.9641797271118587
0.9634532299765219
0.9630873839517919
0.9629043417407928
0.9623551926702016
0.9616225866620444
0.9612429989686939
0.961053076736208
0.9604832856158803
0.9597231271313896
0.9592249158294491
0.9589755904399436
0.9582275716399299
0.9572294638447041
0.9565900528336272
0.9562699880492411
0.9553097228611591
0.9540281280676569
0.953183290809421
0.9527602451638948
0.9514909825153138
0.9497964721313885
0.9491827084071451
0.9479790350284893
0.9477144496139921
0.9473241090174362
0.9461529730456111
0.9445896421665689
0.9441210697231948
0.9429894389276983
0.9423749313566218
0.9420673546109215
0.9411445501454616
0.9399130189281993
0.9391121229252567
0.9387111292224438
0.9375080199112714
0.9359019650829224
0.9358376226803263
0.9349264616646156
0.9337104918582284
0.932951714000022
0.9325718422668058
0.9314321058842305
0.9299107543629088
0.9289727100621264
0.9285029540152121
0.9270934958492723
0.9252116274043797
0.924336885059716
0.923898881744758
0.9225846998657731
0.9208302126527138
0.9197226777713639
0.9191679079297319
0.9175033145369682
0.9152802677074273
0.9138097754170197
0.9130727833723036
0.9108612881090357
0.9079063100808016
0.9075103392479925
0.9057024798689788
0.9032878028316672
0.9030148193473873
0.9012515907074048
0.8988966426365117
0.897715222141251
0.8971234208793768
0.8953476330091336
0.8929758872921395
0.8918578229409525
0.8912978209181984
0.8896174544035653
0.8873733711313216
0.8861749772749913
0.8855746816352574
0.8837733622696217
0.8813674762750875
0.8797070547356509
0.8788747608554405
0.876377013601162
0.8730387190151192
0.8725048377894946
0.8703222121870369
0.8674059673132912
0.8654670324494803
0.8644947743394097
0.8615766875452386
0.8576749361327856
0.8566242060561268
0.8536262401075215
0.852145972558622
0.8514042212170314
0.8491781159769078
0.846203535454564
0.8448260512731545
0.8441359092696115
0.8420647044412274
0.8392974653111456
0.8377424244056184
0.8369631234504695
0.8346241770872608
0.8314982815727738
0.8299625705033578
0.8291929612987822
0.8268830574779538
0.8237959340967393
0.8222144860702592
0.8214218848600072
0.8190428767098912
0.8158629945722908
0.8153357742836028
0.8145634139168785
0.8122451336791134
0.8091464521396646
0.8076953102123391
0.8069681028508717
0.8047853620529478
0.8018680828426343
0.8001887098729208
0.7993467897808475
0.796819455217814
0.7934400158262862
0.7918446845490086
0.7910449287098748
0.7886441646082141
0.7854341084267012
0.7838490166206059
0.783054339021603
0.7806687558336145
0.7774787050684847
0.7758516286141232
0.7750357593981384
0.772586440293931
0.769310491564425
0.7677523908676276
0.7669711083098538
0.7646256208093682
0.7614885661125196
0.759881064983607
0.7590748407348282
0.7566543487048839
0.7534161975337386
0.7518423487178726
0.7510529412394609
0.7486829056429284
0.7455120263596204
0.7438810299316108
0.7430627476402375
0.7406058801350432
0.7373179026482871
0.7356789634772574
0.7348565492425042
0.7323871939587953
0.7290819144922057
0.7274339962232806
0.7266069259743747
0.7241235098516136
0.7207988052376963
0.7191068452383148
0.7182574464628056
0.7157068551537775
0.7122912880149198
0.7105818267529395
0.709723463435855
0.7071458619860561
0.7036934280330824
0.7019571655710023
0.7010851518371971
0.6984664569226562
0.6949582180464938
0.6932285314875886
0.6923597136652032
0.6897505717451635
0.6862547588195798
0.684512527451559
0.6836372827482854
0.6810087733244302
0.6774865301713042
0.6757169228791553
0.6748277864954687
0.6721574731027121
0.6685786665084363
0.6668179312843917
0.6659332318664194
0.6632762263603613
0.6597152195695307
0.65792675386977
0.6570280537985472
0.6543289299212802
0.6507111863707613
0.648891248118736
0.6479766984040687
0.645229902108102
0.6415480956260985
0.6397231900877705
0.6388062283043965
0.6360521698763275
0.6323609404080849
0.630523194089192
0.6295999064039716
0.6268268240321379
0.6231105239373731
0.6212610923787911
0.6203321262026178
0.6175419716302786
0.6138034468534721
0.6119444718596815
0.6110109768736096
0.6082072106971925
0.6044513460434733
0.6025787610363844
0.6016387601607616
0.598815439530092
0.5950344728851814
0.5931527903688142
0.5922086341880822
0.5893728268127028
0.5855765073523064
0.5836874419064572
0.5827400705987845
0.5798946009976176
0.5760869601894368
0.574201113136699
0.5732559292154868
0.5704170365743623
0.5666200890610813
0.5647323899608542
0.5637869118211096
0.5609471269464008
0.5571510395141926
0.5552680746319719
0.5543256699783583
0.5514951085834447
0.5477136144638914
0.5458328139027424
0.5448922546770824
0.542067211586142
0.5382955110767836
0.5364206080966207
0.535483819818046
0.532670069202079
0.5289160327196506
0.5270538462860705
0.5261242816141493
0.5233321872108728
0.5196097610533651
0.517764228948518
0.5168438856299015
0.5140794346823288
0.5103966681073586
0.508571846278269
0.5076627671819729
0.5049320810761935
0.5012971566073569
0.4994935732188309
0.49859604033929333
0.495899943703126
0.49231397468619414
0.4905369128059353
0.4896535577217276
0.48699993969758315
0.48347338981992566
0.48172713290294905
0.48086007698866695
0.478255292276736
0.47479654316915304
0.47308238434415795
0.4722322651367066
0.4696782048655001
0.4662897104848308
0.46461162437416376
0.46378039579217334
0.46128291045195857
0.4579723407674576
0.4563330265075855
0.4555220088434434
0.4530850429830821
0.44985753634840236
0.4482586140502162
0.44746859840796027
0.4450945036607641
0.4419531024475684
0.44039764010253823
0.43963012660186845
0.4373233878320671
0.4342739404481015
0.4327632662508379
0.43201890854520697
0.4297814615990012
0.4268264807636903
0.4253627550922006
0.4246426176028566
0.422477633026279
0.41962126318779447
0.4182064117195219
0.41751144956908437
0.41542176650341156
0.41266773020043745
0.41130319398171455
0.41063413446258323
0.40862190209938704
0.40597303692376646
0.4046605346003395
0.40401824578529816
0.4020860330291588
0.3995457357912322
0.3982884073026968
0.3976744400292162
0.39582687165713726
0.3934011998032134
0.39219948958288847
0.3916141075517471
0.38985191992344365
0.38754189751471996
0.3863916353333592
0.38583293980754874
0.3841503193409386
0.381948599394048
0.38086005943051343
0.380332989206839
0.37874477820023206
0.3766705395030043
0.3756421879289105
0.37514609006821603
0.37365022509605395
0.3717009087775856
0.37073449649728757
0.3702702768952922
0.3688693949851312
0.3670484711308043
0.3661453866689426
0.3657137869091089
0.3644100139111464
0.36272029640978704
0.36188264089083366
0.3614847333799843
0.36028118680614035
0.3587267282719384
0.35795636701300565
0.35759311560140233
0.3564925705026442
0.35507697005780225
0.3543752194662208
0.354047350821055
0.35305183766323905
0.35177776612190237
0.3511467080149132
0.3508552980448844
0.3499678946791036
0.3488393124561489
0.3482807450655318
0.3480267533580531
0.3472501573908655
0.3462705479804114
0.3457863168987865
0.3455707391112966
0.3449077283740191
0.3440806754559098
0.3436726655891932
0.34349653660020574
0.34294997072968897
0.34227916969762245
0.3419494152150774
0.3418138588357245
0.341386827456899
0.3408762645642313
0.34062687968682537
0.34053309186729336
0.34022884747643745
0.3398827379706038
0.3397160070353779
0.3396653079359798
0.33948740934405064
0.3393103888895362
0.3392288540897687
0.33922274738907277
0.3391752157911313
0.33917255929267404
0.33917916624506333
0.3392194382237329
0.33930701828716237
0.3394850077864917
0.33958337975506736
0.3396722873293577
0.33990094331852233
0.34026757064619906
0.3404625715409113
0.3406032180435845
0.34098113190523255
0.34154749831596415
0.34184648947056606
0.342043676344117
0.34258350121486214
0.34336698923461506
0.34378319033272015
0.34404572321410337
0.3447706605401882
0.34580349789100523
0.3463684048514503
0.3467178632670777
0.347684579564696
0.3490462801305462
0.3499003524570798
0.35043934719889724
0.3519128745465564
0.3539793231969153
0.3540362533846227
0.35538784103585785
0.35725398102446376
0.3573513489689415
0.35854708757666215
0.36018175280255194
0.36034292570080545
0.36074020541672935
0.3618688859164636
0.36340283605724044
0.3636734421082373
0.36404945350118845
0.3651232204992971
0.3665764660008737
0.3672321033738614
0.36758943481622025
0.36861404283280313
0.3699960734761266
0.37062364917385693
0.37096265762085373
0.37193796265352036
0.3732500792110667
0.3738441131983931
0.37416249763977216
0.37508130558288727
0.37631486334225767
0.37686949207516995
0.37716463178420395
0.3780189665400662
0.37916409930312517
0.37937543864467904
0.3796450860011
0.3804280392033238
0.38147628681209256
0.3816039111834203
0.3818446132252263
0.3825458907913505
0.38348396883313385
0.3839075568680385
0.38412906771174676
0.3847758865645364
0.38564057642542227
0.3861099366046158
0.3863565516826644
0.38707464405971453
0.38803443639536156
0.3885378444244204
0.3888031508630002
0.3895740582322599
0.39060427710132906
0.39114159776601864
0.39142570735018173
0.3922495364772965
0.39335046829960457
0.39393203492539997
0.3942409677236238
0.3951343625755073
0.39632849970257417
0.3969792696594227
0.3973275558038504
0.39833056047503224
0.39967178725803476
0.4004360171927158
0.40085004629204246
0.40203439845641126
0.4036191682679347
0.40455596444297975
0.4050727690299002
0.406536569706706
0.4084967855558231
0.4095714766210671
0.41017198708243946
0.4118605685211079
0.4141229203032121
0.4153870643415581
0.4161058724674893
0.41810783357359266
0.42078945763906744
0.42234327889390033
0.4232493805701298
0.4257374215157942
0.4290640386718805
0.4310589329022387
0.43226505466983633
0.435508295590777
0.43982172359639315
0.44250722229330763
0.44422237123482644
0.4486888241104012
0.4545521643699393
0.45867134781049673
0.4616519363670466
0.4689190429637639
0.47806104606373007
0.47935408762616016
0.48200699471942193
0.488503398637426
0.4966585873634411
0.5006386373082238
0.5034131182250663
0.5100620230911275
0.518258850191417
0.5226359625412492
0.5259870408421881
0.5336233680898058
0.5426363668757557
0.5471050360833302
0.5507203185766758
0.5585882141730314
0.5675009442567137
0.5716410687194512
0.575069250273144
0.5822890669049935
0.5902948338896851
0.5939973412295461
0.5972453019624456
0.6038550974190103
0.6110324647521036
0.6143418153750753
0.6174351757552023
0.6235147939871206
0.6299780824980318
0.6329494328916507
0.6359151817451781
0.6415476615232565
0.6474094572711214
0.6500963169146495
0.6529595994566116
0.6582217715307956
0.6635831637650789
0.6660329469604139
0.668815515574123
0.6737735732583757
0.678720035476719
0.6809723877970377
0.683692105213937
0.6884003379848543
0.6930011228257614
0.6950878776219308
0.6977588514382586
0.7022602111568021
0.7065696806407137
0.7085156467350423
0.7111486751691531
0.7154762130274385
0.7195360078391739
0.7213600794426389
0.7239632044216906
0.728141783266322
0.7319831757114615
0.7336994785098937
0.7362785331076677
0.7403264926808387
0.7439725830974909
0.7455915168305463
0.7481506137032155
0.7520812409057632
0.755548853296938
0.757077977324381
0.7596199195713988
0.7634426760075664
0.7667439180839289
0.7681886723834168
0.7707152865045476
0.7744367972502392
0.7775803044727796
0.7789445801703019
0.7814569791320882
0.7850818096730892
0.788073715379915
0.7893602970322855
0.7918590843279129
0.7953903399636097
0.7982350191434674
0.7994459221616262
0.8019313478441287
0.80537112939286
0.8080717609575794
0.8092084855448574
0.8116805640647409
0.8150303098510044
0.8175892962619778
0.8186530160671129
0.8211116141731889
0.8243723533654185
0.8267916296963345
0.8277833300650304
0.8302282314245015
0.8334007689544357
0.8356820271308368
0.836602604837297
0.8390335565650856
0.8421186055538262
0.8442634540523944
0.8451137878623441
0.8475305328646313
0.850528806859031
0.8525388816953215
0.8533211348253315
0.8557207071771438
0.8586302830568636
0.860507480170173
0.8612186387121479
0.8636061677284972
0.8664332610424051
0.868179257785495
0.8688247132926706
0.8711972413414587
0.8739400532535033
0.8755569982544836
0.8761362976231792
0.8784936815595055
0.8811533463495154
0.8826435159305922
0.883157884037045
0.8855000701323151
0.8880779037195865
0.8894437584514668
0.8898945315684238
0.8922215222376417
0.8947189856640193
0.8959631646032992
0.8963517658173139
0.898663617744574
0.9010823088218521
0.902207616378757
0.9025355478541117
0.904832369294059
0.9071740114857298
0.9081834006867352
0.9084522346209436
0.9107341819437351
0.9130006112853257
0.9138971648568601
0.9141085336260877
0.9163758072698137
0.9185689580721357
0.9193558683957141
0.9195114542196738
0.9217642944304427
0.9238861845507279
0.9245667332172158
0.9246682579113784
0.9269069402464595
0.9289596562071317
0.929537193915714
0.9295864086976732
0.931811239599716
0.9337969221316815
0.934274849113928
0.9342735249459703
0.9364848374136793
0.9384056675321638
0.9387874150566696
0.9387373334315399
0.9409354828649192
0.9427936687714252
0.9430826816804809
0.9429856262202047
0.9451709863670448
0.9469687511169257
0.947168471863206
0.9470262203062398
0.9491991796543572
0.9509387499107165
0.9510526038917554
0.9508669211074049
0.9530278792829087
0.9547114749798353
0.9547428571527927
0.9545154886815613
0.956664853421892
0.958294678464211
0.9582469418448253
0.9579796081991434
0.9601177922407356
0.9616960262304225
0.9615724711770554
0.9612668629388055
0.9633942814485796
0.9649230724841428
0.9647269372567132
0.9643847108005454
0.9665017794434341
0.9679832375834265
0.967717691715198
0.9673404649273512
0.9694475974410305
0.9708837895998103
0.970551925792557
0.9701412766929285
0.9722388823021068
0.9736318270028329
0.9732366565252578
0.972794118826214
0.9748826020485785
0.9762342655887797
0.975778715147011
0.9753057764382682
0.9773855347432088
0.9786978291783133
0.978184733458009
0.9776828349043934
0.9797542589104042
0.9810290390468429
0.9804611414564579
0.9799316777020946
0.9819951470128846
0.9832342063356048
0.9826141588674197
0.9820584704873354
0.9841143581676646
0.9853194323883655
0.9846497875657378
0.9840691739452913
0.9861178380412944
0.9872905974400941
0.9865738181336621
0.9859695212685889
0.9880113124719634
0.9891533685164203
0.9883918166709525
0.9877650332137924
0.9898002915473818
0.9909131934576684
0.9901091388377475
0.9894610197266931
0.9914900681611208
0.9925753001423557
0.9917309198230743
0.9910625566380017
0.993085717390101
0.9941447089443551
0.9932620827263718
0.9925745418304044
0.9945921069545287
0.995626215883747
0.9947073482797467
0.9940016197678416
0.9960138868706219
0.9970244251546172
0.9960712078992933
0.9953482564868802
0.9973555108303689
0.9983437265295035
0.9973579768001055
0.9966187114205878
0.9986212293408963
0.9995883201020715
0.9985717609318537
0.9987455525323373
0.9998050947263811
1.0002816928202183
0.9999999996521384