-0.00007241918112596545
-0.00007242155591451912
-0.00007242370113554182
-0.00007242866770975189
-0.00007243197993805248
-0.00007243722908154152
-0.00007243606685439242
-0.00007242713347450379
-0.00007239349083047629
-0.00007227452346993994
-0.00007238422031050525
-0.00007179847352419591
-0.0000721186978501751
-0.00007207689359696123
-0.00007193979106277982
-0.00007148149346515467
-0.00007167847797183204
-0.00007095501886627989
-0.00007090007058433563
-0.00007105716963253037
-0.00007115911063356477
-0.00007086278583345002
-0.0000707890294421271
-0.00007109074267557464
-0.00007115665705779096
-0.00007100394431550571
-0.0000702678080086901
-0.0000705454673212105
-0.00007052312712577821
-0.00007110697125129576
-0.000071775891277199
-0.0000710326741171324
-0.00007282091353768865
-0.00007310232169886177
-0.00007259372226724832
-0.00007437947485673876
-0.00007384252372475087
-0.00007353259884190094
-0.00007565755470029355
-0.00007481666106511889
-0.00007359087983822756
-0.00007623264662860293
-0.00007510003079624618
-0.00007793211425608516
-0.00007871185619476153
-0.00007873553623841452
-0.00007901584601507051
-0.00007814776231903088
-0.00007711835686410468
-0.00006409541482193459
-0.00007696451473505024
-0.0000658119962362678
-0.00007932553403038552
-0.00007806376909434333
-0.00007885814123834206
-0.00006638548783541178
-0.00007349421914982181
-0.00007684933776410212
-0.00006825103538214666
-0.00007963638224560448
-0.00006648495392820824
-0.00006473741951313568
-0.00007427517211682196
-0.0000790395207458034
-0.00007022427988866973
-0.00007888052809313926
-0.00006466581994787555
-0.0000782009212679392
-0.00006684307726600125
-0.00007701470446302824
-0.00006974593878518143
-0.00006445386255243257
-0.0000741633487947931
-0.00006920741858157564
-0.00006981070886880365
-0.00006615190613818533
-0.00007427863441809896
-0.0000703437875093411
-0.00007435511110493535
-0.00007687678512090102
-0.00007467702037164155
-0.00007147681378382036
-0.00006754108541072567
-0.0000712385888682137
-0.00007115611460234409
-0.0000657354121699734
-0.00007461121702195184
-0.0000726058292264839
-0.00007445596660105895
-0.00007214001051412566
-0.00006554035364940803
-0.00007074834032983205
-0.00007339029634576936
-0.00006322859919800148
-0.00006261213107717844
-0.00006909836221790183
-0.00006685313543851458
-0.00007120059867532288
-0.00006925064634352006
-0.000059475595300838066
-0.00006422470997069134
-0.00006917137195471142
-0.00006584790677075638
-0.00006584598084577713
-0.00006206658463608749
-0.00006835924112260704
-0.00006446065140341628
-0.0000605108324381681
-0.00006129225393238834
-0.00006563588065251819
-0.00005865644420471745
-0.00006530372545426168
-0.00006199338370623958
-0.00006330382648548912
-0.00006394934809203985
-0.00006276474323573119
-0.00006317300010479315
-0.00006461711943164899
-0.0000600126288442815
-0.00006295258612716823
-0.00006171607960146351
-0.00006007287234876402
-0.00006277280594364728
-0.00006008545434472125
-0.00005722862928843174
-0.000060117296624835745
-0.000059936067998911125
-0.00005943375327193152
-0.000058378176153858125
-0.00005641371050311319
-0.00005386000670091214
-0.000055401371372348936
-0.00005420746759238776
-0.000052017228600326054
-0.00005096896393659273
-0.00004992980088010222
-0.00004649030895417107
-0.000045842114412262426
-0.00004432998382833594
-0.00004190525070935091
-0.00003970178434018818
-0.00003739028237507558
-0.000035057910788837456
-0.00003228844373901308
-0.00002953092113267917
-0.000026899580383048517
-0.000023826611760950744
-0.000021038845500404316
-0.00001839480441224196
-0.000014972594069988911
-0.000013075634902953985
-0.000010932675558511043
-8.493888314753271e-6
-5.338701324459049e-6
-3.664846885342335e-6
-1.9858405939034723e-6
1.3245062125482785e-7
1.6585079938342813e-6
2.3845542831426445e-6
3.0287666514484696e-6
3.4878983064285293e-6
4.261314956775189e-6
4.726761944278515e-6
4.920887101020586e-6
4.86714193417706e-6
4.797626803583483e-6
4.7909471306452365e-6
4.2025211020670915e-6
4.555942989848488e-6
4.443245235000932e-6
4.025437135778795e-6
3.829716074187396e-6
3.7629134505254784e-6
3.6784646978029874e-6
3.4046132541763086e-6
2.910282538796207e-6
2.7970271193015063e-6
2.4520383705766376e-6
2.3276536696293405e-6
2.103031620055387e-6
1.858882016815608e-6
1.6234983708226221e-6
1.287814231822452e-6
1.370790463647385e-6
1.3430133004965352e-6
1.0467776979365092e-6
7.028036386583101e-7
6.342683782019848e-7
5.504900703211432e-7
6.551416782471263e-7
2.9422468849250673e-7
2.7510640893075223e-7
3.934011642672281e-7
2.2784768360462223e-7
-4.765687865840105e-9
2.2593227181692076e-7
-3.3677252714687236e-10
-8.096472339475879e-8
-4.194147000306042e-8
-5.092497723962463e-8
-9.453343601644665e-8
-1.5116155906834905e-7
-3.49091096706859e-7
-1.997167084562838e-7
-2.9526567228985456e-7
-4.878846488313217e-7
-3.692216205423609e-7
-4.7214363039444046e-7
-3.820843733255319e-7
-5.104692757551178e-7
-5.205058621686882e-7
-4.004789286354063e-7
-4.1302654382531925e-7
-4.316440195468352e-7
-4.325200133674996e-7
-4.4670955406377277e-7
-4.882654844445665e-7
-5.576014574065781e-7
-5.982618671203826e-7
-5.32833377507618e-7
-6.366386493271619e-7
-6.472333689226236e-7
-7.343208579610621e-7
-7.588062870621412e-7
-4.5416424477490584e-7
-4.6451485649125874e-7
-4.3858005993666105e-7
-4.383075678705908e-7
-7.219013584117699e-7
-4.2890235268065984e-7
-6.460088062721294e-7
-5.914534805676007e-7
-6.365412704661892e-7
-6.467328213075427e-7
-4.4137159756288236e-7
-6.377252615272371e-7
-5.649429759542175e-7
-4.0901638924500017e-7
-6.415517595972881e-7
-6.29476304421116e-7
-6.064516753403967e-7
-5.505052247671921e-7
-6.284822699633906e-7
-6.237962176687832e-7
-6.102641021762566e-7
-5.590443051800517e-7
-5.081432151159641e-7
-5.983289917687786e-7
-5.115678304866747e-7
-5.780987978891362e-7