0.2351572316988231
0.23516838588547473
0.2351739639717333
0.23519069863638117
0.23521301533689098
0.23521582903284047
0.2352183844685431
0.23521894785842837
0.23522138910426782
0.23522256096654118
0.2352231398012229
0.2352248797806595
0.2352271951442775
0.23522851172449613
0.2352291699924589
0.23523114480287952
0.23523378645731388
0.2352350946304217
0.23523575377837252
0.2352377351693492
0.2352403554495361
0.23524175440115672
0.2352424501708644
0.23524452502212953
0.23524732547981975
0.23524874389707612
0.23524946277953665
0.23525161943463022
0.23525449503564572
0.23525885634714044
0.23526103715394117
0.2352676057347178
0.2352762471465582
0.23527765610891388
0.23528079254095446
0.23528235121520596
0.23528697140333013
0.2352933226578849
0.23529472689627112
0.23529646823756803
0.23529735138779537
0.2353000008498763
0.23530352215221745
0.23530558918624941
0.2353066192319842
0.23530970938451692
0.2353138563409315
0.2353158578040515
0.23531686675124344
0.235319893607482
0.2353239035122711
0.23532597974018185
0.23532701220309235
0.23533010344053717
0.23533423347706317
0.23533667564071858
0.2353378968344491
0.23534154584955913
0.23534646117592134
0.2353489552640912
0.23535021572110412
0.23535399711477656
0.23535903916095827
0.23536168373075889
0.23536300969447801
0.23536698761058567
0.23537230882491872
0.2353753206636435
0.23537682515234784
0.23538135668840088
0.2353873748467378
0.2353906963052775
0.23539234824337385
0.23539728438703464
0.23540393351582187
0.23540711537582631
0.235408719694189
0.23541353268557833
0.23541990897607273
0.23542293612023116
0.235424437060225
0.2354289399123136
0.23543494398187215
0.23543867918513195
0.23544055107590237
0.23544617793773817
0.23545359562866422
0.23545732127554683
0.2354591769452426
0.2354647109949954
0.23547213434488826
0.23547645998013214
0.2354786338930286
0.23548515569782436
0.23549382403669641
0.23549836806511926
0.23550062659676035
0.23550744267769433
0.23551636317295568
0.2355172838235419
0.23551919611335895
0.23552494443631153
0.2355325940310108
0.2355376347253541
0.2355401496615198
0.23554766464939791
0.2355577874824549
0.235563686620179
0.2355666536373387
0.23557564316988286
0.235587288947007
0.23558813069347512
0.23559555849458658
0.23560546295726614
0.2356216347884476
0.2356297227748975
0.2356540836184794
0.23568603750862757
0.23569568504820576
0.23570150034447512
0.23570436599084607
0.23571292908700053
0.2357245001193193
0.23573018049515293
0.23573307382461503
0.23574173683362065
0.23575323754673402
0.23575909144277232
0.23576199613986484
0.2357706759717391
0.23578244169455986
0.23578483888528723
0.2357876040543188
0.23579591599833058
0.23580683929862326
0.2358123790353468
0.23581509769971234
0.23582325379522245
0.23583412947006105
0.23585432277005994
0.23586444504182985
0.23589451478166565
0.23593590172651507
0.23594103209817233
0.23594579607853702
0.23596020103448564
0.23597902081237335
0.23598798564897128
0.23599234904753724
0.23600541376143067
0.23602308818252815
0.23603091660230788
0.236034917610647
0.23604682694132084
0.23606298184311691
0.23607130491046113
0.23607556746790845
0.23608825542380443
0.23610557435529558
0.23611357263459548
0.23611768339058972
0.23613008846236147
0.23614643302182237
0.23615512681231085
0.23615941807021698
0.2361723424922858
0.23618940521394696
0.23619942019246848
0.23620437744751663
0.2362193369000742
0.23623892220278236
0.23624898870189823
0.23625389475414443
0.23626872863722106
0.2362882981124659
0.23629944090002872
0.23630498415269838
0.23632158194818506
0.236343689425596
0.23635563876592935
0.2363615751060542
0.23637959335359313
0.236402978507179
0.2364156059269176
0.23642177972657236
0.23644022978400644
0.2364647754222885
0.23647653320144055
0.23648234937580234
0.23649993435201508
0.23652306185742894
0.23654364296161
0.2365538128737943
0.23658468049100587
0.23662487934574358
0.2366454595872008
0.23665551966948986
0.23668546754303219
0.2367265866602341
0.23674540298433633
0.23677666402469122
0.2367906884742151
0.2367979300819787
0.23681986575815658
0.23684848942171785
0.23686543899636125
0.2368737334068429
0.23689866554939842
0.23693185232002287
0.23694761745070897
0.23695553008810297
0.2369790412264982
0.23701117771703117
0.2370262597464005
0.23703398859645838
0.2370572652512733
0.2370882847262738
0.2371058126101285
0.23711457541809144
0.2371409656735482
0.23717581772056281
0.23719609383696416
0.23720611160331784
0.2372363970719425
0.237276365814197
0.23729692822100698
0.2373071880257112
0.2373378516877842
0.2373786529462137
0.2373986677663626
0.23740859457649954
0.23743854674736387
0.23747790814588005
0.23750156567338182
0.23751326766005518
0.23754804254249684
0.2375957111687361
0.23761680582555253
0.237627745268966
0.23766037910498125
0.23770441156974
0.23773234736730325
0.2377463759196007
0.23778862386083469
0.2378447640671454
0.23788350996008883
0.23790279432603323
0.2379607616573127
0.23803771365038892
0.23807707358445582
0.23809666566707235
0.23815544707363187
0.2382333917174681
0.23824607087143992
0.23826279286945687
0.23831333789866851
0.23837907797524593
0.2383880086142873
0.23840300095906347
0.23844798101580597
0.23850798094080497
0.23853885735541996
0.23855432318646885
0.23860089619704383
0.2386620613950534
0.2386933960300926
0.23870885145037934
0.23875530657997424
0.2388166193221577
0.2388513702181627
0.23886859822437087
0.23892038138183927
0.23898852667101028
0.23902195704442736
0.23903842578834075
0.23908747352289836
0.2391539580788703
0.23918891847988583
0.23920676023027243
0.23926019177986338
0.23933160229248335
0.23936817697316626
0.23938651338300712
0.239441226346796
0.23951481854215664
0.23956214317255917
0.23958589257153395
0.23965727810043494
0.23975207150892786
0.2398097402251766
0.2398384815766639
0.2399244047918176
0.2400408039705838
0.24005458968820176
0.2400817281447367
0.2401630070326351
0.2402713450354296
0.24032960271915618
0.2403586621662619
0.2404461633600971
0.2405611938384053
0.24058456366968242
0.2406146368427568
0.2407040679663772
0.24082616030232903
0.24088022421786243
0.24090806842627913
0.2409920538656001
0.24110198898717458
0.24115861665646218
0.24118655325946595
0.24126934686445234
0.24138273604339858
0.24144199545347042
0.24147242286487858
0.24156324004071617
0.24168573592053633
0.24175904070630824
0.24179603245868309
0.24190721894305572
0.24205536860350418
0.242160974925572
0.2422139174258916
0.24237141770233372
0.24258701000614127
0.24262147427148512
0.24278963244986645
0.24286828063590016
0.2429906857767647
0.24306584873135434
0.24310321216724795
0.24321608120586574
0.24336533899317236
0.24346417561260716
0.24351325698171725
0.24366078026553867
0.24385795761726445
0.2439694332443055
0.2440250992635513
0.24419324904786213
0.2444157657383869
0.24453934955783593
0.2446008348038193
0.24478518944154065
0.24503193346913307
0.24517300272844975
0.2452435690613018
0.24545602221197385
0.2457404256519337
0.24574745760056144
0.2458040927099898
0.24597336083210122
0.24620203971546817
0.24631847435672297
0.2463776005663382
0.2465543241119748
0.24679156918891743
0.2469599400682461
0.2470444258983472
0.24729956238385997
0.2476346867827883
0.24766552721153426
0.24777569014608208
0.24810735787312685
0.24854963418657258
0.24876838282827457
0.24887772907963038
0.24920740934990995
0.2496442908741846
0.2497293660925632
0.25002943518055465
0.25016341397214525
0.25023217760710725
0.2504374715962137
0.25071567451001303
0.2508522237446165
0.25092178143350474
0.25113021510919087
0.2514096963423542
0.2515915882302616
0.2516831640540455
0.25195702078363663
0.25232644962473366
0.25250936970563487
0.2526022890367591
0.2528805715813948
0.25325251084191813
0.25344593843220276
0.253542793015802
0.25383327682866136
0.25422231932424866
0.25447681152237145
0.25460485449786363
0.2549894521036537
0.25550261964118365
0.2558333434829997
0.2559988910105683
0.2564971955482646
0.2571621857178426
0.2576033774670341
0.2578251230101161
0.2584918291830604
0.25937871457023154
0.2597060810565975
0.26034852975848993
0.2604853306654653
0.26069345210302924
0.26131572719469937
0.2621598850658762
0.2624061154468131
0.26301704649971325
0.26334752084014706
0.2635141408147098
0.26401435004433943
0.2646842136046627
0.26512062102339806
0.26534019775310597
0.2660010018283068
0.2668797279989168
0.2669194422095481
0.26742384758040505
0.26809707188499854
0.26852026732429707
0.2687324934463374
0.26936973283315396
0.27022401303092164
0.2707521746786991
0.27101811425975364
0.2718176206651572
0.27288633528108225
0.273389517576773
0.2736411471939843
0.2743979194714152
0.2754103291416342
0.27605383189155797
0.2763778468514548
0.2773516340195103
0.27865846906982755
0.27952888712050383
0.2799684213354372
0.2812891113749375
0.2830687616651938
0.2833092512947397
0.28440687301965795
0.28589006967469466
0.28605475146433734
0.2871439224425862
0.2886044859888773
0.28934445848205403
0.2897167051010107
0.29083446766306514
0.2923400574209315
0.29305105257070807
0.2934104000439805
0.29448938898899063
0.29594079761845327
0.2967564099783274
0.2971682686280739
0.29840521651212293
0.30007307758443
0.3008288661467807
0.30121097563014465
0.3023584527698828
0.303903096071375
0.30475089115135906
0.3051792386883503
0.3064676099737192
0.30819808185462605
0.30930100058759197
0.30985842166912986
0.3115340531323925
0.313795736867297
0.3140614816240101
0.31459524593250454
0.31619959776715184
0.3183644586245997
0.3193606523538128
0.31986417161467273
0.3213777108362681
0.32341807832540675
0.3244330143442714
0.3249462515946045
0.3264885549960439
0.32856872757182487
0.3295743023545424
0.33008288115215123
0.3316114144601269
0.33367108346896235
0.33480000244951874
0.3353710392105204
0.3370886952482745
0.3394025706112267
0.34080573278537235
0.34151672184831383
0.3436547374298196
0.3465468596038884
0.34711316300823947
0.349085245458764
0.3517489165226654
0.35302575170737416
0.35367210933168863
0.3556154365420488
0.35824021445664
0.3594904395324599
0.36012344359025183
0.3620269042017886
0.36459423538692426
0.3660780076123394
0.36683001223558337
0.36909179546223086
0.37215050959270946
0.3735703224557022
0.37428974899952683
0.3764535740384214
0.37937603272322507
0.38096113345266486
0.38176495486564865
0.3841830483681423
0.387455431985133
0.3889774156053832
0.38974920155034265
0.39207090653573234
0.3952095676637661
0.3968584918516353
0.39769524561557446
0.40021263086481546
0.4036201699361874
0.40532117848583143
0.4061848650859234
0.40878326238773705
0.4123027738742246
0.41403718972911696
0.41491832275859974
0.41756925082231766
0.42116063066979215
0.4229863969978259
0.4239145839630504
0.4267076119928849
0.4304939371890546
0.4324058888825021
0.4333784472332193
0.43630568182402774
0.44027496771494223
0.44236319833424076
0.44342642896241025
0.44662716258577834
0.4509740572243812
0.45310384569671075
0.4541885440171707
0.45745391199240754
0.46188819451305896
0.4641544457927224
0.4653093621123344
0.46878651662235143
0.47351223852644936
0.4758654374041002
0.4770649769911565
0.48067676779351554
0.48558576175605633
0.4880843291731135
0.4893584530449133
0.49319526995555546
0.4984130124379287
0.5010230810208743
0.5023542478782324
0.5063630299016152
0.5118150989002075
0.5145790782442368
0.5159889861745773
0.520235513936881
0.5260127157715632
0.5289138578071967
0.5303937285543546
0.5348513781698773
0.5409161056257037
0.5439883376042645
0.5455555727595528
0.5502769445200958
0.556702284038203
0.559916301530855
0.5615556712934864
0.5664948495377725
0.5732157594309913
0.5766307278385561
0.5783726490974812
0.583621508326037
0.5907660327581775
0.5943408691723138
0.5961640339045505
0.6016582904552135
0.6091359687659759
0.612918030483888
0.614846763633011
0.6206599236666144
0.628572806992077
0.6325546269753323
0.6345849621385525
0.6407051407157306
0.6490359298980094
0.6532401498554101
0.6553836425321058
0.661845661101607
0.6706427107514681
0.6750588962192237
0.6773100632609035
0.684097305499893
0.6933369549548202
0.6979738105143903
0.7003369926927573
0.7074626789990996
0.7171623621496638
0.7220475114710663
0.7245367648080271
0.7320435033772277
0.7422615324913093
0.7474195380380724
0.7500473021405188
0.7579727599338467
0.7687609449839445
0.7741827364703578
0.7769441237700664
0.7852734016950785
0.7966103212340924
0.8023009339672698
0.8051983174137194
0.8139386689150097
0.8258330997467114
0.8318258806267379
0.8348761509432511
0.8440787128282575
0.8566009142488812
0.8628967604872941
0.8661000849586176
0.8757654107134922
0.8889148397787171
0.8955350296237827
0.8989020281209946
0.9090622911621278
0.9228826264259251
0.9298306599037752
0.933362809165385
0.9440225014047766
0.9585185730985512
0.9658202798673863
0.969530477362557
0.9807287156700663
0.9959536801243191
1.0036109272825202
1.0074997770834107
1.0192383849345625
1.0351933723899942
1.043225364074372
1.0473023198913272
1.0596099596821904
1.076333474153953
1.0847467869903404
1.0890148318398725
1.1019005783751121
1.1194037662173486
1.1282126034463842
1.1326785738597431
1.1461632497511158
1.164473302019955
1.1736977778959718
1.1783714827026925
1.1924848269727717
1.2116415414648507
1.2212870328680399
1.2261707505645527
1.240919727773579
1.2609311085043977
1.2710083839638437
1.2761070867017146
1.291506856852375
1.3123920397559123
1.3229167223944904
1.3282377774375154
1.3443107622454398
1.3660988994998848
1.37707931778627
1.3826263369263714
1.3993835775606378
1.4220878949308138
1.4335337035482214
1.4393108893683295
1.4567652687055126
1.4804012894271061
1.492322704638141
1.4983344492694881
1.516499415225163
1.5410834008545635
1.553479017184795
1.5597237646940791
1.5785947486461331
1.6041178670855532
1.6169817693731743
1.6234555730378142
1.643020735058415
1.6694642210257196
1.6828630936180033
1.689598665212262
1.7099578407401732
1.7374554972452632
1.751313142560732
1.7582708379692862
1.7793036396553166
1.807687729329351
1.8220301645061214
1.8292219234376068
1.8509650860240654
1.8802828680697357
1.8951063821788876
1.9025290737291192
1.924973543334962
1.9552094813950835
1.9704958826243701
1.978139034825033
2.0012534811056
2.0323617326152164
2.0481079101964403
2.055968540371274
2.0797445580317224
2.1117104868861114
2.12788885511962
2.135951734859219
2.160343710820462
2.1931022500586486
2.209696255577197
2.2179516084837867
2.2429306725236797
2.2764396040818444
2.2934256965546784
2.301860243384672
2.3273869753111107
2.361589954706164
2.378935514385504
2.3875314861527825
2.4135529127426025
2.4483755245657552
2.466048705383868
2.4747887024905717
2.501253115868412
2.5366229327777114
2.5545883433226226
2.563453228927252
2.5903037622702016
2.6261417078572538
2.6443608110565457
2.6533299101976824
2.6805051572704537
2.7167263619429503
2.7351578542193025
2.7442091482443467
2.771643745068941
2.808158382187428
2.826759518569576
2.835870291161481
2.8634969090179774
2.9002128221280072
2.918941081778479
2.9280887021105513
2.955840432839772
2.9926663504181445
3.011481535292545
3.0206444446540326
3.048457836259567
3.08530733507074
3.1041750889334794
3.113334405412761
3.1411544457320186
3.177952321249552
3.1968537128755945
3.2059975736257846
3.2337910953859104
3.27049083608041
3.289435877230819
3.298565451515171
3.326339888578553
3.3629475874064734
3.3820145718946417
3.391161466521884
3.419019077053977
3.455663078295177
3.475110120102001
3.4843852237295634
3.5126758330369072
3.5498020717183305
3.5706088152487263
3.58043678260759
3.610493062017814
3.6498044851712894
3.673033802318395
3.6838398971431845
3.7170278956650677
3.760233038366649
3.775651752195935
3.8071111065510532
3.8134831746172493
3.833023488290147
3.8585892624306974
3.862655262981937
3.868107438540917
3.8847106544532832
3.906455030226564
3.9161815479431974
3.920840661525701
3.935009596112215
3.953579759600891
3.9620221303258525
3.966074514372836
3.9783837417985546
3.9945217849940122
4.001912728665767
4.005465633793833
4.016245267100052
4.03037538109714
4.036826635232793
4.039930652560292
4.04933662770048
4.061656272990175
4.067239231124309
4.069925652985124
4.078055130936681
4.088685404059659
4.093439162444143
4.095724459593143
4.102629998948252
4.111636123586704
4.113092941110681
4.115006583522828
4.120781384918951
4.128292345561804
4.128577856096907
4.13011453183278
4.13474638505318
4.140759025345508
4.143924920155907
4.1454220552770416
4.149931295912065
4.155721540973819
4.158769218352936
4.160178545993774
4.1644179457176325
4.169759675641721
4.172498872940455
4.173717612508259
4.177378036096692
4.18183339897818
4.184081586794352
4.185002151542691
4.187763823410604
4.190863056344135
4.192349543266543
4.192809507739616
4.194191468336967
4.195221937461816
4.19543851494707
4.195153051118547
4.194309309017116
4.192057622108256
4.190149318488526
4.188665033286594
4.184238845050232
4.176816414532861
4.171956549561415
4.168982229531945
4.160065591032164
4.146550624402323
4.137862012399915
4.132990335512807
4.118297226643167
4.0970267706528265
4.0826653162103845
4.07505922921708
4.0519179364866815
4.019370801942509
3.998129395886846
3.9875174270179117
3.9547497758351575
3.909916844996872
3.865317109992158
3.845268206169945
3.780147375597785
3.69425391112153
3.643291854940987
3.6146186783639602
3.6022004811305806
3.5617154303456133
3.509209285185552
3.4718284143676765
3.456952172367529
3.4057559314344563
3.341051104041774
3.299515116282654
3.2845746407841125
3.229943299536735
3.162751105551421
3.1246008501860607
3.1117843311407505
3.06331243023928
3.0042276474708567
2.9699746038929633
2.9590107080660597
2.9161728502311
2.86429106140699
2.8334690658286377
2.8240480481645447
2.7859897832151623
2.74013565729239
2.712263573753328
2.7041186512959414
2.670084405945254
2.629248107578713
2.6038872745655457
2.5967908605242345
2.5661248259418805
2.529451732499232
2.506215742782344
2.4999778377343818
2.4721236623084426
2.438904640889879
2.41746474842952
2.411930692482884
2.386428762936371
2.3560882093024196
2.336172873093586
2.3312194441037466
2.3076984707841985
2.2797774224604264
2.261167057429499
2.2566975364641353
2.2348621386838485
2.2089987333245853
2.1915179353151357
2.1874569976262848
2.1670739651486643
2.1429840859926785
2.126493283149972
2.1227823226975246
2.10366758102632
2.081127593723661
2.0655153386119744
2.062108521102241
2.0441158833174864
2.022948295720882
2.008124753134229
2.0049858608483
1.98799790704484
1.9680600245487472
1.9539517726542486
1.9510517741154294
1.934972758574621
1.9161480033427103
1.9026940345862104
1.900009258806775
1.8847597458706535
1.866951160855176
1.8540998791235095
1.8516106663879381
1.8371235466532456
1.8202490036611274
1.8079560032097153
1.8056457181500287
1.7918632824255625
1.7758519769037266
1.7640784134135554
1.7619327270935337
1.7488045297489963
1.7335944268418273
1.7223058269649252
1.7203121956331127
1.7077934970524795
1.6933294713074472
1.6824948623993925
1.6806421485573775
1.6686927778681844
1.6549252543507202
1.6445165261641184
1.6427947219232302
1.6313782428762142
1.6182621989399386
1.6082536329834802
1.6066536566139509
1.5957367517017278
1.5832309777425149
1.5735988983504035
1.572112443009833
1.5616644551536418
1.549731001616819
1.54044429682182
1.5390642814722817
1.5290471996715258
1.5176435017302186
1.5086982482645301
1.5074165250535698
1.4978242410354965
1.486933427497685
1.4783071029939838
1.477117552423461
1.4679156975174938
1.457499591802905
1.449171612182749
1.4480681214078854
1.439233645759318
1.429263737752639
1.4212174694935427
1.4201943334121263
1.4117057960973523
1.4021555188159691
1.394375418324782
1.3934273099815575
1.3852646482176183
1.3761091441701239
1.3685806458649925
1.3677025864824672
1.3598470108162168
1.351063003734002
1.3437724502191837
1.3429597833047773
1.3353936870279384
1.3269593702243039
1.319893950484123
1.3191423191093548
1.3118491977186504
1.3037441344861886
1.2968918283131508
1.2961971548396272
1.2891615334530973
1.2813665674068142
1.2747160944633726
1.274074562257933
1.26728192945205
1.2597791023621983
1.2533198757603945
1.2527279124747543
1.2461646595818272
1.238937136138679
1.2326592190776589
1.2321134812476904
1.225766846029134
1.2187988437204156
1.212692909334152
1.2121902681723555
1.206048282520041
1.1993250060733271
1.1933823006896296
1.1929198287143539
1.1869712698524244
1.1804788520631637
1.1746911585672417
1.1742661173009168
1.1685004617945194
1.162225904821028
1.1565855107267358
1.1561953390135256
1.1506027198094526
1.144533842293134
1.139033508911596
1.138675811924766
1.1332469785312829
1.127372365513144
1.122005298526732
1.1216778376323457
1.116404117048931
1.1107130740241664
1.1054728949163095
1.1051735778610683
1.100046840105983
1.0945293457194853
1.0894100677213674
1.0891369397457327
1.0841495627838882
1.0787962289367783
1.073792232424019
1.0735434671225887
1.068688308308399
1.0634903370466355
1.058596348327063
1.0583702403847655
1.053640601865111
1.0485897548533603
1.0438008186567886
1.0435957760964147
1.0389853792470711
1.0340739383096145
1.0293854054976237
1.0291999413853687
1.0247029030081483
1.0199236420649536
1.0153311418214457
1.0151638691752733
1.0107746722064188
1.0061208137080278
1.0016202457812795
1.0014698706852405
0.9971833409192311
0.9926485444757509
0.9882360515220968
0.9881013662105589
0.98391265674179
0.9794909712114334
0.9751629413186252
0.9750428192621651
0.9709473815929855
0.9666332589456298
0.9623862730313132
0.9622796650145141
0.9582732316729738
0.9540614460784688
0.9498923078159863
0.9497982337303202
0.9458768136797889
0.9417624484217827
0.9376681682333701
0.9375857177649
0.9337455482580063
0.9297240454691655
0.9257017740765697
0.9256300960235376
0.9218676522482223
0.9179347444021629
0.9139817988232853
0.9139200999449427
0.9102320887421566
0.9063836948060637
0.9024976179329397
0.9024451583280201
0.8988284874058953
0.8950608578070282
0.8912392756111114
0.891195371107216
0.8876471348576714
0.8839566589141195
0.880197390168357
0.8801614025402796
0.8766787991127232
0.8730623139069371
0.8693631246838468
0.8693344604078501
0.8659149847235728
0.8623692267374711
0.8612436717149282
0.8610405482139368
0.8602421971298613
0.8591927624192476