0.23516847357958534
0.23517963156000965
0.23518521154367258
0.2352019519024346
0.23522427619967218
0.23522709084308804
0.23522964715150085
0.2352302107303289
0.23523265281037528
0.2352338250676622
0.23523440409951596
0.23523614467065523
0.23523846082303673
0.23523977785166705
0.23524043634384129
0.23524241182692257
0.23524505437870968
0.2352463629995422
0.23524702237160433
0.23524900443513044
0.23525162561107726
0.23525302503582954
0.23525372104193285
0.2352557966018169
0.23525859800602883
0.23526001691185724
0.235260736039075
0.23526289342847234
0.23526577000863513
0.2352701328053014
0.23527231435476714
0.2352788851650801
0.23528752954471124
0.23528893897290903
0.23529207646700073
0.2352936356718569
0.23529825744926333
0.23530461083236565
0.2353060155676706
0.23530775750975597
0.23530864096098805
0.23531129132613093
0.23531481383212186
0.2353168815693416
0.23531791196651972
0.23532100317344756
0.23532515153715636
0.23532715368692583
0.2353281629778522
0.23533119086535625
0.23533520214406567
0.2353372790765884
0.2353383118915497
0.23534140418491611
0.2353455356298905
0.23534797862667545
0.23534920023699873
0.23535285050127744
0.235357767495809
0.23536026244211583
0.23536152332886556
0.23536530601184577
0.23537034977733737
0.23537299525267552
0.2353743216693669
0.23537830094449927
0.23538362397194676
0.23538663684206007
0.23538814184642443
0.23539267493046456
0.2353986951519579
0.23540201773968494
0.23540367024199355
0.23540860807751018
0.23541525946574288
0.23541844242067672
0.23542004728718727
0.23542486192317785
0.23543124040486269
0.23543426857618277
0.23543577002918353
0.23544027442043103
0.23544628054253267
0.2354500170239461
0.2354518895540529
0.23545751833464862
0.2354649385803309
0.23546866549214956
0.23547052179402048
0.23547605773891767
0.23548348361830224
0.23548781074014574
0.23548998539694843
0.23549650943375278
0.23550518074798327
0.23550972632700018
0.23551198563336576
0.235518804040737
0.2355277276305525
0.23552864856690187
0.23553056151295013
0.23553631180537163
0.23554396402583344
0.23554900644405366
0.23555152224199255
0.23555903981413404
0.2355691660987384
0.2355750672729572
0.23557803530934118
0.23558702790437103
0.23559867774961507
0.2355995197313254
0.2356069500807231
0.2356168579420215
0.23563303532425436
0.23564112608732368
0.2356654952694307
0.23569746026134958
0.23570711105613265
0.2357129283272702
0.235715794959164
0.2357243610107451
0.23573593599224757
0.23574161835023358
0.23574451267347685
0.23575317866350928
0.2357646833500829
0.23577053924848093
0.23577344494580138
0.23578212777720933
0.23579389750996416
0.23579629556181383
0.23579906168256298
0.2358073764829912
0.23581830358517938
0.23582384520278948
0.2358265648052217
0.23583472371538794
0.23584560314419675
0.2358658034171204
0.23587592917815708
0.2359060093775507
0.23594741034611544
0.23595254269251675
0.23595730832484998
0.23597171824361446
0.2359905446229587
0.2359995124966557
0.2360038774082509
0.23601694666115408
0.23603462714944476
0.2360424583265328
0.23604646071801316
0.2360583741945012
0.23607453463981573
0.23608286064647382
0.23608712467879872
0.23609981705555053
0.23611714190377106
0.23612514303037047
0.2361292552157425
0.2361416645802543
0.23615801485620438
0.23616671163546102
0.236171004385305
0.23618393328680187
0.23620100197533286
0.23621102041199477
0.2362159793940246
0.23623094403334666
0.23625053623754358
0.23626060617692538
0.23626551394342293
0.23628035297643427
0.2362999293114461
0.2363110759602831
0.2363166211426751
0.2363332247276344
0.23635533992760094
0.23636729342536494
0.23637323184285974
0.2363912563350081
0.23641464978827892
0.23642728152566342
0.23643345747781674
0.23645191399155296
0.2364764682409846
0.23648823010674755
0.23649404832183685
0.23651163942907813
0.23653477509828696
0.23655536336436042
0.23656553685311996
0.23659641522422395
0.23663662838494484
0.23665721571717466
0.23666727933499
0.2366972378098044
0.2367383711357722
0.23675719430979023
0.23678846615456658
0.23680249569537548
0.23680973986102924
0.23683168322465642
0.23686031711461572
0.23687727256454116
0.23688556990472168
0.23691051084308232
0.2369437093485979
0.23695948005798362
0.23696739548719745
0.23699091499355077
0.23702306268988405
0.23703815018787305
0.23704588178259048
0.23706916667963163
0.23710019715216174
0.23711773125540742
0.2371264971742015
0.23715289677204707
0.23718776126986454
0.23720804454253777
0.23721806588253963
0.23724836209009947
0.23728834514483513
0.23730891484467692
0.23731917829644625
0.23734985290038224
0.23739066875894205
0.2374106906847828
0.2374206210452256
0.23745058388187534
0.23748995948667628
0.2375136253880597
0.2375253315573706
0.23756011897941828
0.23760780441127016
0.23762890685795762
0.23763985021812614
0.2376724958024501
0.2377165439755683
0.23774448987872857
0.2377585234900155
0.23780078662890727
0.23785694711797511
0.23789570694855852
0.23791499828463292
0.23797298655558377
0.2380499665055711
0.23808934063319637
0.23810893981409745
0.23816774253991707
0.2382457156435724
0.2382583992905171
0.23827512737409323
0.23832569069728346
0.2383914551213127
0.2384003887966635
0.238415386614335
0.23846038310413872
0.23852040497448038
0.23855129269800915
0.2385667641887353
0.23861335420264304
0.2386745420584105
0.2387058880463684
0.23872134913581008
0.23876782129264582
0.23882915674021013
0.2388639203241516
0.23888115467128992
0.2389329568755922
0.23900112755714892
0.23903457009405832
0.23905104491101561
0.23910011086293603
0.23916661980636866
0.2392015933884248
0.23921944175353996
0.2392728931626259
0.23934433021090123
0.23938091852433818
0.2393992617585298
0.23945399520104765
0.23952761478576903
0.23957495718884228
0.23959871548787567
0.23967012776064325
0.23976495689176622
0.23982264722634686
0.23985139939530112
0.23993735509989783
0.24005379782172662
0.24006758910567877
0.24009473781215382
0.2401760474899512
0.2402844266550874
0.24034270642020433
0.24037177691789602
0.24045931133590395
0.24057438615146381
0.24059776462594995
0.2406278492775906
0.24071731485216466
0.24083945341691984
0.24089353863935298
0.240921393558692
0.24100541120650337
0.2411153892775775
0.2411720385104135
0.24119998588690636
0.24128281180644617
0.24139624435763302
0.2414555273014236
0.24148596653948912
0.2415768192298794
0.24169936268355033
0.24177269643168625
0.24180970270702093
0.2419209328630039
0.242069140959078
0.24217478898678757
0.24222775239420988
0.2423853155018037
0.24260099233743243
0.2426354716317734
0.2428036960016201
0.24288237636970414
0.24300483078344212
0.24308002391407763
0.24311740244887672
0.24323031692427943
0.24337963544292268
0.24347851195240428
0.24352761328748088
0.24367519664909537
0.24387245451581488
0.24398397584989548
0.24403966477121614
0.24420788354269884
0.24443049261206967
0.24455412745900826
0.2446156382649836
0.24480006983628572
0.2450469171080255
0.24518804576567152
0.24525864188595367
0.24547118479211358
0.24575570879010308
0.2457627440346567
0.2458194032550273
0.24598874389348518
0.24621752017599843
0.24633400546698295
0.24639315711961948
0.24656995719757555
0.24680730499353926
0.2469757494439807
0.24706027220495144
0.24731552009830826
0.24765079390392766
0.24768164693448022
0.2477918587250371
0.24812367396793375
0.24856614902105745
0.24878499636958112
0.2488943921885018
0.2492242221412368
0.24966130510450998
0.2497464191466204
0.25004662548911427
0.25018066780387316
0.25024946340903437
0.25045485358728936
0.25073318588025945
0.25086980035697887
0.25093939084604505
0.25114792326466845
0.25142753710855525
0.2516095161485739
0.25170113574927633
0.2519751243746306
0.252344730859591
0.25252774078861245
0.25262070531190156
0.25289912405071424
0.2532712465013127
0.2534647697280264
0.25356167231897536
0.2538523008662502
0.2542415381588961
0.25449615900715755
0.2546242666835312
0.2550090596983642
0.2555224908006564
0.2558533853894633
0.25601901884147693
0.2565175834483041
0.2571829255324775
0.25762435261433686
0.2578462168932552
0.2585132833452362
0.2594006582855321
0.2597282051424348
0.2603710115794088
0.2605078915078686
0.2607161303996384
0.26133876126012895
0.2621834032684096
0.26242977996129035
0.2630410693196226
0.26337174023685983
0.2635384592149125
0.2640389678611416
0.26470923651673134
0.265145910804609
0.2653656221390073
0.26602683443332314
0.26690611461477204
0.2669458516950443
0.2674505770606107
0.26812423397710483
0.2685477030066933
0.2687600669932882
0.26939772409366536
0.2702525713330375
0.2707810881146708
0.2710472070715593
0.2718472583148205
0.27291671516124877
0.27342024907043766
0.2736720559809085
0.27442936634817533
0.27544250806884285
0.276086481646242
0.276410734796235
0.27738524693322014
0.2786930738845266
0.27956416381334415
0.2800040392580324
0.2813257726244139
0.2831068628634724
0.2833475496368629
0.28444608331090165
0.2859305315705341
0.28609535672574027
0.287185468662966
0.28864732105710006
0.2893879551814348
0.28976053666726653
0.2908793190684868
0.2923863069104635
0.293097975302078
0.29345759048842984
0.29453759242877275
0.2959905459585725
0.2967689766155092
0.2971619774795212
0.2983438317699547
0.2999307642226916
0.30103454548974756
0.30159266735822127
0.3032710224813602
0.3055366118634504
0.30590180815936263
0.3074013585636541
0.3094190459299189
0.3107728418586681
0.3114591741954669
0.3135225456278815
0.31631697156397065
0.3170753706662504
0.319255857656647
0.3203398013763998
0.3208878971422832
0.32253521438831695
0.3247584177276315
0.32579336091280453
0.32631678351809096
0.32789025532389005
0.3300103970518098
0.3312096254186258
0.3318164969221614
0.33364127213431827
0.33610389753683634
0.3373225765615476
0.3379391442562527
0.3397935899126334
0.34229536022352497
0.34358672592727585
0.3442404079393468
0.3462055155495221
0.34886180648574766
0.34930120908548024
0.3499546128187311
0.35191933534370345
0.3545732634871039
0.355823521761224
0.356456490499388
0.35836008711002654
0.36092743689071566
0.36241656678681516
0.3631711709608891
0.36544143978570975
0.3685105084548045
0.3699713431057052
0.3707112975806125
0.3729372841957558
0.37594559450064774
0.37744249400565283
0.3782011148088261
0.380483357862618
0.3835678920489525
0.3851537945346419
0.3859580335808646
0.38837717000605254
0.3916510849028627
0.39321965628331673
0.3940153458814493
0.3964090847637629
0.3996467610521948
0.40131870458430313
0.4021673574292652
0.4047205738268495
0.40817811902674256
0.40987142201673554
0.41073136622931367
0.4133186373553182
0.41682210609576115
0.4186388657344402
0.4195622321267227
0.42234084956160084
0.4261075060610529
0.4280012300212173
0.42896427569727547
0.4318628124046815
0.43579392214390084
0.4377714109515662
0.4387776351802816
0.44180639298873464
0.44591597190555887
0.4480271543066551
0.44910223711032415
0.45233885065338475
0.4567341836843225
0.45895584101163217
0.4600877619886559
0.46349600843991706
0.4681265570091377
0.4704792774026766
0.4716785873775289
0.47529004979547546
0.48020003835648406
0.48264583725909216
0.48389288104664857
0.4876481307575831
0.49275446100637366
0.4953255200607683
0.4966367239495624
0.500585711665345
0.5059565725783736
0.5086743578677879
0.5100606535850124
0.5142362425979732
0.5199171185919429
0.5227723807718512
0.5242288816438104
0.5286161675405525
0.5345864671092344
0.5375577365982412
0.5390732342218002
0.5436386981674801
0.5498500268001524
0.5530196928428751
0.5546365672950893
0.5595083188828999
0.5661386303492919
0.5694812451604708
0.5711862267347277
0.5763241312472434
0.5833170251033123
0.5868630544127843
0.5886717834434317
0.5941230468735976
0.6015444024538631
0.6052574092124537
0.6071509873582819
0.6128584795994001
0.6206279463293394
0.6245514891209634
0.62655227753802
0.6325836948232574
0.6407951646942477
0.6449195292348134
0.6470224220307469
0.6533622448204358
0.6619936272424386
0.6663358151525851
0.668549428270049
0.6752239008226663
0.6843108538093327
0.6888868152919264
0.6912192288471307
0.6982526776347421
0.7078286899934653
0.7126427660097127
0.7150960648003091
0.72249490620578
0.7325678922213159
0.7376454345163812
0.7402324863490243
0.7480356885230103
0.7586591662115783
0.7640026304585905
0.7667244758637157
0.7749351975311958
0.7861126016297002
0.7917407315211371
0.7946067969702525
0.8032535354744439
0.8150237241511386
0.8209409088899854
0.8239532062351459
0.8330420458631576
0.845412469962665
0.8516320560180994
0.8547971784271097
0.8643481554092373
0.8773453486115238
0.8838917902445457
0.8872219851293784
0.8972722210210594
0.910946741935669
0.9178243871901277
0.9213215717756977
0.9318768775082692
0.9462355131058748
0.9534618690071001
0.9571346901101209
0.9682212678609214
0.9832992019005831
0.990885232676783
0.9947389552044237
1.0063728210629785
1.022190854887078
1.030154422885953
1.0341978182607927
1.0464055706457325
1.0629992914927664
1.0713517033103874
1.0755901710217428
1.0883881813927045
1.1057789889219163
1.1145281093402517
1.1189652683211708
1.1323645773071196
1.1505661236715186
1.1597347460413363
1.1643817866154902
1.1784163906464271
1.1974742919451142
1.2070714886751464
1.2119325758554496
1.2266151497781
1.2465452899950684
1.2565866152365426
1.261669168810424
1.277022289969163
1.2978541568634583
1.308352785103447
1.3136629542456
1.3297053565494408
1.3514629950414867
1.3624302167958997
1.3679731316486101
1.3847204630346654
1.4074234920994233
1.4188704585936174
1.4246511079027586
1.4421186116688014
1.4657859136669766
1.477722621885572
1.4837453274373462
1.5019462466349822
1.5265937434972463
1.5390294731732708
1.5452981014881293
1.5642443333287401
1.5898859447048195
1.602851641667289
1.6093809675864104
1.629117660419731
1.6558125522323988
1.6692715958952562
1.676041990860742
1.696509594511399
1.7241732501076215
1.738141052140724
1.745159248284606
1.766378537876186
1.7950365447276706
1.809510756939628
1.8167744091997453
1.8387385865703916
1.8683785946358005
1.8833693594206622
1.8908823127619903
1.9136035241971838
1.944238931148577
1.9597395224613496
1.9674970438683377
1.9909613932208956
2.0225699235172865
2.0385623745846098
2.046554044245826
2.0707303993275485
2.103266351472458
2.119742306475999
2.1279624584929375
2.152834292680602
2.1862718923377407
2.2032134854579044
2.211651661978317
2.237187958462411
2.2714818152932224
2.288871530529805
2.2975173941297475
2.323687636348728
2.3587931395915773
2.376599895167043
2.3854363704337
2.4121896147672577
2.44803471907761
2.4662328124806465
2.4752454470136795
2.502538899484993
2.5390627583733227
2.557618859617657
2.566789426696888
2.594568917322932
2.631695550805436
2.650574839880623
2.659884344773368
2.6880935098992724
2.725744181394321
2.7449083048090226
2.7543359831832968
2.7829132076875176
2.821002291752905
2.8404108780277326
2.8499349117227832
2.8788155198510568
2.917253379861239
2.936863721999099
2.9464610522264176
2.9755767400141417
3.014268866458325
3.0340395879735085
3.043687603974393
3.072971627424496
3.111825335702778
3.1317186153123444
3.141396082523669
3.170786145724553
3.209714046077875
3.2297013229665845
3.2393908480320377
3.268836761957541
3.3077662796650107
3.327840945780586
3.337534485684938
3.3670153136970558
3.4059101674066223
3.426116264083337
3.4358275186572023
3.465390244254013
3.5042989147757293
3.5248141437287783
3.534614313858212
3.5644855836134703
3.6036816495982142
3.625161728034444
3.635326798448903
3.6663740891799135
3.7069352681755463
3.732304194846214
3.7440471449065553
3.780093186103306
3.826763315909352
3.851272387370939
3.8863169719261617
3.8894388056820612
3.9103928126635386
3.9376011974283145
3.9409288216157825
3.9466096085130684
3.9639097427730183
3.9863753155038975
3.990641263813611
3.9954199686849368
4.009955121131535
4.0288262633482805
4.03732635695218
4.0413546774420315
4.0535944944917865
4.069473442491428
4.07664759725863
4.080048565783674
4.090371475753273
4.103750048466612
4.109767125545668
4.112619957312838
4.121269515076142
4.1324649600875585
4.137450891411241
4.139814599982436
4.146972514475282
4.156222006094047
4.157825126082851
4.159775550623302
4.1656747152730995
4.173287035288699
4.173968102446148
4.1755363968533
4.1802737842458
4.186381874809103
4.189320813489887
4.190704450534424
4.19488125180257
4.200229178830879
4.203044078019946
4.204343512432806
4.2082633400673695
4.213201566618141
4.215691161046586
4.216806148873425
4.220163452214274
4.224275294489873
4.226277642476273
4.227120978834907
4.2296511959797645
4.2325630933513985
4.233898020889962
4.234367827080425
4.235764983753094
4.237035037291305
4.237442025512442
4.237387462913918
4.237201669699216
4.236173341744935
4.2351893034622945
4.234345573799463
4.231786991132181
4.22731394567699
4.224105915778519
4.2220235042235394
4.215747719965518
4.205935429335465
4.199899743300191
4.196392402002627
4.185832127511458
4.1702133640029
4.1606807587481685
4.155430715600925
4.139592261337509
4.116894208714062
4.1027456883080715
4.095248688020099
4.072544293869516
4.040715691846523
4.020241026145007
4.009775752947481
3.977874454237722
3.9339944716811948
3.9036128925595626
3.8887531313077504
3.8428845589216154
3.781079587597836
3.7368983977166828
3.7167358560804944
3.652853040678689
3.5693865796870563
3.5266941392251527
3.5082564476920894
3.448638095324814
3.3725151319167614
3.3311868668407567
3.3142451379460383
3.2581232530451754
3.187637190222282
3.144300198365498
3.127868296250554
3.0708778810385358
3.0010563954244502
2.9592044365741907
2.944675077435548
2.891514494404988
2.8277489145096264
2.791576247138425
2.7798138510990484
2.735038834261396
2.6816134544696313
2.6504288553593143
2.6408148060860723
2.6026919608025185
2.5573463541197046
2.5300981869309074
2.5221258677908343
2.4891628348991213
2.450041303337909
2.425880929017208
2.4191637988332526
2.3902085330788725
2.3559027691355925
2.334173025272159
2.328419947080703
2.3025970369178363
2.2720487685129696
2.2522494997103406
2.247243548343367
2.22389552752437
2.196316423504072
2.178071703797334
2.173652712727458
2.1522903748472753
2.1270972869509768
2.110126896289997
2.1061772889670785
2.0864386157410797
2.06320150081256
2.0472971421645165
2.0437306751445443
2.0253477589931883
2.003748668619637
1.9887548976724745
1.9855079841832537
1.9682812639037621
1.9480830362304282
1.933882575189924
1.9309078131467972
1.9146867076425027
1.8957098233878504
1.8822126659062204
1.879474145773847
1.8641429455644491
1.846248869583583
1.8333844347572172
1.83085440676244
1.81632223037955
1.7994016378771485
1.7871132318824379
1.784769767079314
1.7709635109796023
1.7549280480910494
1.7431689966152548
1.7409943537612884
1.7278537746524096
1.7126303116230388
1.7013612684194046
1.6993407540001477
1.6868150409194942
1.6723416594008331
1.6615287303807054
1.6596499007586358
1.6476952785588772
1.6339184590199853
1.6235318886220578
1.6217839892086177
1.6103620345127472
1.597234674066103
1.5872479192962698
1.5856214881708037
1.5746979382583917
1.562177944448709
1.552567017131382
1.5510536030523028
1.5405975070246059
1.5286467925224705
1.5193897881563752
1.5179817483474773
1.5079648570906388
1.4965486145479039
1.4876253721286905
1.4863157257912722
1.476712049624963
1.4657982233301357
1.4572051900536682
1.4559864330924643
1.4467876910738473
1.4363585223327235
1.4280527817486954
1.4269209510038021
1.4180730916624829
1.408076710762591
1.4000482485458499
1.3989968716792254
1.3904952668988562
1.3809184335194202
1.373156894246717
1.3721807835076847
1.364006026068911
1.3548246734544573
1.3473158302993495
1.346410145483657
1.3385438614624101
1.329735288050758
1.3224657246530984
1.321625931857455
1.3140508709009409
1.305593765035914
1.298550869089202
1.297772716557771
1.290472671475617
1.2823470122893625
1.275518921325093
1.2747984191465227
1.267758154810149
1.2599451251333533
1.2533206781058934
1.2526540806559763
1.2458592712698617
1.2383411807143287
1.2319098745573118
1.2312936649753183
1.2247308379271598
1.2174910536737589
1.2112430038872688
1.2106738801248584
1.2043303648780508
1.1973532486848146
1.1912791529460163
1.1907540150226281
1.1846178960149492
1.177888746160352
1.1719798505500354
1.171495788803048
1.1655558618105881
1.1590608589715048
1.1533089263331135
1.1528632104576872
1.147108941721732
1.140835097815408
1.1352323785999516
1.134822447413229
1.1292439350674082
1.1231790468558929
1.117718250157212
1.1173417019293908
1.1119296397557301
1.1060622429452018
1.1007365108916156
1.1003910941596668
1.0951367376985186
1.0894560646596958
1.084258946965214
1.0839425520513135
1.0788376856313644
1.0733336245384704
1.0682590558271545
1.067969706372033
1.0630066127716484
1.0576696715560812
1.0527119466826702
1.0524477921843205
1.047619223356671
1.0424404900224522
1.0375942457525256
1.0373535539206824
1.032652703377763
1.0276238147914634
1.022884006948289
1.0226651569487675
1.0180856325753758
1.0131987424697733
1.0085606270374254
1.0083621026277225
1.0038979049594459
0.9991456477489185
0.994604767089042
0.9944251506588943
0.9900706449991249
0.9854461153603449
0.9809982730335705
0.9808362391657691
0.9765861380273642
0.9720828508285455
0.9677241071983212
0.9675784172401753
0.9634277556629587
0.9590396352251763
0.9547662780753925
0.9546357753870031
0.9505798913666209
0.9463012393545838
0.9421097755245306
0.9419933797975838
0.93802789779288
0.9338533566352514
0.9297405118524686
0.9296372136752429
0.9257580264458861
0.9216825931681047
0.9176452692986545
0.9175541268597045
0.9137573788552075
0.9097763416604389
0.9058116338625688
0.9057317690720034
0.9020138427146241
0.8981227604670634
0.8942279573489146
0.894158549032502
0.8905160389691771
0.8867108013674424
0.8828832916822282
0.8828235786995239
0.8792532817056142
0.8755300065574707
0.8717673610604505
0.8717166297881893
0.8682155430327118
0.864570594763758
0.860870532934443
0.8608281131265234
0.8573934459124818
0.8538233694026791
0.8501837643294076
0.8501490425241957
0.8467781279261177
0.843279703294375
0.8396985250646701
0.8396709224328641
0.8363612475874362
0.832931581309587
0.8294067924759617
0.8293857712326546
0.826135038788682
0.8227710612107754
0.820512284809432
0.8202726244244644
0.8182255216922952
0.8157620188779884