0.23515459050082077
0.2351657437961531
0.2351713214366304
0.23518805476348761
0.2352103696792017
0.23521318315255077
0.23521573838321647
0.23521630172871102
0.2352187427785596
0.23521991454802743
0.23522049333638503
0.2352222331768054
0.23522454835510914
0.2352258648299766
0.23522652304526265
0.23522849769764642
0.23523113914125438
0.23523244720917255
0.23523310630447003
0.23523508753743616
0.2352377076071708
0.23523910644763263
0.23523980216180088
0.2352418768465811
0.23524467708189287
0.2352460953843629
0.23524681420931937
0.23524897069189363
0.23525184606286562
0.2352562070254302
0.23525838765774715
0.23526495571471046
0.23527359642928997
0.2352750052821995
0.23527814146471895
0.23527970001430873
0.23528431982904263
0.23529067058351064
0.23529207470514946
0.23529381590529544
0.23529469898480387
0.23529734823471693
0.23530086925426938
0.23530293612309253
0.2353039660862582
0.23530705599106855
0.23531120261684957
0.23531320391864632
0.23531421278508036
0.2353172393990306
0.2353212489810271
0.2353233250433944
0.2353243574235931
0.2353274484129569
0.23533157811857808
0.23533402008649582
0.23533524118235088
0.23533888990397786
0.2353438048384159
0.23534629872497273
0.23534755908102206
0.2353513401717811
0.23535638181402344
0.2353590261710746
0.2353603520283711
0.2353643296251859
0.235369650413541
0.23537266200994847
0.23537416637750222
0.23537869754986696
0.23538471522348045
0.23538803641672568
0.23538968822226444
0.23539462396843605
0.23540127256638305
0.2354044541691417
0.23540605835872105
0.23541087096372337
0.23541724673941358
0.23542027364224782
0.23542177446171444
0.23542627695218882
0.2354322805395173
0.2354360154424843
0.2354378871830473
0.23544351359408436
0.2354509306847891
0.2354546560344841
0.235456511555655
0.23546204516015753
0.23546946791576462
0.23547379320174278
0.23547596693986386
0.23548248822026557
0.23549115586009878
0.23549569952422084
0.235497957873846
0.2355047734082005
0.23551369317641893
0.23551461375986718
0.23551652589550753
0.2355222737557476
0.2355299227335431
0.23553496302287413
0.2355374777565725
0.23554499213729677
0.23555511415943783
0.23556101281870234
0.23556397959640268
0.23557296840943825
0.23558461323078705
0.23558545492198693
0.235592882124397
0.23560278578859584
0.23561895631559815
0.2356270436497016
0.23565140253420766
0.23568335381607572
0.23569300059086717
0.23569881542315574
0.2357016808379853
0.2357102432397837
0.2357218133442706
0.23572749325441192
0.2357303863503924
0.23573904865902753
0.23575054843860535
0.23575640186420385
0.23575930632630002
0.23576798545345576
0.2357797502341717
0.23578214722258464
0.23578491216801695
0.2357932234409346
0.23580414584799966
0.23580968514282252
0.23581240358679614
0.2358205590210233
0.23583143381389401
0.23585162547565497
0.2358617469276471
0.235891814210086
0.2359331978601655
0.2359383277678712
0.23594309136011785
0.23595749515008904
0.23597631337701258
0.2359852775000662
0.23598964054315702
0.23600270419064318
0.23602037718629776
0.23602820495826804
0.23603220564164812
0.2360441139982932
0.23606026759767998
0.23606858997445376
0.23607285218538934
0.2360855391026375
0.2361028566440361
0.23611085425438372
0.23611496467455603
0.23612736873777987
0.2361437119541932
0.23615240504249232
0.23615669594987865
0.23616961931953845
0.23618668063932693
0.23619669480538358
0.23620165165469004
0.236216609888655
0.2362361935699087
0.23624625926075915
0.2362511649102544
0.23626599758339145
0.23628556544698395
0.23629670732736843
0.236302250126664
0.23631884656195623
0.23634095222500892
0.23635290058858432
0.2363588364406463
0.23637685322105964
0.236400236424695
0.2364128628300341
0.236419036123975
0.23643748466454795
0.23646202827970317
0.23647378509873568
0.23647960079364344
0.2364971843294157
0.23652030991680537
0.23654088933835196
0.236551058410246
0.23658192350090887
0.23662211899456007
0.23664269757009185
0.23665275682173484
0.2366827022045854
0.2367238179835414
0.23674263269830575
0.2367738912002405
0.2367879144536041
0.23679515546040997
0.23681708933047763
0.23684571059142123
0.2368626587857099
0.23687095250788012
0.23689588258392524
0.2369290665975225
0.2369448304175337
0.23695274239901004
0.2369762515714145
0.2370083854292263
0.2370234661737833
0.23703119437900327
0.2370544690973672
0.2370854859885783
0.2371030124112323
0.23711177448832813
0.23713816254885878
0.23717301167064797
0.23719328610573523
0.2372033030324864
0.23723358597807642
0.23727355135771772
0.237294112051083
0.2373043709989359
0.23733503209029785
0.23737582991853295
0.23739584306925146
0.23740576904527
0.23743571871028551
0.23747507677113858
0.23749873233125782
0.23751043333525107
0.2375452052716036
0.23759286994948656
0.23761396277612962
0.23762490129932987
0.23765753237516565
0.2377015611493599
0.23772949457268658
0.23774352193641135
0.23778576630706624
0.23784190174809097
0.23788064436648743
0.2378999270948505
0.2379578895065067
0.23803483493131034
0.23807419153070403
0.23809378194563038
0.23815255834338495
0.238230496300794
0.23824317439917456
0.23825989496743372
0.23831043569860832
0.2383761700549293
0.23838509998061191
0.23840009103957108
0.23844506723548564
0.23850506200458624
0.2385359357622542
0.23855140026360327
0.23859796927936897
0.2386591291541033
0.23869046112185702
0.2387059152102171
0.23875236633938585
0.2388136737471054
0.23884842166217218
0.23886564817862502
0.23891742686117848
0.23898556618459343
0.23901899370028654
0.23903546101738254
0.23908450447190333
0.23915098329821907
0.23918594060244525
0.2392037807987495
0.2392572076824967
0.23932861196075766
0.23936518343852442
0.2393835182450338
0.2394382263974944
0.23951181215792428
0.23955913261276718
0.239582879920738
0.23965425916636238
0.23974904418208354
0.2398067078192627
0.2398354466292649
0.2399213622112606
0.24003775115990153
0.24005153556974979
0.24007867161813592
0.24015994327217183
0.2402682716041739
0.24032652410003866
0.2403555809508897
0.24044307433894752
0.24055809440054138
0.2405814622011595
0.24061153267742838
0.24070095570704814
0.2408230371818794
0.24087709609151176
0.2409049377834753
0.24098891565564612
0.2410988406865485
0.2411554632896374
0.24118339736148836
0.24126618337440583
0.24137956236336
0.24143881624435606
0.2414692408771772
0.24156004970912934
0.2416825344118199
0.24175583239309528
0.24179282073340647
0.24190399695745227
0.24205213288887625
0.24215772941250724
0.24221066700085536
0.242368152515576
0.24258372495924793
0.24261818569363827
0.24278632832081698
0.2428649689459124
0.2429873625104742
0.24306251837542162
0.2430998782639374
0.24321273662751353
0.24336198014643495
0.2434608073939938
0.2435098840722455
0.24365739324122698
0.24385455167654144
0.2439660165650465
0.2440216772036166
0.2441898107798938
0.24441230576668166
0.24453587759759368
0.2445973568384431
0.24478169340117997
0.24502841317231205
0.24516946847642382
0.24524002781093612
0.24545245987421013
0.245736834989939
0.24574386616421287
0.245800495608951
0.2459697466938751
0.24619840269402196
0.24631482543549169
0.24637394566745444
0.24655065123238
0.24678787217623682
0.24695622577056842
0.2470407029240307
0.24729581323508193
0.24763090253199632
0.24766174000003977
0.24777189145622405
0.2481035245254939
0.24854575414649988
0.2487644795977531
0.24887381420357052
0.24920345930704746
0.24964029350469666
0.24972535960172224
0.25002539644276817
0.250159360310053
0.2502281164338496
0.25043338782401614
0.25071156034112163
0.2508480942475652
0.25091764423029045
0.2511260547070428
0.2514055047842826
0.25158737619643623
0.25167894173515193
0.2519527674767942
0.2523221545817595
0.2525050535534993
0.25259796226705344
0.2528762128138593
0.2532481090352087
0.25344151415641086
0.2535383574610332
0.25382880726959567
0.2542178039990329
0.25447226597174283
0.254600293746234
0.25498484544209277
0.2554979510570016
0.2558286347830559
0.25599416212330184
0.25649240555965025
0.2571573130494572
0.25759844950895244
0.2578201671559146
0.25848678868392344
0.2593735590541537
0.2597008831637759
0.2603432478184165
0.26048003015986965
0.2606881240024234
0.26131031550880046
0.2621543596354911
0.26240055564150244
0.2630114025131512
0.26334183066929684
0.2635084273837108
0.26400856626759106
0.26467833465373225
0.2651146793735064
0.26533422447882266
0.2659949326459157
0.2668735286557145
0.26691323749329027
0.2674175676837209
0.2680906903492994
0.2685138215105521
0.26872601524231937
0.26936315649037756
0.2702173034658503
0.2707453816775151
0.2710112791155239
0.2718106575152412
0.27287919774951575
0.27338229743617637
0.2736338853996275
0.2743905312567709
0.27540276893706905
0.27604616106950675
0.2763701200683754
0.2773437369102614
0.2786503389206659
0.27952059911846683
0.2799600531639545
0.2812804980814036
0.28305981006617703
0.28330025337821246
0.2843976608473272
0.28588056344698065
0.2860452115539282
0.28713416146071913
0.2885944222015972
0.2893342392493524
0.28970640719377594
0.2908239301520466
0.29232919144023467
0.2930400284129007
0.29339929581640023
0.29447804111690457
0.29592911630474616
0.29674453790107713
0.29715629987662145
0.2983929530818053
0.30006040950525037
0.3008160109028699
0.3011980256207039
0.30234521433657674
0.3038894627210736
0.30473703696383164
0.30516527258377973
0.3064533026880185
0.3081833064856596
0.3092859216378412
0.3098431883821571
0.3115183474448055
0.31377937779557313
0.3140450439997151
0.31457865147437153
0.316182523920819
0.3183467233078174
0.31934260616912835
0.319845967721167
0.32135902562189317
0.32339873087516435
0.3244133308198981
0.32492639757607594
0.3264681807479474
0.3285476376788734
0.3295528594474364
0.33006125923021234
0.33158924662885364
0.33364816558866467
0.33477666543586804
0.3353474894110347
0.3370644955063148
0.33937747563599757
0.3407800838010339
0.34149079075408
0.3436279416105387
0.346518864276262
0.3470849284283349
0.3490561678921035
0.3517186743825059
0.35299493942610377
0.3536410074299715
0.3555834496569796
0.35820700686043694
0.3594566383442115
0.36008934106087337
0.3619918817121226
0.36455794634736177
0.3660409720390036
0.3667925968771162
0.36905321768250765
0.37211032348267536
0.37352937373143763
0.3742484127537263
0.37641105349398035
0.3793318783196945
0.3809160750002182
0.3817194364542512
0.38413612228212474
0.3874065582958976
0.38892761699767914
0.3896989328685447
0.39201920134898816
0.39515588048262135
0.396803742964666
0.3976399421376065
0.4001557487282023
0.40356095233648276
0.4052591589550729
0.40612137420647043
0.40871572166383763
0.4122279789736898
0.4140501527460317
0.4149760569907802
0.4177625937112824
0.4215394963956437
0.42340872919325945
0.424359035940967
0.4272190684785145
0.4310970708010994
0.4330425976479385
0.4340323501629748
0.4370112911437004
0.441052457480265
0.4431089410323646
0.444155873862702
0.44730742115703837
0.45158560674142306
0.45375658023751003
0.45486245878634546
0.45819183683776316
0.46271462709793715
0.4649735198719077
0.46612462779216857
0.46959022434000475
0.4742996816779561
0.47666266877080576
0.47786725780640227
0.48149410587023606
0.48642415314644616
0.48890911517634195
0.4901762416091522
0.49399182742626946
0.4991796838474827
0.5018117998646865
0.503154299621692
0.5071973998260251
0.5126963750172857
0.5154860307775991
0.5169091239657688
0.5211954051227305
0.5270274146773373
0.5299409898057981
0.531427225539759
0.535904094608356
0.5419947894259742
0.5450919183382054
0.5466719235237136
0.5514319583005499
0.5579099250483501
0.5611646435328973
0.5628249144906363
0.5678272344320346
0.5746352366219203
0.578061844378392
0.5798096560550895
0.5850763152444254
0.5922445878339342
0.595845638231708
0.5976822184547367
0.6032169589634848
0.6107500234255199
0.6145530515693828
0.6164924889280694
0.622337928270884
0.6302947849507743
0.6342942362474437
0.6363335581515299
0.6424806656067424
0.6508482665784875
0.6550597053500503
0.6572068271961157
0.6636796280721049
0.6724908128495664
0.6769189553684043
0.6791761636130085
0.685981539030107
0.695245227859886
0.6999100888483988
0.7022875535785686
0.7094563406700947
0.7192147394245967
0.7241242596016623
0.7266258967681437
0.7341699299957618
0.7444387547096271
0.7496056483897228
0.7522378316124227
0.7601763450804327
0.7709817251340425
0.7764081411337482
0.7791717506658318
0.7875074620813114
0.7988520901162687
0.8045597275391192
0.8074656865681292
0.8162317988747874
0.8281604607974459
0.8341823850498675
0.8372474048291408
0.846494437271864
0.8590768572308436
0.8653929180689641
0.8686063847866399
0.8783021558676866
0.8914922489912407
0.89813321126215
0.9015106179513415
0.9117021070094793
0.9255641050601056
0.9325310329390922
0.9360725947245621
0.946760469746611
0.9612939145757606
0.9686108311914579
0.972328535431118
0.9835491290968568
0.9988032717095725
1.0064764804281767
1.0103731900554256
1.022135205897281
1.0381208103756137
1.0461616144817176
1.0502427579843971
1.0625626076110986
1.0793011592849182
1.0877230666731643
1.091995162466846
1.1048927464739828
1.1224101055088682
1.1312366868284356
1.1357113217601893
1.1492217507869729
1.1675653722138346
1.1767954061772155
1.181471542578402
1.1955917333687915
1.214755633969466
1.2244086978972533
1.2292958191071448
1.2440545890863883
1.2640770715259746
1.2741606132208712
1.2792620044060785
1.294669375610846
1.3155624838473887
1.3260913339008096
1.3314139542061925
1.347491125219323
1.3692822821188764
1.380264672898274
1.3858120740888509
1.4025698807060452
1.4252721212052017
1.4367135028373756
1.4424877703961472
1.4599326569901663
1.4835526149535743
1.4954641020530095
1.50147007730961
1.5196168833653974
1.5441726368236037
1.5565622024101762
1.5628030469744825
1.5816615436227268
1.6071640361956823
1.6200323066098636
1.6265074061235016
1.646075935900378
1.6725201529793756
1.6858518329634617
1.692552405562856
1.7128044658909647
1.7401514566697371
1.7539709182728798
1.760908192076921
1.7818782908127153
1.8101723074147773
1.8244719784718841
1.8316409188506195
1.853314126519051
1.8825316655652908
1.8973027371149866
1.9046976264749418
1.9270570138467895
1.9571718398818758
1.9724059331507806
1.9800212110162132
2.003050421998337
2.034037072121845
2.0497143377507325
2.0575386610704127
2.081203833476412
2.1130130825866145
2.129110387566166
2.1371307496010914
2.16139305195235
2.1939691226907647
2.2104729444719964
2.218681076796796
2.243516253647503
2.2768231959597394
2.29370330798385
2.302082635997758
2.3274412388985404
2.361409204785712
2.3786348063891705
2.387168460526654
2.4130002713817413
2.4475586527530795
2.4650991953948056
2.473770420678537
2.5000257241196535
2.535104792854376
2.5529208728506
2.5617085695254955
2.5883245309561
2.6238372654777424
2.6418897197646425
2.6507729140309553
2.6776872344453144
2.7135476502768876
2.731794595225189
2.7407509948123017
2.767897502541195
2.8040147547444305
2.822412183136715
2.8314184668185294
2.858728008479851
2.8950075851013644
2.9135126346313847
2.9225460088649786
2.9499512024188563
2.9863012841326144
3.0048729569006545
3.013911480358603
3.0413477396325197
3.077680455088304
3.0962843997229057
3.1053091746358135
3.132721480215444
3.168961674498988
3.187579286059712
3.196578565418763
3.223934171271045
3.2600358498623745
3.2786801830571894
3.28765644069372
3.3149668905759473
3.350941446513191
3.3696974565085887
3.378685117589378
3.406061567263971
3.4420485835799424
3.4611989856484433
3.470319371568176
3.4981444942248
3.534631322442856
3.555309925139525
3.565052804658254
3.594864361856041
3.6338133587577675
3.656261236557339
3.6666917259617238
3.698731803742011
3.740407251821409
3.7525504105779164
3.782338079262559
3.783233323150396
3.7893478517965398
3.8079952373334596
3.8323841495795685
3.836505024524315
3.841716365806118
3.8575866574252413
3.87836405818711
3.887667391028406
3.8921214647513733
3.905667588332745
3.9234157458810284
3.9315008235345936
3.9353793298495643
3.947161389625374
3.9626028957833865
3.9696735930510934
3.9730704143273012
3.98337730345332
3.996882596185104
4.003046037836076
4.0060094863540066
4.0149900975370105
4.026747248463084
4.032071985527913
4.034632002967884
4.042379328790953
4.052503920586085
4.057026797453135
4.059198842879772
4.065762338964026
4.074315665115251
4.075657104353257
4.077468713057447
4.082935691206284
4.090039577850678
4.090248382320283
4.091695435053744
4.096057246627852
4.101713682860375
4.104756176181192
4.1061899804072235
4.110508603324597
4.116040814542555
4.118943726886414
4.1202790389030834
4.124295661969016
4.129335244956886
4.131912225719502
4.133047207556222
4.13645590596032
4.140568181661611
4.14262979425187
4.14345272026462
4.145921747971536
4.1486195209759105
4.149875233114864
4.150213178059985
4.1512305703713
4.151758658020782
4.151668797120648
4.1512232576686054
4.1499022610273775
4.146998320182141
4.1446741284749145
4.142974811055875
4.137907400155639
4.129615930156602
4.12426980064857
4.121058548687954
4.111431283159641
4.096990384402761
4.087663812119354
4.082485499175501
4.0668658573178345
4.044396065051221
4.029166361453812
4.0211736381717635
3.996840487060932
3.9628229756547246
3.9405088967312683
3.929493123141892
3.8954073599581283
3.849122793345274
3.8132568818026256
3.797073894802371
3.7450467337551627
3.676873983134516
3.6445778709159793
3.5946291001777313
3.5682490209727167
3.5569595339799993
3.520052355036812
3.4725050915433595
3.4384599963610114
3.425141369331942
3.378958777534358
3.320986371940762
3.2824634735374123
3.2690017360136885
3.2187642827167786
3.1573623441575336
3.121858340370455
3.110279076146502
3.0654592376231684
3.0108515606066772
2.978651508332095
2.9685788503160637
2.9283696505492824
2.8795067638475325
2.850064963029053
2.841206511819782
2.8047971965452896
2.7607147754094963
2.733633967100163
2.725794942716246
2.692633505772067
2.652649556158095
2.6276414198957094
2.6206744994826
2.590340698086342
2.5539119414737614
2.5307379518190145
2.524519452611888
2.4966569417695834
2.4633151534185633
2.4417624802713984
2.4361848189734334
2.410478870020039
2.3798135236024844
2.359690452342412
2.3546607771202592
2.330834964327879
2.302491155160489
2.2836284744385456
2.2790683549997977
2.2568850227382065
2.2305623851135
2.2128144083294417
2.2086589235583753
2.1879179150172336
2.1633666326483554
2.146610278146564
2.1428064132121585
2.1233414606209084
2.1003558376490776
2.0844881873913237
2.0809929007024555
2.0626666790812473
2.0410777547516763
2.0260129307387715
2.0227912313408205
2.005490147747011
1.9851585528674538
1.970824567042837
1.9678478043507333
1.9514772113504735
1.9322869197485788
1.9186228610987504
1.9158673059579574
1.9003474494652377
1.8822006467153842
1.8691543435327522
1.866600063031006
1.8518628243700608
1.8346758627384547
1.8222020249448982
1.8198320161901267
1.805818378234908
1.7895186710253819
1.7775774550380368
1.7753769908368622
1.7620351081668106
1.7465587841078138
1.735114702881667
1.7330708430223252
1.7203545900315924
1.7056447376346024
1.6946658403735304
1.6927670685387386
1.6806349534085958
1.6666403112635892
1.6560975681703083
1.6543335222865907
1.6427478752658005
1.6294218537486351
1.619288694316228
1.6176499654557486
1.6065763303564675
1.59387627715709
1.5841282430372814
1.5826062241206467
1.572012899833687
1.559899544209417
1.550518492699754
1.5491050018809682
1.5389673843847078
1.5274080490166353
1.5183659656887916
1.517054114263616
1.50733618853204
1.4962902279289965
1.4875695286298847
1.4863523034370283
1.477033449046033
1.4664731735923362
1.4580569245570039
1.456927995314851
1.4479846013945554
1.4378807117516044
1.4297518288969238
1.4287053006221049
1.4201152643810482
1.4104403566780799
1.4025828412639245
1.4016132142504576
1.3933558679072426
1.3840843204292532
1.3764831912454385
1.375585329415377
1.367641331862429
1.3587491714919007
1.3513903918377717
1.3505594954091695
1.3429107367302249
1.3343755210206836
1.3272459336166031
1.326477515070988
1.3191070315154543
1.3109077433997087
1.3039950117613677
1.3032848743971885
1.296176771723994
1.2882937247783295
1.2815862796071817
1.2809304981653489
1.274069881847054
1.2664846337867006
1.2599716237108236
1.259366526692261
1.2527394378304888
1.245434710357745
1.2391059568628442
1.238548110261325
1.2321414662715802
1.2251010717720627
1.2189470266116986
1.2184332188944265
1.2122347582357225
1.20544353153812
1.1994552373229517
1.1989824653656738
1.192980696852211
1.1864244300293159
1.1805934845183348
1.1801589406313355
1.174343094599355
1.1680084794406884
1.1623269989278362
1.161928058594572
1.1562880424565012
1.1501626119531168
1.1446232011200534
1.1442574115254882
1.1387837673268597
1.1328558450034965
1.1274515652904096
1.1271166344881745
1.1218004999037465
1.1160591491023435
1.1107834909674774
1.1104772781130925
1.1053103478806636
1.0997453276809663
1.0945921823244473
1.0943126876844476
1.0892871808644686
1.0838888968005955
1.0788525346381217
1.078597891109434
1.0737065143916613
1.068465989147209
1.0635410284791138
1.0633094927856073
1.0585454146194389
1.0534542350496479
1.0486356287945549
1.0484255740096284
1.0437823910244306
1.0388326793887144
1.0341156893983274
1.0339255972590102
1.0293973108992918
1.024581686869202
1.019961868088737
1.0197903224865144
1.0153713059519787
1.0106828750173729
1.0061560405645429
1.00600171999442
1.0016867059968841
0.9971189902670274
0.9926812266559949
0.9925428982839745
0.9883269468033382
0.983873894247378
0.9795215110630111
0.9793980267157314
0.9752765042192902
0.9709324435462396
0.9666619775022727
0.9665522653237142
0.9625208387148924
0.9582804293814553
0.954088648160683
0.9539917095011495
0.9500463030383701
0.9459045835768835
0.9417884137646195
0.9417033194153972
0.9378401060600312
0.9337924515169919
0.9297489839654518
0.9296748650328016
0.925890274459883
0.9219322632931074
0.9179588239725548
0.9178948765593572
0.9141855318862347
0.9103131058633961
0.9064071083413986
0.9063525856386726
0.9027153135822505
0.898924650322723
0.8950837101822892
0.8950378962640905
0.8914698153850987
0.8877571639478979
0.8839791279330382
0.8839413882785547
0.8804396027868322
0.8768018738857146
0.873084389253385
0.8730540943807806
0.869616119023787
0.8660497178413238
0.8651044289925198
0.8649462745748485
0.864376958463453
0.8636234620301293