0.2352072924623013
0.2352184635427935
0.23522405007827887
0.23524081009904624
0.23526316062798988
0.23526461417200176
0.2352689884616532
0.23526942630831854
0.23527218717971335
0.23527384543652569
0.2352746756220765
0.23527716618892586
0.23528047631192509
0.2352820250199933
0.23528279610042047
0.23528510935071076
0.23528819375463303
0.23528995892019275
0.2352908384430989
0.23529349281567633
0.23529698908104638
0.2352986070294038
0.23529940579941483
0.23530181647294965
0.23530498136891717
0.23530556382502854
0.23530630769836894
0.23530853932677692
0.2353115053028406
0.23531307906506263
0.23531386126276013
0.23531621254441698
0.23531933128215193
0.2353210740863275
0.23532193816249722
0.2353245459218422
0.2353279807751852
0.23532991677072737
0.23533087063486538
0.2353337493528737
0.2353375042000381
0.23533795965648924
0.23534014066544165
0.23534304291719454
0.23534454420581616
0.23534529168133944
0.23534754305079392
0.23535051444423666
0.23535251364331886
0.23535350616653514
0.23535647188932257
0.23536046679350897
0.2353627765978006
0.23536393837610195
0.23536744455763114
0.2353720629318698
0.23537448515164247
0.23537568518940713
0.23537928532358576
0.23538410115817351
0.23538643817708038
0.2353876105873635
0.23539113484768842
0.23539582463643893
0.23539857896176555
0.2353999574989629
0.23540408493549422
0.23540959939575395
0.23541250076511538
0.23541395753073052
0.23541832785811906
0.2354241739950616
0.2354273599591864
0.2354289516480931
0.23543372675205546
0.23544019514185913
0.2354405898081545
0.23544478208156944
0.235450372011297
0.2354533602466605
0.23545485644110803
0.2354593450569121
0.23546533014376436
0.23546850317343876
0.23547009406273436
0.23547486676693638
0.23548127168465655
0.23548445863110767
0.2354860612046265
0.23549089764244205
0.23549726845927413
0.23550076886681257
0.23550248923443107
0.23550767094470826
0.2355146193392984
0.23551672206266205
0.23551884448734212
0.23552522446556715
0.2355337147108564
0.23553825144397353
0.2355405087086202
0.23554729402518934
0.2355563527633889
0.23556042904284794
0.23556247477196285
0.23556867299507805
0.23557675494168492
0.2355814033984952
0.23558368806400828
0.23559052858096458
0.23559960948958272
0.23560383962103523
0.23560593697241727
0.2356122290890444
0.23562059220430143
0.2356246562835283
0.23562667867826292
0.2356326860511457
0.23564087590126404
0.23564579064012833
0.23564828664193643
0.23565578957321778
0.235665806404674
0.23567088818938087
0.2356734389848438
0.2356811823638976
0.23569113188952884
0.2356918129102545
0.2356942481110225
0.23570153939959243
0.23571121890483762
0.23571599285880557
0.235718357579511
0.2357253678830495
0.23573500215188925
0.23573992446603279
0.23574245597624283
0.23575005059724313
0.23576020992497454
0.2357659617838242
0.23576885796565603
0.23577752951699524
0.23578907854059092
0.23579541355573094
0.23579857019822137
0.23580807758562344
0.23582058758160232
0.2358270968730644
0.23583029106783007
0.2358398738000043
0.23585285325238947
0.2358538867657461
0.23586104089191978
0.23587059930077212
0.23587732960573918
0.23588069866240516
0.23589076623127903
0.2359043267397284
0.23591316574876472
0.23591762735754068
0.2359308287229537
0.23594911907513674
0.23595094642572859
0.23596169967931127
0.23597649634515175
0.23598282810516172
0.23598612528637666
0.23599593941337874
0.23600933289259515
0.23601593114523092
0.23601933421626103
0.2360295036445581
0.23604311776249914
0.23605114377208106
0.23605519477083478
0.2360673004794238
0.23608350701599412
0.23609143445347647
0.236095422058348
0.2361073850949873
0.23612338829465057
0.23613252457477507
0.23613710446871705
0.23615097911245372
0.23616896094593898
0.2361777472913226
0.23618199047755134
0.23619474519524908
0.23621177407043195
0.23622007462909508
0.23622423856360564
0.23623680393427662
0.23625330743610287
0.2362632984101489
0.23626822751905135
0.23628289982178877
0.23630292189601565
0.23631277159428193
0.23631781512579172
0.23633300508751154
0.2363531236892389
0.23636508233996212
0.23637103541941878
0.23638882564094651
0.2364128625071232
0.23642403033689066
0.23642968556303612
0.23644678403923003
0.23646927130996911
0.23648908288566867
0.2364988715410392
0.23652858228714993
0.236567149589661
0.23656806938296124
0.23659257442023662
0.23660775725634606
0.23661531609334074
0.23663803722329335
0.23666809825435323
0.2366827611920965
0.2366900303119162
0.23671179621855806
0.23674096415580953
0.23674437533495316
0.23675085146075148
0.23677043107506437
0.23679634693125473
0.23680940496307115
0.23681590139922742
0.23683557969443342
0.2368613388831285
0.2368809094776625
0.23689058428223492
0.23691972178571968
0.23695808056623968
0.23697713838177953
0.23698651025323056
0.23701478940371487
0.23705206354633937
0.23707700666945794
0.23708931703973785
0.23712653426671523
0.23717550042701072
0.23720837907158945
0.23722469594862877
0.23727337026312736
0.23733926439956693
0.23736646908797757
0.23741149249167473
0.23743564596407876
0.23744783744936415
0.2374842751547785
0.23753306218702952
0.23756627604787328
0.23758290768775817
0.23763309106310587
0.23769905559849883
0.2377380216805537
0.2377896378409445
0.23781525412700513
0.2378279204796173
0.23786577843828716
0.2379169186267673
0.2379447653584435
0.23795884392395436
0.2380011618842856
0.23805733111533217
0.23808696837171464
0.23810170903306913
0.2381458509659644
0.23820554733939733
0.23823295286262341
0.23824699148329315
0.23828871815897984
0.23834522672910272
0.2383744312122295
0.23838928067954604
0.23843399808653626
0.23849308065127142
0.2385242521906637
0.2385397333060308
0.2385861799320886
0.23864795079049236
0.23868698376586855
0.23870649541267852
0.23876471091208018
0.23884372723720157
0.23887862911853552
0.23889651110259694
0.23895035933347472
0.23902173274516936
0.23905725120847887
0.2390749521585618
0.23912805928100786
0.23919890568427402
0.23924448567649725
0.23926733882786963
0.23933578009341322
0.23942699388329677
0.23947271809659598
0.23949539121060312
0.23956391442284025
0.23965469492597113
0.2396584808523724
0.23967822014152973
0.2397377651879373
0.2398156509557395
0.23985686724676178
0.23987707639216133
0.23993770939247613
0.24001836490583395
0.24006570900831864
0.24008929924626965
0.24016033210259718
0.24025396398017568
0.240303913512072
0.24032863898999746
0.24040242655046426
0.24050110517313714
0.2405484926002883
0.24057219964477078
0.24064320194402058
0.2407381065245229
0.24079727790384897
0.24082698151500267
0.24091563170009636
0.2410352211100692
0.24110351815119566
0.2411380999527446
0.2412420436851523
0.2413793807259869
0.2413903083919631
0.24142186177385608
0.24151686653145682
0.2416425251385126
0.2417230362593531
0.241763077395666
0.2418840569203036
0.24204225073076993
0.24206159341252734
0.24210024913353076
0.2422166364521094
0.24237062771959736
0.24246381776937626
0.2425100706504651
0.24264909606464286
0.24283388142531714
0.2429284618722647
0.24297551237981904
0.24311693322551012
0.24330491438892407
0.24341217909629564
0.243465521025196
0.2436263913897947
0.24383844126973928
0.24394160332732903
0.24399246022500415
0.2441455714112778
0.2443471996174331
0.2444427648817569
0.24449000322750605
0.24463047127577003
0.2448214217432526
0.2449194025789038
0.24496926523292326
0.24512034972618377
0.24531680453667135
0.24541065718447697
0.24545618392224947
0.24559290212315843
0.24577552081685042
0.24588636944584746
0.2459420080417594
0.24610856611330392
0.24633150940699636
0.24650558793273436
0.24659306620128799
0.24685580937934598
0.24720587297446467
0.2473967281069043
0.24749196662712977
0.24777802497642565
0.24816064884063976
0.24835187608628528
0.24844801840846334
0.2487374422186591
0.24911954672504735
0.2491734161455284
0.2494185298698097
0.24974305492370621
0.24990351034063674
0.2499830795348484
0.2502216948013452
0.2505415524395975
0.2507171755670285
0.2508052879180705
0.25107088236106906
0.251423124143007
0.251631291850007
0.2517349689150659
0.252045256421916
0.25246319403744927
0.25267565970336964
0.2527828771370129
0.2531042319833033
0.2535364777729909
0.2537424661813278
0.25384680356469114
0.254159101543924
0.2545791930094555
0.25480697144439707
0.2549219311397535
0.25526790898940127
0.2557265061729317
0.2559525430930831
0.2560648469470058
0.2564008179695998
0.2568534664854531
0.25709517285426237
0.25721740177155206
0.25758404704913807
0.25807535125842845
0.25837263234202784
0.2585219020003416
0.25897112966219565
0.2595704362998001
0.2599246881687056
0.2601025279981451
0.26063320478057855
0.2613546046742391
0.2617110190887116
0.2622553095640736
0.2625488319857967
0.26269658577556115
0.2631411625287783
0.26373270515678765
0.26407829131003324
0.2642510055999641
0.26476953186524044
0.2654646560642805
0.26589078349256484
0.2661051347681812
0.2667491331706584
0.2676113187618137
0.268101715318814
0.2683476564695441
0.269088212684965
0.2700775577584382
0.2705921307232981
0.2708503577119361
0.27162627148201135
0.2726670017549745
0.27325692406361296
0.2735543958375072
0.2744461738025245
0.27564880046590295
0.275786552628344
0.27609540994786264
0.27702444169988144
0.2782680383449962
0.27887712033334133
0.2791825951044363
0.2801011378045518
0.28133126865542346
0.2819571028662181
0.28227103518184565
0.2832155323725713
0.2844810861004069
0.28528432138573995
0.2856891912277464
0.2869038960529946
0.2885465378747166
0.28854506538005437
0.28975087874880734
0.29137019054683977
0.29247135524960116
0.29302837052369346
0.294700823398895
0.2969694775590924
0.2970541803282555
0.29875590327849694
0.29955955984286553
0.2999656145158097
0.30118628315907525
0.3028283986646305
0.30374364163489853
0.3042059767203606
0.305595672203602
0.3074674280170777
0.30844222930061327
0.30893482867880556
0.31041663415044246
0.3124103612399353
0.31380682532271836
0.31451490329875037
0.31664655111622464
0.3195270955078745
0.32125705123629006
0.3242389395487474
0.3246172526164355
0.3268053755265787
0.3279177086868128
0.32848037775902894
0.3301714325140536
0.33245471766991647
0.3335101447394773
0.33404413454178417
0.3356492069626335
0.33781328105194264
0.33896306457600345
0.3395448184320212
0.3412942677324991
0.3436531095961364
0.3449535920401071
0.3456119336803108
0.34759221407073554
0.35026599926293367
0.3515806275469216
0.35224615172053314
0.3542476604573447
0.35694988869723715
0.3583587365915117
0.3590723266709937
0.361218016577181
0.3641211036700006
0.36476556476246386
0.3656003368589892
0.36811239634798226
0.3715146160065291
0.37216005376099665
0.37435084983016603
0.37730974866668704
0.37893322624397285
0.3797565143447592
0.38223407489531175
0.38558719927401386
0.38716826597653203
0.3879699447927196
0.39038206315300433
0.3936456683671101
0.39525501581681544
0.3960714597797839
0.3985277358047236
0.40185262884556755
0.40349526453333984
0.4043289900936628
0.4068377631028654
0.4102331365177889
0.4120262668396844
0.4129371960867228
0.41567872403178857
0.41939462241702896
0.42124594800841586
0.42218694835878234
0.4250193387237358
0.42886023945295093
0.4307625050596692
0.43172992131266263
0.434641740342242
0.4385918126207013
0.4405865878430681
0.4416016445794661
0.4446577623229027
0.4488042847928515
0.45099180523550814
0.4521060322236853
0.45546126425327765
0.46002119766210836
0.46225518310972696
0.46339331817437124
0.46682070381015256
0.4714777933226654
0.47386082533624607
0.4750755615212873
0.4787341275599067
0.48370913396525006
0.486203979356316
0.48747604942330497
0.49130761247465904
0.4965192382808852
0.4991388839180367
0.5004748382488782
0.5044992447218023
0.5099742465933795
0.5127442586828773
0.5141571492771847
0.5184139131938184
0.5242066315240556
0.5271302257269904
0.528621553888414
0.5331152387871384
0.5392314973375089
0.5423184510522436
0.5438931408800902
0.548638570852743
0.5550987028868378
0.5583490790356027
0.5600070618539876
0.5650041110548392
0.5718072211532196
0.5752443395998047
0.5769975315478699
0.5822822385182463
0.5894782342991108
0.5930945206049841
0.5949389024015109
0.6004991469821764
0.6080705224816918
0.6118889776032623
0.6138363018316887
0.6197077112049101
0.6277035198945545
0.6317345849658421
0.6337901192653085
0.6399886445661743
0.6484306126978273
0.6526833256694482
0.6548516118046261
0.6613910054045699
0.6702977363487937
0.6747833857590742
0.6770701096475635
0.6839676165639984
0.6933624758504148
0.6980934076981246
0.7005047792145586
0.7077792052737433
0.7176877092794933
0.7226759689435186
0.7252180240611364
0.7328876717862925
0.7433345022647804
0.7485947839452093
0.7512748942493599
0.7593621095680486
0.7703775193821156
0.7759236178539856
0.778748665785982
0.7872743131055328
0.7988863992765242
0.8047330517839636
0.8077103764868004
0.8166967092607856
0.8289354168287271
0.8350974658769597
0.8382344321590922
0.8477037848159784
0.860599079712444
0.8670921087762427
0.8703964336342493
0.8803722152808807
0.8939554714708993
0.9007954467757195
0.9042750150715896
0.9147811500128725
0.9290843741067114
0.9362876750896204
0.9399505557155051
0.9510115333102753
0.9660674374711314
0.9736507889596047
0.9775052000353408
0.9891459703398224
1.0049878267819012
1.0129683619171443
1.0170227021848344
1.0292687720865417
1.0459305458373465
1.054325732443081
1.0585885415872294
1.071465855030073
1.0889820305242928
1.0978096821126306
1.1022896424811242
1.1158245862077667
1.1342301632575067
1.143508351025828
1.1482142362541403
1.1624334842735393
1.1817637409833912
1.1915107403397578
1.1964513785217046
1.2113817806656273
1.23167208929196
1.2419062358570307
1.2470904230150184
1.2627587426463245
1.2840441663869793
1.2947836575838525
1.3002200397358403
1.3166525963620188
1.338967345423417
1.3502299572236602
1.35592686568277
1.3731490360737912
1.39652572015624
1.40832842336187
1.4142936557949215
1.4323292111327273
1.456797859844364
1.4691563203124416
1.475396860389747
1.4942671179925253
1.5198539426372701
1.5327819010045338
1.539303575317931
1.5590263612065605
1.5857522565539974
1.5992607794874034
1.6060678487284412
1.6266563116469979
1.65453498873492
1.6686284713388373
1.6757215316696914
1.6971775601430432
1.7262071229449305
1.740919053281017
1.7483132638921093
1.7706833848333323
1.8009218747761362
1.8161586774112666
1.8238046428770893
1.8469385499323674
1.8781738774590793
1.8940114201671485
1.9019449065126235
1.9259521746342043
1.9583272663589866
1.9747433266007743
1.982950244284382
2.007788538781212
2.041237198039669
2.058180674385487
2.0666320954509154
2.092213989073964
2.126607899208277
2.14404502054835
2.1527202494824556
2.1789836789551713
2.2142281350528927
2.232110722487871
2.2409813613528575
2.26784105053525
2.3038086714780155
2.3220687536067115
2.3310960114704815
2.3584353134556935
2.3949550952493968
2.413506520307474
2.422641993490744
2.450315339400159
2.487176054784294
2.5059193656498544
2.515107322705537
2.5429472929727255
2.5799068042948403
2.5987146374697416
2.607884863209793
2.6356804248085237
2.6724366365403416
2.691166412837748
2.700240121974476
2.727754850335037
2.763969527648067
2.782447061541842
2.7913288514096455
2.8182765068323627
2.853542676348834
2.8715670395485255
2.880146776455381
2.906197341764453
2.9400463787349187
2.9573853727465225
2.9655352738117173
2.9903064549656633
3.0221951517270216
3.0385810073852846
3.046152042444399
3.0691990124322426
3.098492393024343
3.1136223241294196
3.120440496163361
3.1412461776185854
3.1671947067409087
3.180734654808794
3.18659101101896
3.204540100581667
3.226215343192891
3.2378551715543713
3.242479678790841
3.25679823512739
3.2728779977363285
3.2827504178443427
3.285543732988347
3.294657808947599
3.3013961297742997
3.302460636301785
3.3010566169268643
3.3013262214838446
3.3001163703383933
3.296734828002595
3.2899672230796737
3.2863488213827776
3.2838921306465645
3.2766876782126384
3.2653611255835013
3.259570108455895
3.2561686909696173
3.24607563160615
3.231251106731494
3.223766333205352
3.219630573289178
3.2072910700005592
3.189751433382516
3.1809778397617072
3.17629507197984
3.1622769148772703
3.142741144141398
3.1330350514933833
3.127970922900442
3.11277570434986
3.0918804546006924
3.08156991816091
3.0762768767444446
3.0603662928477333
3.0386974449408384
3.028108196857262
3.022737543743539
3.0065703092429863
2.984710502775277
2.9742223282878744
2.968951385745031
2.9530661153464157
2.9317045325109197
2.9219453225853558
2.91707242957211
2.9023765212299195
2.8826945225678333
2.8713035293067413
2.8656514618082696
2.8485767771983643
2.8257600487231103
2.8126082573604703
2.806127503267788
2.786505334441684
2.760354868910137
2.745235853696373
2.7378504708338567
2.7154215537429147
2.6856295758902835
2.6676836095524994
2.65902967575349
2.632624178834906
2.5977194925875144
2.5708283751025367
2.5583045249643632
2.5195735728512982
2.469016786221992
2.466471084842229
2.4367446428757735
2.39798837904039
2.395384602055216
2.3724442609906236
2.342489372587287
2.3265981926387536
2.3192390228531288
2.2964449201402646
2.266808798006617
2.2505137177092824
2.2430936842385045
2.219934517312675
2.1899887522752755
2.1733428195430116
2.165920223465335
2.1425166703757497
2.1124464300950687
2.095400589432633
2.088005085584791
2.064353772366836
2.0342015129400286
2.016597211528182
2.009244490308415
1.9852300477293368
1.9549304144747257
1.9361076896287002
1.9287112789789966
1.9036628257726684
1.8725865152391412
1.851068843348009
1.8435390373989042
1.8160482198372891
1.7831036611832742
1.76123796139355
1.754610805907361
1.7279664141043138
1.6971232510915593
1.6783658319264243
1.673223066779821
1.6512314490340805
1.625866931266164
1.6098315443667013
1.60575430705025
1.5871927151246539
1.5658262292938379
1.551803885152112
1.5484887676808083
1.5324313338962978
1.513976774229812
1.501458233134123
1.4986950854758343
1.4844972935839724
1.4682038829934785
1.4568330962460452
1.4544764369365324
1.4416901486753282
1.4270370559345922
1.4165636208577737
1.4145122993109225
1.4028229698070214
1.3894449892925782
1.379689443475516
1.3778726777247332
1.3670556884816378
1.3546927105695332
1.3455230701088918
1.3438910047871921
1.3337826773305506
1.3222462683608653
1.3135634391633744
1.3120807411138962
1.3025600478258257
1.291711939909549
1.2834411598257456
1.2820825894362708
1.2730597474064238
1.2627979288910884
1.2548833054827866
1.253630600711071
1.2450392500069092
1.2352882942743255
1.2276884230700749
1.2265281138702986
1.2183191371379496
1.209022825100328
1.201706871087605
1.2006287749537703
1.1927652403471556
1.183880822082961
1.1768252563285777
1.1758214588119755
1.1682747603041865
1.1597687205393077
1.1529549118222107
1.1520190781433908
1.1447662362313953
1.1366113675021448
1.1300239632357567
1.129150871706004
1.1221727492069788
1.114346209588956
1.1079720976112535
1.1071573219101982
1.1004374676463815
1.0929195068474238
1.0867471566781184
1.0859868486070776
1.0795107456060546
1.0722838647120567
1.066302905721816
1.065593646025337
1.059348216671348
1.0523966073502056
1.0465975541405035
1.0459362495878115
1.0399095251922066
1.033218690668778
1.0275927610855875
1.026976573097502
1.0211574702005006
1.0147139660264013
1.00925120265282
1.0086777145863246
1.003054100525497
0.9968441498326941
0.9915398342183721
0.9910061534018306
0.9855719644982891
0.9795862495051813
0.9744326268071102
0.9739366296752328
0.9686809166757833
0.9629070406861612
0.9578965990158436
0.9574360985298532
0.9523501312253736
0.9467774867174268
0.9419036704799567
0.9414765932576683
0.936552111471143
0.9311706479117268
0.9264272384575687
0.9260316180495447
0.9212607783222946
0.9160609501567839
0.9114420381595381
0.9110760080210933
0.9064513584067604
0.9014240955148921
0.8969240643356647
0.8965858522689183
0.892100311763791
0.8872369952626735
0.8828505067760982
0.8825384303583064
0.8781852713874969
0.8734777129013095
0.8691996949034267
0.8689121575681725
0.8646849904112522
0.8601254134993626
0.8559510482937692
0.855686535823059
0.8515792943678003
0.8471603177533029
0.8430850311498216
0.8428421084513297
0.8388490368252014
0.834563658037606
0.8305831093413455
0.8303604173689109
0.8264760571207036
0.8223176373884021
0.8184277093277006
0.8182239621136143
0.8144431399115378
0.8104053892701958
0.8066021783092024
0.8064161600763221
0.8027339756096241
0.7988109381361292
0.7950907453067234
0.7949213075922517
0.7913331218228956
0.7875191616678842
0.7838784829693316
0.7837245418493349
0.7802259653186298
0.7765157522912218
0.7729512701316371
0.772811803409407
0.7693986850437651
0.7657871812189558
0.7622957556026593
0.7621698000013228
0.7588382164564856
0.7553206615601222
0.7518993218963468
0.7517859705544206
0.7485322142678665
0.7451041144988545
0.7417500500460563
0.741648449673305
0.738469019439648
0.7351261330030532
0.7318366857039973
0.7317460340984397
0.728637623876327
0.7253759481258937
0.7221486060971841
0.7220681493694302
0.7190276397654582
0.7158434013978627
0.7126757882328885
0.7126048187561507
0.7096292655172683
0.7065189039716653
0.7034087751993661
0.7033466290459028
0.7004332541037114
0.6973934187044064
0.6943386494522178
0.6942847036438157
0.6914308892086775
0.6884584159603759
0.6854570025077236
0.6854106738079326
0.6826139484152859
0.6797058598293181
0.6767559067792865
0.6767166482182656
0.6739746831403975
0.6711281754259495
0.6682278889348012
0.6681951886470057
0.6655057866905805
0.6627182218072879
0.6598659027292455
0.659839282318834
0.657200371484887
0.6544692594385367
0.6516633066458937
0.6516423186516345
0.649051947192742
0.6463749390315379
0.6436138417354842
0.6435980659398632
0.6410543983761587
0.6384292729324905
0.6357116072258217
0.6357006537333794
0.6332019439373056
0.6306266495438702
0.6279510385146925
0.627944542301
0.6254891482052675
0.6229617365079417
0.6203268901740558
0.620324508306681
0.617910889343827
0.6154295161624458
0.612834211764904
0.6128356284578583
0.6104623198902739
0.608025258816072
0.6054683445686704
0.6054732596968113
0.6031389102303584
0.6007444402652402
0.5982248791548704
0.5982330206549255
0.5959363002016416
0.593582984152761
0.5929743333078774
0.5928814480292207
0.5925540240828042
0.5921199345975997