20000.
19997.098478896
19995.647876092
19991.296699233
19985.496603496
19984.774934645
19984.108749496
19983.964961173
19983.328198506
19983.027379827
19982.876972175
19982.425756033
19981.824150419
19981.482179951
19981.311196898
19980.798256546
19980.114356627
19979.772745247
19979.601941734
19979.089539982
19978.406358156
19978.046177611
19977.866089761
19977.325835976
19976.605520394
19976.232595941
19976.046136311
19975.486767892
19974.740967773
19973.609914362
19973.044411632
19971.347999588
19969.086341217
19968.733654319
19967.926447694
19967.522856588
19966.312132273
19964.697947542
19964.317845802
19963.860177308
19963.631346979
19962.944871762
19962.029608283
19961.495388224
19961.228283536
19960.426990955
19959.35865099
19958.836530087
19958.575474738
19957.792329217
19956.748183094
19956.213610635
19955.946329756
19955.144508636
19954.07546403
19953.443162127
19953.127018665
19952.178618381
19950.914154917
19950.262344811
19949.936447719
19948.958788433
19947.655317377
19946.968454773
19946.625032315
19945.594800467
19944.221240912
19943.439405638
19943.048499465
19941.875826976
19940.312371075
19939.458036597
19939.030883053
19937.749477389
19936.041064773
19935.211650782
19934.796956695
19933.552926256
19931.894339932
19931.118635242
19930.730794189
19929.567316369
19928.016118414
19927.050229852
19926.567303092
19925.118593101
19923.18714381
19922.233318954
19921.756423614
19920.32580616
19918.418476221
19917.296265923
19916.735184443
19915.052034919
19912.808057039
19911.640108137
19911.056159332
19909.304415754
19906.968997615
19906.75748426
19906.263254663
19904.780639568
19902.803991409
19901.507447715
19900.859207493
19898.91461361
19896.322117597
19894.789953861
19894.023916183
19891.725980231
19888.662478822
19888.492491775
19886.580048507
19884.030410463
19879.868360769
19877.787662473
19871.546874443
19863.228872325
19860.804043495
19859.331888791
19858.595852305
19856.387906629
19853.444361217
19851.962191368
19851.221147883
19848.998183506
19846.034618519
19844.544246183
19843.799101931
19841.563837159
19838.583876088
19837.938701204
19837.230612176
19835.106496842
19832.274697143
19830.879995392
19830.182681246
19828.090886027
19825.302169247
19820.125645203
19817.537889869
19809.776651254
19799.433062144
19797.948840326
19796.727345052
19793.063311577
19788.178988973
19785.94621591
19784.829923771
19781.481425385
19777.017642859
19774.981693338
19773.9637971
19770.910422896
19766.839991102
19764.672824124
19763.589329656
19760.339202781
19756.006532117
19753.90869942
19752.859866531
19749.713702135
19745.51959618
19743.334277514
19742.241708798
19738.964365566
19734.595421326
19732.07025801
19730.807797427
19727.020900479
19721.972835622
19719.470904282
19718.220057544
19714.46799356
19709.466352657
19706.658345378
19705.254491659
19701.043530725
19695.43031647
19692.412859167
19690.904303768
19686.379331144
19680.347652399
19677.231766546
19675.674008504
19671.001474496
19664.773155805
19661.82442809
19660.350229937
19655.928298856
19650.033938395
19644.880402586
19642.304141361
19634.577385022
19624.279772163
19619.210239866
19616.675964653
19609.075103385
19598.945203772
19594.026833686
19586.343627816
19582.697728185
19580.875032741
19575.407964522
19568.120915327
19563.959679028
19561.879392574
19555.639860641
19547.32358129
19543.37412001
19541.399688474
19535.477590917
19527.584253309
19523.711642367
19521.77562476
19515.968724032
19508.228877329
19503.856162862
19501.670173029
19495.113673779
19486.375104441
19481.369005066
19478.866437493
19471.360663853
19461.357465433
19456.275517459
19453.735040949
19446.115601937
19435.960992979
19431.032330734
19428.568468136
19421.178755062
19411.330177288
19405.552118084
19402.66373327
19394.0011585
19382.457075797
19377.073773393
19374.382682703
19366.311653261
19355.555511663
19348.631424153
19345.170309057
19334.790678621
19320.959835398
19311.483515115
19306.747097702
19292.544815073
19273.624690257
19264.056797769
19259.274632466
19244.935258922
19225.832702284
19222.838396504
19218.767239981
19206.558943607
19190.293279282
19188.297847289
19184.658571098
19173.74488392
19159.202959567
19151.723211055
19147.984431626
19136.772472611
19121.833407088
19114.391561847
19110.671725104
19099.516558349
19084.653132383
19076.385275038
19072.252689331
19059.86030359
19043.349648788
19035.490564836
19031.562238927
19019.78212521
19004.086650232
18995.584575496
18991.334964293
18978.591834698
18961.614296869
18952.909194029
18948.558141062
18935.510975164
18918.128729299
18906.863891405
18901.233987665
18884.354333796
18861.871577441
18848.325038394
18841.555417209
18821.261139553
18794.236104193
18790.748758492
18784.401858133
18765.374017755
18740.033545512
18726.49677431
18719.732055479
18699.452558497
18672.447402103
18667.236262209
18660.286561484
18639.452980483
18611.711052954
18598.890460928
18592.483476595
18573.275764057
18547.696347023
18534.957360401
18528.591148029
18509.505628494
18484.088849095
18470.264667898
18463.356454414
18442.647313905
18415.071257377
18398.308975707
18389.933556804
18364.830170732
18331.412289782
18307.692987785
18295.844847428
18260.346414648
18213.122292466
18204.628107497
18167.999827974
18150.172825067
18123.076254549
18106.562129283
18098.310709898
18073.579007858
18040.655972541
18019.180189576
18008.45188607
17976.305286598
17933.532405095
17909.39992239
17897.345860689
17861.232334023
17813.194298438
17786.886488028
17773.74715541
17734.38736769
17682.043207667
17652.152934975
17637.22675065
17592.523884285
17533.096267421
17531.455401345
17519.65392992
17484.297161674
17437.265779217
17412.904125372
17400.736063918
17364.282875531
17315.797393977
17281.320897462
17264.108398041
17212.57369776
17144.09999043
17138.459346844
17116.331720931
17050.120114094
16962.236230788
16919.172211257
16897.681216636
16833.371886472
16748.006680891
16731.76595221
16674.789953284
16648.499467359
16635.369771697
16596.042781732
16543.751384335
16517.489222064
16504.373777663
16465.089897975
16412.856808922
16378.802594943
16361.801992376
16310.905990004
16243.290850846
16209.359098115
16192.419810659
16141.708089342
16074.339434779
16039.555759404
16022.192156595
15970.214051063
15901.172126336
15856.099730101
15833.611462664
15766.337849735
15677.08412415
15620.19850678
15591.8331482
15507.045761579
15394.712707571
15321.150494304
15284.501306452
15175.078913428
15030.399992541
14978.387292259
14876.985760042
14854.783258403
14822.143928775
14724.655610841
14595.667893601
14557.26051621
14464.982980786
14415.144711033
14390.290004419
14315.982720917
14217.502878542
14153.858837432
14122.14373179
14027.424174631
13902.118950908
13897.125275257
13826.637483748
13733.209602708
13675.262158927
13646.380190697
13560.099765195
13445.907192046
13376.02565702
13341.221201649
13237.350266451
13100.112602494
13036.858986778
13005.34680094
12911.266532208
12786.884004431
12709.046319626
12670.305338221
12554.789525589
12402.40504935
12302.725402564
12253.186405701
12105.763075422
11911.954067678
11886.253162006
11769.727949749
11616.136047534
11598.916414296
11488.40429762
11342.690988342
11270.363462054
11234.372831207
11127.0890691
10985.63606627
10919.647404052
10886.801862732
10788.856838458
10659.632837072
10588.036815402
10552.419333804
10446.28417305
10306.429330673
10243.845079782
10212.695609145
10119.814366227
9997.2854088192
9930.9320640548
9897.9207209286
9799.5436352517
9669.8935188295
9588.937766019
9548.7144010903
9429.0538500807
9271.8358220926
9253.5139235975
9217.392822541
9109.8733178034
8968.4624345669
8904.5671157752
8872.7903642689
8778.1388864192
8653.5057157243
8592.5463941052
8562.2279552962
8471.9129988256
8352.9732259951
8296.3801465262
8268.2275535507
8184.3416742367
8073.8162378538
8014.2639064564
7984.6526629839
7896.4737703076
7780.4148747965
7711.516302337
7677.2961486499
7575.5441197622
7441.969461592
7416.3003776091
7328.3085925248
7212.6080653846
7158.2445344128
7131.2166181634
7050.7436414345
6944.857184231
6895.3336345163
6870.7044471996
6797.3434656015
6700.7458539755
6646.0253399788
6618.8328844411
6537.9212563579
6431.5756028723
6383.234910547
6359.200984736
6287.640799279
6193.4782976737
6143.4778284008
6118.6291679504
6044.6846013741
5947.4800783647
5903.2167321423
5881.2087451266
5815.6758573396
5729.4331664903
5685.0699016857
5663.0172494157
5597.3712294518
5511.0254186039
5468.8935727161
5447.9485894583
5385.5937105983
5303.5626456676
5261.9541813749
5241.272521056
5179.7139913898
5098.7591596288
5059.6092675676
5040.1471917547
4982.2089883536
4905.9927622297
4868.6267452254
4850.0505941931
4794.7463248075
4721.9870328093
4685.8192551852
4667.8393823842
4614.3126502349
4543.8972591931
4509.0156018798
4491.6753154075
4440.0535461543
4372.1462215512
4339.0455544502
4322.5893131037
4273.5941166966
4209.1299748065
4177.2710904665
4161.4321889206
4114.2749134945
4052.2287699232
4021.7294899834
4006.5660399958
3961.417862682
3902.0107017047
3873.0666845992
3858.6752867545
3815.8211514143
3759.421737227
3731.388685774
3717.4506449544
3675.9481280931
3621.3313061044
3594.4471335252
3581.0799829961
3541.2760558522
3488.8915203881
3463.3550261196
3450.6569554422
3412.8414009322
3363.0645311266
3338.5211086999
3326.3166471044
3289.9703036911
3242.1255593334
3218.7793176529
3207.1693146003
3172.5899642913
3127.0634313384
3104.5394918804
3093.3384337227
3059.9771560918
3016.0544697281
2994.4724529483
2983.7394260244
2951.7706168003
2909.6777229034
2889.0339044898
2878.7669841813
2848.1846233277
2807.9129320233
2788.2258587422
2778.4341438878
2749.264837909
2710.8482396256
2691.897208984
2682.4714321601
2654.3916694313
2617.4086894105
2599.2702029397
2590.248150605
2563.3694534817
2527.9645639861
2510.580072345
2501.9327090018
2476.1689184847
2442.2294233379
2425.5920339847
2417.3158896413
2392.6565024861
2360.1681846849
2344.2451507978
2336.3239633607
2312.7206345686
2281.6200514832
2266.377754205
2258.7948322726
2236.1979554767
2206.4200437425
2191.7805524503
2184.4972712635
2162.792321295
2134.1874882426
2120.1546966278
2113.1729391696
2092.365312532
2064.9401737082
2051.4691291435
2044.7665976636
2024.7901087675
1998.45804761
1985.5459759937
1979.1212578961
1959.97156815
1934.7265688973
1922.3183534517
1916.1441194097
1897.7401485943
1873.4761962291
1861.5530636734
1855.6199825525
1837.9339575164
1814.6145296265
1803.1514295602
1797.4470628386
1780.4420117655
1758.0186055272
1746.999673112
1741.5161328448
1725.1685684232
1703.6102750702
1693.0053826233
1687.7277173567
1671.9932308559
1651.2418664601
1641.0316286054
1635.9502088813
1620.8001627747
1600.8181228811
1590.9821586859
1586.0868627866
1571.4911646407
1552.2389553291
1542.7563524822
1538.0367962771
1523.9645794103
1505.4017043854
1496.2523033207
1491.698476412
1478.1199848836
1460.2074047542
1451.3751885977
1446.9791339004
1433.8707002351
1416.5773288209
1408.0432924977
1403.795573108
1391.1291469827
1374.418184803
1366.1676847342
1362.0610256271
1349.8149675589
1333.6579904923
1325.6857930646
1321.7175826543
1309.8840787905
1294.2707171975
1286.5282913798
1282.6744639572
1271.182109451
1256.0189841005
1248.5279490735
1244.7992019818
1233.6796440734
1219.0079263867
1211.7376448263
1208.1187802253
1197.3269045588
1183.0875473895
1176.022725674
1172.5061507112
1162.0193928074
1148.1828042857
1141.3147830343
1137.8961933203
1127.7017404718
1114.2510690938
1107.5770388006
1104.2550291969
1094.3486646132
1081.2782852972
1074.7772697198
1071.5414337861
1061.8922620875
1049.161728267
1042.8241746594
1039.6697680629
1030.2636833784
1017.8544806679
1011.6704607796
1008.5925541381
999.41490614183
987.30781880229
981.2660792812
978.25908792118
969.29328916012
957.46658479024
951.55696713481
948.61585031149
939.84693122145
928.28100245901
922.49402664701
919.61408128732
911.0280790641
899.70464634883
894.03074456113
891.20722581492
882.79006068041
871.69070759493
866.12044605331
863.34867744429
855.08648004445
844.19308276843
838.71724767319
835.99266392742
827.8719032482
817.16679976011
811.77580170413
809.09365420063
801.10026675081
790.56512523589
785.24916177144
782.60459961848
774.72423180982
764.34037179291
759.08819731951
756.47565932189
748.69187114132
738.43793218808
733.23612031559
730.64897162261
722.94216814042
712.79273459203
707.62339929143
705.05280693783
697.39692402369
687.318241477
682.15427417579
679.58685784626
671.94244163358
661.88348108663
656.67703416395
654.08918863192
646.38668120677
636.25758271105
630.90363932167
628.24358571771
620.33052920752
609.93461157942
604.08502580202
601.18130414408
592.55361737298
581.24233381212
574.75562872005
571.53947367229
561.99858641265
549.52469560927
545.75797328003
536.65804242855
536.42985769546
534.48568610501
528.69534688665
521.07235692308
519.80942327884
518.11658353399
513.07107075758
506.42006905477
503.44062629472
501.95748467015
497.53422467374
491.6971180297
489.03602441788
487.71088314276
483.75696503782
478.53489277203
476.13943119863
474.9462008042
471.38442162839
466.67689891552
464.52111477582
463.44695994639
460.23937585656
455.99710448098
454.0643420112
453.10103491317
450.22335848615
446.41486671506
444.69723068663
443.84089250608
441.28175952153
437.89252106099
437.36258626202
436.6112672229
434.36504522847
431.38804869859
431.31273410877
430.67860583447
428.7818095055
426.2657365395
424.88784550321
424.20057108141
422.14541090408
419.42067762678
417.94498038131
417.20907989194
415.00914387241
412.09393034524
410.51895366826
409.73372398016
407.38703534412
404.27901129903
402.5606033338
401.70414029778
399.14566876444
395.75970357187
393.81107782011
392.84036579203
389.94256262776
386.11204935663
383.82952869513
382.69333323938
379.30488714326
374.83358325905
372.07710273639
370.70647327402
366.62480488651
361.25240384666
358.1877206539
356.66514248357
352.13613116004
346.18678406429
342.62064300461
340.85137191781
335.59818885714
328.71966977
324.31890895032
322.14067125021
315.69334486782
307.2971866384
302.08162514131
299.5071338691
291.9145606889
282.08968694596
274.88079385906
271.34572875383
261.01097601293
247.8409969536
242.24050271548
232.99713898261
228.38173288053
226.10842841341
219.42338701163
210.816436042
205.2179091167
202.47464849503
194.46293682252
184.271607619
178.50564786079
175.69068233722
167.5093426435
157.1904329555
152.33801619753
149.96827223291
143.07793581109
134.38074336543
130.29078033687
128.29271844033
122.48050719627
115.13842121374
111.66411844497
109.96648084055
105.02686054734
98.78411852962
95.816856367551
94.366818234541
90.147045054016
84.812736458344
82.270020092108
81.027393120056
77.410996390344
72.838956356243
70.655803634681
69.588888978978
66.483839302202
62.558214485526
60.681834089708
59.764855696365
57.096226383407
53.722487764559
52.109006101456
51.320529234302
49.02596343698
46.125330094125
44.737724283196
44.059654665976
42.086488385529
39.592369641021
38.399097189087
37.816015934268
36.119360222863
33.974970437676
32.949004075994
32.44769819286
30.989081210426
29.145741662882
28.263847391567
27.832957930487
26.579304658657
24.995161883027
24.237331156924
23.867076087402
22.789903247182
21.42891435643
20.777900914708
20.459848863284
19.534606772219
18.365708159987
17.806641035367
17.533522128782
16.739044068569
15.735454974864
15.255510337576
15.02105575002
14.339090684422
13.477721723488
13.065842174573
12.864646850235
12.279459538984
11.540406320614
11.187059561151
11.014464182448
10.512491315814
9.8785989141398
9.5755696728386
9.4275588911751
8.9971125884418
8.4535999693488
8.1938103186478
8.0669248698982
7.6979366296647
7.2320723159651
7.009426371
6.9006871181907
6.584486523737
6.1853082962214
5.9945579340616
5.901400193092
5.6305235844594
5.2885961576893
5.1252248978666
5.04544164787
4.8134666862488
4.5206721975796
4.3808292795365
4.3125384956212
4.113987359263
3.8633991491306
3.7436776859815
3.6852154721394
3.5152497973582
3.3007599107807
3.1983234278779
3.1483035601263
3.0028889027436
2.8193964835337
2.7317748444567
2.6889905432777
2.5646162872327
2.4076862558786
2.3327577323684
2.2961724885003
2.1898235636276
2.0556473598468
1.9915904850256
1.9603145175451
1.8694028376465
1.7547116339452
1.6999633130139
1.6732330919895
1.5955379368141
1.4975272150646
1.4507465813016
1.4279071601968
1.3615237423604
1.2777882354187
1.2378254826536
1.2183152642538
1.1616103842335
1.0900879916041
1.0559575074759
1.0392951128101
0.99086893886563
0.92979239603736
0.90064961452197
0.88642257028719
0.84507571417371
0.79293096477762
0.76805243277153
0.75590743012338
0.7206125984448
0.67610295675203
0.65486917446278
0.64450368386104
0.61438127782482
0.5763965872169
0.5582772448912
0.54943230235944
0.52372942791626
0.49131953367933
0.47586081478861
0.46831481827325
0.44638723677828
0.41873917832661
0.40555284568017
0.39911622284751
0.38041283831297
0.35683124931747
0.34558526680889
0.34009589337321
0.32414542423221
0.30403569507742
0.2944461742949
0.28976543979995
0.27616497490888
0.25901879722295
0.25084308181513
0.24685251143026
0.23525768420188
0.22064064104265
0.21367137473815
0.21026973167738
0.20038629261928
0.18792721583309
0.18198725116805
0.17908804992593
0.17066463462512
0.16004647322206
0.1549845095224
0.1525138853677
0.14533581878858
0.13628781637452
0.13197465846597
0.12986954022632
0.12375352344223
0.11604451076039
0.11236986289488
0.11057640721548
0.10536596477132
0.098798613133714
0.095668337608766
0.094140590156385
0.089702177327105
0.08410808503891
0.081441850272688
0.080140597238268
0.076360260999108
0.071595739565255
0.069325009106371
0.06821679521151
0.064997319354286
0.060939790822023
0.059006102265264
0.058062390371361
0.055320852437484
0.051865766742385
0.050219258183386
0.049415709816626
0.047081389711441
0.044139586153379
0.042737744477758
0.042053608590319
0.040066211525464
0.037561676153013
0.036368254340585
0.03578583876898
0.034093959257373
0.031961887841704
0.030945986121559
0.030450208979405
0.02901002692587
0.027195180176515
0.026330465826018
0.025908474539214
0.024682647755677
0.023137953906953
0.022401982814239
0.022042822995865
0.020999525177592
0.019684867385496
0.019058522434694
0.018752863582806
0.017864986624925
0.016746195855903
0.016213183958955
0.015953074079715
0.015197515589976
0.014245473459263
0.013791920696663
0.013570588526586
0.012927676534202
0.01211758865624
0.011731669522235
0.011543343713113
0.010996311878473
0.010307047566779
0.010244892890936
0.010213956246747
0.010121705710054
0.0099999997764826