20000.
19997.098478896
19995.647876092
19991.296699233
19985.496603496
19984.774934645
19984.108749496
19983.964961173
19983.328198506
19983.027379827
19982.876972175
19982.425756033
19981.824150419
19981.482179951
19981.311196898
19980.798256546
19980.114356627
19979.772745247
19979.601941734
19979.089539982
19978.406358156
19978.046177611
19977.866089761
19977.325835976
19976.605520394
19976.232595941
19976.046136311
19975.486767892
19974.740967773
19973.609914362
19973.044411632
19971.347999588
19969.086341217
19968.733654319
19967.926447694
19967.522856588
19966.312132273
19964.697947542
19964.317845802
19963.860177308
19963.631346979
19962.944871762
19962.029608283
19961.495388224
19961.228283536
19960.426990955
19959.35865099
19958.836530087
19958.575474738
19957.792329217
19956.748183094
19956.213610635
19955.946329756
19955.144508636
19954.07546403
19953.443162127
19953.127018665
19952.178618381
19950.914154917
19950.262344811
19949.936447719
19948.958788433
19947.655317377
19946.968454773
19946.625032315
19945.594800467
19944.221240912
19943.439405638
19943.048499465
19941.875826976
19940.312371075
19939.458036597
19939.030883053
19937.749477389
19936.041064773
19935.211650782
19934.796956695
19933.552926256
19931.894339932
19931.118635242
19930.730794189
19929.567316369
19928.016118414
19927.050229852
19926.567303092
19925.118593101
19923.18714381
19922.233318954
19921.756423614
19920.32580616
19918.418476221
19917.296265923
19916.735184443
19915.052034919
19912.808057039
19911.640108137
19911.056159332
19909.304415754
19906.968997615
19906.75748426
19906.263254663
19904.780639568
19902.803991409
19901.507447715
19900.859207493
19898.91461361
19896.322117597
19894.789953861
19894.023916183
19891.725980231
19888.662478822
19888.492491775
19886.580048507
19884.030410463
19879.868360769
19877.787662473
19871.546874443
19863.228872325
19860.804043495
19859.331888791
19858.595852305
19856.387906629
19853.444361217
19851.962191368
19851.221147883
19848.998183506
19846.034618519
19844.544246183
19843.799101931
19841.563837159
19838.583876088
19837.938701204
19837.230612176
19835.106496842
19832.274697143
19830.879995392
19830.182681246
19828.090886027
19825.302169247
19820.125645203
19817.537889869
19809.776651254
19799.433062144
19797.948840326
19796.727345052
19793.063311577
19788.178988973
19785.94621591
19784.829923771
19781.481425385
19777.017642859
19774.981693338
19773.9637971
19770.910422896
19766.839991102
19764.672824124
19763.589329656
19760.339202781
19756.006532117
19753.90869942
19752.859866531
19749.713702135
19745.51959618
19743.334277514
19742.241708798
19738.964365566
19734.595421326
19732.07025801
19730.807797427
19727.020900479
19721.972835622
19719.470904282
19718.220057544
19714.46799356
19709.466352657
19706.658345378
19705.254491659
19701.043530725
19695.43031647
19692.412859167
19690.904303768
19686.379331144
19680.347652399
19677.231766546
19675.674008504
19671.001474496
19664.773155805
19661.82442809
19660.350229937
19655.928298856
19650.033938395
19644.880402586
19642.304141361
19634.577385022
19624.279772163
19619.210239866
19616.675964653
19609.075103385
19598.945203772
19594.026833686
19586.343627816
19582.697728185
19580.875032741
19575.407964522
19568.120915327
19563.959679028
19561.879392574
19555.639860641
19547.32358129
19543.37412001
19541.399688474
19535.477590917
19527.584253309
19523.711642367
19521.77562476
19515.968724032
19508.228877329
19503.856162862
19501.670173029
19495.113673779
19486.375104441
19481.369005066
19478.866437493
19471.360663853
19461.357465433
19456.275517459
19453.735040949
19446.115601937
19435.960992979
19431.032330734
19428.568468136
19421.178755062
19411.330177288
19405.552118084
19402.66373327
19394.0011585
19382.457075797
19377.073773393
19374.382682703
19366.311653261
19355.555511663
19348.631424153
19345.170309057
19334.790678621
19320.959835398
19311.483515115
19306.747097702
19292.544815073
19273.624690257
19264.056797769
19259.274632466
19244.935258922
19225.832702284
19222.838396504
19218.767239981
19206.558943607
19190.293279282
19188.297847289
19184.658571098
19173.74488392
19159.202959567
19151.723211055
19147.984431626
19136.772472611
19121.833407088
19114.391561847
19110.671725104
19099.516558349
19084.653132383
19076.385275038
19072.252689331
19059.86030359
19043.349648788
19035.490564836
19031.562238927
19019.78212521
19004.086650232
18995.584575496
18991.334964293
18978.591834698
18961.614296869
18952.909194029
18948.558141062
18935.510975164
18918.128729299
18906.863891405
18901.233987665
18884.354333796
18861.871577441
18848.325038394
18841.555417209
18821.261139553
18794.236104193
18790.748758492
18784.401858133
18765.374017755
18740.033545512
18726.49677431
18719.732055479
18699.452558497
18672.447402103
18667.236262209
18660.286561484
18639.452980483
18611.711052954
18598.890460928
18592.483476595
18573.275764057
18547.696347023
18534.957360401
18528.591148029
18509.505628494
18484.088849095
18470.264667898
18463.356454414
18442.647313905
18415.071257377
18398.308975707
18389.933556804
18364.830170732
18331.412289782
18307.692987785
18295.844847428
18260.346414648
18213.122292466
18204.628107497
18167.999827974
18150.172825067
18123.076254549
18106.562129283
18098.310709898
18073.579007858
18040.655972541
18019.180189576
18008.45188607
17976.305286598
17933.532405095
17909.39992239
17897.345860689
17861.232334023
17813.194298438
17786.886488028
17773.74715541
17734.38736769
17682.043207667
17652.152934975
17637.22675065
17592.523884285
17533.096267421
17531.455401345
17519.65392992
17484.297161674
17437.265779217
17412.904125372
17400.736063918
17364.282875531
17315.797393977
17281.320897462
17264.108398041
17212.57369776
17144.09999043
17138.459346844
17116.331720931
17050.120114094
16962.236230788
16919.172211257
16897.681216636
16833.371886472
16748.006680891
16731.76595221
16674.789953284
16648.499467359
16635.369771697
16596.042781732
16543.751384335
16517.489222064
16504.373777663
16465.089897975
16412.856808922
16378.802594943
16361.801992376
16310.905990004
16243.290850846
16209.359098115
16192.419810659
16141.708089342
16074.339434779
16039.555759404
16022.192156595
15970.214051063
15901.172126336
15856.099730101
15833.611462664
15766.337849735
15677.08412415
15620.19850678
15591.8331482
15507.045761579
15394.712707571
15321.150494304
15284.501306452
15175.078913428
15030.399992541
14978.387292259
14876.985760042
14854.783258403
14822.143928775
14724.655610841
14595.667893601
14557.26051621
14464.982980786
14415.144711033
14390.290004419
14315.982720917
14217.502878542
14153.858837432
14122.14373179
14027.424174631
13902.118950908
13897.125275257
13826.637483748
13733.209602708
13675.262158927
13646.380190697
13560.099765195
13445.907192046
13376.02565702
13341.221201649
13237.350266451
13100.112602494
13036.858986778
13005.34680094
12911.266532208
12786.884004431
12709.046319626
12670.305338221
12554.789525589
12402.40504935
12302.725402564
12253.186405701
12105.763075422
11911.954067678
11886.253162006
11769.727949749
11616.136047534
11598.916414296
11488.40429762
11342.690988342
11270.363462054
11234.372831207
11127.0890691
10985.63606627
10919.647404052
10886.801862732
10788.856838458
10659.632837072
10588.036815402
10552.419333804
10446.28417305
10306.429330673
10243.845079782
10212.695609145
10119.814366227
9997.2854088192
9930.9320640548
9897.9207209286
9799.5436352517
9669.8935188295
9588.9377760801
9548.7144161187
9429.0538797608
9271.8358707347
9227.993499596
9179.2876536625
9034.7071352313
8845.4693012168
8794.8320797328
8652.7167005046
8587.5090379588
8555.0897154744
8458.5642374663
8331.5556075764
8273.108795333
8244.0393214346
8157.4423234428
8043.3929990794
7989.3100427607
7962.4050839189
7882.2326259171
7776.5903351141
7711.2771667685
7678.8265734202
7582.2918533355
7455.464070893
7396.5374773521
7367.2490634511
7280.0778391277
7165.451888812
7106.8235966428
7077.6895824478
6991.0021869948
6877.0683560239
6862.147485507
6836.5575919326
6760.3590622767
6660.0805103303
6610.1346596752
6585.3023678919
6511.3638204971
6414.0688589691
6360.3428549349
6333.6488461888
6254.2371447624
6149.9015428262
6101.2829446802
6077.1179687949
6005.1957823178
5910.6218765657
5866.2888216527
5844.2471451337
5778.6177845045
5692.2569908819
5648.6087554999
5626.9103075869
5562.3137993147
5477.3371983241
5436.2883296493
5415.8794006655
5355.111182771
5275.1462190946
5234.1270389608
5213.7372137345
5153.0430825756
5073.2152390563
5034.9260409853
5015.8899451018
4959.2124039376
4884.6373330643
4846.6921897397
4827.8302981407
4771.6839139465
4697.8364878434
4661.8534514375
4643.9654186292
4590.7121001831
4520.656396114
4486.1126707378
4468.9399179071
4417.8150781446
4350.5572709869
4317.506798442
4301.0758351408
4252.1571806446
4187.7966993013
4156.0986466485
4140.3397056948
4093.4205047282
4031.687618988
4001.5597003049
3986.5802725482
3941.9775963348
3883.2826597273
3854.439257515
3840.0979938549
3797.3935699659
3741.1921646276
3713.5370225579
3699.7862059557
3658.8385112109
3604.9456870906
3578.3380411002
3565.1079533374
3525.710460622
3473.8568938839
3448.6190861213
3436.0690226888
3398.6921998625
3349.4881283696
3325.1423326969
3313.0358737121
3276.9803264972
3229.5159133986
3206.1475830606
3194.526902457
3159.9169671787
3114.352972529
3091.9700305522
3080.8389562525
3047.6855892977
3004.0354125065
2982.5504052817
2971.8655929277
2940.0402757098
2898.1360453645
2877.5645908942
2867.33368521
2836.8587028516
2796.7286427645
2777.0732444426
2767.2974071665
2738.1758897212
2699.8233589531
2681.0017876263
2671.6402634107
2643.7513674394
2607.0185167446
2589.0000093295
2580.0375097402
2553.3357392408
2518.1627593271
2500.860407553
2492.2538640267
2466.6115403976
2432.8317095283
2416.256150645
2408.0107690133
2383.4430638888
2351.0755869009
2335.1987284684
2327.3005503053
2303.7659365904
2272.7562472224
2257.5639139471
2250.0058719495
2227.4832287862
2197.8033540087
2183.2504460501
2176.0101676714
2154.433080272
2125.9960865507
2112.0189639002
2105.0648990431
2084.3397865198
2057.0233631103
2043.6110712151
2036.9377547714
2017.0482704384
1990.8307351302
1977.9663586776
1971.5653763282
1952.4864492722
1927.3347715904
1914.976607753
1908.8272726388
1890.497494508
1866.3313000327
1854.4716473378
1848.5701114851
1830.9779496365
1807.7818885204
1796.3713541431
1790.693123309
1773.7658963332
1751.4449070851
1740.472162102
1735.011595143
1718.7324723167
1697.2643285359
1686.7071554712
1681.453219183
1665.7894004877
1645.1310600339
1634.9683717639
1629.9105937977
1614.8309446661
1594.9415465754
1585.1490158661
1580.2753196306
1565.7439554419
1546.5764498099
1537.1332616439
1532.4333113301
1518.4195090795
1499.9335882198
1490.8229906664
1486.2884642737
1472.7674720953
1454.9306278448
1446.1341265419
1441.7558395538
1428.7003525155
1411.4767521086
1402.9773962761
1398.7469297625
1386.1319151004
1369.4886986444
1361.2699528547
1357.1790944572
1344.9801347429
1328.885252696
1320.9436454291
1316.9906568336
1305.2025272071
1289.6489908597
1281.9465277231
1278.1125642682
1266.6793356316
1251.5939680528
1244.1264330926
1240.4093899057
1229.3247601376
1214.699187889
1207.4580717258
1203.8537167628
1193.1050796882
1178.9227025047
1171.8890385041
1168.3879584635
1157.947351919
1144.1715278105
1137.3317975651
1133.92728018
1123.7747535957
1110.3793116618
1103.7249665282
1100.412763139
1090.5356724153
1077.5039891949
1071.0223409435
1067.7961524792
1058.1757790997
1045.4833089634
1039.1648522399
1036.0199578757
1026.6422657489
1014.2705856325
1008.1040437152
1005.0348460136
995.88320514255
983.81051620605
977.78446156504
974.78528977307
965.84285846256
954.04709850991
948.15202345506
945.21815947688
936.47092517789
924.933737654
919.15978613271
916.28634083727
907.7197903219
896.42217961041
890.75977378706
887.94199765744
879.54203849188
868.46557437278
862.90594696247
860.13949390714
851.89323654326
841.02107543069
835.55441099988
832.83441811445
824.72745126015
814.04078645167
808.65762655357
805.97941049081
797.9978656434
787.47862334496
782.16884762322
779.52740063668
771.65646193953
761.28536435951
756.03742801609
753.42704156122
745.64983583163
735.40496532608
730.20486753513
727.61862358083
719.91472228762
709.76958827732
704.59818482485
702.02662974041
694.36814003379
684.28662614552
679.11428392011
676.54279227797
668.88659268628
658.81293506538
653.58561924859
650.98753522257
643.25508571428
633.08783707597
627.68113859487
624.99512924296
617.00586980405
606.51216150083
600.45564261464
597.45010056751
588.52343831798
576.82835108082
570.67206320346
567.61860200921
558.55589750953
546.6969762627
542.95041049718
534.28163567147
533.68261016298
531.8080093031
526.2236226346
518.86888607762
517.58817646658
515.95097378518
511.07037269563
504.63464602351
501.74906853922
500.31247316351
496.02731951807
490.37081970073
487.79207267364
486.50778891891
482.67519022283
477.61198384026
475.30540038586
474.15628922935
470.72559781276
466.18992440664
464.1335078473
463.10870365374
460.04784782259
455.99815336962
454.17990023884
453.27349421308
450.5651153144
446.97910060048
446.4501163081
445.65672476705
443.28499991371
440.14232302079
440.04524973357
439.37388609061
437.36593468723
434.70293355335
433.29589635473
432.59408647613
430.49546991647
427.71314317082
426.22158451314
425.47775682425
423.25405342967
420.30718385405
418.75030067909
417.97402297231
415.65381366482
412.58022424637
410.94304393432
410.12689154769
407.68814714233
404.45903129736
402.68917867474
401.80715864888
399.17267324609
395.68687628261
393.68903135427
392.69389471637
389.72355210833
385.79801605675
383.45101618238
382.28287583423
378.79976327974
374.20493048909
371.56103102282
370.24609451913
366.32914036569
361.17091968534
358.24736940582
356.79448057987
352.47107237527
346.78791164085
343.4280852345
341.76039846663
336.80577101844
330.31115542202
326.29528373417
324.30569414149
318.40941950089
310.71414071278
305.70435711775
303.22983765232
295.92581216845
286.46005392719
279.37444430331
275.89763637023
265.72467857605
252.74181887223
250.32229207706
247.52231660753
239.30890769254
228.78007832935
223.49425123582
220.89731259984
213.28615266749
203.54431000278
197.8245934597
195.02529307446
186.86282578108
176.50846778291
171.14766668742
168.52863412168
160.90956357884
151.28390781343
146.71689278216
144.48534975488
137.99231256991
129.78654398804
125.88454644836
123.97776268636
118.42896165054
111.41493891845
108.07019253285
106.43566404293
101.67891927448
95.665626690904
92.793662932863
91.390176622879
87.305803265648
82.142498688788
79.67447854312
78.468416646459
74.958669498602
70.521982371966
68.400391731181
67.363652525725
64.346768609988
60.533376403594
58.709475916007
57.818238415414
55.224884056908
51.94711402836
50.379273233069
49.613187974323
47.384122621937
44.567040132626
43.219547353859
42.561156927602
40.645554957775
38.224860053168
37.067010304202
36.50130448884
34.855463892707
32.775866236794
31.781227561881
31.295285091555
29.881586100149
28.095491033896
27.241296321105
26.823987720285
25.61002818388
24.076444100689
23.343077949673
22.98481471547
21.942679961173
20.626294794781
19.996856257073
19.689377080938
18.795017413086
17.665410875788
17.125338766933
16.861526325426
16.094223452945
15.125191616713
14.661942426303
14.435665879802
13.777574173871
12.946548684831
12.549319184301
12.355298528365
11.791049911541
11.078597726541
10.738085800812
10.571774908305
10.088138180531
9.4775302179019
9.1857285086522
9.0432142178937
8.6288011233393
8.1056400999071
7.8556578816335
7.733572892337
7.3785844108443
6.9304836220596
6.7163930121344
6.6118406827964
6.3078479942631
5.9241540103307
5.7408571763009
5.6513465912633
5.3911019596873
5.0626552187885
4.9057697196178
4.8291596253535
4.606433122405
4.3253612528198
4.1911847072498
4.125665448153
3.9351893160339
3.6948300167527
3.5800000497445
3.52393035705
3.3609354435884
3.1552756923812
3.057080431652
3.0091347868374
2.8697625970432
2.6939223895837
2.6099748538967
2.5689872227609
2.4498461337368
2.2995417417501
2.227793140399
2.1927627471179
2.0909420246004
1.962497550573
1.9011905145157
1.8712589737717
1.7842621744412
1.6745252542651
1.6221529179323
1.5965842354798
1.5222709926231
1.4285391752054
1.3838099144102
1.3619732532371
1.2985091166762
1.218466438578
1.1802735013243
1.1616283400084
1.1074415819654
1.039103957532
1.0064993194477
0.99058267585363
0.94432711047691
0.88599533124924
0.85816719580508
0.84458263255496
0.80510562308234
0.75532492049445
0.73157836506205
0.71998653275584
0.68630147541066
0.64382674639906
0.62356708067527
0.61367758689382
0.58494025413227
0.54870616803415
0.53142463042307
0.52298905143593
0.49847726133968
0.46757257308953
0.45283404245423
0.44563991989176
0.42473607228264
0.39838156029935
0.38581400296344
0.37967968850423
0.36185576901288
0.33938529317316
0.32867070293246
0.32344093258958
0.30824563992241
0.28908988347524
0.27995650826058
0.27549860536349
0.26254630789849
0.24621883132501
0.23843450491563
0.23463512303876
0.22359638646299
0.20968166673696
0.20304809118392
0.19981042157435
0.19040388790787
0.17854706527676
0.17289491168909
0.17013629049119
0.1621217201035
0.1520198140103
0.14720452199497
0.14485437882243
0.13802668553858
0.12942106532897
0.12531924846669
0.12331735098292
0.11750149803504
0.11017144061106
0.10667780720722
0.10497275742495
0.10001938560738
0.093776557948002
0.090801274930022
0.089349221972175
0.085130907358103
0.079814644072201
0.077281081466532
0.076044620211944
0.072452672443765
0.067925935849719
0.065768741229657
0.064715972070755
0.061657700974908
0.057803632027257
0.055967077951054
0.055070799949317
0.052467170326384
0.049186130180533
0.047622705138533
0.046859728054255
0.044643359932143
0.041850407166561
0.040519613781039
0.039870171282739
0.037983634228177
0.035606372938238
0.034473694804097
0.033920940107146
0.032315287483745
0.030292018846173
0.029328041244741
0.02885761784624
0.027491139233357
0.025769288017024
0.024948948739226
0.024548624661844
0.023385782812081
0.021920556549489
0.021222504247404
0.02088185881064
0.019892379392971
0.01864562052448
0.018051667560169
0.017761824282961
0.01691991969077
0.015859126779252
0.01535378415745
0.015107183713768
0.014390893202274
0.013488388695225
0.013058464507441
0.01284866874792
0.012239289089602
0.011471501754137
0.011160822945514
0.011008653172163
0.010564479460701
0.0099999997764826