0.9990338140676895
0.9990091563935635
0.9989968269767978
0.9989598386137222
0.9989105188461455
0.9989102700181695
0.9988979393661078
0.9988912933810332
0.9988875988742213
0.998885751607238
0.9988802098021284
0.9988728206870857
0.998867814110085
0.9988607224744223
0.998859485833783
0.9988549505229068
0.9988489034145835
0.9988454862639627
0.9988437776771848
0.9988386519131001
0.998831817525776
0.9988274335828676
0.9988252415926581
0.9988186656165416
0.9988098975891339
0.9988056486996713
0.9988035242369525
0.9987971508436915
0.9987886529300535
0.9987843484896176
0.9987821962508526
0.9987757395293135
0.9987671305098696
0.9987631341043568
0.9987611358854928
0.9987551412242319
0.9987471482934952
0.9987432756123309
0.9987413392567503
0.9987355301855622
0.9987277847112808
0.9987236709434894
0.9987216140427668
0.9987154433357306
0.9987072156745266
0.9987021880851337
0.9986996742657583
0.9986921328008013
0.9986820774359896
0.9986771400071021
0.9986746712686319
0.9986672650465773
0.998657390008608
0.9986518468587464
0.9986490752538338
0.9986407604309936
0.9986296739055455
0.9986242057926555
0.9986214717069621
0.9986132694421264
0.9986023329961049
0.9985969574544554
0.9985942696551783
0.998586206249777
0.9985754549535371
0.9985697806927476
0.998566943531085
0.9985584320377953
0.9985470832797778
0.9985410307370179
0.9985380044297635
0.9985289254986566
0.9985168201438916
0.9985110350543955
0.9985081424770517
0.9984994647365144
0.9984878943121982
0.9984803204980846
0.9984765335357486
0.9984651726352294
0.9984500245879894
0.9984431265884566
0.9984396775421509
0.9984293303918155
0.9984155340423362
0.9983927852244171
0.9983814103215115
0.9983472855137299
0.9983017841230788
0.9983013214618333
0.9982848700071132
0.9982629343536079
0.9982514334617304
0.9982456828881716
0.998228431139211
0.9982054283904583
0.9981922116237594
0.9981856030729812
0.9981657773848444
0.9981393425801456
0.9981381826645913
0.9981328818960783
0.9981169795662468
0.9980957761034516
0.9980856593361347
0.9980806008528829
0.9980654253807298
0.998045191094575
0.9980330649549984
0.9980270017435731
0.9980088120789021
0.9979845587249448
0.9979830589369032
0.9979776276326039
0.9979613336941173
0.9979396080703599
0.99792863840952
0.997923153463006
0.9979066985974336
0.997884758398936
0.9978741886652804
0.9978689036913998
0.9978530487453655
0.9978319084637451
0.9978200741166547
0.99781415680777
0.9977964048519308
0.9977727351310548
0.9977604528660271
0.9977543115871315
0.9977358877185024
0.9977113220817053
0.9976998638863346
0.9976941346615344
0.9976769469593806
0.9976540296057187
0.9976431162674397
0.997637659482531
0.9976212891019326
0.9975994615508876
0.9975880360264169
0.9975823231380225
0.9975651844445409
0.9975423324438596
0.997528836440329
0.9975220882648863
0.9975018437015324
0.9974748503670565
0.9974616358222418
0.9974550283795872
0.9974352060153873
0.9974087756440608
0.9973932667146092
0.9973855120196868
0.9973622478859882
0.997331228279578
0.9973121126142924
0.997302554432795
0.9972738798173935
0.9972356458295477
0.9972163629680456
0.9972067211798644
0.9971777957420082
0.9971392273080599
0.9971216388746027
0.9971128443612066
0.9970864607601813
0.9970512816331111
0.9970317390383173
0.9970219673722505
0.9969926522981616
0.9969535643261493
0.9969352637765381
0.9969261131846414
0.9968986613422629
0.9968620578178043
0.9968392594364907
0.996827859748176
0.9967936605834525
0.9967480600421498
0.9967236502058313
0.9967114447194971
0.9966748281488235
0.9966260041387813
0.9966018754686857
0.996589810572231
0.9965536157716419
0.9965053541825686
0.9964811957498353
0.9964691159770305
0.996432876547017
0.9963845554530177
0.996362058150003
0.9963508090178449
0.9963170615236757
0.9962720632535234
0.996250981060613
0.9962404395402807
0.9962088148920276
0.996166647283064
0.9961432895992168
0.9961316102380128
0.9960965720494268
0.9960498527324699
0.9960265985646545
0.9960149709673847
0.9959800880705126
0.9959335758182011
0.9959054701300452
0.9958914165332442
0.9958492555947716
0.9957930384733511
0.9957601251683934
0.9957436674789141
0.9956942942066631
0.9956284597251486
0.9955869748111728
0.9955662307215939
0.9955039981315238
0.9954210158792242
0.9953761053777797
0.9953536482252652
0.9952862763956875
0.9951964408167071
0.9951527148732064
0.9951308500766106
0.9950652553329502
0.9949777895739929
0.9949380909708355
0.9949182401757936
0.9948586875015987
0.9947792788522188
0.9947291017202067
0.9947040107456628
0.994628737374356
0.9945283647456488
0.9944715031213536
0.9944430692168799
0.9943577669057102
0.9942440201843394
0.9941927807560439
0.9941671585656278
0.9940902915052653
0.9939877937277322
0.9939263253740238
0.9938955876299955
0.9938033737050952
0.9936804096746585
0.9936055246694953
0.9935680768426266
0.9934557323487683
0.9933059217466226
0.9932868260217876
0.9932009272181295
0.9930863850364984
0.9930221454074697
0.9929900217030849
0.9928936498229355
0.9927651407967445
0.9927463664624522
0.992714658918515
0.9926195355686497
0.9924926914510994
0.9924212815401303
0.9923855717238823
0.9922784413351554
0.9921355845857525
0.9921281587108313
0.9920965270227081
0.9920016312088967
0.9918750906807735
0.9918134297308336
0.991782595664908
0.9916900927700084
0.9915667433806765
0.991499648820007
0.9914660972769304
0.9913654418164144
0.9912312200395791
0.991164810153635
0.991131601007344
0.9910319727447985
0.99089912100055
0.990808471484444
0.9907631389967158
0.9906271400127064
0.9904457818192306
0.9903518328507978
0.9903048500807539
0.9901639001597575
0.9899759386135375
0.9898634612935912
0.9898072107016624
0.9896384566013191
0.9894134104852332
0.9892886939563141
0.9892263209982285
0.9890391992604997
0.988789653895327
0.9886752500634245
0.9886180358750909
0.9884463908827186
0.9882174890994802
0.9880972238189546
0.9880370776341686
0.9878566363667309
0.9876160017907778
0.9875431466416095
0.9874715209690563
0.9872566401338977
0.9869700666979655
0.9868269893827609
0.9867554315135846
0.9865407541030113
0.9862544519533658
0.9861045146536375
0.9858932044704963
0.985789421037364
0.9857375191955955
0.9855818116192779
0.9853741670264704
0.9852625695192685
0.9852067590819337
0.9850393253930555
0.9848160407040125
0.9847084056811328
0.9846545773382067
0.9844930901024627
0.9842777366666235
0.9841448382394475
0.9840783724902185
0.9838789718561727
0.9836130478293306
0.9835710873082327
0.9835096624756038
0.9833253850660161
0.9830796337280662
0.9829638760057702
0.9829059846435921
0.982732307953752
0.9825006963118179
0.9823883824232845
0.9823322137296048
0.9821637051668645
0.9819389869493211
0.9817887965842266
0.981713680455086
0.9814883276706904
0.9811877855623595
0.9810265113662945
0.9809458501770225
0.9807038615511408
0.9803811270565628
0.9802096995638185
0.980123958519987
0.9798667296018965
0.9795236641033853
0.9793654877182586
0.9792863763418301
0.9790490371760758
0.9787325058265229
0.978559260123341
0.9784726096890264
0.9782126524372919
0.9778659471269159
0.9776762856284084
0.9775814215951767
0.977296822325704
0.9769172420578117
0.9766679743796723
0.9765432832023464
0.9761691971629648
0.975670218098924
0.9754445201984432
0.9753316243251199
0.9749929261976421
0.9745411674833974
0.9742899173343602
0.9741642344603378
0.9737871728427004
0.9732842234606692
0.972979694816159
0.9728273454346346
0.972370278056566
0.9717605610257539
0.9716614100561268
0.9712834803068467
0.9707793726045738
0.9704912131039921
0.9703470574548534
0.9699145729177598
0.9693376637629281
0.9689763533183918
0.9687955792375204
0.968253229183929
0.9675296828489588
0.9674852710448432
0.9673095992796495
0.9667825571656458
0.9660794460335769
0.965752780234234
0.9655893512430582
0.965099040889744
0.9644449569238918
0.9640452657652074
0.9638452761221699
0.96324527191159
0.9624447619380532
0.9620808553028136
0.9618987827444844
0.9613525350063918
0.9606237900554219
0.9601506147327107
0.9599138275044581
0.9592034146743574
0.9582554949938004
0.9577306759290705
0.957468021539622
0.956679995060238
0.9556284217180485
0.9553218092181448
0.9550136443362393
0.954089060680447
0.9528550890261616
0.9521612307340573
0.9518138751997842
0.9507716925899773
0.9493806033530997
0.9484998677261818
0.9480588184522086
0.9467354786451655
0.9449685960911184
0.944329146343004
0.9429177549060688
0.9429132576345883
0.9420494186434382
0.9408966042808655
0.9403160500708635
0.9400254824449857
0.9391536901075488
0.937990252784885
0.9371795398777828
0.936773620178663
0.9355556835473424
0.933929722989348
0.9327798938548378
0.9322038541629093
0.9304753675841406
0.9281666078459377
0.9268512283870384
0.9261920806104718
0.9242141342493274
0.9215715081058422
0.9202888724270283
0.9196461850034333
0.9177176185918512
0.9151411077435192
0.914809054487707
0.9129939453385462
0.912540373433321
0.9120647482972319
0.9106375771781505
0.9087319099723787
0.9077933730785451
0.9073233901523439
0.905913141637826
0.9040301097804138
0.9026121706709808
0.9019015917144119
0.8997691502276632
0.8969196937180861
0.8950152028981676
0.8924262641422043
0.8919924913177153
0.8914319688421137
0.8897499221317873
0.8875033532923257
0.8862381995173197
0.8856043761895621
0.883702268646094
0.8811611980834243
0.8799729271745536
0.8793776976085134
0.8775914192584768
0.875205361908457
0.8738718015593573
0.8732036589901683
0.8711984553384486
0.8685193393059594
0.86724231804432
0.8666025640313342
0.8646825550988797
0.8621174628738413
0.8608244053894525
0.8601766100444745
0.8582324220408797
0.8556349269544133
0.8542923174208593
0.8536196536666827
0.8516007575958885
0.8489031829915439
0.8470860081240096
0.8461749389503609
0.8434399915771127
0.8397827225614549
0.8381211855804173
0.8372883193038682
0.8347881718180103
0.8314455679355542
0.8298935005364275
0.8291156281441633
0.8267805824109358
0.8236591166617276
0.8221050831873417
0.8213262081583488
0.818988075732848
0.8158622850063849
0.8144034427990894
0.8136723578846117
0.811477707856703
0.8085440359278596
0.8071238009963319
0.8064120816174029
0.8042755402198263
0.8014195511795007
0.7999493664821906
0.7992125237280846
0.7970004476030677
0.7940429918407884
0.7925396232476897
0.7917860607808243
0.7895236832296455
0.7864985180758066
0.7848288868288802
0.7839916874484203
0.7814779101726598
0.7781151048434305
0.776570942602452
0.7757967389939475
0.7734721818217571
0.770362926193893
0.768708402805437
0.7678786234016329
0.7653869574498676
0.7620529633343547
0.7604361323314625
0.7596252068324568
0.7571901183109179
0.7539316342224995
0.752323262235944
0.7515164897836382
0.7490937999992827
0.7458515016719124
0.744194538133031
0.7433631967687726
0.7408665667313139
0.7375244160063575
0.7358257534261515
0.7349732854123998
0.7324130521222106
0.7289848479013841
0.7272794780672323
0.7264234939292049
0.7238526035506555
0.7204095081026447
0.7187110630558122
0.7178584347200722
0.7152975568193385
0.7118673980979786
0.710149386126368
0.7092867672637307
0.7066957747822318
0.7032245779253755
0.7014765127282319
0.7005986144964005
0.6979616045694322
0.6944279680303655
0.692661839614031
0.6917747137297878
0.6891098910588147
0.6855383629891837
0.683757314037145
0.6828625619376057
0.6801747504936371
0.6765718956736853
0.6747715061390793
0.6738669186458938
0.6711494815369283
0.6675064429681475
0.665684307427362
0.664768697257801
0.6620180714859584
0.6583301538270904
0.6564884946233627
0.6555630187321192
0.6527826939185768
0.6490547352725241
0.647197858114627
0.6462647340795468
0.6434613914664412
0.6397025596167699
0.6378253662645049
0.6368820701017553
0.6340481262390709
0.630248375677847
0.6283544252298318
0.6274028108028298
0.6245438523132195
0.6207109165383324
0.6188012423331491
0.6178418944747495
0.6149596892478955
0.6110961671115125
0.6091707262338928
0.6082036911802349
0.6052983853441685
0.6014047017787794
0.599465499984641
0.5984918611510363
0.5955667194334413
0.5916475079907417
0.5896965834218788
0.5887174418793382
0.58577577989931
0.5818357404650264
0.5798750015955424
0.5788913925852649
0.5759363253667054
0.5719798801500956
0.5700118643350084
0.5690251373572215
0.5660607225359131
0.5620935473123524
0.5601208519567722
0.5591323822664418
0.5561627519743707
0.5521906015885315
0.5502161686908098
0.549227498406277
0.5462572836997911
0.5422865562089326
0.5403134682276265
0.5393262019559617
0.536360218855541
0.5323975286235131
0.5304290559152947
0.5294448830608891
0.5264881997907084
0.5225404635825694
0.5205799871555469
0.5196006420779719
0.5166584594377841
0.5127327334527919
0.5107837029516568
0.5098109433206739
0.5068885298794986
0.5029919221843938
0.5010578015975673
0.5000933812271801
0.49719599196899655
0.4933355549318445
0.49141977626594924
0.4904654226195289
0.4875982316687519
0.48378087548468607
0.4818867961707632
0.4809441904586485
0.4781122315922909
0.47434465049513735
0.47247551758021783
0.4715462789781445
0.46875439847164135
0.46504301556849775
0.4632019433604412
0.46228762060027095
0.4595404521298598
0.45589139541998497
0.45408135526995064
0.453183424820309
0.45048538400725424
0.44690448978327574
0.4451283137170927
0.444248185207151
0.4416034857116398
0.4380963310905161
0.4363567308537269
0.43549576025023695
0.43290845290541247
0.4294804185084466
0.42778001781407776
0.4269395269604394
0.4244135577368969
0.42106991395226995
0.4194112920073349
0.4185925932779833
0.41613187632847953
0.41287788729465047
0.41126363000713273
0.4104680540545257
0.4080765537760143
0.4049175904092168
0.4033503456470794
0.40257927029449275
0.400261086591024
0.3972027406539748
0.39568527335022863
0.39494015152771794
0.39269960199021714
0.3897477930084057
0.38828303678432047
0.387565421977728
0.38540711640911657
0.382568185918184
0.38115950061912857
0.3804711699888221
0.37840037944133126
0.37568156324160107
0.374328569050376
0.3736695446773854
0.37168622619443664
0.3690879668392368
0.3678050595528532
0.3671823910089782
0.3653076980291763
0.36285769159833675
0.3616390439790864
0.36105021259787085
0.3592763897569777
0.35696524410766267
0.35581551338483225
0.3552630274559368
0.3535974574846441
0.35143532965406477
0.3503636030870596
0.34985202715282304
0.34830829495243704
0.34631314860245577
0.3453221387161703
0.34485312458463313
0.3434359523430398
0.34161462555185285
0.3407105019948583
0.34028735386900516
0.339006414445744
0.33737207496681465
0.33656167909526813
0.33618806547808106
0.335054072838039
0.33362127932977614
0.332911522563669
0.3325912534854357
0.33161525113348456
0.33039918058745443
0.3297984494643884
0.3295361308409919
0.32873145587070446
0.3277503633460202
0.32726849743486486
0.3270695673400992
0.3264519151209723
0.32572729529605304
0.32537596681857905
0.3252469428294099
0.32483504579488737
0.324392608948902
0.32418603922601513
0.32413496319061935
0.3239518243070993
0.3238232358929733
0.32377941176276853
0.323816563113028
0.32389144786421287
0.3241170505678459
0.3242594718924221
0.3243984758710405
0.32476994950762395
0.32540303605325216
0.325764079809581
0.32602408234886743
0.32674594510326266
0.32786115589302883
0.3284895782466422
0.3289001955376149
0.3300549260810496
0.3317673652222743
0.3327501038893882
0.3333663201905111
0.33510526086579034
0.33762821415300104
0.3392075904901853
0.34019464018096196
0.3429644479502725
0.34693945506747437
0.349134498848882
0.3504737788451911
0.3542253136547026
0.3595150657876832
0.35970985338395794
0.36311699958839083
0.36782899847233913
0.37004142574729176
0.37129208751776027
0.37484872734755004
0.37971501198881563
0.38208671897888097
0.3834142357768588
0.3871895680997028
0.39231753786692297
0.3948683794739985
0.39628905891252336
0.40032252683492064
0.40576901599511445
0.40849662204686965
0.41001194399559404
0.41430238752485865
0.4200651423586088
0.42296821638905924
0.4245805819910193
0.42912841052574385
0.43520587118030435
0.4382860139607062
0.44000021356190305
0.44481087105149425
0.45120765390092527
0.4544736028721938
0.45630030920143333
0.46139297729406026
0.46813237938400876
0.47160959206680636
0.47357247305352007
0.47899724694648016
0.4861421165574892
0.48989265750154704
0.4920423526818376
0.4979115636336139
0.5055968150432424
0.5097753887827882
0.5122325849266941
0.5188149584389304
0.5273517850341941
0.5326681347402196
0.5360111210122956
0.5445800679771107
0.5554057717004374
0.5602029360134453
0.563164835104259
0.5707007317115855
0.5801774200706442
0.581266715683437
0.5870647353526997
0.5944349946840445
0.5948160262714695
0.5966373837305525
0.6013826469328533
0.607450457446073
0.6104810882168051
0.612361632624794
0.6171640851155822
0.6232519756798414
0.6264388172694852
0.6285220309382451
0.6336651682833357
0.6400765134550671
0.6433699963026656
0.6456603966891462
0.6510846571915957
0.6576944131636645
0.6610778552723521
0.6636566084607166
0.6694298593769826
0.6762158764181037
0.6797294493406023
0.6828792791286621
0.689351904065795
0.6964241861904715
0.6998099351608852
0.7033728551585819
0.7100702130524745
0.7167395840644798
0.719737141084404
0.7230201439676116
0.7288429620021133
0.734395300969396
0.7368786463904187
0.7399368301497838
0.7450656144447102
0.7497437179016949
0.7518245454023728
0.7547126277742754
0.7593083489204353
0.763313812088565
0.7650837701867579
0.7678437826159792
0.7720303493811254
0.7755172219205055
0.777046051692244
0.7797092143745245
0.783579474953806
0.7866630618012516
0.7880027379246743
0.7905917071768818
0.7942139862091014
0.7969794007215976
0.7981681269513788
0.8006990344082096
0.8041229567126227
0.8066324404643782
0.807698026886073
0.8101822206488876
0.8134435533154604
0.8157423689325157
0.8167049041412392
0.8191504383340691
0.8222750027407469
0.8243959820674366
0.8252698712778548
0.8276827874208582
0.8306895585159894
0.832656484124238
0.8334520034223395
0.8358373344817182
0.8387407555572692
0.8405707885741764
0.84129531175349
0.8436576323530456
0.8464690859474571
0.8481744858296143
0.8488334474918641
0.8511768905525406
0.8539053786321628
0.8554947719685989
0.8560923245471913
0.8584202833696114
0.861072647905144
0.8625520390126895
0.8630913996363414
0.8654062982648231
0.8679874173577337
0.8693610130599996
0.8698446321902065
0.872147965924836
0.874661130679438
0.8759319745279558
0.8763616827968511
0.8786542507652895
0.8811016427536464
0.8822720619152066
0.8826492443655367
0.8849314081179248
0.8873145252991764
0.8883864282565416
0.8887121923774434
0.8909840702286074
0.8933040326648065
0.8942791051746998
0.8945544100300971
0.8968159987174422
0.8990737438774556
0.8999535786229131
0.9001797174601959
0.9024303636147993
0.9046262638577566
0.9054126732814427
0.9055893891687349
0.9078301958592812
0.9099661178078128
0.9106603054711035
0.91078964765124
0.9130199456540606
0.915096295955975
0.9157001941416255
0.915782728663571
0.9180024811683405
0.9200202545240294
0.9205356772568721
0.9205723970089681
0.9227816057197754
0.9247418840907987
0.9251707452113224
0.9251626986197741
0.9273613982549613
0.9292653466203907
0.9296096619989971
0.9295579467597038
0.9317462052678404
0.9335950690025967
0.9338569505863438
0.9337627098607832
0.9359406274036639
0.9377357265355901
0.9379173729200427
0.9377817900884657
0.9399494971251633
0.9416922185361324
0.9417959034144502
0.9416201958940512
0.9437778507363657
0.9454696391862635
0.9454976985909626
0.9452831111970821
0.9474308972785259
0.9490732458449593
0.9490280649013305
0.9487758630790414
0.9509139860689076
0.9525084264271054
0.9523924261223065
0.9521038892991561
0.9542325741330705
0.9557806669556652
0.9555962912873144
0.9552727064071279
0.9573921944467001
0.9588955202167742
0.9586452239623313
0.958287879463
0.9603984256754385
0.9618585759827184
0.9615448132117416
0.9611549933643083
0.9632568637778954
0.9646754332333054
0.9643006468692721
0.9638796267185001
0.9659730957776173
0.9673516745715417
0.9669182867121293
0.9664673273411958
0.9685526758080746
0.9698928430243704
0.9694032464571669
0.968923590983438
0.9710011036418751
0.9723044211973517
0.9717609717524248
0.9712538414681584
0.9733238054978863
0.9745918128890135
0.9739968228226431
0.9734634141711925
0.975526117338189
0.976760327069475
0.9761160591418051
0.9755575412912947
0.9776132702554463
0.9788151635415085
0.9781238267093283
0.9775413386342444
0.9795903778924265
0.9807614018030439
0.9800251461939232
0.979419796098282
0.9814624263489936
0.9826039901153576
0.9818249055277264
0.9811977676791319
0.9832342651080971
0.9843477386465548
0.9835278503697906
0.982879965239342
0.9849106007166645
0.9859973125407474
0.9851385797757864
0.9844709520772502
0.9864959913849424
0.9875572274860466
0.9866615420318322
0.9859751415946395
0.9879948432343842
0.9890318458718081
0.9881010312042235
0.9873967926916469
0.9894114074404123
0.9904253743705355
0.9894611860067143
0.9887400098158651
0.9907497789543163
0.991741862041217
0.9907459881297878
0.9900087303477489
0.9920138955498903
0.9929852050841051
0.9919592631541017
0.9912067589066559
0.9932075410301197
0.994159137111156
0.9931046851228654
0.992337717159126
0.9943343403905694
0.9952672476680811
0.9941857604364027
0.9934050951689762
0.9953977704162089
0.9963129617721491
0.9952058695134238
0.9944122291417193
0.9964011546133272
0.9972995620696214
0.9961682222980557
0.9953622900175189
0.9973476678865786
0.9982301897469904
0.9970758870025133
0.996258341767584
0.9982403464217138
0.999107822102572
0.9979318103403064
0.9971032468268839
0.9990820771797153
0.9999353309775872
0.9987387642176071
0.9995732392733568
0.9998657354885478
0.9999828895741889
0.9999999997415008