0.9993393045741146
0.9993147279572464
0.9993024390769243
0.9992655723571296
0.9992164148309439
0.9992102973583545
0.9992046499590619
0.9992034310059354
0.9991980327799614
0.9991954824909837
0.9991942073399666
0.9991903818848409
0.9991852812594929
0.9991823818382949
0.999180932119389
0.9991765829602287
0.9991707840568086
0.9991678873951966
0.9991664390559043
0.9991620940356163
0.999156300650707
0.999153246231499
0.9991517190125322
0.9991471373529736
0.9991410284464826
0.9991378656263741
0.9991362842063831
0.9991315399436139
0.999125214231033
0.9991156204041802
0.9991108234034036
0.9990964323853684
0.999077244083329
0.9990742515994471
0.9990674023933099
0.9990639777450556
0.9990537037913769
0.9990400050445127
0.9990367791344963
0.9990328948301984
0.9990309526632294
0.9990251261585609
0.9990173574415514
0.9990128228245218
0.9990105554961225
0.9990037535062242
0.9989946841247166
0.9989902515283436
0.9989880352106685
0.9989813862530473
0.998972520918278
0.99896798192751
0.99896571241211
0.998958903861214
0.9989498257321936
0.9989444560911126
0.9989417712426993
0.9989337166912966
0.9989229772029059
0.9989174408820186
0.9989146726916859
0.998906368114245
0.9988952952528402
0.9988894601012404
0.9988865424925603
0.9988777896594759
0.9988661191136814
0.9988594758011072
0.9988561541024453
0.9988461889978837
0.9988329020591405
0.998825641063832
0.9988220105155504
0.9988111188607794
0.9987965964949728
0.9987895455651981
0.9987860200522378
0.9987754435039258
0.9987613412897018
0.998754745377173
0.9987514473789053
0.9987415533756546
0.9987283612399264
0.9987201462902808
0.9987160387506628
0.998703716119766
0.9986872857400323
0.9986791711323217
0.9986751137648768
0.998662941650676
0.998646711966504
0.9986371621554047
0.9986323871629581
0.9986180621701662
0.9985989619004452
0.9985890196285163
0.998584048397184
0.9985691346864571
0.9985492494392214
0.9985474483763913
0.9985432397641741
0.9985306139148908
0.9985137792333127
0.9985027358613163
0.9984972140585595
0.998480648630103
0.9984585610224064
0.9984455057693185
0.9984389779812567
0.9984193945906676
0.9983932828829658
0.9983918338674157
0.9983755306717401
0.9983537927183861
0.99831830112532
0.9983005541368476
0.9982473130076703
0.9981763209358631
0.9981556191805098
0.9981430494405756
0.998136764420666
0.9981179093358735
0.9980927687375579
0.9980801080838525
0.9980737776031214
0.9980547861355475
0.998029463687707
0.998016727492048
0.9980103592390577
0.9979912544552137
0.9979657809074507
0.9979602652590134
0.9979542113819374
0.9979360497276991
0.9979118337384336
0.9978999056185085
0.997893941421887
0.9978760488091151
0.9978521915580915
0.9978078973600256
0.9977857484055679
0.9977193012983484
0.9976306990181398
0.9976179811621355
0.9976075133460098
0.9975761098358785
0.9975342371306367
0.9975150920373748
0.9975055191392551
0.9974768003929525
0.9974385075949506
0.9974210389252027
0.9974123042972828
0.9973861003699698
0.9973511608509893
0.9973325552364263
0.9973232520964015
0.9972953426263834
0.9972581289324387
0.9972401072232097
0.9972310960592231
0.9972040625201041
0.9971680168004025
0.9971492320091904
0.997139839277557
0.9971116610323358
0.9970740889451492
0.9970523688605925
0.997041508368092
0.9970089268242499
0.9969654833087536
0.996943947203715
0.9969331787100679
0.9969008731637768
0.9968577976782133
0.9968336090783014
0.9968215142261404
0.9967852295906114
0.9967368482621752
0.9967108339695692
0.9966978261796858
0.9966588027151183
0.9966067693622886
0.9965798826964674
0.9965664386873359
0.9965261065601044
0.996472328184422
0.9964468608119856
0.9964341265216045
0.9963959235622121
0.9963449842747705
0.9963004336255862
0.99627815642489
0.996211324569958
0.9961222092426724
0.9960783186695858
0.9960563715491882
0.9959905299386463
0.9959027351830241
0.9958600893100007
0.9957934456627414
0.9957618112390991
0.9957459930816269
0.9956985384698728
0.9956352625913739
0.9955991175205311
0.9955810437613228
0.9955268223085469
0.9954545230105813
0.9954201756197529
0.9954030008136312
0.9953514762435456
0.9952827731140546
0.9952490549864518
0.9952321948281643
0.9951816141974813
0.995114169861857
0.9950760533724851
0.995056993763044
0.994999814744879
0.9949235715348318
0.9948798768581124
0.9948580277103475
0.9947924800175495
0.9947050771449422
0.9946606547078388
0.9946384416105712
0.9945718020702407
0.9944829432046454
0.9944397960148817
0.9944182206515949
0.9943534943143321
0.9942671867908187
0.9942165286121362
0.9941911971147324
0.9941152022855854
0.9940138678652689
0.9939665902271407
0.9939429492876631
0.9938720261664721
0.9937774551194872
0.9937165460418309
0.9936860880244468
0.9935947134724474
0.9934728693822947
0.9933893315430765
0.9933475561112505
0.9932222289561029
0.9930551042980507
0.9929705206473648
0.9929282220502165
0.9928013253412955
0.9926321074602603
0.9926055674337725
0.992569469973651
0.9924611769416021
0.9923167700352445
0.9922990465799533
0.9922667121769341
0.9921697084204487
0.9920403572296849
0.9919737821393273
0.9919404904698643
0.9918406148875634
0.9917074337267233
0.9916410470726055
0.9916078496106682
0.9915082566661534
0.9913754523929362
0.991301530067371
0.9912645637634414
0.9911536641614743
0.9910057810139667
0.9909353388197526
0.9909001130279882
0.9907944350297659
0.9906535155667658
0.9905771275214265
0.9905389279926786
0.9904243286574017
0.9902715114740039
0.9901930970606642
0.9901538840912475
0.9900362443643707
0.9898793726068237
0.989777624658659
0.9897267410923093
0.9895740890903946
0.9893705207886221
0.9892477362900097
0.9891863298606715
0.9890021086591833
0.9887564334367706
0.9887247072842388
0.9886669332485565
0.9884936093760324
0.9882624699899489
0.9881388545880684
0.9880770327749548
0.9878915654008401
0.9876442279675378
0.9875964592193519
0.9875327141420386
0.9873414768699267
0.9870864431618431
0.9869684407813596
0.9869094264381508
0.9867323816038046
0.9864962787881213
0.9863785614077891
0.9863196897968804
0.9861430731184152
0.9859075416762294
0.9857792860030918
0.9857151429639
0.985522711651945
0.9852660859675981
0.9851098878327814
0.985031766171523
0.9847973980432737
0.9844848313993494
0.9842626005658001
0.9841514392007402
0.9838179486922008
0.9833731422539855
0.9832929947509332
0.9829468896390913
0.9827781504653392
0.982521304694677
0.9823645618396339
0.9822861677512953
0.982050982140565
0.9817373258007769
0.9815323884868942
0.9814298811125923
0.9811223532775908
0.9807121876827872
0.9804802957349422
0.980364300471502
0.9800163073301852
0.9795521517106058
0.9792973736354805
0.9791699250794802
0.9787875704309252
0.9782775656539757
0.9779855891181819
0.9778395229030249
0.9774013123246358
0.9768167727889707
0.9768006199802897
0.9766842334554404
0.9763350663268832
0.9758693446445765
0.9756275612047536
0.975506616163071
0.9751437726955333
0.9746598032851639
0.9743147644005977
0.9741421367885778
0.9736242373253893
0.9729333398781115
0.9728763637529205
0.9726522557716338
0.9719799035527252
0.9710828214988713
0.9706413648558859
0.9704204599622974
0.9697577169109061
0.9688734679434563
0.9687046525528298
0.9681109170169463
0.9678361911255416
0.9676987602587722
0.9672864564096237
0.9667364900740729
0.9664595560273861
0.9663210204930808
0.9659054023298609
0.9653510130972142
0.9649885261163729
0.9648071653205952
0.9642630627904533
0.9635371968818551
0.963171670396624
0.9629887883955275
0.9624401217614317
0.9617081632069737
0.9613289127735428
0.9611391596519815
0.9605698778392608
0.9598104030284873
0.9593126425245907
0.9590635433763856
0.958316206762603
0.9573190166210362
0.9566801981009687
0.9563604309794222
0.9554010646140866
0.9541206818763814
0.9532766517669404
0.9528540122387124
0.9515859784325092
0.9498931310693356
0.9492799761228906
0.9480775065968291
0.9478131878421067
0.9474232412100424
0.9462532964598314
0.9446915756998139
0.9442234903386915
0.9430930444839252
0.9424791856589063
0.9421719347531247
0.9412501138449505
0.9400199081306078
0.9392198823920017
0.9388193263781549
0.9376175406768433
0.9360132753289788
0.9359490051679459
0.935038871571024
0.9338242860874305
0.9330663800303478
0.9326869466067021
0.9315485350821479
0.9300289732548183
0.9290920450950204
0.9286228509163551
0.9272150940364565
0.9253355307200966
0.9244618734720603
0.9240244161289758
0.9227118862933764
0.9209596348819522
0.9198535299989843
0.9192994808438165
0.917637073030262
0.9154169955283399
0.9139485007019534
0.9132125178792218
0.9110040938094407
0.9080533133492724
0.9076579133363132
0.9058526850944556
0.9034415875115095
0.9031690134708065
0.901408452774881
0.8990571320586932
0.8978775601187953
0.897286690778671
0.8955137303046662
0.8931458287450116
0.8920296046156976
0.8914705298527635
0.8897929743768135
0.8875527112608057
0.8862985381191715
0.8856702550745008
0.8837849705701264
0.8812668091502228
0.8801276255980556
0.8795570522022746
0.8778449535355618
0.8755584933487797
0.8743073083543853
0.8736805467112386
0.8717997852630581
0.8692876790878825
0.867700119173153
0.8669044747084289
0.8645167386077934
0.8613259241204745
0.8609507001155788
0.8602064836736855
0.8579730929906219
0.8549889462619868
0.8536233169504359
0.8529391313187331
0.8508859104406833
0.8481429328045522
0.8467852034420236
0.8461049902267911
0.8440636597845753
0.8413365494021187
0.8400236458429658
0.8393659319240445
0.837392111325397
0.8347553011564186
0.8333177483787779
0.8325974549925174
0.8304357210367446
0.8275472544162589
0.8258095746198678
0.8249385007819825
0.8223239644275065
0.8188286923098783
0.8181486724428187
0.8157963626379757
0.8126523446267966
0.8111552746497261
0.810405024077425
0.808153190949936
0.8051435915773072
0.8037179940776225
0.803003606265259
0.8008594123635072
0.7979938144947145
0.7963495300044857
0.7955252275839485
0.7930508810522509
0.7897425401750853
0.788217801407511
0.7874535009665516
0.7851592979135051
0.7820921490184398
0.7804415034976393
0.7796138456222107
0.7771292715470324
0.7738064652830674
0.7722723138310517
0.7715031275145913
0.7691941207464773
0.7661064122245246
0.7644967870582399
0.7636895609582167
0.7612662182467177
0.7580246997815661
0.7564211322809009
0.7556168385665607
0.7532022350335311
0.7499719767372898
0.7483106497115442
0.7474771672132237
0.7449747954367936
0.7416261746814499
0.7399837332597322
0.7391596192985233
0.7366853249962517
0.73337387726317
0.731727490505073
0.7309012547190044
0.7284205169110152
0.7250998744822587
0.7234258115348419
0.7225854937666893
0.7200623733050557
0.7166842175441102
0.7149867157217614
0.714134441002147
0.7115753227576845
0.7081482148150905
0.7064535289513666
0.7056025355823605
0.703047209037071
0.6996246936557076
0.6979087903198407
0.6970469716158039
0.6944590544382266
0.6909922218076548
0.6892632708088733
0.6883947582419944
0.6857866723159826
0.6822922951386364
0.6805650256543045
0.6796972751540263
0.6770914383976646
0.6735997903673894
0.6718390975227809
0.6709544192897687
0.6682976624789522
0.6647372402065099
0.6629590523985525
0.6620655163989275
0.6593821033559389
0.6557857086621012
0.6540069774157447
0.6531131873143774
0.6504289894314269
0.6468316287239002
0.6450322482474379
0.6441281030506061
0.6414127605896728
0.637773705097136
0.6359724821063928
0.6350675303722954
0.6323497551379212
0.6287078708872881
0.6268804686247237
0.6259624895347259
0.6232055463635304
0.619511566189186
0.6176708377925715
0.6167463861871252
0.6139699850138927
0.610250683177209
0.6084011980339825
0.6074726521943125
0.6046839453565095
0.600949181208591
0.5990984653583941
0.5981696898826848
0.5953802961988357
0.5916459194011245
0.5897790969854962
0.5888426753098069
0.5860302960824774
0.5822665677382275
0.580396431014163
0.5794588791817556
0.5766431000380599
0.5728765712276749
0.571003536861754
0.5700651381067151
0.5672468039992817
0.5634788227587741
0.5616088679262115
0.5606726910607964
0.5578610188016045
0.5541041343024343
0.5522408168280234
0.5513087050652807
0.5485092244017521
0.5447710010132444
0.542917838965041
0.5419916047483949
0.5392097506140778
0.5354975871987371
0.5336524596711798
0.5327310923017364
0.529963809730299
0.5262737477973338
0.524444369390595
0.5235317600166467
0.5207907289815956
0.5171384411086652
0.5153263965494783
0.5144233666016764
0.511711036275888
0.5080998439499116
0.5063121481461672
0.5054222052286155
0.502749099987578
0.499193019897597
0.49742936508611346
0.4965523711927295
0.4939180526212242
0.4904165046043241
0.48868120425232636
0.4878193051291018
0.48523020073549933
0.4817916921437553
0.480087905298004
0.4792426653182513
0.47670345393895275
0.4733341436716933
0.4716660769165449
0.47083956719549325
0.46835645187256064
0.46506448406881623
0.4634338535727039
0.4626269146445253
0.4602023967441386
0.4569910170421532
0.45540077607993334
0.45461485433213755
0.45225325742200545
0.44912810817152093
0.4475807075392063
0.4468170019606035
0.4445219050003086
0.44148764698042264
0.43998510948356434
0.4392446122372481
0.4370189708463848
0.4340794538770838
0.4326236039307162
0.43190721542533195
0.42975370732052154
0.426912430849518
0.42550547962057583
0.42481429308202795
0.4227361744943071
0.41999740682032194
0.4186408510448769
0.41797562021298973
0.4159751217186963
0.4133418085902616
0.41203768608478036
0.41139943235704135
0.40947958708562515
0.40695573177070327
0.40570641284650444
0.40509632019503217
0.403260647818126
0.4008508863857651
0.3996544375279394
0.39907164818915813
0.3973174990563753
0.39501852487896655
0.39388343495112366
0.3933320479095222
0.39167173174684444
0.38949949968509345
0.38842306744733796
0.3879018685854976
0.3863316451191143
0.38428144652088514
0.3832635126426333
0.3827725256753715
0.3812923711743598
0.37936434108538053
0.37840940292861286
0.3779508316676613
0.3765673111748869
0.37476997027975956
0.37387977244417847
0.3734545279643486
0.3721702859331422
0.37050713004046687
0.3696832961151983
0.36929224153325696
0.3681097616429091
0.36658408267758
0.3658288501791317
0.36547313289389166
0.36439574854837364
0.36301189334485245
0.36232712844513065
0.3620077339457586
0.3610382678412672
0.359799937665488
0.35918773072995963
0.3589057536964485
0.35804734106993297
0.35695861979505805
0.3564211120146137
0.35617767944651363
0.35543353094046953
0.3544985897482837
0.354037918927493
0.35383417204765044
0.3532075118380693
0.35243054230048015
0.35204895631256317
0.3518861032759276
0.3513803256184692
0.35076573268617
0.35046554624652854
0.3503448526784023
0.3499634817781082
0.34951584850824596
0.3492995601746556
0.3492224008597699
0.3489692441780185
0.3486935111891765
0.3485637739321664
0.3485316331624227
0.34841076548242006
0.3483122277340031
0.34827191871039365
0.3482864363476368
0.34830231938123457
0.3483867883900502
0.3484391192520505
0.3485021624098284
0.34865983227571634
0.3489338897346239
0.3490826004422709
0.34919639502608213
0.34950180597723757
0.3499732815142087
0.35022302853742937
0.3503904106681559
0.35085110200684577
0.3515299884128404
0.3518871981201806
0.3521121769089843
0.35273876716578617
0.35363929545668465
0.35411428295623815
0.354403432199616
0.35521332232492303
0.35635909875982863
0.35697265887767177
0.3573395111872279
0.35836853918669204
0.35980876854099586
0.36062434895254514
0.36111149830809924
0.36247204520509085
0.3643627333780858
0.3654503217148582
0.3661033674591321
0.3679129817017279
0.37040879141481353
0.37121479869047286
0.37318392108225296
0.37320744399778855
0.3736709790828106
0.3749894932729621
0.3767750599849045
0.37705561323402176
0.3774882275384721
0.37872458981362517
0.3803915699169892
0.38113691414692813
0.38154077021182575
0.38269931585851513
0.38425578923655374
0.3849624076271365
0.38534223346289387
0.3864348038597829
0.3878986957929688
0.38856640467922204
0.38892297379361274
0.38995096891490233
0.3913254243386178
0.3919506029995327
0.3922825193164385
0.39324152703897797
0.3945216139110159
0.3951004519044326
0.39540612014011856
0.3962912697717921
0.3974712965909906
0.39799931195275784
0.3982767012109502
0.3990819392486804
0.40015451589247797
0.40031671731743423
0.40056339651715017
0.40128156859628167
0.40223778800876425
0.40225435137745486
0.4024641553692019
0.4030773117106739
0.40389365503451796
0.4043363209651036
0.40456726365689794
0.40524014276406517
0.4061354248025906
0.4066149656619118
0.4068661675517568
0.4075957900889959
0.40856595699733345
0.40908355079745956
0.4093559532308338
0.41014443959072977
0.4111922779781558
0.4117632181484366
0.41206577343834694
0.4129373873765172
0.4140950414633424
0.41474970107338677
0.4151004749027202
0.41610369479436654
0.41743529403678986
0.41821202447735206
0.4186352162086532
0.4198328577205825
0.42142137034669475
0.4223747929013056
0.42290749867917704
0.4243922436258649
0.4263595307994087
0.4274504843624415
0.42807345895898113
0.4297872931950937
0.43205660422223635
0.43336914563367723
0.4341450267154408
0.43623740789508014
0.4390000650017559
0.440685134573713
0.44173851965898586
0.4444892404263022
0.44809058887594266
0.45020109273163295
0.45160545179740696
0.45513714415223155
0.4596907616217651
0.4627121035844642
0.4650629302033562
0.4705270366144101
0.477229587830487
0.48056865492975964
0.48565503401717525
0.4880817583213805
0.4898114611712043
0.493918929750243
0.49906032932608374
0.5020422353095947
0.5045450801303207
0.5100923270729304
0.5166911187644773
0.5201099348238974
0.5232328549118126
0.5297970564563859
0.537214318040075
0.5406972176012338
0.5437848363669379
0.5501555289032474
0.5572622882570415
0.5605918252850034
0.5636213326813494
0.5697587795099343
0.5765175934001933
0.5796794752031087
0.582651952679592
0.5885533979186834
0.5949582265625233
0.5979456546048197
0.6008608320550827
0.606522422274066
0.6125711614785951
0.6153820786131536
0.6182412736229114
0.6236663442324567
0.62936825581832
0.6320075534813334
0.6348146312985378
0.6400152442459216
0.6453904448060176
0.6478685430487403
0.6506292435654836
0.6556234532856323
0.6606984819211696
0.6630286564383878
0.6657494726129938
0.6705576788090984
0.6753608046039151
0.6775568110829829
0.680244045305351
0.6848860915584484
0.6894439237568212
0.6915184408412528
0.6941776241296745
0.6986710636987294
0.7030066963053159
0.7049705536750444
0.7076061925565618
0.7119655540625222
0.7160979126768274
0.7179598796705285
0.7205754277017066
0.7248121493840496
0.7287560966430476
0.7305230008824374
0.7331209564045255
0.7372436890835942
0.7410105226788729
0.7426875262793148
0.7452695854255457
0.7492846526946904
0.7528827502691934
0.7544736748511608
0.757040896332479
0.7609527843187366
0.7643882528096093
0.7658958935514837
0.7684488521907785
0.772260662207871
0.7755379209205571
0.7769643219434227
0.7795032409691055
0.7832170768188422
0.7863393472891584
0.7876860293659393
0.7902108888991234
0.7938281722679295
0.7967978719232728
0.798066013302082
0.8005766362255766
0.8040983544903623
0.8069174026380541
0.8081079782060242
0.8106040961765054
0.8140309914576608
0.8167010405183216
0.8178149260147832
0.8202962287394325
0.8236289380991575
0.8261515436594552
0.8271895916299452
0.8296557622837722
0.8328949183521559
0.8352716605453849
0.836234754082339
0.8386854931670007
0.841831793114676
0.8440643601241767
0.8449537364670581
0.8473880957563829
0.8504416523420275
0.8525318933974219
0.8533477525605249
0.8557666215320026
0.8587295323398755
0.8606795321308671
0.8614239252433137
0.8638264771793714
0.8666991772789958
0.868511194743209
0.8691850026842768
0.8715711297421158
0.8743549044060167
0.8760314378574419
0.8766360174529654
0.8790056818973613
0.8817019892208346
0.8832457425282848
0.8837825552998658
0.8861357805449572
0.8887462359837902
0.8901601055103197
0.8906307056274776
0.8929675735742716
0.8954939385888364
0.8967809958070119
0.897187020603737
0.8995076680548704
0.9019518363306964
0.9031153076801587
0.9034584670608958
0.9057630815203527
0.9081270637103352
0.9091703089202677
0.9094523742165502
0.9117411892402195
0.9140270968783683
0.9149535866408779
0.9151763792344865
0.9174496696592291
0.9196596989472243
0.9204729926398701
0.9206383728254106
0.9228964498316661
0.9250328655448823
0.9257365894649907
0.9258464455616209
0.9280896519739622
0.9301547720063315
0.9307525986368547
0.9308088368050009
0.9330375422497491
0.9350337227348832
0.9355293511084388
0.9355338855086752
0.9377484822008886
0.9396781037811992
0.9400752412386805
0.9400299851676697
0.9422308837215664
0.9440963387552955
0.9443986840848573
0.944305542095763
0.9464931672910305
0.9482968478229081
0.9485080761997517
0.9483689364186352
0.9505437237273066
0.9522880108845212
0.9524117600933398
0.9522284874954412
0.9543908800647317
0.9560781347235444
0.9561179928941581
0.9558924238890245
0.9580428692017546
0.9596754232843608
0.9596349180778874
0.9593688552570541
0.9615078025726197
0.9630879513388807
0.9629705416354161
0.9626657490820766
0.9647936466746074
0.9663236426172988
0.966132709021811
0.9657909093098448
0.9679082027828435
0.9693902496672462
0.9691290894360199
0.968751959445435
0.9708590898173659
0.972295338748627
0.9719671587997915
0.9715563288342118
0.9736537303914451
0.9750462751540652
0.9746541888883814
0.9742112389384894
0.9762993387744534
0.9776502126817584
0.9771972374337877
0.9767236967089419
0.978802911833894
0.9801140862647575
0.9796031370110306
0.9791004820319177
0.9811712222938561
0.9824446048860546
0.9818784960136375
0.981348154513777
0.9834108141579072
0.9846482445172056
0.9840296907038207
0.9834730316948087
0.9855279971188458
0.98673125008513
0.9860628617337311
0.9854812018605135
0.9875288492772004
0.9886996367297747
0.9879839138539934
0.9873785248368939
0.9894192161452151
0.9905591757255219
0.9897985353902758
0.9891706262655204
0.9912047062679834
0.9923154158303604
0.9915121547390136
0.9908628948663283
0.9928907001052134
0.9939736698007258
0.9931299970696267
0.9924605014593775
0.9944823506204257
0.9955390195382728
0.9946570537870854
0.9939683615262337
0.9959845848478267
0.9970163502410585
0.9960980905184585
0.9953912596653903
0.9974021213902245
0.9984102837178216
0.9974576752743908
0.9967336037292203
0.9987394464307148
0.9997252917314479
0.9987401434648989
0.9997445507719525
0.9998439690204439
0.9999203836517107
0.9999999996218609