20000.
19997.098478896
19995.647876092
19991.296699233
19985.496603496
19984.475985192
19984.018856437
19983.660090528
19983.480709976
19982.942578006
19982.225091327
19982.079953985
19981.880267896
19981.281221634
19980.4825213
19980.09705718
19979.904327895
19979.326151221
19978.555275093
19978.110380177
19977.887936418
19977.220620034
19976.330899617
19975.918530223
19975.712348703
19975.093816941
19974.2691378
19974.23673472
19974.056930156
19973.517526205
19972.798343666
19972.302256755
19972.054217901
19971.310119861
19970.318032362
19969.687744244
19969.372607621
19968.427227638
19967.166790738
19966.536768879
19966.221765381
19965.27678475
19964.016880274
19964.01230741
19963.696893856
19962.750683141
19961.489138741
19959.796659141
19958.950473092
19956.412130305
19953.028175753
19951.732102644
19951.285485677
19949.840239838
19949.082870706
19948.704196893
19947.56821864
19946.053681745
19945.314354071
19944.944700484
19943.835780881
19942.357317464
19941.584231149
19941.197699201
19940.038148369
19938.49218563
19937.718040511
19937.330979194
19936.169840387
19934.621760656
19933.733301082
19933.289086112
19931.95650066
19930.179858811
19929.205828078
19928.718830527
19927.257909346
19925.310181224
19924.237099932
19923.700580917
19922.091110637
19919.94535272
19919.799094703
19918.481045003
19916.723781242
19915.577623198
19915.004568868
19913.285504896
19910.993650655
19909.869032756
19909.306747585
19907.619987433
19905.371196417
19904.154906282
19903.546789039
19901.722548875
19899.290488983
19897.991536653
19897.342092237
19895.393886263
19892.796575282
19891.60582628
19891.010478464
19889.224542012
19886.84354308
19885.517687612
19884.854792976
19882.866241754
19880.215149724
19879.000409989
19878.39306791
19876.571153096
19874.142193334
19873.02868555
19872.471955013
19870.801857059
19868.575278339
19867.213638807
19866.532853984
19864.490639584
19861.768013879
19860.036705898
19859.171108437
19856.574542538
19853.112983117
19851.398701589
19850.541616272
19847.970582469
19844.543055731
19842.706014036
19841.787556894
19839.032440669
19835.359547818
19835.269620769
19833.228706517
19830.507814442
19828.980861821
19828.217429545
19825.927309183
19822.874227116
19821.290991795
19820.499421496
19818.12490038
19814.959315044
19814.437753733
19813.719967165
19811.566763576
19808.696189728
19807.10349294
19806.30719251
19803.918483415
19800.733986399
19798.993046234
19798.122633489
19795.511624969
19792.030816259
19790.21672415
19789.309740383
19786.589038609
19782.962018453
19782.497397106
19781.727266518
19779.417054751
19776.337192382
19774.743098618
19773.946099862
19771.555296441
19768.368008512
19766.5452702
19765.633964002
19762.90029762
19759.255997585
19757.509686455
19756.636588702
19754.017527064
19750.525985307
19748.530677265
19747.533098763
19744.540665744
19740.551460815
19738.508968047
19737.487800837
19734.424616328
19730.341110212
19727.941324878
19726.74154158
19723.142629646
19718.345102203
19715.981249355
19714.799429113
19711.254393591
19706.528671607
19703.61153326
19702.153125915
19697.778551748
19691.947297661
19690.718550068
19689.074380237
19684.142694671
19677.569036061
19674.378673978
19672.783686795
19667.999501269
19661.62239764
19658.383879016
19656.764819624
19651.908441714
19645.435138133
19642.001713569
19640.285226187
19635.136664254
19628.2740151
19624.649389751
19622.837327951
19617.402146669
19610.157580751
19606.049840641
19603.996293113
19597.836941281
19589.62748319
19585.388601411
19583.269504336
19576.913589019
19568.44224489
19566.632196355
19564.547501916
19558.294751476
19549.960860156
19543.803888468
19540.726129576
19531.495761165
19519.195386542
19518.53263779
19511.358434294
19501.796932321
19496.1896447
19493.386605301
19484.979905311
19473.776612446
19468.324272315
19465.598674536
19457.424170921
19446.530173591
19441.300659534
19438.6864297
19430.845849578
19420.396662997
19414.61696873
19411.727766448
19403.06273953
19391.515387893
19384.785401791
19381.421284427
19371.332435368
19357.888806754
19349.620020744
19345.48695204
19333.093042717
19316.580182626
19308.214346118
19293.308234899
19291.962867415
19288.736721059
19279.061519114
19266.168799929
19257.175316733
19252.680149238
19239.200942235
19221.24334677
19210.880481237
19205.701143396
19190.171507372
19169.484859708
19167.569082155
19163.29212603
19150.466983471
19133.380145897
19125.18676219
19121.091385854
19108.81051849
19092.448299036
19091.711161541
19087.959170853
19076.707622921
19061.715876757
19053.17153698
19048.900803119
19036.094344976
19019.032461017
19010.787514347
19006.666381153
18994.308341653
18977.843455484
18968.371141076
18963.636756617
18949.440692798
18930.529139235
18920.059296505
18914.826546395
18899.136978623
18878.237799546
18874.519326199
18868.999462384
18852.449555597
18830.4055934
18816.322845052
18809.285420385
18788.188935746
18760.097095014
18746.19760644
18739.251723948
18718.429515315
18690.702559196
18674.33794154
18666.161005894
18641.65167652
18609.022626913
18608.262689783
18600.723547387
18578.124443285
18548.035012545
18528.195190994
18518.283238991
18488.579188446
18449.047895142
18429.60211284
18419.886908453
18390.772014286
18352.023732816
18351.517481861
18342.0582142
18313.70965718
18275.97972845
18257.528869608
18248.310425955
18220.68301398
18183.911521758
18162.230444557
18151.399601137
18118.945810196
18075.764337565
18051.928878447
18020.188142947
18002.778197673
17994.079533042
17968.008750684
17933.306459118
17913.445955214
17903.523952099
17873.790905995
17834.223645695
17810.830179536
17799.144955212
17764.135262099
17717.562770617
17693.522933457
17681.515248548
17645.541067484
17597.689325623
17575.32677547
17564.15615841
17530.686890116
17486.160391371
17464.757087925
17454.065261638
17422.029041199
17379.405534666
17349.908585903
17335.178889467
17291.06479105
17232.420576828
17204.678435596
17190.824116522
17149.328063787
17094.155769678
17066.903580631
17053.293781875
17012.529470851
16958.328599702
16933.778475143
16921.516742881
16884.784794453
16835.932870257
16810.550589589
16797.873802032
16759.900769591
16709.403562025
16671.336765214
16652.335898684
16595.463138662
16519.934832206
16505.266585368
16484.850854188
16423.755054805
16342.646079318
16324.207746115
16302.082801776
16235.88773121
16148.045570115
16103.666719714
16081.523050386
16015.274572837
15927.367615423
15885.260914043
15864.24932378
15801.381162532
15717.944334841
15672.625939402
15650.015762271
15582.380758051
15492.655231128
15434.762432187
15405.897206125
15319.625021334
15205.346504153
15147.261547938
15118.302328189
15031.756443308
14917.132133035
14861.22186422
14833.345359983
14750.029201744
14639.668502543
14568.940550822
14533.704814959
14428.508105334
14289.429327056
14203.328097812
14160.472227549
14032.678920741
13864.080066485
13789.3527861
13735.384958254
13708.48029992
13628.082118743
13521.617556585
13509.494786548
13484.345948497
13409.179987197
13309.610086816
13257.895284098
13232.113281844
13155.067711338
13053.037675447
12983.246900724
12948.491567296
12844.7828036
12707.795417506
12699.878503112
12662.687700454
12551.767488828
12405.383820133
12298.068484798
12244.759449289
12086.214835822
11878.010723544
11815.537088436
11649.987557402
11643.977420302
11604.733631638
11487.79407175
11333.705663497
11259.678856593
11222.846964786
11113.072611429
10968.375263692
10863.072916943
10810.801458337
10655.491388816
10451.876540832
10372.542586242
10204.08456135
10198.48852976
10090.813678668
9949.0135372761
9867.7675452505
9827.3936886353
9707.2605590071
9549.3643624099
9462.8784801555
9419.9297100006
9292.2494496752
9124.6971195554
9119.6618261048
8998.2340471229
8838.8416567926
8760.7920098975
8722.026015951
8606.7542305687
8455.4248575449
8389.0463828368
8280.2918423288
8221.1505187344
8191.7384483907
8104.1320867224
7988.7792875954
7930.1495756573
7900.9962718946
7814.177841341
7699.9021082874
7645.04797365
7617.7676216704
7536.5092596843
7429.5115096519
7377.2899139735
7351.3169243197
7273.9453262279
7172.0484499539
7112.8142425967
7083.3808465914
6995.8094354732
6880.729353943
6827.7206197908
6801.3695890207
6722.925130015
6619.7381086313
6569.5563337617
6544.6082787407
6470.3311247787
6372.6046035008
6324.3523417931
6300.3633917226
6228.9411218062
6134.9693166911
6087.7434065009
6064.2669513376
5994.3793943733
5902.4472594198
5857.1139857009
5834.5780817513
5767.4892965328
5679.2360408477
5636.1192441896
5614.6837536592
5550.8651915266
5466.9007329383
5425.7697027367
5405.3203777957
5344.4336771248
5264.3169434549
5223.742369202
5203.5725044286
5143.5289895512
5064.5473383383
5026.0831485002
5006.9607390593
4950.0289300695
4875.1255652407
4838.472394119
4820.2492770884
4765.9906975389
4694.5948053672
4658.6459597295
4640.7748970245
4587.5719924178
4517.5823627083
4483.0167767606
4465.833286819
4414.6769985405
4347.3790095839
4314.5481283913
4298.2257795058
4249.6282957801
4185.6853013314
4154.3548767011
4138.7777154325
4092.3958072797
4031.360817414
4001.1809564296
3986.1758563182
3941.4973447321
3882.7040100896
3853.8493314982
3839.5025046071
3796.7816873437
3740.5591047794
3712.81280205
3699.0169253797
3657.9361082045
3603.8705174109
3577.2696637112
3564.0429564437
3524.6555429803
3472.8152711713
3447.3283800976
3434.6551624856
3396.9143660239
3347.237616154
3322.8525649983
3310.7267377003
3274.6141112975
3227.0759492572
3203.7091928378
3192.0893386894
3157.4820383511
3111.9219125732
3089.5449077221
3078.416817144
3045.2724606573
3001.634432119
2980.2046795257
2969.5472439173
2937.8030647229
2896.0047342421
2875.4867411349
2865.2823215748
2834.8858291759
2794.858192969
2775.2062427954
2765.4321461256
2736.3159154421
2697.9705815915
2679.1510945767
2669.7906354625
2641.9050251462
2605.1767617518
2587.1496031822
2578.1828560724
2551.4686515458
2516.2798014917
2499.0089048309
2490.4179599504
2464.8219214598
2431.1026271724
2414.5524274461
2406.3196257848
2381.7892657916
2349.4706724186
2333.6064823414
2325.714601594
2302.1987341937
2271.2137028484
2256.0020612997
2248.4344881773
2225.8837384105
2196.1675077141
2181.5761246486
2174.3168274792
2152.6835497078
2124.1736282908
2110.1713937002
2103.204926746
2082.4432169643
2055.0793984022
2041.6363859121
2034.9478910491
2015.013591448
1988.7379592631
1975.8254506039
1969.4006693524
1950.2514036001
1925.0083764329
1912.5988492151
1906.4241166181
1888.0192714578
1863.7555784433
1851.8227134708
1845.8849616603
1828.185697252
1804.8503909809
1793.3690300279
1787.6557672741
1770.6249549756
1748.1693299932
1737.1154564091
1731.6147574833
1715.2169511781
1693.5945062981
1682.9452082295
1677.6456961673
1661.8470781538
1641.0134456888
1630.7468610019
1625.6376798094
1610.4059798894
1590.3188199964
1580.4140787775
1575.4848649438
1560.7892759972
1541.4081664939
1531.8453133207
1527.0861573155
1512.8972212266
1494.1835087888
1484.9434120603
1480.3448134277
1466.6342880592
1448.550914751
1439.6151592718
1435.1679734348
1421.9086750756
1404.419972956
1395.7707350309
1391.4661114445
1378.631731663
1361.7031841052
1353.3230888658
1349.152400384
1336.7172969182
1320.3152662113
1312.1563907767
1308.0958789094
1295.9895808293
1280.021960607
1272.0999630977
1268.1573688892
1256.4027507039
1240.8992374489
1233.240276734
1229.4285413377
1218.0638787105
1203.0742448678
1195.5943744246
1191.8718962565
1180.7738575952
1166.1370566374
1158.8409293476
1155.2100018558
1144.3853368623
1130.1100676518
1122.9803924162
1119.4324397851
1108.855697434
1094.9086624973
1087.9278531822
1084.4541563743
1074.0994729142
1060.4468632634
1053.5821253805
1050.1664386309
1039.9856768239
1026.5646915547
1019.7942242194
1016.4257536408
1006.3869536557
993.1559504189
986.4459025235
983.10789815142
973.16150499834
960.05600897419
953.36604381448
950.03856299284
940.12564135492
927.06912381538
920.34572287083
917.00232940473
907.04484760854
893.93619861173
887.08834708607
883.68411757333
873.5496122252
860.21750689999
853.07552974097
849.52680792905
838.96897191843
825.09568334149
817.17397061755
813.24168079172
801.55798258275
786.2404138277
776.04503809935
770.99703477484
756.04918950639
736.5685631092
733.56419665104
720.16417857169
717.88149942961
714.9203860583
706.11012896414
694.53177933012
689.06601095856
686.34927805855
678.26317745438
667.629706569
662.51007953711
659.96500688677
652.3883015233
642.42116436046
637.59001709131
635.18808463307
628.03644282405
618.62601924036
614.07845721022
611.81722746777
605.0833753905
596.22005539989
592.02232943966
589.93456222937
583.71533221797
575.5248960405
571.22974383116
569.09420310936
562.73536425761
554.36729991072
549.35264796947
546.86235797483
539.45901682504
529.74356727063
523.86193422664
520.94565145004
512.29385033017
500.9812177487
493.65758257956
490.03601102032
479.32993012358
465.41811728684
458.67143165191
455.33485257772
445.47004139119
432.64861234121
426.76910096439
423.85937579706
415.24869218669
404.03927205709
398.37914231369
395.57888151346
387.29564753134
376.52051309354
370.89051009206
368.10715643391
359.88179635833
349.19984270852
343.67929620041
340.95183763696
332.89864819627
322.456172341
316.34464652048
313.33245858723
304.46689511807
293.03511735993
286.31290818157
283.00985402893
273.32757315601
260.93117180559
254.99574812154
252.07885976385
243.52686994097
232.57382574078
227.47582269133
224.96888080745
217.61261040684
208.17706199456
203.45962891677
201.14115249395
194.34304067397
185.6349480877
181.14142684826
178.93562133009
172.47806466732
164.22904175996
159.91159474703
157.79562274426
151.61422298039
143.74737981439
139.60698379051
137.58172403832
131.68052742107
124.20411174547
120.26910215673
118.3485976248
112.76913753434
105.73687043225
102.3735317367
100.73219615519
95.964400126148
89.95651514491
87.099493457642
85.705191969392
81.654785300184
76.550433829581
74.12231528149
72.937292191657
69.49468900587
65.155976529832
63.091610097004
62.084085235988
59.157023574416
55.46781034733
53.712324172532
52.855526840734
50.366270096437
47.228661591967
45.735662013281
45.006955391102
42.889761540929
40.220947446028
38.951104018579
38.331296485055
36.530424654884
34.260182571427
33.180083527416
32.652871216639
31.1209666343
29.189636318657
28.270841078893
27.822346266047
26.519102303891
24.875906240961
24.094158702527
23.712546403156
22.603592869149
21.20523984874
20.539832155765
20.214999760332
19.271001800741
18.080552471623
17.513833194667
17.237169996861
16.433127802207
15.419108329075
14.936101895558
14.700302487151
14.01500583573
13.150713040545
12.738787107078
12.537688292979
11.953239892564
11.216134137775
10.864666107611
10.693083999427
10.194425638484
9.5655323236611
9.265577498211
9.1191459597199
8.6935907193557
8.1569141425319
7.900908258209
7.7759342986654
7.4127486400627
6.9547501371518
6.7362673806876
6.6296134870534
6.3196770726432
5.9288499595384
5.7424140902239
5.6514062748678
5.3869457148653
5.0534816692425
4.8944172848879
4.8167725828797
4.5911511377185
4.3066758907417
4.1710001538398
4.1047736495686
3.9123368327796
3.6697144660972
3.553988489705
3.4975013268305
3.3333698423111
3.1264464185516
3.0277637445448
2.9795966743639
2.8396444887718
2.6632133682645
2.5790786866782
2.5380133791648
2.4186991510249
2.2682928036906
2.1965736327275
2.1615689394848
2.0598664654507
1.9316674946565
1.8705418818186
1.8407082910068
1.7540322141124
1.6447795476601
1.5926911719079
1.5672688798675
1.4934109226344
1.4003193081145
1.3559390321385
1.3342791658025
1.271353527712
1.1920446021175
1.1542375496811
1.1357860878905
1.0821826927902
1.0146259661496
0.98242333382496
0.96670734127192
0.92105181105848
0.86351414462739
0.83608907196392
0.82270491551496
0.78382430933374
0.73482667449718
0.71147359248627
0.70007685645975
0.6669703509143
0.62525082716771
0.6053677874934
0.59566464483735
0.56747844815571
0.53196056694852
0.51503412540469
0.50677395635659
0.48277985023308
0.45254551878974
0.43813780778188
0.43110688764957
0.4106838778913
0.3849502274945
0.37268790141502
0.36670400303501
0.3493226298816
0.32742222156141
0.31698700726627
0.31189478731996
0.29710371487147
0.27846762171969
0.26958824303919
0.26525529935929
0.25266985584778
0.23681320741901
0.22925848567643
0.22557198881814
0.2148643764169
0.20137401000171
0.19494696995191
0.19181078571931
0.18270171765437
0.17122563066304
0.16575846640451
0.16309069829586
0.15534225669156
0.14558059936539
0.14093037776924
0.13866126950882
0.13207080988546
0.12376819835771
0.1198131897279
0.11788333406595
0.11227828016322
0.10521723289858
0.10185378149465
0.10021259256193
0.095445997117835
0.089441337359189
0.086581188546962
0.08518559717688
0.081132350886479
0.076026426971651
0.073594451018195
0.07240779366379
0.068961396610326
0.06462001130805
0.062552257049327
0.061543325802292
0.058613127329106
0.054922058488828
0.053164098844348
0.05230633386185
0.049815186053593
0.046677228308974
0.045182746663587
0.044453546215118
0.042335799332791
0.039668237336869
0.038397821803059
0.037777953802951
0.03597774666462
0.033710200310837
0.032630320680348
0.032103423340908
0.030573232454933
0.028645827869803
0.027727958226157
0.027280111880955
0.025979507648369
0.024341309845453
0.023561185978705
0.023180550643157
0.022075144334122
0.020682829860976
0.020019813903745
0.019696319204994
0.018756862229813
0.017573584098328
0.017010122144013
0.016735202649436
0.015936817791445
0.014931236884571
0.014452403426025
0.014218776268666
0.013540311505425
0.012685781845082
0.012278882955807
0.012080354240414
0.011503820604518
0.010777681483044
0.010617451201567
0.010538231576231
0.010304101575927
0.0099999997764826