20000.
19997.098478896
19995.647876092
19991.296699233
19985.496603496
19984.774934645
19984.108749496
19983.964961173
19983.328198506
19983.027379827
19982.876972175
19982.425756033
19981.824150419
19981.482179951
19981.311196898
19980.798256546
19980.114356627
19979.772745247
19979.601941734
19979.089539982
19978.406358156
19978.046177611
19977.866089761
19977.325835976
19976.605520394
19976.232595941
19976.046136311
19975.486767892
19974.740967773
19973.609914362
19973.044411632
19971.347999588
19969.086341217
19968.733654319
19967.926447694
19967.522856588
19966.312132273
19964.697947542
19964.317845802
19963.860177308
19963.631346979
19962.944871762
19962.029608283
19961.495388224
19961.228283536
19960.426990955
19959.35865099
19958.836530087
19958.575474738
19957.792329217
19956.748183094
19956.213610635
19955.946329756
19955.144508636
19954.07546403
19953.443162127
19953.127018665
19952.178618381
19950.914154917
19950.262344811
19949.936447719
19948.958788433
19947.655317377
19946.968454773
19946.625032315
19945.594800467
19944.221240912
19943.439405638
19943.048499465
19941.875826976
19940.312371075
19939.458036597
19939.030883053
19937.749477389
19936.041064773
19935.211650782
19934.796956695
19933.552926256
19931.894339932
19931.118635242
19930.730794189
19929.567316369
19928.016118414
19927.050229852
19926.567303092
19925.118593101
19923.18714381
19922.233318954
19921.756423614
19920.32580616
19918.418476221
19917.296265923
19916.735184443
19915.052034919
19912.808057039
19911.640108137
19911.056159332
19909.304415754
19906.968997615
19906.75748426
19906.263254663
19904.780639568
19902.803991409
19901.507447715
19900.859207493
19898.91461361
19896.322117597
19894.789953861
19894.023916183
19891.725980231
19888.662478822
19888.492491775
19886.580048507
19884.030410463
19879.868360769
19877.787662473
19871.546874443
19863.228872325
19860.804043495
19859.331888791
19858.595852305
19856.387906629
19853.444361217
19851.962191368
19851.221147883
19848.998183506
19846.034618519
19844.544246183
19843.799101931
19841.563837159
19838.583876088
19837.938701204
19837.230612176
19835.106496842
19832.274697143
19830.879995392
19830.182681246
19828.090886027
19825.302169247
19820.125645203
19817.537889869
19809.776651254
19799.433062144
19797.948840326
19796.727345052
19793.063311577
19788.178988973
19785.94621591
19784.829923771
19781.481425385
19777.017642859
19774.981693338
19773.9637971
19770.910422896
19766.839991102
19764.672824124
19763.589329656
19760.339202781
19756.006532117
19753.90869942
19752.859866531
19749.713702135
19745.51959618
19743.334277514
19742.241708798
19738.964365566
19734.595421326
19732.07025801
19730.807797427
19727.020900479
19721.972835622
19719.470904282
19718.220057544
19714.46799356
19709.466352657
19706.658345378
19705.254491659
19701.043530725
19695.43031647
19692.412859167
19690.904303768
19686.379331144
19680.347652399
19677.231766546
19675.674008504
19671.001474496
19664.773155805
19661.82442809
19660.350229937
19655.928298856
19650.033938395
19644.880402586
19642.304141361
19634.577385022
19624.279772163
19619.210239866
19616.675964653
19609.075103385
19598.945203772
19594.026833686
19586.343627816
19582.697728185
19580.875032741
19575.407964522
19568.120915327
19563.959679028
19561.879392574
19555.639860641
19547.32358129
19543.37412001
19541.399688474
19535.477590917
19527.584253309
19523.711642367
19521.77562476
19515.968724032
19508.228877329
19503.856162862
19501.670173029
19495.113673779
19486.375104441
19481.369005066
19478.866437493
19471.360663853
19461.357465433
19456.275517459
19453.735040949
19446.115601937
19435.960992979
19431.032330734
19428.568468136
19421.178755062
19411.330177288
19405.552118084
19402.66373327
19394.0011585
19382.457075797
19377.073773393
19374.382682703
19366.311653261
19355.555511663
19348.631424153
19345.170309057
19334.790678621
19320.959835398
19311.483515115
19306.747097702
19292.544815073
19273.624690257
19264.056797769
19259.274632466
19244.935258922
19225.832702284
19222.838396504
19218.767239981
19206.558943607
19190.293279282
19188.297847289
19184.658571098
19173.74488392
19159.202959567
19151.723211055
19147.984431626
19136.772472611
19121.833407088
19114.391561847
19110.671725104
19099.516558349
19084.653132383
19076.385275038
19072.252689331
19059.86030359
19043.349648788
19035.490564836
19031.562238927
19019.78212521
19004.086650232
18995.584575496
18991.334964293
18978.591834698
18961.614296869
18952.909194029
18948.558141062
18935.510975164
18918.128729299
18906.863891405
18901.233987665
18884.354333796
18861.871577441
18848.325038394
18841.555417209
18821.261139553
18794.236104193
18790.748758492
18784.401858133
18765.374017755
18740.033545512
18726.49677431
18719.732055479
18699.452558497
18672.447402103
18667.236262209
18660.286561484
18639.452980483
18611.711052954
18598.890460928
18592.483476595
18573.275764057
18547.696347023
18534.957360401
18528.591148029
18509.505628494
18484.088849095
18470.264667898
18463.356454414
18442.647313905
18415.071257377
18398.308975707
18389.933556804
18364.830170732
18331.412289782
18307.692987785
18295.844847428
18260.346414648
18213.122292466
18204.628107497
18167.999827974
18150.172825067
18123.076254549
18106.562129283
18098.310709898
18073.579007858
18040.655972541
18019.180189576
18008.45188607
17976.305286598
17933.532405095
17909.39992239
17897.345860689
17861.232334023
17813.194298438
17786.886488028
17773.74715541
17734.38736769
17682.043207667
17652.152934975
17637.22675065
17592.523884285
17533.096267421
17531.455401345
17519.65392992
17484.297161674
17437.265779217
17412.904125372
17400.736063918
17364.282875531
17315.797393977
17281.320897462
17264.108398041
17212.57369776
17144.09999043
17138.459346844
17116.331720931
17050.120114094
16962.236230788
16919.172211257
16897.681216636
16833.371886472
16748.006680891
16731.76595221
16674.789953284
16648.499467359
16635.369771697
16596.042781732
16543.751384335
16517.489222064
16504.373777663
16465.089897975
16412.856808922
16378.802594943
16361.801992376
16310.905990004
16243.290850846
16209.359098115
16192.419810659
16141.708089342
16074.339434779
16039.555759404
16022.192156595
15970.214051063
15901.172126336
15856.099730101
15833.611462664
15766.337849735
15677.08412415
15620.19850678
15591.8331482
15507.045761579
15394.712707571
15321.150494304
15284.501306452
15175.078913428
15030.399992541
14978.387292259
14876.985760042
14854.783258403
14822.143928775
14724.655610841
14595.667893601
14557.26051621
14464.982980786
14415.144711033
14390.290004419
14315.982720917
14217.502878542
14153.858837432
14122.14373179
14027.424174631
13902.118950908
13897.125275257
13826.637483748
13733.209602708
13675.262158927
13646.380190697
13560.099765195
13445.907192046
13376.02565702
13341.221201649
13237.350266451
13100.112602494
13036.858986778
13005.34680094
12911.266532208
12786.884004431
12709.046307848
12670.305320608
12554.789490684
12402.404991882
12302.725629434
12253.186773025
12105.763857326
11911.955386785
11839.090934521
11695.739855809
11621.771604922
11584.963088214
11475.235548149
11330.547144505
11260.031904833
11224.939021851
11120.31523609
10982.332214306
10902.211552809
10862.370678873
10743.719499901
10587.531559295
10516.311642191
10480.881537999
10375.30582066
10236.190662394
10139.79949714
10091.944829673
9949.7316730655
9763.2266400616
9734.2299973833
9606.8250803048
9540.055530567
9506.8449789916
9407.9053900823
9277.5858256935
9186.3835733983
9141.119204282
9006.659908818
8830.4524020899
8805.7788562182
8691.5083875108
8623.0834215047
8589.0732082888
8487.8452954554
8354.7281599054
8289.0332793773
8256.3798057471
8159.1891671459
8031.3790208042
7961.5852583209
7926.9161489389
7823.8120090634
7688.4229065572
7674.3387028909
7592.4930305651
7484.7216668791
7416.8474170509
7383.1414555641
7282.9398578823
7151.4499488818
7125.9084075095
7037.2936102534
6920.8523706238
6900.8897926537
6875.4316434751
6799.6193227128
6699.8350066999
6649.9982300695
6625.2190294643
6551.434049418
6454.3307667999
6404.7828123214
6380.151653049
6306.8250739939
6210.3655577441
6162.7096304759
6139.01897586
6068.4920453634
5975.7149007851
5928.8996804481
5905.6297843919
5836.3666489033
5745.2778013168
5700.8071476879
5678.7010687075
5612.8958325301
5526.3401945337
5484.2937378179
5463.3906248836
5401.1581027151
5319.2827180574
5278.8227093516
5258.7082566892
5198.8235998613
5120.0368636592
5081.8987822473
5062.9364037219
5006.4727482866
4932.1662030701
4894.3503392434
4875.551273327
4819.5862102221
4745.9641561571
4709.5449146828
4691.4402287906
4637.5426986236
4566.6413014846
4531.5281050571
4514.072881021
4462.1095965091
4393.7545181261
4360.1914304236
4343.5061514468
4293.8324409855
4228.483395067
4196.6539245363
4180.8291485233
4133.7119567581
4071.7140077715
4041.1900201959
4026.013942526
3980.8268052414
3921.365241621
3892.2735548867
3877.8087449391
3834.7360512916
3778.0491016848
3749.9747085949
3736.0158401703
3694.4502261178
3639.7478800947
3612.9892343365
3599.6837725441
3560.0606660646
3507.9074818476
3481.893901539
3468.9595408966
3430.4440349834
3379.7544179995
3355.2716605921
3343.0968684091
3306.8369145537
3259.1013495745
3235.369783566
3223.5688802131
3188.4238048734
3142.1590285376
3119.6149131788
3108.4035827967
3075.0107635515
3031.0443674412
3009.3229271039
2998.520649605
2966.3459178257
2923.9826803216
2903.2113510159
2892.8810843889
2862.1103075394
2821.5911400009
2801.6900614687
2791.7922204196
2762.3080082372
2723.4795345075
2704.446348115
2694.979692892
2666.7780877647
2629.6344852567
2611.4099101091
2602.3450409677
2575.3387971667
2539.76593442
2522.2951151233
2513.6048241991
2487.7131890816
2453.6054023068
2436.908683836
2428.6029802
2403.8553346397
2371.2503127524
2355.223577546
2347.2508756042
2323.4943368884
2292.1925515712
2276.8358602501
2269.196138387
2246.430436632
2216.4310578167
2201.7056837387
2194.3797236692
2172.5477788575
2143.7760247937
2129.661819756
2122.6396019916
2101.7115724002
2074.1281545766
2060.5862055397
2053.8484223746
2033.7669747083
2007.2968082337
1994.3001604599
1987.8334262584
1968.5587673639
1943.1496336531
1930.6702244448
1924.4606063732
1905.9513283697
1881.548917755
1869.5634399364
1863.5993613892
1845.8210397814
1822.3801573068
1810.8583282716
1805.1247593156
1788.0327458733
1765.4948788286
1754.4172923957
1748.904590933
1732.4702013387
1710.7976624254
1700.1379114565
1694.8329688086
1679.0172533252
1658.1589775191
1647.8978284373
1642.7910901999
1627.5656331084
1607.4843039651
1597.597693126
1592.6772131077
1578.0065154575
1558.6555845531
1549.1253505201
1544.3821073219
1530.239340271
1511.5835790414
1502.3900456748
1497.8142682932
1484.1703848922
1466.171678078
1457.296511526
1452.8790947864
1439.7070245107
1422.3298435456
1413.7556307781
1409.4879265267
1396.7619564756
1379.9725519895
1371.6828032056
1367.5566215124
1355.2524000178
1339.0188066331
1330.9987034192
1327.0066833036
1315.1023188094
1299.3957896557
1291.6409091014
1287.7808414552
1276.2697161413
1261.0814499922
1253.5568230398
1249.8113628088
1238.6419946275
1223.9046245919
1216.6091609176
1212.9777526267
1202.1484344484
1187.8595910686
1180.7629218377
1177.2305020267
1166.6965231601
1152.7976986764
1145.9057326131
1142.4752160354
1132.2451638773
1118.7474469809
1112.0388150678
1108.699599732
1098.74199558
1085.6041696714
1079.0741078402
1075.8238211984
1066.1315851506
1053.3442977921
1046.9767226545
1043.8073841699
1034.3568171692
1021.8890291675
1015.6760881563
1012.5837969838
1003.3632974311
991.19977298227
985.12861729267
982.10699830818
973.09763623519
961.21358604851
955.27461204928
952.31889953288
943.50652089279
931.88340292091
926.06552219874
923.17021652475
914.53849913741
903.15495775017
897.44873754961
894.60916117712
886.14422629723
874.98211101886
869.37759952609
866.58881991726
858.27604170229
847.31624695614
841.80325990046
839.06023194892
830.88466126699
820.10768337685
814.6752781372
811.9725843753
803.91818189337
793.30312516243
787.9393024608
785.2710063397
777.32021195744
766.84423653799
761.53462123939
758.89361572382
751.0254267365
740.66126049889
735.38735408042
732.7644998268
724.95193260783
714.66459480863
709.39935175913
706.78129469696
698.98495344838
688.72344574776
683.42150765581
680.78586389701
672.93976318578
662.61878004405
657.18731447904
654.48829995808
646.45758267453
635.90303366933
630.07161509175
627.17598977923
618.56871461334
607.27581805217
600.34745198578
596.91296726483
586.7269532183
573.41547361792
568.64603891251
558.80595524455
557.0851434424
550.93772768011
542.84656799044
541.70163234506
539.91799586871
534.60224681149
527.59590455731
524.45197439281
522.88704166125
518.22020598638
512.06248686974
509.25901899421
507.86304593291
503.69804474638
498.1977954828
495.6953065276
494.44877973982
490.72797592224
485.81042316241
483.58821078739
482.48091927642
479.17423416006
474.80054682127
473.99602363043
473.0186101269
470.09844612195
466.23291806874
465.87629246372
465.03490830803
462.51986235715
459.18761419782
457.53238044312
456.70700233353
454.23979116872
450.97089707119
449.21245703139
448.33580983161
445.71611978241
442.24699582071
440.43707470776
439.5348936838
436.83942365083
433.27115992025
431.43150914303
430.51461491671
427.77560752254
424.15068600067
422.28453861761
421.35454607076
418.57683920903
414.90169417155
413.11433374732
412.22354296788
409.56267897698
406.04155912747
404.31383572245
403.45273273915
400.88041210478
397.47614541883
395.70558222347
394.82326038429
392.18808156705
388.7018490173
386.71383046448
385.72363727181
382.7682444175
378.86291505634
376.35924523248
375.11362152832
371.4014316634
366.50892835339
363.82227691474
362.48634546454
358.50791204067
353.27117486335
350.33438087351
348.87515174088
344.53383169262
338.82932387713
335.48039014616
333.81835629859
328.88149622581
322.41240315938
318.42399998875
316.44833853669
310.59459866105
302.9577072998
298.33174082007
296.04531351779
289.29063543882
280.52352662972
275.96526085277
273.71397894092
267.06972911601
258.4609390721
253.30091819387
250.75966837535
243.2878697627
233.67064068503
227.99552063254
225.20985805782
217.05542475398
206.64027759551
201.09480979432
198.3781353632
190.44634012355
180.36173446785
174.90043073586
172.2321077755
164.46891596111
154.65956481364
149.98460448587
147.70038619845
141.0543480415
132.6558102821
128.65501370213
126.70009316766
121.01176401213
113.82259197039
110.39126286816
108.71458602295
103.83581158666
97.669648498409
94.72367641172
93.284181532161
89.095626511513
83.801970304837
81.271627713523
80.035252895426
76.437841291007
71.891554108704
69.71795493256
68.655924942149
65.565922007121
61.661162641706
59.794101439226
58.881879030752
56.227867423425
52.874330755312
51.27079669104
50.487359396435
48.208146040103
45.328442517214
43.951498943309
43.278792734769
41.321823485724
38.849485205521
37.667373329785
37.089875031018
35.409962900126
33.287839591859
32.273236400318
31.777591161206
30.335861755826
28.514788644705
27.644180988194
27.218896396685
25.981897684207
24.41956997169
23.672721449228
23.307906941603
22.246850645947
20.906863968332
20.266358528454
19.953502274727
19.043614270921
17.894642814725
17.345492961016
17.077270320374
16.297232898951
15.312323645685
14.841633570164
14.611742394059
13.943214676665
13.099180488267
12.695856144793
12.498875026747
11.926080190602
11.202977419151
10.857476829263
10.688743024345
10.198112802154
9.5787913793521
9.2829094877023
9.1384137245543
8.7182820977954
8.1879978869225
7.9346811263237
7.8109769459866
7.4513161450834
6.9973968455754
6.7805832774175
6.6747088779045
6.3669018047687
5.978458964108
5.7929404541917
5.7023513100146
5.4389953427868
5.1066760967459
4.9479794894154
4.8704902609808
4.6452281156866
4.361001181429
4.2253787106382
4.1591574080165
3.9666557345416
3.7237745785641
3.607739265865
3.5510846325252
3.3864031780944
3.1786461605622
3.0794700015577
3.031048413496
2.8903042430276
2.7127585825565
2.6280139046393
2.5866395546422
2.4663839342955
2.3146946611526
2.2422989999624
2.206954753106
2.1042297128864
1.9746620393252
1.9128304227353
1.8826444849949
1.7949148696315
1.6842681786325
1.6314711294198
1.6056965235586
1.5307902615969
1.436322592184
1.3912499758943
1.3692468749229
1.3053035680762
1.2246666282092
1.1861965501306
1.1674170789349
1.1128437770708
1.0440270466674
1.0111991022607
0.99517426722833
0.94860743820267
0.88989010791996
0.86188238726858
0.84821084078358
0.80848368132157
0.75839334611183
0.73450267080082
0.72284105560389
0.68895540071035
0.64623256855742
0.62585751436636
0.61591216940012
0.5870143642899
0.55058197503476
0.53320829296438
0.52472813127075
0.50008831424151
0.46902557055682
0.45421367165284
0.44698406678393
0.42597838689586
0.39949829502844
0.38687251078293
0.38071005083352
0.36280541020919
0.34023551157851
0.32947488315823
0.32422287178281
0.3089638412504
0.28972969038151
0.2805600688984
0.27608466690587
0.26308226540455
0.24669326301379
0.23888053930766
0.23506745807428
0.2239895373325
0.21002679138591
0.20337109477862
0.20012276303601
0.1906857692816
0.17879169558396
0.17312242569045
0.17035556325537
0.16231748257248
0.15218690030103
0.14735847093431
0.14500201030747
0.13815632588362
0.12952883127921
0.12541702907225
0.12341033727727
0.11758085977061
0.11023430220243
0.10673316985339
0.10502452652866
0.10006096969992
0.093805868815405
0.090825039454137
0.089370335269394
0.085144532288072
0.079819303954635
0.077281721544624
0.076043345152039
0.072446013124827
0.067912887429054
0.065752857853394
0.064698744333421
0.061636718401855
0.057778250357837
0.05593977511629
0.055042592442254
0.052436461194314
0.04915254801687
0.047587899946517
0.046824353641266
0.044606438168168
0.041811770275095
0.040480280315397
0.039830521119378
0.037943153380095
0.035565042722593
0.034432061619498
0.033879178606194
0.032273228292828
0.030249750464792
0.029285756849998
0.028815342078648
0.027448951688905
0.02572735129002
0.024907200654874
0.024506982487189
0.023344501494034
0.021879847579123
0.021182128190385
0.020841656859179
0.019852727907036
0.01860676154272
0.018013235645024
0.017723610575578
0.016882377468725
0.015822513882478
0.015317654356606
0.015071297924791
0.014355747944032
0.013454246696556
0.01302483622726
0.012815298104269
0.01220669348536
0.011439941687249
0.011136251911103
0.010987443729277
0.010552843974597
0.0099999997764826