20000.
19997.098478896
19995.647876092
19991.296699233
19985.496603496
19984.774934645
19984.108749496
19983.964961173
19983.328198506
19983.027379827
19982.876972175
19982.425756033
19981.824150419
19981.482179951
19981.311196898
19980.798256546
19980.114356627
19979.772745247
19979.601941734
19979.089539982
19978.406358156
19978.046177611
19977.866089761
19977.325835976
19976.605520394
19976.232595941
19976.046136311
19975.486767892
19974.740967773
19973.609914362
19973.044411632
19971.347999588
19969.086341217
19968.733654319
19967.926447694
19967.522856588
19966.312132273
19964.697947542
19964.317845802
19963.860177308
19963.631346979
19962.944871762
19962.029608283
19961.495388224
19961.228283536
19960.426990955
19959.35865099
19958.836530087
19958.575474738
19957.792329217
19956.748183094
19956.213610635
19955.946329756
19955.144508636
19954.07546403
19953.443162127
19953.127018665
19952.178618381
19950.914154917
19950.262344811
19949.936447719
19948.958788433
19947.655317377
19946.968454773
19946.625032315
19945.594800467
19944.221240912
19943.439405638
19943.048499465
19941.875826976
19940.312371075
19939.458036597
19939.030883053
19937.749477389
19936.041064773
19935.211650782
19934.796956695
19933.552926256
19931.894339932
19931.118635242
19930.730794189
19929.567316369
19928.016118414
19927.050229852
19926.567303092
19925.118593101
19923.18714381
19922.233318954
19921.756423614
19920.32580616
19918.418476221
19917.296265923
19916.735184443
19915.052034919
19912.808057039
19911.640108137
19911.056159332
19909.304415754
19906.968997615
19906.75748426
19906.263254663
19904.780639568
19902.803991409
19901.507447715
19900.859207493
19898.91461361
19896.322117597
19894.789953861
19894.023916183
19891.725980231
19888.662478822
19888.492491775
19886.580048507
19884.030410463
19879.868360769
19877.787662473
19871.546874443
19863.228872325
19860.804043495
19859.331888791
19858.595852305
19856.387906629
19853.444361217
19851.962191368
19851.221147883
19848.998183506
19846.034618519
19844.544246183
19843.799101931
19841.563837159
19838.583876088
19837.938701204
19837.230612176
19835.106496842
19832.274697143
19830.879995392
19830.182681246
19828.090886027
19825.302169247
19820.125645203
19817.537889869
19809.776651254
19799.433062144
19797.948840326
19796.727345052
19793.063311577
19788.178988973
19785.94621591
19784.829923771
19781.481425385
19777.017642859
19774.981693338
19773.9637971
19770.910422896
19766.839991102
19764.672824124
19763.589329656
19760.339202781
19756.006532117
19753.90869942
19752.859866531
19749.713702135
19745.51959618
19743.334277514
19742.241708798
19738.964365566
19734.595421326
19732.07025801
19730.807797427
19727.020900479
19721.972835622
19719.470904282
19718.220057544
19714.46799356
19709.466352657
19706.658345378
19705.254491659
19701.043530725
19695.43031647
19692.412859167
19690.904303768
19686.379331144
19680.347652399
19677.231766546
19675.674008504
19671.001474496
19664.773155805
19661.82442809
19660.350229937
19655.928298856
19650.033938395
19644.880402586
19642.304141361
19634.577385022
19624.279772163
19619.210239866
19616.675964653
19609.075103385
19598.945203772
19594.026833686
19586.343627816
19582.697728185
19580.875032741
19575.407964522
19568.120915327
19563.959679028
19561.879392574
19555.639860641
19547.32358129
19543.37412001
19541.399688474
19535.477590917
19527.584253309
19523.711642367
19521.77562476
19515.968724032
19508.228877329
19503.856162862
19501.670173029
19495.113673779
19486.375104441
19481.369005066
19478.866437493
19471.360663853
19461.357465433
19456.275517459
19453.735040949
19446.115601937
19435.960992979
19431.032330734
19428.568468136
19421.178755062
19411.330177288
19405.552118084
19402.66373327
19394.0011585
19382.457075797
19377.073773393
19374.382682703
19366.311653261
19355.555511663
19348.631424153
19345.170309057
19334.790678621
19320.959835398
19311.483515115
19306.747097702
19292.544815073
19273.624690257
19264.056797769
19259.274632466
19244.935258922
19225.832702284
19222.838396504
19218.767239981
19206.558943607
19190.293279282
19188.297847289
19184.658571098
19173.74488392
19159.202959567
19151.723211055
19147.984431626
19136.772472611
19121.833407088
19114.391561847
19110.671725104
19099.516558349
19084.653132383
19076.385275038
19072.252689331
19059.86030359
19043.349648788
19035.490564836
19031.562238927
19019.78212521
19004.086650232
18995.584575496
18991.334964293
18978.591834698
18961.614296869
18952.909194029
18948.558141062
18935.510975164
18918.128729299
18906.863891405
18901.233987665
18884.354333796
18861.871577441
18848.325038394
18841.555417209
18821.261139553
18794.236104193
18790.748758492
18784.401858133
18765.374017755
18740.033545512
18726.49677431
18719.732055479
18699.452558497
18672.447402103
18667.236262209
18660.286561484
18639.452980483
18611.711052954
18598.890460928
18592.483476595
18573.275764057
18547.696347023
18534.957360401
18528.591148029
18509.505628494
18484.088849095
18470.264667898
18463.356454414
18442.647313905
18415.071257377
18398.308975707
18389.933556804
18364.830170732
18331.412289782
18307.692987785
18295.844847428
18260.346414648
18213.122292466
18204.628107497
18167.999827974
18150.172825067
18123.076254549
18106.562129283
18098.310709898
18073.579007858
18040.655972541
18019.180189576
18008.45188607
17976.305286598
17933.532405095
17909.39992239
17897.345860689
17861.232334023
17813.194298438
17786.886488028
17773.74715541
17734.38736769
17682.043207667
17652.152934975
17637.22675065
17592.523884285
17533.096267421
17531.455401345
17519.65392992
17484.297161674
17437.265779217
17412.904125372
17400.736063918
17364.282875531
17315.797393977
17281.320897462
17264.108398041
17212.57369776
17144.09999043
17138.459346844
17116.331720931
17050.120114094
16962.236230788
16919.172211257
16897.681216636
16833.371886472
16748.006680891
16731.76595221
16674.789953284
16648.499467359
16635.369771697
16596.042781732
16543.751384335
16517.489222064
16504.373777663
16465.089897975
16412.856808922
16378.802594943
16361.801992376
16310.905990004
16243.290850846
16209.359093992
16192.419804481
16141.708077024
16074.339414334
16036.102581102
16017.018285048
15959.901563032
15884.06264858
15848.592291073
15830.886825098
15777.889020821
15707.501177752
15674.314569968
15657.747567699
15608.151552523
15542.267823848
15497.603718372
15475.31981908
15408.66019149
15320.227137315
15272.273875274
15248.353558128
15176.817167898
15081.957106735
15039.04176329
15017.629904677
14953.577069459
14868.598068561
14821.052029033
14797.336053032
14726.415581126
14632.383423153
14586.677640651
14563.878313158
14495.693926722
14405.277729491
14355.481407645
14330.647833288
14256.404574643
14158.011548464
14106.315756005
14080.538685692
14003.489755649
13901.413302295
13846.207558113
13818.686951537
13736.45289958
13627.568244826
13577.597626149
13552.681070552
13478.205421561
13379.540809569
13330.157048347
13305.533561137
13231.935674498
13134.438041784
13081.916551787
13055.734615256
12977.502790888
12873.922423495
12825.022278508
12800.641901494
12727.778504493
12631.272077297
12579.759971104
12554.082747332
12477.365119078
12375.803736684
12310.137514838
12277.435177036
12179.84849578
12050.938454405
11976.253012006
11939.084040803
11828.267837619
11682.111265736
11616.758788548
11584.219774551
11487.148575505
11358.98446056
11282.595593374
11244.59401583
11131.355537975
10982.142830012
10909.872367404
10873.915676536
10766.755083287
10625.515248089
10556.953978318
10522.839416905
10421.155756554
10287.104375235
10192.939022489
10146.180073978
10007.186311963
9824.818716882
9794.6904904496
9678.4551525526
9618.6295469568
9588.8555605442
9500.0854487329
9383.0023516044
9317.1316418161
9284.3698979136
9186.7742510524
9058.2407244217
8985.5907900831
8949.4846164188
8842.0342687052
8700.7712654756
8645.8498405979
8598.2392605302
8456.9748391017
8272.2259725023
8152.4665298603
7981.1350884857
7879.9733859311
7705.6472987305
7692.8935207585
7576.4678480787
7515.2158402609
7484.7757821706
7394.193393637
7275.1198639967
7217.8301598624
7189.3547065259
7104.6006199891
6993.1473782014
6940.2192360143
6913.9055744258
6835.5616873001
6732.4823714162
6683.708241264
6659.4538406795
6587.2174644568
6492.1197078401
6442.6171775369
6418.0076375879
6344.7416082597
6248.352965129
6198.2916656549
6173.4116231747
6099.3691108423
6002.0253360015
5955.5933456365
5932.5122230572
5863.804183834
5773.4297106145
5727.949695322
5705.3442131921
5638.0616414468
5549.5842002429
5506.9036267547
5485.6865890903
5422.5246915631
5339.4386526937
5297.3826789232
5276.4790739013
5214.2618781232
5132.4453281204
5092.9390800019
5073.300136291
5014.8365208823
4937.9317088947
4899.6022720374
4880.5492678871
4823.8336535451
4749.2367473182
4713.5452470051
4695.8002077611
4642.9649150804
4573.4414563459
4538.6039569472
4521.2848461813
4469.7230423588
4401.8875185085
4368.6224037379
4352.0842335139
4302.8444266151
4238.0568701023
4205.7966195288
4189.7586975596
4142.0109455381
4079.1926605764
4048.7147361109
4033.5612734806
3988.4403362854
3929.0632656561
3899.4147476151
3884.6744906591
3840.7871999123
3783.0411214934
3754.9904684723
3741.0432342698
3699.511591656
3644.852404947
3617.7883500275
3604.3317744227
3564.2616207121
3511.5268481497
3485.7924194305
3472.9960143378
3434.8879667436
3384.7268981682
3359.8879727299
3347.536948393
3310.7556260805
3262.3417574138
3238.6670934742
3226.8942659958
3191.8319349139
3145.6740761808
3123.0330438908
3111.7737100908
3078.2386821742
3034.0868209091
3012.3796551649
3001.5843795305
2969.4301182661
2927.0929467004
2906.3150987401
2895.9815486107
2865.2008264199
2824.6681828641
2804.7788124497
2794.886706027
2765.4192258455
2726.6119783882
2707.5289433746
2698.0375681778
2669.7626127212
2632.5230749296
2614.2694111832
2605.1900970648
2578.1409122221
2542.5117033375
2525.0263111861
2516.3287603153
2490.4154508623
2456.2790098401
2439.5294460375
2431.1975435524
2406.372188215
2373.6655962388
2357.6226684814
2349.6419110157
2325.8613676456
2294.5279505608
2279.1604444567
2271.5153302412
2248.7335115093
2218.7127833318
2203.9759579473
2196.6442915296
2174.7953046286
2146.0010065104
2131.8664446505
2124.8341129182
2103.8759971332
2076.2530546687
2062.6915488563
2055.9440491883
2035.8336975775
2009.3255593939
1996.3096996165
1989.8334209025
1970.5303724574
1945.0839492306
1932.5884492904
1926.3708335014
1907.8377514927
1883.4040390755
1871.4005234103
1865.427483972
1847.6225099667
1824.1466225483
1812.6113819023
1806.8711443025
1789.7592725042
1767.195268682
1756.1029734686
1750.5829617888
1734.1268168915
1712.4256759015
1701.75329468
1696.4420722706
1680.6076579381
1659.7247748524
1649.4501226249
1644.3366730534
1629.0912417023
1608.9836492003
1599.0854905406
1594.1592686503
1579.4714726197
1560.0980379211
1550.556211348
1545.8072048595
1531.6472788978
1512.9689417273
1503.7643628454
1499.1830939123
1485.5228597796
1467.5026383536
1458.6169578155
1454.1943135642
1441.0066778312
1423.6090134882
1415.0248711688
1410.7522296366
1398.011556943
1381.2028013148
1372.9036337136
1368.7727684302
1356.4545987111
1340.2026447159
1332.1726880537
1328.1757695874
1316.2568227083
1300.5311107111
1292.7559967986
1288.8858880316
1277.3449390679
1262.117599601
1254.5645913431
1250.8050539433
1239.593904296
1224.8018637163
1217.4851830851
1213.8432494079
1202.9826846136
1188.6529392918
1181.5593952556
1178.0285133975
1167.49905082
1153.6060234994
1146.7084733913
1143.2751790108
1133.036849944
1119.5282278287
1112.8193950457
1109.4800696369
1099.5220971863
1086.3836928143
1079.8498334774
1076.5976546425
1066.8997681465
1054.1050074902
1047.739672178
1044.5714330069
1035.1240824214
1022.6603954319
1016.4476387368
1013.355428175
1004.1351248162
991.97175716412
985.90457372252
982.88491173217
973.88130532321
962.00466397834
956.06968002809
953.11593270046
944.30933152723
932.69364510824
926.88149921542
923.98902224126
915.36563768833
903.99285403856
898.29324400259
895.45692882993
887.00160383717
875.85190200954
870.25453734655
867.46928342333
859.16689334857
848.22051481026
842.71507431995
839.97576845897
831.81116145965
821.04833581418
815.62343897639
812.92444662652
804.88093952192
794.27992969237
788.92326034043
786.25848786387
778.31805466547
767.85541203727
762.55260806504
759.91495465274
752.05661020572
741.70508348973
736.43828021754
733.8189197493
726.01660547939
715.74241376441
710.48686337074
707.87357715113
700.09125013748
689.84774328007
684.56452824017
681.93811305765
674.11917277495
663.83319780228
658.44907225937
655.77340729793
647.81147303697
637.34573111663
631.67579356093
628.85976799174
620.48679153428
609.49598379751
602.5079572405
599.04404617837
588.77134353846
575.34791316822
574.38139280153
566.15872970875
555.3779972178
555.05666495585
548.58067512037
540.06340337225
539.08306501232
537.21866886746
531.66407919949
524.34719599725
522.93498313981
521.2983142281
516.41897809053
509.984166109
507.05699417119
505.59971457636
501.25295718506
495.51535685002
492.89259977887
491.58643158125
487.68865863411
482.53966107256
480.18824561968
479.01683821951
475.51973404174
470.89661142833
468.79690134048
467.75055978004
464.62552684528
460.49126987531
458.63820911206
457.7144768749
454.95442812105
451.30023565683
450.93264798529
450.1352079176
447.75133913402
444.59247462046
443.06900708446
442.30923203172
440.03771523012
437.02716253542
435.39263216838
434.57766085249
432.14188842716
428.91541586212
427.21977120007
426.3744642567
423.84856558437
420.50396263814
418.76635466462
417.90024502685
415.31264936921
411.88742831035
410.10994772611
409.22408592761
406.57796522283
403.07640153838
401.24367056679
400.33043232267
397.60317009874
393.99570044379
392.07006305088
391.11077646508
388.24697654014
384.46116947743
382.42058524926
381.40435817247
378.3718512605
374.36598216406
372.03107576578
370.86908919113
367.40486013811
362.83617212359
360.22752299171
358.93023996455
355.06635517345
349.97913466594
347.23478016403
345.87068331517
341.81046161821
336.47087950707
333.53443233625
332.07583277235
327.73819497546
322.04268657916
318.77879416106
317.15927365772
312.3499121672
306.0506835461
302.32249643679
300.47546821279
295.00181457393
287.85840242133
283.42780904433
281.23815084965
274.77015375622
266.37695825101
260.97495383759
258.31517268101
250.49737362923
240.44044671637
234.04010169986
230.90410492693
221.74599323964
210.09769461398
204.78346678387
202.1769741552
194.55486626664
184.83716873848
179.8310126495
177.37901159412
170.22179017806
161.12603494997
156.32727498702
153.98175879825
147.15425753489
138.51949801328
134.31528838676
132.26127905944
126.28580228295
118.73632674035
115.13426601546
113.37442300684
108.25465251458
101.78611700337
98.697588843508
97.188648002287
92.798837195049
87.252630433742
84.60309682832
83.308655524775
79.542955333776
74.785463228138
72.512111168176
71.401482647084
68.170624398616
64.089074060809
62.138467666932
61.185541788678
58.413552993791
54.911930162505
53.238385106188
52.420837469271
50.042753784971
47.038940394473
45.603299791746
44.901995035601
42.862129573267
40.285728722992
39.054385843178
38.452900701339
36.703458500507
34.494048393309
33.438139672559
32.922368874305
31.422301028198
29.527988651182
28.622715022635
28.180539733985
26.894578871593
25.270781515399
24.494832084413
24.115838288335
23.013679097923
21.622088589499
20.957148680108
20.632386753498
19.687986263855
18.495684300788
17.926014309622
17.647793187847
16.838771647273
15.817472176151
15.32954641383
15.091257064782
14.39838409444
13.523783443189
13.105980059263
12.90194392068
12.308697313265
11.559916154853
11.202250699074
11.027589442468
10.5197760332
9.8788798375373
9.5727761753376
9.423299727927
8.9887294129175
8.4403161159506
8.1784093706617
8.0505195923973
7.6787249218181
7.2095702438061
6.9855372336885
6.8761450348037
6.5581399363266
6.1568922030066
5.9653055066472
5.8717595160229
5.599831648371
5.2567491600766
5.0929515050787
5.0129766738928
4.7805087075198
4.4872337075234
4.3473134749856
4.2789980717183
4.0804258684076
3.8299228894501
3.7102811786185
3.6518692459145
3.4820933408325
3.2679394192967
3.1657304353946
3.1158310317984
2.9708026291402
2.7878773964184
2.7005820058113
2.6579647591975
2.5341059367288
2.3778922211616
2.3033511756296
2.2669615370136
2.1612058631441
2.0278326924519
1.9641964950922
1.9331312297097
1.8428524035484
1.7290047171721
1.6746896620611
1.6481753687857
1.5711247166027
1.4739643700269
1.4276147414474
1.4049893829618
1.3392421189933
1.2563399732593
1.2167955602103
1.1974925910231
1.1414016397448
1.0706792127842
1.0369473988095
1.0204821293683
0.97263845596862
0.9123178030864
0.88354959505119
0.86950748084304
0.82870602402397
0.77726670129045
0.75273614828549
0.74076273562517
0.70597316156715
0.66211528376949
0.64120181191606
0.63099410861375
0.60133571126547
0.56394825079595
0.54612150643847
0.53742057814329
0.5121407459004
0.48027433895628
0.46508118877339
0.4576658091959
0.43612155786238
0.40896518541325
0.39601856871929
0.38969977481473
0.37134191346188
0.34820290909838
0.33717228404377
0.33178870988772
0.3161482719774
0.29643519151322
0.28703834878425
0.28245222751591
0.26912884540277
0.25233679142913
0.24433284044512
0.24042657900446
0.22907852463529
0.21477657580356
0.20795994107094
0.20463318835236
0.1949688489938
0.18278930142147
0.1769845820884
0.17415171874784
0.16592229910051
0.15555145658751
0.15060902786488
0.14819701847661
0.14119029655631
0.13236059131474
0.12815284187124
0.12609939769876
0.1201343839737
0.11261763770683
0.10903575097865
0.10728775839847
0.10221012744143
0.095811787723764
0.09276299007681
0.091275166997737
0.08695335207067
0.08150756551418
0.078912776343051
0.077646524883289
0.073968383038044
0.069333788296119
0.067125608941142
0.066048033598154
0.062917992069779
0.058974120565565
0.057095119067576
0.056178189313551
0.053514811654384
0.050159017686638
0.048560260156579
0.04778009349946
0.045513996088988
0.042658829427756
0.041298629639587
0.040634881191842
0.038706959183478
0.036277927697801
0.03512078289088
0.034556125816236
0.032916043093054
0.030849708109313
0.029865376440419
0.029385051736437
0.027989933081164
0.026232261332095
0.025394994205433
0.024986435859069
0.023799777267983
0.02230476595231
0.021592639254555
0.021245147855794
0.020235868351167
0.018964350122659
0.018358699291768
0.018063166270183
0.017204806576231
0.016123439180994
0.01560837551503
0.015357047059933
0.014627083698061
0.013707485372624
0.013269483509235
0.013055759234257
0.012435019593258
0.01165303180787
0.011301891752267
0.011130309697707
0.010631035425752
0.0099999997764826