20000.
19997.098478896
19995.647876092
19991.296699233
19985.496603496
19984.774934645
19984.108749496
19983.964961173
19983.328198506
19983.027379827
19982.876972175
19982.425756033
19981.824150419
19981.482179951
19981.311196898
19980.798256546
19980.114356627
19979.772745247
19979.601941734
19979.089539982
19978.406358156
19978.046177611
19977.866089761
19977.325835976
19976.605520394
19976.232595941
19976.046136311
19975.486767892
19974.740967773
19973.609914362
19973.044411632
19971.347999588
19969.086341217
19968.733654319
19967.926447694
19967.522856588
19966.312132273
19964.697947542
19964.317845802
19963.860177308
19963.631346979
19962.944871762
19962.029608283
19961.495388224
19961.228283536
19960.426990955
19959.35865099
19958.836530087
19958.575474738
19957.792329217
19956.748183094
19956.213610635
19955.946329756
19955.144508636
19954.07546403
19953.443162127
19953.127018665
19952.178618381
19950.914154917
19950.262344811
19949.936447719
19948.958788433
19947.655317377
19946.968454773
19946.625032315
19945.594800467
19944.221240912
19943.439405638
19943.048499465
19941.875826976
19940.312371075
19939.458036597
19939.030883053
19937.749477389
19936.041064773
19935.211650782
19934.796956695
19933.552926256
19931.894339932
19931.118635242
19930.730794189
19929.567316369
19928.016118414
19927.050229852
19926.567303092
19925.118593101
19923.18714381
19922.233318954
19921.756423614
19920.32580616
19918.418476221
19917.296265923
19916.735184443
19915.052034919
19912.808057039
19911.640108137
19911.056159332
19909.304415754
19906.968997615
19906.75748426
19906.263254663
19904.780639568
19902.803991409
19901.507447715
19900.859207493
19898.91461361
19896.322117597
19894.789953861
19894.023916183
19891.725980231
19888.662478822
19888.492491775
19886.580048507
19884.030410463
19879.868360769
19877.787662473
19871.546874443
19863.228872325
19860.804043495
19859.331888791
19858.595852305
19856.387906629
19853.444361217
19851.962191368
19851.221147883
19848.998183506
19846.034618519
19844.544246183
19843.799101931
19841.563837159
19838.583876088
19837.938701204
19837.230612176
19835.106496842
19832.274697143
19830.879995392
19830.182681246
19828.090886027
19825.302169247
19820.125645203
19817.537889869
19809.776651254
19799.433062144
19797.948840326
19796.727345052
19793.063311577
19788.178988973
19785.94621591
19784.829923771
19781.481425385
19777.017642859
19774.981693338
19773.9637971
19770.910422896
19766.839991102
19764.672824124
19763.589329656
19760.339202781
19756.006532117
19753.90869942
19752.859866531
19749.713702135
19745.51959618
19743.334277514
19742.241708798
19738.964365566
19734.595421326
19732.07025801
19730.807797427
19727.020900479
19721.972835622
19719.470904282
19718.220057544
19714.46799356
19709.466352657
19706.658345378
19705.254491659
19701.043530725
19695.43031647
19692.412859167
19690.904303768
19686.379331144
19680.347652399
19677.231766546
19675.674008504
19671.001474496
19664.773155805
19661.82442809
19660.350229937
19655.928298856
19650.033938395
19644.880402586
19642.304141361
19634.577385022
19624.279772163
19619.210239866
19616.675964653
19609.075103385
19598.945203772
19594.026833686
19586.343627816
19582.697728185
19580.875032741
19575.407964522
19568.120915327
19563.959679028
19561.879392574
19555.639860641
19547.32358129
19543.37412001
19541.399688474
19535.477590917
19527.584253309
19523.711642367
19521.77562476
19515.968724032
19508.228877329
19503.856162862
19501.670173029
19495.113673779
19486.375104441
19481.369005066
19478.866437493
19471.360663853
19461.357465433
19456.275517459
19453.735040949
19446.115601937
19435.960992979
19431.032330734
19428.568468136
19421.178755062
19411.330177288
19405.552118084
19402.66373327
19394.0011585
19382.457075797
19377.073773393
19374.382682703
19366.311653261
19355.555511663
19348.631424153
19345.170309057
19334.790678621
19320.959835398
19311.483515115
19306.747097702
19292.544815073
19273.624690257
19264.056797769
19259.274632466
19244.935258922
19225.832702284
19222.838396504
19218.767239981
19206.558943607
19190.293279282
19188.297847289
19184.658571098
19173.74488392
19159.202959567
19151.723211055
19147.984431626
19136.772472611
19121.833407088
19114.391561847
19110.671725104
19099.516558349
19084.653132383
19076.385275038
19072.252689331
19059.86030359
19043.349648788
19035.490564836
19031.562238927
19019.78212521
19004.086650232
18995.584575496
18991.334964293
18978.591834698
18961.614296869
18952.909194029
18948.558141062
18935.510975164
18918.128729299
18906.863891405
18901.233987665
18884.354333796
18861.871577441
18848.325038394
18841.555417209
18821.261139553
18794.236104193
18790.748758492
18784.401858133
18765.374017755
18740.033545512
18726.49677431
18719.732055479
18699.452558497
18672.447402103
18667.236262209
18660.286561484
18639.452980483
18611.711052954
18598.890460928
18592.483476595
18573.275764057
18547.696347023
18534.957360401
18528.591148029
18509.505628494
18484.088849095
18470.264667898
18463.356454414
18442.647313905
18415.071257377
18398.308975707
18389.933556804
18364.830170732
18331.412289782
18307.692987785
18295.844847428
18260.346414648
18213.122292466
18204.628107497
18167.999827974
18150.172825067
18123.076254549
18106.562129283
18098.310709898
18073.579007858
18040.655972541
18019.180189576
18008.45188607
17976.305286598
17933.532405095
17909.39992239
17897.345860689
17861.232334023
17813.194298438
17786.886488028
17773.74715541
17734.38736769
17682.043207667
17652.152934975
17637.22675065
17592.523884285
17533.096267421
17531.455401345
17519.65392992
17484.297161674
17437.265779217
17412.904125372
17400.736063918
17364.282875531
17315.797393977
17281.320897462
17264.108398041
17212.57369776
17144.09999043
17138.459346844
17116.331720931
17050.120114094
16962.236230788
16919.172211257
16897.681216636
16833.371886472
16748.006680891
16731.76595221
16674.789953284
16648.499467359
16635.369771697
16596.042781732
16543.751384335
16517.489222064
16504.373777663
16465.089897975
16412.856808922
16378.802594943
16361.801992376
16310.905990004
16243.290850846
16209.359098115
16192.419810659
16141.708089342
16074.339434779
16039.555759404
16022.192156595
15970.214051063
15901.172126336
15856.099730101
15833.611462664
15766.337849735
15677.08412415
15620.19850678
15591.8331482
15507.045761579
15394.712707571
15321.150494304
15284.501306452
15175.078913428
15030.399992541
14978.387292259
14876.985760042
14854.783258403
14822.143928775
14724.655610841
14595.667893601
14557.26051621
14464.982980786
14415.144711033
14390.290004419
14315.982720917
14217.502878542
14153.858837432
14122.14373179
14027.424174631
13902.118950908
13897.125275257
13826.637483748
13733.209602708
13675.262158927
13646.380190697
13560.099765195
13445.907192046
13376.02565702
13341.221201649
13237.350266451
13100.112602494
13036.858986778
13005.34680094
12911.266532208
12786.884004431
12709.046319626
12670.305338221
12554.789525589
12402.40504935
12302.725402564
12253.186405701
12105.763075422
11911.954067678
11886.253162006
11769.727949749
11616.136047534
11598.916414296
11488.40429762
11342.690988342
11270.363462054
11234.372831207
11127.0890691
10985.63606627
10919.647404052
10886.801862732
10788.856838458
10659.632837072
10588.036815402
10552.419333804
10446.28417305
10306.429330673
10243.845079782
10212.695609145
10119.814366227
9997.2854088192
9930.9320640548
9897.9207209286
9799.5436352517
9669.8935188295
9588.937766019
9548.7144010903
9429.0538500807
9271.8358220926
9253.5139235975
9217.392822541
9109.8733178034
8968.4624345669
8904.5671157752
8872.7903642689
8778.1388864192
8653.5057157243
8592.5463941052
8562.2279552962
8471.9129988256
8352.9732259951
8296.3801465262
8268.2275535507
8184.3416742367
8073.8162378538
8014.2639064564
7984.6526629839
7896.4737703076
7780.4148747965
7711.516302337
7677.2961486499
7575.5441197622
7441.969461592
7410.5185643631
7316.8867782493
7193.882098333
7168.7066150186
7139.4810106434
7052.517147884
6938.2108772353
6912.193138029
6884.2685713925
6801.1699291048
6691.929980049
6641.2555173134
6616.0623653376
6541.05487543
6442.366032227
6395.0951790655
6371.5899789252
6301.5914737627
6209.4549112509
6157.330417726
6131.432481531
6054.3904115409
5953.171396958
5907.7331477682
5885.144242114
5817.8944365999
5729.4219096836
5686.7110921591
5665.4752283531
5602.2422626676
5519.0281189745
5476.8002573036
5455.8076419744
5393.3113556516
5311.0951764487
5270.6234805012
5250.5034294932
5190.6029448249
5111.7973189632
5072.9241947989
5053.5986275016
4996.0625381497
4920.365447858
4883.4072828402
4865.0324306085
4810.3216725856
4738.329877594
4702.2973318703
4684.3839416013
4631.052180663
4560.8864822859
4525.5858213198
4508.038080512
4455.8020495087
4387.094339335
4353.5749789369
4336.9114587289
4287.3026076082
4222.0390758503
4190.2339657832
4174.4213695418
4127.3407132021
4065.3914628042
4034.5424644691
4019.2058586212
3973.544954225
3913.4696608545
3884.3083302008
3869.8092514612
3826.6359370281
3769.8198428748
3741.7786540479
3727.8363732622
3686.3204622583
3631.6842415146
3604.9316713955
3591.6293779926
3552.0162907884
3499.8776401199
3474.1128533271
3461.3016729997
3423.1508936695
3372.9365034761
3348.2852291966
3336.0272355674
3299.5218572831
3251.4686650967
3227.9533179687
3216.2594962072
3181.4315967382
3135.5803582421
3112.9261413875
3101.6604840485
3068.1075460305
3023.9342347744
3002.3372995422
2991.5967421471
2959.6050617459
2917.4810361516
2896.7514123493
2886.4418992109
2855.7329882459
2815.2953955203
2795.5252301237
2785.6922706353
2756.4004256979
2717.8231971882
2698.7957055899
2689.3319718595
2661.1394230311
2624.0085625092
2605.860555402
2596.833673373
2569.9402141873
2534.5150188681
2517.0902109687
2508.4227813594
2482.5991573144
2448.5807296633
2431.917865163
2423.629002891
2398.9315412371
2366.3926445722
2350.4081002346
2342.4563629131
2318.7621989688
2287.5423816721
2272.2342133891
2264.6185873195
2241.9245156386
2212.0191271427
2197.3456433594
2190.0454427255
2168.2900397874
2139.6186429949
2125.5340385989
2118.526542479
2097.6423653263
2070.1166951002
2056.5997003873
2049.8743362552
2029.829914605
2003.4085813989
1990.4447554352
1983.9943337664
1964.7682220013
1939.4229160326
1926.9741362597
1920.7797429105
1902.3157818113
1877.9729685221
1866.0141730238
1860.0633624911
1842.3245544394
1818.9356853794
1807.4385844358
1801.7173138278
1784.6619344706
1762.1723096371
1751.119570553
1745.6192248122
1729.2216325096
1707.5975329316
1696.962328478
1691.669590892
1675.8902197731
1655.0797772702
1644.8405214433
1639.7446723778
1624.551654559
1604.5130501013
1594.6479395027
1589.7381525135
1575.0993071684
1555.7903217408
1546.2791743893
1541.5454271236
1527.4309594795
1508.812495063
1499.6396621365
1495.0741789274
1481.4609554266
1463.5026139
1454.6476597103
1450.2402940036
1437.0981577866
1419.7603826115
1411.204714125
1406.946233134
1394.2477386845
1377.4945193961
1369.2224807864
1365.1051078727
1352.8271287475
1336.6280998308
1328.6181777837
1324.6312346793
1312.7420470287
1297.0556275445
1289.3155672056
1285.4628745519
1273.9737346342
1258.8144593853
1251.3111181169
1247.5762356757
1236.4383426154
1221.7423428901
1214.4531924617
1210.8249414092
1200.0050970408
1185.7288891728
1178.6521122474
1175.1295779162
1164.6250146244
1150.7648545399
1143.8839133066
1140.4588869382
1130.2452170528
1116.7691384789
1110.0803402839
1106.7509792246
1096.8226894979
1083.723375828
1077.209841833
1073.9677700142
1064.2999835157
1051.5448452555
1045.1959139637
1042.0358374772
1032.6128186411
1020.181212364
1013.9860204464
1010.9025465055
1001.7082711837
989.57918717881
983.52776768465
980.51594887806
971.53571786925
959.68988716183
953.77102870029
950.82530249721
942.04259934695
930.45839463257
924.66263316116
921.77830432353
913.17918912119
901.83835996251
896.156218096
893.32858646762
884.89911144765
873.78341268533
868.20561584991
865.43008366629
857.15661208639
846.24822194434
840.76552588921
838.03751261762
829.90646756185
819.18766254503
813.79060691369
811.10542761297
803.10293328797
792.55562417308
787.23427358026
784.58701128087
776.69851742321
766.30376511967
761.04711780438
758.43233167169
750.64175318925
740.37865634856
735.17353171538
732.58470803037
724.87280641877
714.71640863894
709.54538483166
706.9739194718
699.31530432488
689.23272014906
684.06966178871
681.50265429806
673.85928473457
663.80130818668
658.60065608435
656.01562933823
648.32126816932
638.20232126492
632.8661964457
630.21488834128
622.32742228172
611.96414570055
606.18315468769
603.31317037905
594.78448878102
583.60016458604
577.07026791757
573.83276925898
564.22884546133
551.67318184685
547.26361126409
537.97987792801
537.9635067077
535.99286126101
530.12413225
522.39899649469
521.18370201498
519.47209502898
514.37092683044
507.64720718351
504.64007830068
503.14320030969
498.67915441198
492.78864297243
490.11000172791
488.77614605154
484.79632060506
479.54025000496
477.13373444605
475.93500917667
472.35687297917
467.62783595801
465.46778088788
464.39149778586
461.17755752067
456.92687767805
454.99703254385
454.03516859589
451.16175999424
447.35881624469
445.65165814046
444.80052357699
442.25686091352
438.88792427781
438.4339745309
437.69168751897
435.47235842332
432.53074832377
432.2412888933
431.6003236166
429.68312512282
427.14010179479
425.75320458951
425.06144553852
422.99290496049
420.25050157753
418.77457672228
418.03855917889
415.83825909634
412.92253034484
411.35481108103
410.57318483147
408.23720604898
405.14322928764
403.44044115206
402.59173266549
400.05630476803
396.70055554741
394.77722457677
393.81905869695
390.95849205186
387.17669905444
384.92486351031
383.80386171388
380.4604063887
376.04772967414
373.35374133057
372.0139930762
368.02352500419
362.76940654587
359.80623349183
358.33373567094
353.95230083619
348.193610436
344.7845338869
343.09253251725
338.06618599836
331.47875015853
327.32638706151
325.26975218735
319.17705625901
311.23061737785
306.30416755619
303.87026274694
296.68397460329
287.36592715204
279.18680483731
275.18496101772
263.52032588143
248.73296802589
244.96377990703
235.01915999115
230.06214533199
227.62298418296
220.4595698934
211.25779783992
205.4992805642
202.67915456227
194.44886822688
183.99267620047
178.35577498102
175.60241940696
167.59476702204
157.48302028072
152.70355247107
150.36849141524
143.57537193654
134.99284879193
130.9275986721
128.94111523298
123.16068107541
115.85451517078
112.37817616817
110.67932112961
105.73530179341
99.485100245295
96.503456960025
95.046315294719
90.805578210496
85.444121381479
82.882795743527
81.631070777181
77.988182317169
73.382619009767
71.180717972419
70.104668834476
66.973142396805
63.014281968665
61.120820990063
60.195534110481
57.502874168239
54.099086147655
52.470808914443
51.675141477
49.359803220701
46.433250049592
45.033179646878
44.349055630206
42.358411982588
39.842513720647
38.638908776903
38.050810616739
36.339679738648
34.177267794663
33.142819642731
32.637396610787
31.16690497115
29.308790942499
28.419977000404
27.985729438673
26.72239376067
25.126210806061
24.362758223311
23.989775448213
22.904740014236
21.53397878554
20.878411664358
20.558150623902
19.626542836516
18.449736146982
17.886989428738
17.612085907342
16.812466451361
15.802493273746
15.319581576011
15.083688248483
14.397579371567
13.531067553643
13.116800202831
12.914447270384
12.325926807942
11.582738959299
11.227474308
11.053949343496
10.549300689408
9.9120908903927
9.6075242668463
9.4587685081171
9.0261785005286
8.480009691245
8.2189902582071
8.0915090412364
7.7208070448322
7.2528205980744
7.0291931235728
6.9199785009997
6.6024109940086
6.2015412683385
6.0100093987604
5.9164732762698
5.6445090847865
5.3012368064211
5.1372449204998
5.0571612820928
4.824323297937
4.5304624962718
4.3900963891115
4.3215526982776
4.1222762001362
3.8707945529165
3.7506887778779
3.6920407215486
3.5215417670003
3.3063944354016
3.2036560628938
3.1534902777941
3.0076571705014
2.8236494622088
2.735791406399
2.6928928957035
2.5681913583062
2.4108588410838
2.3357460173351
2.2990717957443
2.1924681080086
2.0579790794749
1.9937792859559
1.9624343685872
1.8713254616732
1.7563925119395
1.7015340375869
1.6747507185351
1.5969038527366
1.4987075642567
1.4518426401907
1.4289626284844
1.3624633933289
1.2785865767789
1.238559877453
1.2190189021459
1.1622264074855
1.0905974401797
1.0564189493209
1.0397334986538
0.99124178032612
0.93008580988497
0.90090745622508
0.88666335982705
0.84526815193216
0.79306509100817
0.76816063734941
0.7560032388978
0.72067337688184
0.67612175708762
0.65486949904242
0.64449520237509
0.61434802464236
0.57633390870716
0.55820179575489
0.54935079502067
0.52363099139319
0.49120124512627
0.47573409108852
0.46818412213727
0.44624555494581
0.41858487853445
0.40539337214459
0.39895434369497
0.38024442954163
0.35665562677412
0.34540689461294
0.33991627805372
0.3239625773774
0.30384961600261
0.29425911760232
0.28957798782994
0.27597668918862
0.25883015670711
0.25065473350152
0.24666437352543
0.23507041814892
0.22045505031243
0.21348695990733
0.21008594693514
0.20020455433924
0.18774853453961
0.18181033673801
0.17891204439705
0.17049144862208
0.15987723681495
0.15481740846629
0.15234786511851
0.14517308697943
0.13612955767322
0.13181873918213
0.12971479477542
0.12360231143938
0.11589802480157
0.11222580073667
0.11043355462092
0.10522672847179
0.098664160931626
0.095536305329553
0.094009761042734
0.089574928604893
0.083985536856068
0.081321656720787
0.080021571257642
0.076244697673552
0.071484696692446
0.069216214038268
0.068109112493008
0.064892927007066
0.0608396755646
0.05890810255802
0.057965435901943
0.05522698351234
0.051775894952027
0.050131356423415
0.049328780124699
0.046997324736647
0.044059221731045
0.042659195332089
0.041975954225039
0.039991190581133
0.037490049289252
0.036298288088046
0.035716690342573
0.034027215040044
0.03189823632821
0.030883843750259
0.030388809290762
0.028950808458762
0.027138763013049
0.026275412080616
0.02585409134931
0.024630232379311
0.023088062313974
0.02235331977948
0.021994763830571
0.020953236758625
0.019640847004736
0.019015602356285
0.018710484080766
0.017824191311718
0.016707427525116
0.016175398639728
0.015915771499225
0.015161626889282
0.014211392047426
0.013758711034737
0.013537806851565
0.012896147945159
0.012087660872223
0.011702518793788
0.011514574308915
0.010968658280296
0.01028081795558
0.010224030426984
0.010195754396778
0.010111394654449
0.0099999997764826