20000.
19997.098478896
19995.647876092
19991.296699233
19985.496603496
19984.774934645
19984.108749496
19983.964961173
19983.328198506
19983.027379827
19982.876972175
19982.425756033
19981.824150419
19981.482179951
19981.311196898
19980.798256546
19980.114356627
19979.772745247
19979.601941734
19979.089539982
19978.406358156
19978.046177611
19977.866089761
19977.325835976
19976.605520394
19976.232595941
19976.046136311
19975.486767892
19974.740967773
19973.609914362
19973.044411632
19971.347999588
19969.086341217
19968.733654319
19967.926447694
19967.522856588
19966.312132273
19964.697947542
19964.317845802
19963.860177308
19963.631346979
19962.944871762
19962.029608283
19961.495388224
19961.228283536
19960.426990955
19959.35865099
19958.836530087
19958.575474738
19957.792329217
19956.748183094
19956.213610635
19955.946329756
19955.144508636
19954.07546403
19953.443162127
19953.127018665
19952.178618381
19950.914154917
19950.262344811
19949.936447719
19948.958788433
19947.655317377
19946.968454773
19946.625032315
19945.594800467
19944.221240912
19943.439405638
19943.048499465
19941.875826976
19940.312371075
19939.458036597
19939.030883053
19937.749477389
19936.041064773
19935.211650782
19934.796956695
19933.552926256
19931.894339932
19931.118635242
19930.730794189
19929.567316369
19928.016118414
19927.050229852
19926.567303092
19925.118593101
19923.18714381
19922.233318954
19921.756423614
19920.32580616
19918.418476221
19917.296265923
19916.735184443
19915.052034919
19912.808057039
19911.640108137
19911.056159332
19909.304415754
19906.968997615
19906.75748426
19906.263254663
19904.780639568
19902.803991409
19901.507447715
19900.859207493
19898.91461361
19896.322117597
19894.789953861
19894.023916183
19891.725980231
19888.662478822
19888.492491775
19886.580048507
19884.030410463
19879.868360769
19877.787662473
19871.546874443
19863.228872325
19860.804043495
19859.331888791
19858.595852305
19856.387906629
19853.444361217
19851.962191368
19851.221147883
19848.998183506
19846.034618519
19844.544246183
19843.799101931
19841.563837159
19838.583876088
19837.938701204
19837.230612176
19835.106496842
19832.274697143
19830.879995392
19830.182681246
19828.090886027
19825.302169247
19820.125645203
19817.537889869
19809.776651254
19799.433062144
19797.948840326
19796.727345052
19793.063311577
19788.178988973
19785.94621591
19784.829923771
19781.481425385
19777.017642859
19774.981693338
19773.9637971
19770.910422896
19766.839991102
19764.672824124
19763.589329656
19760.339202781
19756.006532117
19753.90869942
19752.859866531
19749.713702135
19745.51959618
19743.334277514
19742.241708798
19738.964365566
19734.595421326
19732.07025801
19730.807797427
19727.020900479
19721.972835622
19719.470904282
19718.220057544
19714.46799356
19709.466352657
19706.658345378
19705.254491659
19701.043530725
19695.43031647
19692.412859167
19690.904303768
19686.379331144
19680.347652399
19677.231766546
19675.674008504
19671.001474496
19664.773155805
19661.82442809
19660.350229937
19655.928298856
19650.033938395
19644.880402586
19642.304141361
19634.577385022
19624.279772163
19619.210239866
19616.675964653
19609.075103385
19598.945203772
19594.026833686
19586.343627816
19582.697728185
19580.875032741
19575.407964522
19568.120915327
19563.959679028
19561.879392574
19555.639860641
19547.32358129
19543.37412001
19541.399688474
19535.477590917
19527.584253309
19523.711642367
19521.77562476
19515.968724032
19508.228877329
19503.856162862
19501.670173029
19495.113673779
19486.375104441
19481.369005066
19478.866437493
19471.360663853
19461.357465433
19456.275517459
19453.735040949
19446.115601937
19435.960992979
19431.032330734
19428.568468136
19421.178755062
19411.330177288
19405.552118084
19402.66373327
19394.0011585
19382.457075797
19377.073773393
19374.382682703
19366.311653261
19355.555511663
19348.631424153
19345.170309057
19334.790678621
19320.959835398
19311.483515115
19306.747097702
19292.544815073
19273.624690257
19264.056797769
19259.274632466
19244.935258922
19225.832702284
19222.838396504
19218.767239981
19206.558943607
19190.293279282
19188.297847289
19184.658571098
19173.74488392
19159.202959567
19151.723211055
19147.984431626
19136.772472611
19121.833407088
19114.391561847
19110.671725104
19099.516558349
19084.653132383
19076.385275038
19072.252689331
19059.86030359
19043.349648788
19035.490564836
19031.562238927
19019.78212521
19004.086650232
18995.584575496
18991.334964293
18978.591834698
18961.614296869
18952.909194029
18948.558141062
18935.510975164
18918.128729299
18906.863891405
18901.233987665
18884.354333796
18861.871577441
18848.325038394
18841.555417209
18821.261139553
18794.236104193
18790.748758492
18784.401858133
18765.374017755
18740.033545512
18726.49677431
18719.732055479
18699.452558497
18672.447402103
18667.236262209
18660.286561484
18639.452980483
18611.711052954
18598.890460928
18592.483476595
18573.275764057
18547.696347023
18534.957360401
18528.591148029
18509.505628494
18484.088849095
18470.264667898
18463.356454414
18442.647313905
18415.071257377
18398.308975707
18389.933556804
18364.830170732
18331.412289782
18307.692987785
18295.844847428
18260.346414648
18213.122292466
18204.628107497
18167.999827974
18150.172825067
18123.076254549
18106.562129283
18098.310709898
18073.579007858
18040.655972541
18019.180189576
18008.45188607
17976.305286598
17933.532405095
17909.39992239
17897.345860689
17861.232334023
17813.194298438
17786.886488028
17773.74715541
17734.38736769
17682.043207667
17652.152934975
17637.22675065
17592.523884285
17533.096267421
17531.455401345
17519.65392992
17484.297161674
17437.265779217
17412.904125372
17400.736063918
17364.282875531
17315.797393977
17281.320897462
17264.108398041
17212.57369776
17144.09999043
17138.459346844
17116.331720931
17050.120114094
16962.236230788
16919.172211257
16897.681216636
16833.371886472
16748.006680891
16731.76595221
16674.789953284
16648.499467359
16635.369771697
16596.042781732
16543.751384335
16517.489222064
16504.373777663
16465.089897975
16412.856808922
16378.802594943
16361.801992376
16310.905990004
16243.290850846
16209.359098115
16192.419810659
16141.708089342
16074.339434779
16039.555759404
16022.192156595
15970.214051063
15901.172126336
15856.099730101
15833.611462664
15766.337849735
15677.08412415
15620.19850678
15591.8331482
15507.045761579
15394.712707571
15321.150494304
15284.501306452
15175.078913428
15030.399992541
14978.387292259
14876.985760042
14854.783258403
14822.143928775
14724.655610841
14595.667893601
14557.26051621
14464.982980786
14415.144711033
14390.290004419
14315.982720917
14217.502878542
14153.858837432
14122.14373179
14027.424174631
13902.118950908
13897.125275257
13826.637483748
13733.209602708
13675.262158927
13646.380190697
13560.099765195
13445.907192046
13376.02565702
13341.221201649
13237.350266451
13100.112602494
13036.858986778
13005.34680094
12911.266532208
12786.884004431
12709.046319626
12670.305338221
12554.789525589
12402.40504935
12302.725402564
12253.186405701
12105.763075422
11911.954067678
11886.253162006
11769.727949749
11616.136047534
11526.379088551
11405.248370161
11342.660373668
11311.495288997
11218.512874104
11095.724205356
11026.640558706
10992.26019753
10889.760957818
10754.580531813
10684.716499382
10649.954859631
10546.347035727
10409.769502678
10333.598002497
10295.721519096
10182.923029324
10034.445075791
10020.91237685
9990.3429515344
9899.1930668163
9778.9522373562
9716.1664021897
9684.9248132814
9591.8014897957
9469.0284360888
9401.7789903517
9368.3335807291
9268.7095272963
9137.5234970334
9045.5822492676
8999.9591213491
8864.4657616752
8686.9757249617
8649.865382369
8533.573302184
8448.4360188591
8406.186428041
8280.7011507002
8116.2965012482
8047.3607720577
7920.5523619834
7863.3305666641
7834.8748779921
7750.1241767462
7638.5476030943
7582.7046005565
7554.9363782128
7472.240358327
7363.3853625375
7309.9404108637
7283.3635773855
7204.2114310999
7100.0116979566
7048.8258953531
7023.3715382129
6947.5586607802
6847.7462969916
6796.9799545753
6771.7380915669
6696.5735574817
6597.6503954766
6543.8626196263
6517.1333944688
6437.5990141005
6333.0609994595
6283.4783321336
6258.8327589883
6185.4745293514
6088.9993086807
6042.8593676195
6019.9206725254
5951.6257214604
5861.7695090472
5815.7889363317
5792.9340799854
5724.9069932316
5635.4452504453
5593.6619515268
5572.8866183601
5511.0224447027
5429.6038444453
5388.1687284328
5367.5698970857
5306.2446958401
5225.5662803886
5184.9997056972
5164.8346659327
5104.8088752663
5025.8582791737
4987.3741085013
4968.2426690333
4911.2875547419
4836.3617731604
4799.2164219248
4780.7508669171
4725.7794026838
4653.4661156957
4618.3369402966
4600.8719235314
4548.8721590432
4480.4522107989
4446.4792863337
4429.5895448614
4379.3042784061
4313.1441215611
4280.5731142981
4264.3799617134
4216.1671266578
4152.7302058344
4121.5886338821
4106.1055312089
4060.0043339529
3999.3402262282
3969.1360534157
3954.1196153609
3909.4103147427
3850.5833081135
3821.9206310234
3807.6693998474
3765.2337576972
3709.3876724442
3681.7023675243
3667.9372974889
3626.950107764
3573.0120995855
3546.8908308824
3533.90189498
3495.2197908292
3444.3014991811
3419.0632484466
3406.5135574163
3369.1401927561
3319.9460882339
3295.6326187885
3283.5427368489
3247.5385497747
3200.1463359339
3177.0017848702
3165.4923553381
3131.2136383226
3086.085412799
3064.0187065725
3053.0445929088
3020.3575207711
2977.3184962424
2956.1666559538
2945.6471530141
2914.3127149516
2873.0513541779
2852.7287362637
2842.6213975272
2812.5137401143
2772.8656602811
2753.4065007171
2743.7281897762
2714.8968978936
2676.9259010156
2658.2628090733
2648.9801127727
2621.3260647982
2584.9025631634
2567.0781234238
2558.2120472935
2531.7971254237
2497.0010206267
2479.8897509963
2471.3781379797
2446.0181835854
2412.6092545939
2396.2363604914
2388.0916273663
2363.8231552988
2331.8483978289
2316.1623112569
2308.3588813304
2285.1059828667
2254.4660775423
2239.4019515043
2231.9076764616
2209.5749968785
2180.1453155238
2165.7339096785
2158.5639695498
2137.1962581857
2109.0346474985
2095.1944159366
2088.308396173
2067.7858292652
2040.73579496
2027.4531313682
2020.8442544719
2001.1466015924
1975.1814061455
1962.4390257076
1956.0986948273
1937.2003462569
1912.2862610284
1900.0567595782
1893.9713686428
1875.8318868587
1851.9158730726
1840.159903883
1834.3099336339
1816.8713717246
1793.877575055
1782.5808622152
1776.9592107905
1760.2004064945
1738.1009417705
1727.2319544016
1721.8229748642
1705.6974572203
1684.4314466467
1673.9729590256
1668.7680910239
1653.2503873418
1632.7843483457
1622.7127918618
1617.7003340183
1602.7556690719
1583.0439934767
1573.3361667521
1568.5046004296
1554.0987437537
1535.0965417921
1525.736445246
1521.077820518
1507.1871202126
1488.863312873
1479.8304397867
1475.334574514
1461.9287666888
1444.2436540819
1435.5209442
1431.1793646237
1418.2332516646
1401.153753261
1392.723815945
1388.5278853734
1376.0157898249
1359.5082059515
1351.355159749
1347.2969900652
1335.1954563366
1319.2289948038
1311.3279229899
1307.3951498333
1295.6674576894
1280.1940183977
1272.532878117
1268.7195175088
1257.347863664
1242.3440522187
1234.9211143414
1231.2262935957
1220.2080279887
1205.670237776
1198.4847894922
1194.9081397737
1184.2421068063
1170.1686844111
1163.1854121006
1159.7094191701
1149.3436415013
1135.6665878756
1128.8757034874
1125.4955039092
1115.4155126544
1102.1158163777
1095.5066906976
1092.2170050072
1082.4071012316
1069.4641523601
1063.023920523
1059.8183624657
1050.2595705903
1037.6484910735
1031.3682595396
1028.2424118055
1018.9215967941
1006.6251430752
1000.4946492022
997.44341713305
988.34544043142
976.34376329174
970.35168741668
967.3694539946
958.47763431884
946.7488835922
940.88525396711
937.96707153569
929.26671742894
917.79165384866
912.04670073078
909.18772334628
900.6644512589
889.4242523437
883.7892047751
880.98508300738
872.62598747037
861.60377494561
856.06894932884
853.31488373808
845.10573419307
834.28292026565
828.83913690756
826.13058001988
818.0579017807
807.41690618273
802.0544878841
799.38664869202
791.43625704864
780.95859990326
775.66712756495
773.03485128258
765.19149846291
754.85734718164
749.6249296682
747.02233748191
739.26865093181
729.05544822547
723.86706210636
721.28673167138
713.6007975134
703.48013562446
698.31481910611
695.74640052245
688.09768652566
678.03004322317
672.8541141263
670.28098524741
662.62048957079
652.54251216284
647.29184035456
644.68236910748
636.91690470937
626.70826194087
621.22342779816
618.49903771058
610.39734575097
599.75993138645
593.26344702604
590.04164069122
580.48082162605
567.97361574363
566.65600984773
563.90556988955
555.73409219587
545.022688427
539.1304279938
530.82175718658
530.02314125864
528.21275551903
522.81861626739
515.7120220916
514.44485301692
512.86075482459
508.13766734061
501.90780957787
499.1043587981
497.70851087889
493.54434634046
488.04627292012
485.54546510721
484.29987063492
480.58222695493
475.66972349163
473.43804226803
472.32613100874
469.00604141061
464.61553038091
462.63138381403
461.64249021844
458.68847431845
454.77916984211
454.00046727704
453.12257852167
450.4990845641
447.02470591259
446.51726318016
445.74878664895
443.45128356667
440.40635662727
440.08755189159
439.42227236939
437.43246203323
434.79339087735
433.35980403255
432.64478407343
430.50679498196
427.67256893196
426.16335503413
425.41074640497
423.16088592914
420.1795705956
418.60909712197
417.82606289007
415.4857376401
412.38568276152
410.73840631799
409.91723720023
407.46356718462
404.21483887924
402.44068956677
401.5565370953
398.91571752056
395.42162104114
393.42887527048
392.43627143124
389.4734605795
385.55781286462
383.22765869963
382.06786780027
378.60951259389
374.04701870217
371.4413664157
370.14535482116
366.28438898151
361.19900999676
358.35564285155
356.942363864
352.73588131365
347.20424993405
343.98200444965
342.38211307032
337.62694832439
331.38930234094
327.61392569968
325.74239721664
320.19171589092
312.93765968215
308.34128535641
306.0684768751
299.35007704662
290.621052645
285.00306442065
282.23492771977
274.09079177167
263.59633225179
257.31056968512
254.22412284855
245.18514383721
233.63111416814
228.46572372604
225.92601338679
218.47502506928
208.92121601043
203.50140232027
200.84445059348
193.07992794846
183.19214693632
177.6373630646
174.92345623527
167.02798702354
157.05225612362
152.30433146717
149.98446962227
143.2347530886
134.70526041834
130.64687587001
128.66376777793
122.89323436517
115.59975740274
112.12095384304
110.42100963933
105.47426433854
99.221600712653
96.235257029394
94.775961893272
90.529510593245
85.162055957628
82.596715402974
81.343170640252
77.695533948842
73.085182714756
70.880914655734
69.803837790083
66.669817180883
62.708905139647
60.814822384841
59.889343768408
57.196557474943
53.793566783919
52.166171005348
51.371029582193
49.057588817915
46.134247363217
44.736222552296
44.053178102116
42.065983771615
39.555127855874
38.354400577768
37.767775232966
36.061186586104
33.905084354561
32.874059766076
32.370364928076
30.905114838207
29.054097259417
28.16902189983
27.736646891206
26.478935962056
24.890252030197
24.130674568421
23.759623063959
22.680352431006
21.317198924527
20.665510115806
20.347175247611
19.421291794611
18.251984851829
17.693023306175
17.419994920911
16.625930029422
15.623194887698
15.143908362328
14.909807414491
14.228994692517
13.36935528964
12.958509228285
12.757845269569
12.174305521552
11.437559163256
11.085485640228
10.91353406325
10.413517783791
9.7822826090402
9.480663932205
9.333360161118
8.9050393838185
8.3643643050251
8.1060464108458
7.9798946601216
7.6130972378117
7.1501256002216
6.928957095409
6.8209516702462
6.5069320861151
6.1106115808864
5.921304886753
5.8288622923252
5.5601039557423
5.220936399556
5.0589479615643
4.9798483357332
4.7498930362402
4.4597185395222
4.3212852104181
4.2536883826276
4.0571764106081
3.8092094692401
3.6906896617273
3.6328198699771
3.4645981835
3.252357081765
3.1510281982413
3.1015538309257
2.957742930524
2.7763138742578
2.6897058867566
2.6474203814432
2.5245109139378
2.3694618177834
2.2954546121152
2.2593223939344
2.1543025683818
2.0218302573088
1.9586058750051
1.9277389971069
1.8380265244984
1.7248705172709
1.6708706273508
1.6445079857897
1.5678895825786
1.4712555959722
1.4251448598885
1.4026342898514
1.3372135721712
1.2547076445728
1.2153421798791
1.1961250445517
1.140277680137
1.0698494782862
1.0362497230028
1.0198476536881
0.97218277696339
0.91207682625624
0.88340419738345
0.86940768827318
0.82873471474009
0.77744845944015
0.75298528468285
0.74104388752259
0.70634398533638
0.66259173895601
0.64172400682771
0.63153790311028
0.60193947436373
0.56462144089027
0.54682398220137
0.53813674363039
0.51289436403356
0.48107003186219
0.46589379228114
0.45848616315857
0.43696249586397
0.40982779191978
0.39688890646477
0.39057346662299
0.37222373845199
0.34909142131178
0.33806183880348
0.33267842391416
0.31703710541533
0.29731994385157
0.28791938319772
0.28333115584876
0.27000053489406
0.25319687947695
0.24518593357243
0.24127601503822
0.22991640162777
0.21559781732634
0.20877204301627
0.20544062676405
0.19576195922856
0.18356262841952
0.17774747852759
0.17490935514835
0.16666400335309
0.15627164133996
0.15131812772226
0.14890056692109
0.14187717387052
0.13302525555536
0.12880623352411
0.12674716966254
0.12076537609641
0.11322647801857
0.10963346641505
0.1078799456877
0.1027858755765
0.096365978743947
0.093306437020638
0.091813287872665
0.087475683222056
0.082009295978756
0.079404300448621
0.078132998881013
0.074439921002635
0.069785916474959
0.067568164638857
0.066485859847769
0.063341857254011
0.059379900738674
0.057492012095375
0.056570696816441
0.053894393531941
0.05052189981338
0.048914961201251
0.048130761499113
0.045852792769898
0.042982322143509
0.041614646624331
0.040947215937315
0.039008466955765
0.036565503462611
0.035401563335348
0.03483356163266
0.033183654021256
0.0311046970365
0.030114224714259
0.029630879468503
0.028226895026389
0.026457848945277
0.025615056070227
0.025203781125377
0.024009154498153
0.022503932933303
0.021786852209628
0.021436926462019
0.020420511272407
0.019139859197308
0.018529782311952
0.018232075309588
0.01736734668044
0.016277834667706
0.015758830053113
0.01550556660816
0.014769937202832
0.013843099127306
0.013401598940485
0.013186157553616
0.012560391963518
0.011771986918933
0.011396439242514
0.011213182312775
0.010680903610019
0.010010293594834
0.01000823398378
0.010007204337093
0.010004116032723
0.0099999997764826