0.23515834863389307
0.23516950319747426
0.23517508147224914
0.23519181670263473
0.2352141341579161
0.23521694794800094
0.23521950347041146
0.23522006687906913
0.235222508207791
0.235223680109311
0.23522425896358265
0.23522599900180777
0.2352283144437932
0.23522963106856365
0.235230289358803
0.23523226423605562
0.2352349059796463
0.23523621419723778
0.23523687336745516
0.2352388548252528
0.23524147519443778
0.2352428741930664
0.23524356998626106
0.23524564490793093
0.23524844545966261
0.235249863925461
0.2352505828322393
0.23525273956028953
0.235255615258588
0.23525997671764173
0.2352621575982298
0.2352687264005216
0.2352773681072263
0.23527877711586562
0.23528191365342616
0.2352834723803958
0.23528809272642282
0.23529444419245907
0.23529584848021648
0.23529758988120467
0.2352984730613383
0.23530112261314276
0.23530464403507234
0.23530671113896945
0.23530774121962175
0.23531083147691373
0.2353149785731498
0.2353169801044917
0.23531798908583532
0.23532101604453515
0.23532502608582972
0.23532710238374718
0.2353281348816355
0.23533122622399133
0.2353353564004534
0.23533779864688423
0.23533901988200534
0.23534266902122625
0.23534758451332918
0.23535007868675908
0.2353513391864684
0.23535512070823983
0.23536016292524323
0.23536280758501338
0.23536413359373742
0.23536811164487084
0.23537343303934555
0.23537644498054372
0.2353779495204813
0.2353824812103344
0.23538849957365587
0.2353918211443857
0.23539347313853928
0.2353984094502942
0.2354050588035681
0.23540824077235903
0.23540984514518287
0.23541465829997135
0.23542103480817114
0.23542406205438302
0.2354255630453465
0.23543006605035802
0.23543607032384653
0.23543980565409708
0.23544167760838872
0.23544730466086253
0.23545472260561592
0.2354584483781761
0.23546030411068142
0.235465838348726
0.2354732619499361
0.23547758773288077
0.23547976171968793
0.23548628374624458
0.23549495238073279
0.23549949656321464
0.2355017551718283
0.23550857148390505
0.2355174922866253
0.2355184129656034
0.2355203253206203
0.23552607383924903
0.23553372369483047
0.23553876456044928
0.23554127958223622
0.23554879482687344
0.2355589180028583
0.23556481734291798
0.2355677844613425
0.2355767742981594
0.23558842047947087
0.23558926224931148
0.23559669030360747
0.23560659510395623
0.2356227674866614
0.2356308557489818
0.23565521742103637
0.23568717241419898
0.2356968202771975
0.23570263576967956
0.23570550151396694
0.23571406490375726
0.23572563632844643
0.23573131690121654
0.23573421032941558
0.23574287363460059
0.23575437474249647
0.23576022883747874
0.2357631336339488
0.23577181376384126
0.23578357988506823
0.23578597716135227
0.23578874242494155
0.23579705465275208
0.23580797833078138
0.23581351825438007
0.23581623701194707
0.23582439338710684
0.23583526943492056
0.23585546342771313
0.23586558604615848
0.23589565682520183
0.2359370451633749
0.2359421757312326
0.23594693987572826
0.23596134532475666
0.2359801657585308
0.2359891308968792
0.235993494445772
0.2360065596106379
0.23602423463454028
0.23603206332827195
0.23603606447403272
0.23604797421661328
0.23606412966918464
0.23607245302856383
0.23607671573254738
0.23608940412767673
0.23610672364702337
0.2361147222092162
0.2361188331072261
0.23613123860550225
0.23614758373292394
0.2361562778203609
0.23616056922649833
0.2361734940936199
0.2361905574081183
0.23620057273022274
0.23620553015685491
0.23622049012474258
0.23624007611314687
0.2362501429540698
0.23625504917663512
0.23626988357138262
0.23628945372817833
0.23630059689937735
0.23630614034377428
0.23632273871447296
0.23634484695915697
0.23635679671255122
0.2363627332590728
0.23638075212704376
0.23640413810524333
0.23641676595396088
0.2364229399674768
0.2364413906663756
0.23646593716021685
0.2364776953453934
0.23648351172251136
0.23650109730787136
0.23652422562439757
0.23654480744014725
0.23655497770768155
0.2365858463933442
0.2366260466694503
0.23664662761541
0.23665668804897064
0.23668663697580047
0.23672775750471184
0.23674657450938622
0.23677783662321247
0.23679186157858012
0.23679910344048238
0.23682103988044542
0.23684966456004863
0.23686661471842974
0.2368749094199911
0.23689984243645218
0.23693303037299468
0.2369487960579515
0.23695670897272625
0.2369802209425185
0.23701235854640174
0.23702744111910481
0.23703517024185783
0.23705844771557766
0.2370894682832358
0.23710699678501698
0.23711575990205602
0.23714215108572415
0.23717700436978612
0.23719728119719752
0.2372072993186104
0.23723758585420007
0.23727755601846862
0.23729811914987647
0.23730837931693424
0.23733904406613404
0.2373798467751569
0.2373998623012906
0.23740978946416758
0.23743974269472898
0.23747910550470813
0.23750276386419542
0.23751446626643408
0.237549242394746
0.2375969126907039
0.23761800812148162
0.2376289479540435
0.23766158295730996
0.23770561698277004
0.23773355378437303
0.23774758283930547
0.23778983229050007
0.23784597451200054
0.2378847217897157
0.23790400684817609
0.23796197625991294
0.2380389310306431
0.23807829237490843
0.23809788516277386
0.2381566686875047
0.23823461615896113
0.23824729575933148
0.23826401836197814
0.23831456520878472
0.2383803077043989
0.23838923864511227
0.238404231533647
0.2384492132230934
0.23850921532846803
0.23854009286667807
0.23855555926004335
0.2386021339599813
0.23866330140914835
0.23869463717215478
0.23871009315569947
0.23875654997703288
0.2388178649751054
0.2388526171317181
0.2388698457679283
0.2389216308177914
0.23898977862981846
0.23902321021173717
0.23903967955903677
0.23908872910357712
0.23915521608256093
0.2391901777931765
0.23920802020076817
0.23926145372349575
0.23933286687256108
0.2393694429077238
0.23938777999559685
0.23944249499404613
0.23951608991067197
0.23956341630687497
0.2395871665901136
0.2396585547761466
0.23975335173385517
0.23981102259798942
0.23983976502424423
0.23992569146738077
0.24004209497236031
0.2400558812430204
0.2400830207179363
0.24016430266495972
0.24027264475743132
0.24033090463505052
0.2403599651800853
0.24044746967490224
0.2405625045583302
0.24058587524835184
0.24061594956187712
0.24070538410836587
0.24082748103737234
0.2408815470698489
0.24090939234244746
0.24099338098183726
0.24110332037065169
0.24115995018238182
0.24118788785578363
0.24127068467137677
0.24138407815956425
0.2414433399078246
0.24147376849426816
0.24156458919864787
0.2416870898051596
0.24176039746848202
0.24179739066378292
0.24190858148714067
0.2420567369534504
0.24216234741917483
0.24221529199671593
0.242372798515736
0.24258839921818764
0.24262286497673483
0.24279102973155742
0.24286968111503304
0.2429920911513952
0.2430672571041205
0.2431046220401632
0.2432174955931447
0.2433667594144025
0.2434655999971058
0.24351468334993093
0.2436622126027709
0.24385939795404957
0.2439708781223055
0.2440265464169829
0.24419470305550184
0.24441722892431056
0.24454081781358675
0.24460230559907858
0.24478666788052225
0.24503342216591867
0.24517449732674573
0.24524506661912265
0.24545752868743534
0.24574194410541678
0.24574897638151064
0.24580561388647745
0.24597488921343766
0.2462035777738794
0.24632001744742912
0.2463791461849313
0.24655587733442294
0.2467931326169957
0.24696151080596923
0.24704600030533033
0.24730114785974966
0.2476362871029532
0.24766712878374955
0.24777729657237743
0.2481089789558335
0.24855127501502475
0.2487700334637255
0.24887938463985787
0.2492090797818113
0.24964598132002194
0.24973106039572557
0.25003114312061375
0.2501651282235375
0.25023389503489296
0.25043919858085517
0.2507174143490991
0.25085397006582144
0.25092353101356546
0.2511319744998387
0.251411468908517
0.25159336945540695
0.2516849496286388
0.2519588194627101
0.2523282659535817
0.2525111949613269
0.25260411878251077
0.25288241485869467
0.25325437232003545
0.2534478094122605
0.25354466876562154
0.253835166958543
0.2542242288081576
0.2544787337882921
0.25460678319212887
0.2549914002127498
0.25550459393670993
0.255835334743063
0.25600089080763955
0.2564992211844584
0.2571642463184485
0.2576054614490755
0.2578272187891355
0.25849396075753955
0.2593808947841747
0.2597082791912233
0.2603507634358214
0.26048757219396224
0.26069570530116803
0.2613180157401862
0.26216222171271913
0.26240846663045325
0.2630194332827262
0.26334992715401345
0.2635165569650504
0.2640167959431631
0.2646866997516548
0.26512313368512647
0.26534272378845947
0.26600356842219813
0.26688234963645685
0.2669220661192973
0.2674265032831718
0.268099770569844
0.2685229931916572
0.2687352330112059
0.26937251389987926
0.27022685043596495
0.2707550473680037
0.27102100477091245
0.2718205653085847
0.2728893536686899
0.2733925708988774
0.2736442181310291
0.27440104387028025
0.27541352627324184
0.27605707580214583
0.27638111442737745
0.2773549736245924
0.2786619072250565
0.2795323920300665
0.27997196014782155
0.2812927538468793
0.2830725472029936
0.28331305641973115
0.28441076875119253
0.28589408975918196
0.2860587857928848
0.2871480502599459
0.28860874185948593
0.289348780088909
0.2897210599785047
0.2908389238664987
0.2923446525307639
0.29305571457198965
0.29341509590593334
0.2944941878856623
0.2959457375241064
0.29676143055589177
0.29717333008814956
0.2984104025888154
0.3000784347829028
0.30083430249526505
0.30121645205398256
0.30236405116516313
0.3039088614729312
0.3047567499426734
0.30518514480821396
0.30647366037552204
0.30820433020395666
0.309307377318068
0.30986486366720634
0.31154069490375846
0.3138026549479952
0.31406843292377085
0.31460226355565857
0.31620681811857243
0.3183719587049699
0.3193682838969743
0.31987186985124894
0.3213856126184164
0.32342626016019194
0.3244413383012991
0.3249546476518309
0.32649717105292514
0.32857764626744634
0.32958337033616547
0.33009202483727906
0.3316207890046146
0.33368077520135464
0.3348098714290318
0.33538099817494227
0.33709892906658523
0.3394131830143439
0.34081657947315996
0.341527687837432
0.3436660691021353
0.3465586985357646
0.34712510311740696
0.3490975420582328
0.3517617056081125
0.3530387818995469
0.3536852620013255
0.35562896346190903
0.3582542576024986
0.3595047337021995
0.36013786519401014
0.3620417148471513
0.36460958164301954
0.3660936695697762
0.3668458348001885
0.3691081096026536
0.37216750387923503
0.3735876392438266
0.3743072296662915
0.3764715555349087
0.37939470515616736
0.3809801880905978
0.38178420395864987
0.38420289258335
0.3874760995776973
0.38899846864319004
0.38977048348177434
0.39209277164842526
0.39523230946129617
0.39688391003719503
0.39772208202220716
0.40024375591392397
0.4036571131630141
0.40536124507078597
0.40622649212965206
0.40882968441481293
0.4123556129542845
0.41409618468859816
0.4149803849468453
0.4176408339951129
0.4212448289356542
0.4230813790713396
0.42401502608283337
0.4268246210491944
0.43063352571077473
0.4325623403887704
0.43354353018728814
0.4364965597087109
0.44050254760458635
0.4425254237511792
0.4435550899827163
0.4466542965564254
0.4508611815438211
0.4529787203875875
0.4540571518064186
0.4573036735705111
0.4617117996331686
0.46398053172138026
0.4651367227658287
0.4686177352710026
0.47334875413569666
0.4757119427287008
0.47691662851119876
0.4805439128933511
0.48547466186721844
0.48796294752497715
0.48923180191379595
0.49305264433598134
0.498248241389912
0.5008709576579347
0.502208658154252
0.5062371687502167
0.511716975599522
0.5144607400041699
0.5158602396793884
0.5200753886167994
0.5258086390353709
0.5287418512889451
0.5302382698094076
0.5347460502456852
0.5408802946978024
0.5439596052325121
0.5455304567068818
0.5502629405185407
0.5567032442137227
0.5599432761305416
0.5615960366938779
0.566575768120481
0.5733529649681745
0.5767717504641884
0.578515614314323
0.5837703970337265
0.5909231243068807
0.5944984723623682
0.5963218928882715
0.6018168981298215
0.6092957144350928
0.6130746987507981
0.6150018394879747
0.6208102066288197
0.6287164042770488
0.6327024135526133
0.634734904230236
0.6408615447331767
0.6492016383180469
0.6533924186232851
0.6555289847289567
0.6619700720480407
0.6707379529328145
0.6751631336325843
0.6774189174389624
0.684220252100995
0.6934793332741215
0.6981265613641744
0.7004950609095602
0.7076369288017607
0.7173590291933791
0.7222510373376198
0.7247437932804737
0.7322611920799431
0.7424941162458253
0.7476471826730781
0.7502723798834218
0.7581901099068553
0.7689675909716096
0.7743892709877107
0.7771505727450001
0.7854797216149588
0.7968162526932405
0.8025208622211989
0.8054254087555467
0.8141875680994287
0.8261122497422058
0.8321114115251326
0.835164915846275
0.8443774034446355
0.8569133216032118
0.8632131112377632
0.8664184259297868
0.8760898743008005
0.8892477790494051
0.8958735980674548
0.8992434561914678
0.9094125214073191
0.9232449298471957
0.9302051519636124
0.9337435162451525
0.944422160340043
0.9589445424061138
0.9662497124149755
0.9699616632463891
0.9811653127333353
0.9963977508742627
1.004064326924386
1.007957932339634
1.0197110750576428
1.035686197428707
1.0437268704229912
1.0478082494010954
1.060129437034831
1.0768716476480955
1.0852980079558243
1.0895726950036828
1.1024787542807162
1.1200099338056906
1.1288344968496045
1.1333084691313609
1.1468175387706725
1.1651613778766097
1.1743965421218325
1.1790756921084349
1.1932056918883078
1.2123854183201246
1.2220458731067212
1.2269372008033284
1.241709460434175
1.2617528737678252
1.2718508032694413
1.2769599948188657
1.292391763088592
1.313321132039112
1.3238622343575754
1.329191642352807
1.345290135708061
1.3671134836812038
1.3781127248757448
1.383669314012623
1.4004557841899763
1.423200393371807
1.434667753553814
1.4404558879055784
1.4579436744529646
1.481625792517231
1.4935684603775137
1.499591010742025
1.5177889804872455
1.542418431720695
1.5548453484334643
1.5611059824085973
1.5800254235174243
1.6056152229272693
1.6185171341939122
1.625010212974718
1.6446341671712716
1.671158392262931
1.6845114324624249
1.6912238939662836
1.7115128356773865
1.738914735949117
1.7528172082469544
1.7597975852852281
1.7808995737995041
1.8093787191099449
1.8237579345371735
1.8309683534817038
1.8527684650670397
1.8821645055742184
1.8970214169027253
1.9044610584350594
1.9269572583448953
1.9572643713405191
1.9725923306963606
1.9802565315837057
2.003435188841986
2.034631609511425
2.050419299391119
2.058300971983335
2.0821411716742957
2.1141952499414685
2.1304241809384257
2.1385126185991843
2.162982529863854
2.1958478660979837
2.212494751663777
2.2207768309146347
2.2458373766905853
2.279457910065101
2.296501525490698
2.3049651130922877
2.330580370360841
2.3649044635328433
2.3823114127801874
2.3909383558494497
2.417054167482562
2.452005823416586
2.4697456918155356
2.4785192969202035
2.5050861134714215
2.540595769567375
2.5586342415373506
2.567535885105425
2.594498404858744
2.6304890721761054
2.6487869560604764
2.6577956454421727
2.685091484757577
2.721476962998633
2.7399931674279867
2.749086980965286
2.7766510756400122
2.8133418928694023
2.832034046440207
2.841190439668
2.8689559668339313
2.9058606682663237
2.9246862986477904
2.933882672892783
2.9617828250954905
2.9988102154725347
3.0177296791772696
3.026944727891357
3.0549168226258545
3.0919814511283623
3.110961239728122
3.120176471821385
3.1481666825364294
3.185194898077156
3.204215751370532
3.213419153315303
3.2413938428131077
3.278338458974173
3.297411361847144
3.3066045495638186
3.334572510944943
3.371441371893692
3.390645113808575
3.399859938719228
3.427924161858278
3.464846537333213
3.4844404238922193
3.493788381188406
3.5223005170645862
3.559724743654237
3.580689123068425
3.590595537686576
3.620890110901099
3.660521992659767
3.6839731680435976
3.694886926997475
3.7284034841935925
3.7720456941205787
3.787794936604815
3.8196160504545134
3.8260013495232794
3.845760610640426
3.8716154423715925
3.875711837431048
3.881226081583281
3.8980172638480703
3.9200092647191878
3.929845690595229
3.93455820542734
3.9488885771437805
3.9676708569547747
3.9762078344527
3.980306146076556
3.992753992781209
4.009073665766371
4.016545661729453
4.0201378612250185
4.031035914149372
4.045320701240421
4.051839460423421
4.054976170704059
4.064480510999574
4.076928211613599
4.082565210187514
4.08527779966491
4.093485876542606
4.104218168565158
4.10901289747925
4.111318082462662
4.118283263478145
4.127366714958249
4.128795059764529
4.1307232235375855
4.136541526697358
4.14410922934452
4.14434235834431
4.145888132961507
4.150547197525731
4.156596124375736
4.159799747577773
4.1613150234475045
4.165878789882146
4.171739740665727
4.17482216254268
4.1762483556345575
4.180538398437241
4.185945667703048
4.188717879175302
4.1899526944912795
4.1936612645849864
4.198178767700718
4.200459174435108
4.201395482074648
4.204204031836352
4.207363411128011
4.208882771772099
4.209358702911016
4.2107877448997115
4.211877527438974
4.212128265859868
4.211858394098983
4.211059941894246
4.208861141404528
4.206984684612896
4.205513938803418
4.201125997563398
4.193741950063914
4.188909571216812
4.185945411594455
4.177056479608605
4.163560821988412
4.154903483620199
4.150040572215687
4.135371425254023
4.114104563816866
4.099781649242974
4.092175841991016
4.06903815389161
4.036434346558551
4.015162549467457
4.004488226326174
3.9715550762622174
3.926374473077034
3.881153112349919
3.860621490317546
3.7941671421955188
3.706069633461813
3.705606396322067
3.6485564873001324
3.6184638776767346
3.605400971421172
3.5628609168011733
3.5076793983128924
3.4688166432453142
3.453307489058233
3.400097461173559
3.3329088015668975
3.2902894640371043
3.2748956931570063
3.2189172195100983
3.1501771040825552
3.111323948538523
3.0982257354507268
3.0489290725663665
2.988975577936739
2.9543331094176244
2.943223793065998
2.8999746030108224
2.8477159400143575
2.8167412711774666
2.807268941889471
2.769089633344796
2.7231830538421287
2.6953162339418766
2.6871782865816223
2.6532054174058977
2.612510497163242
2.5872493333242925
2.5801925188746155
2.549690996286687
2.513263102263547
2.4901769312170767
2.4839946865079905
2.456355986385548
2.423429208941136
2.4021612480926486
2.396688998806011
2.371421798775383
2.341387171073811
2.321649380825274
2.3167583571728714
2.2934733911694574
2.2658536689273543
2.2474174299678213
2.2430080394195877
2.2214004986962563
2.195824651847583
2.178510048216949
2.1745056415600694
2.1543379096293496
2.1305178725866765
2.1141834151286254
2.1105249133974047
2.0916113067881166
2.0693223278871624
2.053856061900607
2.0504975992614534
2.0326917926379604
2.011756703598925
1.9970690053340967
1.9939745438299925
1.9771596953078916
1.9574367936053032
1.9434547860888847
1.9405955619981954
1.9246768107783265
1.9060507685369092
1.8927141173006425
1.8900667524931052
1.8749656427779178
1.8573408040211967
1.8445986104600791
1.8421437330771135
1.827794126880339
1.8110896184858778
1.7988981497830028
1.7966193943000686
1.7829644993616658
1.767110685517558
1.755431725163283
1.7533150100001107
1.740305226150726
1.72524114218152
1.7140407931603743
1.7120737989914023
1.6996651576292083
1.6853366505855263
1.674584465408123
1.672756257534966
1.6609092876339089
1.6472676638144435
1.6369360093429706
1.6352367629817404
1.6239156626470534
1.610916697604389
1.6009802885139315
1.5994010873814974
1.5885731142239021
1.5761763218947344
1.5666118759064867
1.5651445628743506
1.554779581684805
1.5429476691604025
1.5337231777958893
1.5323608980711543
1.5224200640018535
1.5111100752974422
1.502224068698313
1.5009586290524044
1.4914389002462443
1.4806365184407153
1.4720662878649196
1.4708917573563662
1.4617578380280551
1.4514243620757181
1.4431491999716388
1.4420595691661784
1.433288754477483
1.4233961163226412
1.4153996334750691
1.4143892906845474
1.4059604690364687
1.396482516545378
1.3887493972145868
1.3878131007737788
1.3797065108866493
1.3706187662560043
1.3631346537413065
1.3622675028389815
1.3544646313948538
1.3457441662072303
1.3384955946137205
1.3376930041029444
1.3301764975443426
1.3218018238808489
1.3147761580972126
1.314033836378709
1.3067874224518967
1.2987383962580799
1.2919237774585495
1.291237706788531
1.284246123819145
1.276503857227741
1.2698891536589798
1.269255572323995
1.2625045048824417
1.255051286654866
1.248626047873131
1.248041433933769
1.2415174535020401
1.234336674978753
1.228091090086995
1.2275521463991597
1.2212426565044476
1.2143187441062047
1.2082436020527014
1.2077472423612456
1.201640427465672
1.1949587786070155
1.189045431901164
1.1885887678950837
1.1826735456693087
1.1762204696797125
1.1704608000894903
1.1700411292681472
1.1643071058595498
1.1580697688326218
1.1524561542468545
1.1520709485619873
1.1465083766121162
1.1404747471301655
1.1350000328963865
1.1346469280856388
1.1292466669144923
1.1234054692876807
1.118062938190713
1.117739723656481
1.112493202708073
1.1068338690318296
1.1016172152057604
1.1013218246971366
1.0962210074045442
1.090733635328393
1.0856369382941335
1.085367440787809
1.080404793038316
1.0750801030474502
1.070097804273629
1.069852395702865
1.065020852712368
1.0598501524907946
1.0549770303507309
1.0547540258084953
1.050046964918068
1.0450221057481377
1.040253262019926
1.0400510877018536
1.035462300892433
1.0305756491296696
1.0259064831725184
1.0257236703433072
1.021247335691388
1.0164917443806065
1.0119179325551397
1.01175310948878
1.0073837702633686
1.0027525421097276
0.9982700197852468
0.9981219082218865
0.9938544436280025
0.9893412986106661
0.9849462546126824
0.9848136595941334
0.9806432746575678
0.9762423363316935
0.971931185600767
0.9718129938975587
0.9677351847391055
0.9634409518302934
0.9592103117495462
0.9591054860433722
0.9551160340204449
0.9509233172366947
0.9467700411119734
0.9466776123605516
0.9427725587479789
0.9386765313355087
0.9345976350324907
0.934516699447433
0.9306923341811274
0.9266884598958367
0.9226811355219652
0.9226108555633048
0.918863675792009
0.9149477063491762
0.9110093136871487
0.9109489044398977
0.9072756539905628
0.9034436019039042
0.8995716575702392
0.8995203900124042
0.8959179714138316
0.8921661378947886
0.8883582955118785
0.888315483533155
0.884781052843067
0.881105937335666
0.8773599659721689
0.8773249847973591
0.8738558222675356
0.8702539713525043
0.8665679256095024
0.8665401803532331
0.8631336786060301
0.8596023603616455
0.8584739072109032
0.8582702241722768
0.8574669303660092
0.8564112818189833