0.23517320881812112
0.235184368396536
0.2351899491794123
0.23520669193661542
0.23522901943370167
0.23523183447620372
0.2352343911522144
0.23523495481062776
0.23523739724205392
0.23523856966572607
0.23523914878063146
0.23524088960100423
0.23524320608562402
0.23524452330313178
0.23524518188974688
0.23524715765616233
0.23524980058592707
0.23525110939534757
0.23525176886180865
0.235253751208622
0.23525637276187547
0.2352577723859175
0.23525846849159393
0.2352605443499583
0.23526334615285857
0.23526476526448029
0.23526548449479343
0.2352676421934897
0.23527051918608316
0.23527488260832463
0.23527706447061122
0.23528363622003642
0.2352922818497428
0.2352936914741598
0.2352968294156024
0.23529838884395668
0.23530301129079131
0.2353093655704678
0.2353107705150819
0.2353125127102278
0.23531339628824738
0.23531604703377274
0.2353195700467578
0.23532163808017012
0.23532266862538118
0.23532576027643506
0.23532990923291605
0.2353319116719119
0.2353329211076241
0.2353359494295117
0.23533996128693563
0.23534203851625096
0.23534307147950095
0.23534616421763643
0.23535029625586912
0.23535273960357997
0.23535396138937797
0.23535761217982412
0.23536252987701214
0.23536502518477834
0.2353662862525394
0.235370069478594
0.23537511396828315
0.23537775982504655
0.23537908643253624
0.23538306628010894
0.23538839007126577
0.2353914033758144
0.23539290859738207
0.23539744233345616
0.23540346342398002
0.23540678648733676
0.23540843922729957
0.2354133777754496
0.2354200301153925
0.23542321353152604
0.2354248186289242
0.23542963395764405
0.23543601336228911
0.2354390419662642
0.23544054363535072
0.23544504867491364
0.23545105566157526
0.23545479268136507
0.2354566654807694
0.23546229506957378
0.2354697163913554
0.23547344383598293
0.23547530040413497
0.23548083714729362
0.23548826409213566
0.2354925918401559
0.23549476681030243
0.23550129178726023
0.23550996435475355
0.23551451058690256
0.235516770219593
0.23552358960689238
0.23553251450017776
0.23553343555689443
0.23553534877935653
0.23554109990134622
0.2355487532278161
0.23555379637215748
0.23555631253308748
0.23556383119375712
0.23557395893220182
0.23557986096422082
0.23558282942991654
0.2355918233149084
0.23560347487370198
0.23560431695449954
0.23561174837727128
0.23562165767011586
0.2356378373905298
0.23564592932315037
0.23567030201756162
0.23570227168570262
0.23571192385162382
0.2357177419546037
0.23572060900161365
0.2357291762980621
0.23574075294301625
0.2357464361359128
0.23574933087775077
0.23575799812343376
0.2357695044836847
0.23577536122550485
0.23577826734413548
0.23578695143898926
0.23579872286078465
0.23580112127535138
0.23580388779697734
0.2358122038005683
0.23582313250416848
0.2358286749140345
0.23583139491159363
0.23583955500733275
0.23585043601736663
0.2358706392273844
0.23588076645814934
0.23591085106325607
0.2359522579388072
0.23595739111699857
0.23596215744516433
0.2359765694543368
0.23599539861430735
0.23600436776727327
0.23600873331617775
0.23602180448097576
0.2360394875248536
0.23604731986335875
0.23605132283743765
0.2360632380602011
0.23607940084052376
0.23608772808526224
0.23609199273882644
0.2361046869777048
0.23612201431813518
0.2361300166440572
0.23613412943150333
0.23614654060417775
0.23616289328799359
0.23617159132616145
0.23617588470443063
0.23618881549272577
0.23620588669458636
0.2362159065878657
0.2362208662973245
0.23623583312138488
0.23625542823258608
0.23626549962105634
0.2362704081096207
0.23628524931185704
0.23630482853629942
0.23631597681155955
0.23632152280677757
0.2363381288303444
0.2363602472831602
0.23637220253209248
0.23637814182460481
0.23639616894707066
0.23641956589628565
0.23643219945232347
0.23643837631113945
0.236456835544361
0.23648139342093022
0.23649315700803125
0.23649897608270373
0.2365165697724206
0.23653970888033493
0.2365603001630983
0.2365704751583617
0.2366013580591567
0.23664157724575918
0.23666216756472241
0.23667223267175108
0.23670219561197076
0.23674333492287086
0.23676216098216984
0.2367934373779207
0.23680746906325062
0.23681471430632373
0.2368366609080129
0.23686529910547505
0.236882257030152
0.23689055560436298
0.23691550024764063
0.2369487036960578
0.23696447675527027
0.23697239336043793
0.23699591639149314
0.23702806880786728
0.23704315860931582
0.23705089136012267
0.2370741797289056
0.2371052148337502
0.23712275155669085
0.23713151878581093
0.2371579223188021
0.2371927920610731
0.2372130783480689
0.2372231011933417
0.23725340192429245
0.2372933910076467
0.2373139637794162
0.23732422876738077
0.2373549079801836
0.237395729988524
0.23741575490738215
0.23742568676326384
0.23745565409249272
0.2374950356811809
0.23751870510976128
0.23753041304085795
0.23756520574476422
0.23761289825537696
0.23763400398326778
0.2376449489932286
0.2376775995261058
0.23772165431580616
0.23774960447558632
0.23776364021779092
0.23780590975815025
0.23786207879060103
0.2379008444919147
0.23792013876390608
0.2379781358549415
0.23805512758077366
0.23809450768692567
0.2381141098577241
0.23817292156351633
0.2382509066548485
0.23826359219429658
0.2382803228411959
0.23833089387006773
0.2383966685495866
0.23840560350387374
0.23842060362680587
0.2384656070384464
0.23852563815247557
0.23855653063947807
0.23857200451414007
0.23861860169009105
0.23867979908962528
0.2387111498595925
0.23872661333696216
0.23877309266591154
0.2388344376773021
0.2388692066055811
0.23888644362360853
0.23893825385070555
0.2390064352278928
0.23903988288823658
0.23905636026324545
0.23910543388857577
0.23917195310435035
0.2392069322384465
0.23922478338977843
0.23927824316396348
0.2393496913894307
0.23938628544517554
0.2394046315538798
0.23945937362232692
0.2395330047438328
0.2395803546330054
0.23960411668086878
0.23967554021852974
0.23977038439652776
0.2398280838370542
0.23985684056247794
0.2399428099520857
0.24005927101486585
0.2400730646434364
0.24010021766733053
0.24018154031426706
0.24028993681756144
0.24034822588367097
0.24037730103602525
0.24046484944852276
0.2405799429395576
0.240603325054685
0.24063341454125942
0.2407228946270605
0.2408450526640388
0.24089914686123834
0.24092700629216876
0.24101103750665
0.24112103366865836
0.24117769198436467
0.24120564389880295
0.24128848342968787
0.24140193424987333
0.24146122710639786
0.24149167132601806
0.24158253897563817
0.24170510246808513
0.2417784484155768
0.24181546080818672
0.2419267093592671
0.24207494206924987
0.24218060766396327
0.24223357987775188
0.2423911694507118
0.24260688189233434
0.24264136751710055
0.24280961976772492
0.2428883136913418
0.24301078885950816
0.24308599470071934
0.24312337959539013
0.2432363132094067
0.2433856573089444
0.24348455062067553
0.2435336603656986
0.24368126903292572
0.24387856081369488
0.24399010140022429
0.2440457999682216
0.24421404779807285
0.2444366957787149
0.24456035211915092
0.24462187369135485
0.244806337668165
0.245053228427794
0.2451943821048531
0.24526499077202032
0.24547757148445604
0.24576214626318588
0.24576918289603
0.24582585227226908
0.24599522345563354
0.24622404076403925
0.24634054738940336
0.24639970975899889
0.246576542073446
0.24681393313610844
0.24698240857573883
0.24706694689251207
0.24732224171242206
0.24765757845024453
0.24768843678885546
0.24779866915825158
0.24813054653690306
0.24857310530197874
0.248791994227206
0.24890141092468324
0.24923130392577694
0.24966847173799395
0.24975360213320708
0.25005386628923076
0.25018793536084294
0.25025674443230245
0.25046217512678176
0.25074056191608113
0.2508772038736987
0.25094680817866194
0.25115538218920136
0.25143505189059306
0.25161706764030867
0.25170870568046577
0.25198274986217345
0.25235243117323153
0.2525354789475468
0.2526284625064123
0.25290693861213087
0.2532791382249695
0.25347270173509434
0.25356962454741516
0.2538603140588648
0.2542496334027757
0.2545043084402876
0.2546324433695841
0.25501731869345856
0.2555308608129414
0.25586182732278595
0.25602749696738625
0.25652617111899495
0.25719166143455313
0.257633187641847
0.25785510193397226
0.25852232014055854
0.2594099012875267
0.2597375241190403
0.2603804812390698
0.26051739445249217
0.26072568281762803
0.2613484635329572
0.26219330946660585
0.2624397477881383
0.2630511880697659
0.26338194178792174
0.263548702467639
0.2640493372323576
0.26471977651977974
0.2651565632166994
0.26537633124848947
0.26603771549044697
0.2669172290290651
0.2669569757423524
0.2674618358941981
0.2681356750329187
0.26855925930259117
0.2687716813596786
0.26940951440689154
0.27026460049217516
0.27079326686119104
0.2710594613737077
0.27185974211034936
0.27292951159472095
0.2734331936084682
0.27368507519735763
0.2744426122156429
0.2754560622862715
0.27610023418283564
0.2764245876618524
0.2773994051659629
0.27870764991993835
0.27957902285329356
0.28001904202804395
0.28134121486852803
0.2831229116049758
0.2834827465027777
0.28470560441393583
0.2863470431922725
0.2871659377634979
0.28757826192003316
0.2888168247861865
0.2904860870011934
0.2907587707470043
0.2911535458693452
0.2923404208565605
0.29393480409115846
0.29492134386601543
0.29541970199573336
0.29691803543374184
0.2989367650477459
0.29995324009616775
0.30046693911266825
0.30201195383593316
0.3040943967936725
0.3050930913996074
0.3055976515167474
0.3071152774448065
0.3091587403876786
0.3104390533173185
0.3110877345926964
0.31303791131539416
0.3156766086000524
0.3173528241476947
0.3198263331406795
0.32092223262954145
0.3229100618623978
0.323843432823354
0.3243156755304048
0.32573433729300244
0.3276462007254952
0.32865841900283005
0.32917044868851025
0.33070923900103255
0.33278265814858665
0.33397259835575027
0.33457487600160607
0.33638570208069307
0.33882916515631234
0.34007052532994814
0.3406987987953011
0.34258783830110906
0.34513831787061033
0.34638604315099325
0.34701761321348534
0.34891645781313163
0.3514805777275411
0.3527192319710633
0.35334631385095355
0.35523150751057
0.35777688545709824
0.3590295312457803
0.35966381776401785
0.36157100105760054
0.36414490141518274
0.3654947347517111
0.3661784239897781
0.3682341739453447
0.3710112729022331
0.3723994878889441
0.37310286865104797
0.3752185461448925
0.3780752185377748
0.37963524450186853
0.38042614859176355
0.3828053667482854
0.38602450414453054
0.38754512140262704
0.38831610661243343
0.39063565895272134
0.3937708756155635
0.3954583468253004
0.3963146749004909
0.39889169764076826
0.4023803493278103
0.40410558217635195
0.4049814096287481
0.40761709745776387
0.41118639309352584
0.4129905330438004
0.4139071033228408
0.4166656362724195
0.42040419411449764
0.4222613154584297
0.42320530039969156
0.4260464693929564
0.4298987641344013
0.431826955695261
0.4328076937427264
0.4357596469967456
0.4397639162239402
0.44180741037149956
0.44284761459979993
0.44597895421312805
0.4502300239179044
0.45236634565939304
0.45345437259139776
0.4567301000311178
0.4611788558261386
0.46344333326566445
0.4645973018683607
0.4680718302328415
0.47279412272698973
0.47515866088184083
0.47636402947930506
0.4799935597467644
0.4849280739766302
0.4873956451937554
0.488653792437208
0.4924425880332248
0.4975941212559899
0.5002149482621026
0.5015516248184934
0.5055774464940074
0.5110537353136566
0.5138087653267089
0.515214003575698
0.5194469043613464
0.5252055227077451
0.5281144923713867
0.5295983557364653
0.5340686084950743
0.54015112991969
0.5432401098611781
0.5448159609876834
0.5495639713189622
0.5560264162046776
0.5592779373760751
0.5609365850011518
0.5659346698156125
0.5727380066129399
0.5761571968874315
0.577901214893792
0.5831570974121513
0.5903115333952764
0.5939208961892769
0.5957617941040045
0.601310342884107
0.6088639903694136
0.6126653652069352
0.6146039769540459
0.620447698185102
0.6284036425293877
0.632404259290762
0.6344442157370802
0.6405941557688787
0.6489670629567117
0.6531886550890882
0.6553410329726852
0.6618307267245028
0.670666812261801
0.6751101977820348
0.6773752868133852
0.6842055719745861
0.6935054736804511
0.6981825759627646
0.7005663786487987
0.7077554878053643
0.7175437533866561
0.7224718564117775
0.7249831013302265
0.7325574558319546
0.7428700493452252
0.7480660049827631
0.7507131781651314
0.7586984528294649
0.7695705133839612
0.775030663170886
0.7778116730190605
0.7862014886425742
0.7976231862703611
0.8033680765293741
0.806293260489358
0.8151190711386991
0.8271328394721288
0.8331873810385212
0.8362692595403357
0.8455689629031092
0.8582266730535669
0.8645926984676867
0.8678319315467805
0.8776075386206501
0.8909107751963753
0.8976044444587719
0.9010090296926467
0.9112847800278965
0.925265983847235
0.9323060425941381
0.9358852764004253
0.9466893082151911
0.9613865260597305
0.9687767954828619
0.9725323033901488
0.9838695892241424
0.9992882590526778
1.0070499222572917
1.0109921844626473
1.0228945383287018
1.0390775012532345
1.047222485801378
1.051357227630147
1.0638420429037276
1.080811981003743
1.089355939069441
1.0936907646607148
1.1067811258886575
1.1245686101924601
1.1335258344560533
1.1380676264806362
1.1517844391263221
1.1704169601480798
1.1797995667385475
1.1845540633888596
1.1989147907705646
1.2184148841510174
1.2282394395651042
1.233214597556126
1.2482434335183656
1.2686429425724213
1.2789209934753398
1.2841221738655617
1.299835452127456
1.3211551519705087
1.331900491656326
1.3373341329050457
1.3537514698650086
1.376016547370334
1.387241627556362
1.3929134210804672
1.410052185509666
1.4332845350347654
1.4450013553290482
1.4509166830174187
1.4687933238590998
1.4930133908173429
1.5052323889894685
1.511395755570716
1.530024086026858
1.555248478977704
1.5679786666182773
1.5743937714660636
1.5937851677274697
1.6200269703464973
1.633324687321188
1.6400190908391477
1.6602577162159535
1.6876295099303233
1.7013991598754392
1.7083233563322477
1.729258637803652
1.7575509551231516
1.7718810084421117
1.7790785856039357
1.8008436071308227
1.8302357584454236
1.8450724961665457
1.8525151299270455
1.8750239654801182
1.905395133410318
1.9207504465340768
1.9284428174416033
1.9517101922650901
1.9830772897114215
1.9989367513811531
2.006870258262286
2.030870510668245
2.063195254439333
2.079563928644877
2.0877396401831976
2.112476700992389
2.1457610646128105
2.162617216450504
2.1710227485684124
2.1964596416967486
2.230649959745727
2.2479850143957014
2.2566144592574604
2.2827340922284645
2.3178037332030716
2.335586005140781
2.3444219480193738
2.3711722471189263
2.4070472976132278
2.425253108328082
2.4342820453101908
2.4616230103798595
2.4982460234865274
2.5168445229142247
2.5260493626960616
2.5539301858018018
2.591229214090045
2.610188239922494
2.619551164401285
2.6479189712337305
2.68581932017775
2.7050987824435953
2.714598003425848
2.7433879413203197
2.781798819020861
2.8013567699576227
2.8109694576253372
2.8401136510098843
2.8789400932409976
2.8987303320380633
2.908431402820566
2.9378552537253615
2.97699301428789
2.9969667389809826
3.0067295700127628
3.0363539599662293
3.075692218367502
3.0957995363091775
3.1055965580099585
3.135339698246993
3.1747631588252068
3.1949547069770525
3.204757967109194
3.2345371954307516
3.2739279276244146
3.2941616514698193
3.303945661479229
3.3336863183037306
3.3729345750944266
3.393188685462428
3.402935806388569
3.4325880925867667
3.4716127843000733
3.491919950679312
3.501634731957262
3.531218576448383
3.5700222650290496
3.5905767760131355
3.6003307704227447
3.630076202446046
3.6689173058231805
3.6906029147055026
3.700753399262584
3.731786969083779
3.7720203833653376
3.7958312267206984
3.8067103866719414
3.840117498764477
3.882885520022681
3.8968823921422575
3.926969100473017
3.9326494529875777
3.950894769735249
3.9743595625742385
3.977728160293703
3.9825809921477973
3.997363111944136
4.016359332249022
4.02005304561383
4.0240304212572795
4.0361325229768195
4.0516675618954014
4.058635945356245
4.061886157633571
4.071766763329851
4.0844221037847435
4.090088764016393
4.092727250061534
4.1007406081251405
4.110977136608264
4.1155344426751235
4.117651441446673
4.124074299672144
4.132251752268877
4.1358520709994755
4.137519258811378
4.142571498213213
4.1489764615169795
4.150072521894075
4.151379099488351
4.155333688000039
4.160326685848427
4.160754164402145
4.161746556440286
4.16474628944719
4.168520670232154
4.17032941180837
4.17114638886631
4.173614311752254
4.176665156507843
4.1782302527741075
4.178904630800384
4.180939555907272
4.183347836519875
4.1845019924986975
4.184950727226742
4.186299712809197
4.187721997036926
4.188313376774088
4.18845504207415
4.188871423727279
4.188960772179459
4.188795908927891
4.188522822500065
4.187682933149048
4.185975820015772
4.1847447344416215
4.183882665964382
4.181264781723482
4.177010597112137
4.174157420527889
4.172399319766006
4.16708355079026
4.15896989710799
4.153580415513306
4.1504482069616895
4.140998936634226
4.127037431587658
4.118778889417509
4.114226342637672
4.100494437976779
4.080797151603787
4.069033110116436
4.062765722027374
4.0438238272479365
4.017215556289462
4.000867266147778
3.9924104006572887
3.9667540821927036
3.9313147624843894
3.90877690766975
3.897476473333863
3.8629686673385835
3.816069429888756
3.7855250073345657
3.770805495125816
3.725338544923157
3.664703621271455
3.6200835378821856
3.5999769243937156
3.5362141297678615
3.4536059413149345
3.410628573760717
3.3922561572047534
3.332765361452428
3.2572886346667045
3.2176396632567488
3.2014288460131866
3.1478328476494895
3.0806840644032825
3.03892306881388
3.023114947915527
2.9683472348676214
2.901410047193803
2.860734385669257
2.846692771414614
2.795197281858162
2.733660093469077
2.6986844272169868
2.687399625277484
2.6442864897322647
2.593008322692902
2.5629975116994546
2.5538287005886766
2.517284246589377
2.4739398024071937
2.447801528765211
2.4402346966805695
2.4087353729937586
2.3714494094602028
2.348320244242576
2.3419683806270224
2.3143551417419044
2.2817207984785317
2.260941312383259
2.2555158022909714
2.230917350672271
2.2018870150337286
2.1829605510336485
2.1782481230583763
2.156015885213222
2.129815471066908
2.1123720828665022
2.1082164855577634
2.087871848267761
2.0639332727244835
2.0476995682875043
2.043986984571987
2.02517867102488
2.0030863554563467
1.9878608565150389
1.9845084464702538
1.9669786294518417
1.9464277652259352
1.9320613806962705
1.9290085244466426
1.9125666703301893
1.8933316120200698
1.8797127384468881
1.876914557325187
1.8614179330357299
1.843329030560494
1.8303726005809033
1.827795301479176
1.8131349037546884
1.7960619807099745
1.7837016544476973
1.7813192536781584
1.767409890050467
1.75125067897276
1.7394333888392368
1.737225434034602
1.7239988284676322
1.7086709535830638
1.6973531332497986
1.695303126210514
1.6827031545618376
1.6681385879850756
1.657283572635762
1.6553778766475025
1.6433572730637271
1.6294984930424825
1.6190747223878252
1.617301802365145
1.6058198732772837
1.5926171889033374
1.582596957845059
1.580946849139946
1.5699678768665841
1.5573775532669127
1.5477361367511113
1.546200071533752
1.5356921913396029
1.5236751263290174
1.514390161155537
1.5129603038061097
1.5028947076626413
1.4914154901510988
1.482466534485437
1.4811357926771678
1.4714861597955966
1.460512393828219
1.4518806107628213
1.450642499218813
1.4413845851415605
1.4308863997411194
1.422571025828251
1.421418298701805
1.412547020550815
1.4025097492578835
1.394466316681323
1.3933957865093431
1.384855279109162
1.3752266063929455
1.3674465707089687
1.3664519645532454
1.3582405187926176
1.3490099825849324
1.3414844650601936
1.3405609348103498
1.332660385735157
1.3238054666160932
1.3165211017468716
1.315664120933884
1.308057219095545
1.2995566265917051
1.292500785668713
1.2917061088381836
1.284376639855597
1.2762103626778265
1.269371160505487
1.2686348014685456
1.2615675141539426
1.2537167314318793
1.2470829775384396
1.246401191196585
1.2395817334536023
1.2320287365934997
1.225589891518453
1.22495915813898
1.2183740206887401
1.2111021440567842
1.204848280271664
1.2042652916205696
1.1979017572223774
1.1908953163013831
1.1848170823489408
1.1842787291600492
1.1781248267564775
1.1713690610689813
1.1654576488176376
1.1649610093826308
1.1590054713266507
1.152486492199946
1.146733605912224
1.1462759354839593
1.1405081580347052
1.1342128993951393
1.1286107271208492
1.128189448076723
1.122599454056413
1.1165156268946366
1.1110568132871765
1.1106695057420557
1.1052479098934291
1.0993639582691255
1.094041579182121
1.093685972280929
1.0884239477485744
1.0827290079517573
1.0775365459424182
1.0772105095760907
1.0720997560758765
1.0665836192856537
1.0615149393874352
1.0612164761035134
1.0562491914285863
1.0509022626102684
1.0459515935990578
1.0456788313815828
1.0408476817391954
1.0356609483839352
1.0308228594868578
1.0305740442855975
1.0258721376050997
1.0208371370890177
1.016106516578514
1.0158800057515789
1.0113008667586778
1.0064096480893492
1.0017816900346566
1.0015759457582072
0.9971134909477778
0.9923585918465739
0.9878287736918933
0.9876423567617612
0.9832908714619383
0.9786652884999645
0.9742293539926876
0.9740609181160944
0.9698150355882819
0.9653121912323241
0.9609661389782351
0.9608144253839755
0.9566691028111409
0.9522828323251474
0.9480228911026212
0.9478867227608815
0.943837227130186
0.9395617327906384
0.9353843630941713
0.9352626400915699
0.9313045260145887
0.927134369497681
0.9230362385042147
0.9229279339576992
0.919057022295186
0.9149871115246985
0.9109650792517766
0.910869232032854
0.9070816075394241
0.9031071496341534
0.8991582647340556
0.8990739810954543
0.8953659504079282
0.8914824743561409
0.887603939285404
0.887530381965181
0.8838984889028116
0.8801017701019749
0.8762909799856218
0.8762273663864381
0.8726683671005571
0.8689544442447191
0.8652089312783297
0.8651545357232789
0.8616653708572347
0.8580305174792151
0.8543479711987936
0.8543021158613867
0.8508799064804443
0.8473207192654199
0.8436988848769604
0.84366093309061
0.8403030068616075
0.8368160677996641
0.8332529793328196
0.8332223461319701
0.8299261237736861
0.8265085149887703
0.823002118113842
0.8229782440446919
0.8197414214479518
0.8163900772100089
0.8129386622118139
0.812921055227492
0.809741212153433
0.8064537888405137
0.8043721778747144
0.8041281167981827
0.8022563672454934
0.7999747402465263