0.999345296573686
0.9993207215472455
0.9993084334622906
0.999271569129225
0.9992224147867969
0.9992162977105231
0.9992106506771119
0.9992094318029611
0.999204033926748
0.9992014838030147
0.9992002087346213
0.9991963835273744
0.9991912832325466
0.9991883839992383
0.9991869343742796
0.9991825854969694
0.9991767869693696
0.9991738904954952
0.9991724422500736
0.9991680975114074
0.9991623045020134
0.9991592502807958
0.9991577231608264
0.9991531417982699
0.9991470332878037
0.9991438706727427
0.9991422893552779
0.9991375454000979
0.9991312200976595
0.9991216268928965
0.9991168302031882
0.9991024401184533
0.9990832530610361
0.9990802607712782
0.9990734120094757
0.9990699875834005
0.9990597142963086
0.9990460164383396
0.9990427907376656
0.9990389066854455
0.9990369646445191
0.9990311385179946
0.9990233703052133
0.9990188359825211
0.9990165688012956
0.9990097672529403
0.9990006984602062
0.9989962661516119
0.9989940499778311
0.9989874014519132
0.9989785366927957
0.9989739979967771
0.9989717286287574
0.9989649205200232
0.9989558429806011
0.9989504736882883
0.9989477890142664
0.998939734986068
0.9989289961953526
0.9989234602341539
0.9989206922236732
0.9989123881858208
0.9989013160439404
0.9988954812715467
0.9988925638524782
0.9988838115882641
0.9988721418010451
0.9988654989203206
0.9988621774375945
0.9988522129808871
0.9988389269060561
0.9988316663829034
0.9988280360707132
0.9988171451242716
0.998802623703031
0.9987955732319139
0.9987920479482952
0.9987814720880593
0.9987673707913902
0.9987607753080664
0.9987574775244122
0.9987475841650475
0.9987343928879391
0.9987261784730272
0.9987220712007931
0.998709749372119
0.9986933200621786
0.9986852059828807
0.9986811488796591
0.9986689775581965
0.998652748931168
0.9986431997421896
0.9986384250608269
0.9986241010013818
0.9986050019763434
0.9985950603524045
0.9985900894450921
0.9985751767065291
0.998555292755751
0.9985534918103591
0.9985492834725654
0.9985366584466266
0.9985198248630127
0.9985087822113707
0.9985032607688221
0.9984866964211174
0.9984646102547192
0.9984515558536852
0.9984450284916943
0.9984254463794948
0.9983993363767256
0.9983978874557999
0.998381585324856
0.99835984879143
0.998324359517364
0.9983066136887141
0.9982533760403237
0.9981823886126221
0.9981616882121234
0.9981491192949705
0.9981428346864922
0.9981239808361589
0.9980988418841725
0.9980861820597059
0.9980798519936354
0.998060861770211
0.9980355409816261
0.9980228056206665
0.9980164377850679
0.9979973342535682
0.9979718623759921
0.9979663470892507
0.9979602936091783
0.9979421331461044
0.9979179187454149
0.9979059914081196
0.9979000276028499
0.9978821361642818
0.9978582804792098
0.9978139891895629
0.9977918416898193
0.9977253989488059
0.9976368024949882
0.9976240854757241
0.9976136183483542
0.9975822169049519
0.9975403469564179
0.9975212031239664
0.9975116308563462
0.9974829140019292
0.9974446237273366
0.9974271562090556
0.9974184221569481
0.997392219957394
0.9973572827428377
0.997338678355732
0.9973293758295252
0.9973014682013263
0.9972642569639877
0.9972462364447628
0.9972372258758627
0.9972101941223455
0.9971741507842417
0.9971553672345113
0.99714597512371
0.9971177987413582
0.9970802291388619
0.9970585104911099
0.997047650717134
0.9970150713293648
0.996971630689789
0.9969500960108841
0.9969393282304242
0.9969070248241855
0.9968639521931634
0.9968397651967299
0.9968276711464598
0.9967913889172243
0.9967430107986167
0.9967169982325557
0.9967039913061206
0.9966649704326159
0.9966129405362018
0.9965860556570816
0.9965726125414891
0.9965322830956415
0.9964785082969179
0.9964530426190595
0.9964403091761364
0.9964021087598074
0.9963511728647161
0.9963066251838569
0.9962843494678406
0.9962175220690622
0.9961284126882164
0.9960845250457842
0.9960625793912165
0.9959967421802207
0.9959089532954263
0.9958663102759273
0.9957996710902968
0.9957680387855393
0.9957522216877718
0.995704770256202
0.995641498620431
0.9956053559743645
0.9955872834278869
0.9955330656147028
0.9954607711727717
0.995426426090136
0.9954092524384205
0.9953577313328194
0.9952890328255755
0.9952553169676435
0.99523845794449
0.995187880720431
0.9951204409298047
0.9950823270104141
0.9950632686863463
0.9950060935258656
0.9949298554630223
0.9948861637379163
0.9948643160664613
0.9947987728046527
0.9947113758448033
0.994666956414834
0.9946447448216548
0.994578109795721
0.9944892569542635
0.9944461126915665
0.9944245387923055
0.9943598168491358
0.9942735151890842
0.9942228604543141
0.9941975306795471
0.9941215410210938
0.994020213501488
0.993972939085275
0.9939492997573486
0.9938783814732413
0.9937838168813331
0.9937229119643428
0.9936924560282802
0.9936010877242859
0.993479251974178
0.9933957198588711
0.9933539472908651
0.993228628734803
0.9930615155598816
0.9929769377282317
0.9929346420425186
0.9928077540757486
0.9926385478691102
0.9926120096755265
0.9925759147087291
0.9924676291623828
0.9923232322502517
0.9923055100226699
0.992273177859639
0.992176180827729
0.992046838613755
0.9919802681481088
0.9919469787921998
0.9918471101554616
0.9917139382667352
0.9916475562390601
0.991614361091539
0.9915147750951593
0.9913819800974529
0.9913080629401969
0.9912710992219077
0.9911602073829382
0.9910123346001865
0.9909418973484447
0.9909066740292695
0.9908010034543501
0.9906600939019224
0.9905837112346094
0.9905455143964709
0.9904309231395506
0.9902781167424377
0.9901997078701722
0.9901604976729799
0.9900428662696794
0.9898860056262451
0.9897842648960308
0.9897333849415083
0.9895807437867415
0.9893771899748958
0.9892544142302638
0.9891930121820859
0.9890088041411484
0.9887631465057451
0.988731422627851
0.9886736527348846
0.988500341305685
0.9882692185459165
0.9881456120515411
0.9880837946964482
0.9878983407138605
0.9876510211764524
0.9876032558899795
0.9875395154333836
0.9873482920420781
0.9870932768850228
0.9869752831038289
0.9869162730641907
0.9867392411566283
0.9865031556139493
0.9863854468607458
0.9863265795673287
0.9861499758574128
0.985914461743925
0.9857862155238717
0.9857220772159085
0.9855296601168189
0.9852730534274702
0.9851168668778095
0.9850387510161183
0.984804400315189
0.9844918569741223
0.9842696427526788
0.9841584897079189
0.983825024218663
0.9833802512751463
0.9833001098225194
0.9829540308915272
0.9827853045133864
0.9825284782590061
0.9823717473383069
0.9822933592243424
0.9820581915662251
0.9817445592317164
0.9815396376426478
0.9814371381431508
0.9811296339833572
0.9807195000734916
0.9804876260956713
0.9803716398332588
0.9800236737606526
0.9795595543851923
0.979304796274968
0.9791773577209413
0.9787950331583358
0.9782850686820099
0.9779931153090781
0.9778470607012743
0.977408885051247
0.9768243923339621
0.976808240824422
0.9766918636520211
0.9763427246489461
0.9758770406256091
0.9756352768043748
0.9755143415901139
0.9751515276791467
0.9746675978502222
0.9743225872995743
0.9741499738918352
0.9736321171946368
0.9729412771250497
0.9728843057555849
0.9726602164694917
0.9719879205975471
0.9710909142820529
0.9706494951528233
0.9704286090790869
0.9697659227459515
0.9688817500056158
0.9687129492398991
0.9681192653252555
0.9678445634196909
0.9677071445708019
0.9672948768776606
0.9667449589880974
0.9664680494336995
0.9663295261711933
0.9659139449285771
0.9653596051679819
0.9649971506783068
0.9648158061725971
0.964271752695257
0.963545952615374
0.9631804594539867
0.9629975941607253
0.9624489778386021
0.9617170868054086
0.9613378715439845
0.9611481360585975
0.9605789073603985
0.959819503848502
0.9593217903574456
0.9590727148035215
0.9583254493337493
0.957328354892885
0.956689598162928
0.9563698620842862
0.9554105894562602
0.9541303331229815
0.9532863871907361
0.9528637900163742
0.9515958843661019
0.9499032104399884
0.949290118983405
0.9480877750082813
0.9478234840638171
0.947433578518806
0.9462637580028654
0.9447022051651948
0.9442341706029441
0.9431038483285178
0.9424900571629671
0.9421828402399514
0.9412611219099298
0.9400310544367197
0.9392311194611663
0.9388306090955867
0.9376289614389776
0.9360248827241782
0.9359606200975663
0.9350505936552663
0.9338361525500747
0.9330783374180623
0.932698949708285
0.9315606763612597
0.9300413011928516
0.9291044894431878
0.9286353538658226
0.9272277744259014
0.9253484515301681
0.9244749074562354
0.9240375070574068
0.9227251495286188
0.9209731313108087
0.9198671755771279
0.9193132015900192
0.9176510217347118
0.9154312539391074
0.913962967453358
0.9132270898955323
0.9110189861623902
0.9080686435283993
0.907673303055056
0.9058683492563899
0.9034576250350982
0.9031850937024173
0.9014248112942239
0.8990738689433854
0.8978944898257905
0.8973037176945674
0.8955310521483215
0.8931635515794528
0.8920475194110637
0.8914885413747279
0.8898112791645044
0.887571414311549
0.8863174675857942
0.8856892987318337
0.8838043608687158
0.8812866712008324
0.880147704487109
0.8795772403586837
0.8778654730025479
0.8755794627967513
0.8743285278410665
0.8737018922844227
0.871821513514327
0.869309927957748
0.8677227029145771
0.8669272276867122
0.8645400067763144
0.8613498968469709
0.8609747570931839
0.8602307080307459
0.8579978263453093
0.8550143744315455
0.853649068947817
0.8529650467002291
0.8509123220708072
0.848170020430573
0.8468126314325763
0.846132589922219
0.8440917809087551
0.8413653806019616
0.8400528246221964
0.8393952859825172
0.8374219973982897
0.8347859110840617
0.8333487595560161
0.8326286686606511
0.830467549926538
0.8275799218131465
0.8258427559652993
0.8249719419626601
0.8223581970298757
0.8188640082215775
0.818184202553637
0.8158326423201039
0.8126896474014637
0.8111930735147409
0.8104430733106288
0.8081920009617697
0.8051834386725161
0.8037583408925744
0.8030442051401464
0.8009007765857781
0.7980362206716424
0.7963925444139655
0.7955685491610138
0.7930951368838468
0.7897880716136114
0.7882639314248517
0.787499933013759
0.785206647516676
0.7821407488864284
0.7804907879586184
0.7796634757222862
0.7771799525903182
0.7738585804373456
0.7723251027299232
0.7715562562883168
0.7692482817692105
0.7661619790774447
0.7645530989580129
0.763746248805037
0.7613240483769641
0.7580840866755455
0.756481302186927
0.755677403492529
0.7532639998954569
0.750035376184668
0.7483749036866092
0.7475418523424805
0.7450407905703492
0.7416939549848588
0.740052403465008
0.7392287383668451
0.7367558073659536
0.7334462161715855
0.731800766995926
0.730975004031662
0.728495701997686
0.7251770140285432
0.7235039515684284
0.7226641383030015
0.7201425497487531
0.716766479049746
0.7150700408104927
0.7142183023436366
0.7116608122583296
0.7082359199078477
0.7065423457808936
0.7056919127940452
0.703138287175627
0.6997180849500643
0.6980189604041924
0.6971656050747055
0.6946031432518939
0.6911705988424818
0.6894577079507691
0.6885973007357319
0.6860135960586454
0.6825520735826472
0.6808137603080621
0.679940437079579
0.6773178674916539
0.6738037118335655
0.6720396445023386
0.6711532600841498
0.6684913930961136
0.6649241109527744
0.6631582519879047
0.6622709386723378
0.6596062510814593
0.6560351048436338
0.6542469776143861
0.653348441401812
0.6506499945371486
0.6470334569488322
0.6452284254716413
0.6443214227365507
0.6415975087171562
0.6379469251190447
0.6361299299186853
0.6352170129376598
0.6324753104768019
0.6288012210959438
0.626987355475808
0.6260762038660028
0.6233398055288757
0.6196735112108493
0.6178375291692977
0.6169154702747648
0.6141462815854362
0.6104367078363748
0.6085901998468803
0.6076631522469734
0.6048789686197116
0.6011503088663327
0.599297204111062
0.59836722311701
0.5955742238609126
0.5918350222548837
0.5899748457664294
0.5890417666584327
0.5862394548189621
0.5824892728432687
0.5806264122497353
0.5796925163711133
0.576887746336354
0.5731360124895843
0.5712678490024907
0.5703318935837733
0.5675209227157393
0.5637628319021217
0.5618969095538611
0.5609627521935618
0.5581571685377381
0.5544084564710371
0.5525481255228546
0.5516175071831856
0.5488225330607142
0.545090358111595
0.5432347775080402
0.5423073352935286
0.5395218656562897
0.5358049033680723
0.5339601697036168
0.5330390027562372
0.5302723382077633
0.5265831404215133
0.5247545503617463
0.5238423409101985
0.5211025268778735
0.5174519089689176
0.5156422959570799
0.514740484856537
0.5120318329780532
0.5084255892641494
0.506640318246255
0.505751591387202
0.5030821554749267
0.4995310125479418
0.49776952962489607
0.49689362753878635
0.49426260397017546
0.49076549905402267
0.48903338144795705
0.48817307429624096
0.48558876836834974
0.48215669415164303
0.4804567495710627
0.47961342605987467
0.4770799886948845
0.47371839930836673
0.47205163727746663
0.4712257970872053
0.46874470431518234
0.46545551204850355
0.46382717524978695
0.46302139433223716
0.4606003675011189
0.45739370544135727
0.45580630494290814
0.45502181070494957
0.4526645150076552
0.44954515334055517
0.4480002899432231
0.44723786586061104
0.44494662991448375
0.4419175876283508
0.4404181015736523
0.4396791383708481
0.43745811750830144
0.43452481677637117
0.433071651273457
0.4323566211268467
0.43020720378325167
0.4273714585348234
0.4259676858261731
0.42527809958917223
0.4232047997467412
0.42047252052499334
0.4191192600176392
0.41845568833477337
0.41646018531864426
0.41383359828802163
0.4125326033528028
0.4118959315301522
0.409980848124842
0.40746342589756007
0.40622134878808697
0.405614803759919
0.4037898242567168
0.401394162007755
0.4002061240490174
0.3996274245509222
0.39788561191926375
0.3956028218281936
0.39446696928557146
0.39391532689885067
0.3922542233991154
0.39008131652658284
0.38900598881271403
0.3884854383277607
0.3869171507190819
0.3848698256957633
0.38385595123896016
0.3833670088918695
0.38189301142197546
0.37997327458788566
0.379022771740898
0.37856642484461883
0.3771896057636203
0.37540126760093795
0.37451527149816477
0.3740921515601813
0.37281430683933864
0.37115979533225074
0.37034052634574
0.3699517718613812
0.36877622126979287
0.3672598852024292
0.36650895243635057
0.3661554308484284
0.3650846527817883
0.3637097838055678
0.36302981295610554
0.3627128520123108
0.3617507131312106
0.3605223125551758
0.35991515616929365
0.3596357460923551
0.35878506190024856
0.3577068231654865
0.3571746340695337
0.35693391050374085
0.35619791627701003
0.35527405002121293
0.35481902334292686
0.3546181562168921
0.35400016222892705
0.3532349748015382
0.35285941469373316
0.3526996403676737
0.3522031254266832
0.3516011344996015
0.35130743143988535
0.3511900498274419
0.35081864330949947
0.35038456462592404
0.35017524641935216
0.35010165004854626
0.3498592108446621
0.3495980602610367
0.34947583671069427
0.34944753841425646
0.3493382268922466
0.3492554137580977
0.3492232218934877
0.3492418925370636
0.34927026269210676
0.3493717235788769
0.34943284629712507
0.3495003916202997
0.3496715930009695
0.34996406596318175
0.35012232929575904
0.3502410172576238
0.35056113098134445
0.35105261291958084
0.35131277931882743
0.35148550223087294
0.3519622334869299
0.35266294353137456
0.35303156868615015
0.3532623991758331
0.3539065588604046
0.3548309840923957
0.3553185746357557
0.3556141826736311
0.35644346278070815
0.3576156028930902
0.35824325950303626
0.3586173199273297
0.3596680066204637
0.36113766835783356
0.36196941680069583
0.36246471534769753
0.3638499257408764
0.3657740850325712
0.3668835552983683
0.3675481081534015
0.3693919272023212
0.3719344709154528
0.37276915628756857
0.37477809141038615
0.37479745154929656
0.3752695684296719
0.3766134844357125
0.3784333791816081
0.37871808094197984
0.3791585621704825
0.3804182377685319
0.382116633922943
0.3828761388046681
0.3832872868562162
0.384467452261723
0.38605299124040965
0.38677284738261447
0.3871594652664449
0.38827218824027826
0.3897631247658958
0.3904433355943929
0.39080630709941855
0.39185329873154506
0.39325321045434053
0.3938901469209582
0.39422807461306725
0.39520491811322045
0.396508876055656
0.397098706646545
0.39740998744352823
0.39831178817789353
0.3995140765007853
0.4000522897741056
0.4003348807002604
0.4011555478130683
0.402248733008095
0.402415864018081
0.40266732573874015
0.4033996778271525
0.40437482311315404
0.4043904455182124
0.40460425063453054
0.40522929760935456
0.4060615063825437
0.40651207930376115
0.40674701617431963
0.40743180687784636
0.40834298587296275
0.4088313508040863
0.4090870235166691
0.40982995091202495
0.41081786656882513
0.41134510219296955
0.41162239736968076
0.4124254247424207
0.4134926534201833
0.41407423287895345
0.41438219240084256
0.41526985281523304
0.41644889752181985
0.4171157109752294
0.41747266591254306
0.4184942195436673
0.41985024923701225
0.4206414812625486
0.4210720728919958
0.42229160708322555
0.4239092734993348
0.42488089294286024
0.42542296501172105
0.4269352500741242
0.428939163250227
0.4300516623989465
0.43068588244553285
0.43243246305520133
0.4347452335696539
0.4360836454673418
0.43687317955074517
0.43900496696151936
0.44181972354666793
0.4435404687835877
0.44461368036771914
0.44741966778520265
0.45109304801999744
0.4532490331869526
0.454679932403803
0.4582824915436384
0.46292532794565167
0.46603048794293445
0.46844745879005734
0.47405945772485736
0.4809186280115282
0.48435585092624994
0.489527325740773
0.49193542719028366
0.4936324789893226
0.4976678943664291
0.502707097478879
0.505631196537193
0.5080726786768777
0.5134692338596305
0.5198478784346902
0.523154664785451
0.5262148896113149
0.5325729313792212
0.5396535421287092
0.5429576863912707
0.5459503156466382
0.5520234665655623
0.5587005259114688
0.5618157185140562
0.5647398491427605
0.5705573194408765
0.5768889299058199
0.5798465956656728
0.5827228155682391
0.5883395894758983
0.594385515501348
0.5972077300042608
0.6000464390410171
0.6054880784159531
0.6112723866053741
0.6139659545100807
0.616770739439004
0.622044705018825
0.6275733589690657
0.6301388027740696
0.6329107046481222
0.6380187679648286
0.6432942814630827
0.6457322195451906
0.6484723222934525
0.6534176322641098
0.6584460071176964
0.6607595749910121
0.663469874736714
0.6682589618770604
0.673050760303543
0.6752454691787827
0.6779287277986175
0.68257070874517
0.6871393765966091
0.6892220002091166
0.6918812592482714
0.6963862207075457
0.700745904433786
0.7027233618752866
0.7053614973224872
0.7097391090719462
0.7139029995245091
0.7157816006844275
0.7184010468070061
0.7226597241715069
0.7266391519023057
0.7284242305123259
0.7310268676721148
0.7351734366722013
0.73897758173729
0.7406734133176058
0.7432605699527616
0.7473002739332509
0.7509362664420243
0.752546154107776
0.7551186721291518
0.7590553648935915
0.7625285844225294
0.7640550225992193
0.7666133490128585
0.7704497633913291
0.7737642072232447
0.7752090661876948
0.777753348188299
0.7814913729876573
0.7846500180788428
0.7860147182001538
0.7885448898401871
0.7921858206151389
0.7951909426835075
0.7964766043248375
0.798992459792631
0.8025372093919576
0.8053906460118291
0.806598211013459
0.8090994634509203
0.8125487297892773
0.815252087150486
0.8163824129907996
0.81886873967721
0.8222231338301453
0.8247779428666349
0.8258318729059113
0.8283029483436544
0.8315630882832673
0.8339709181066103
0.8349493320747836
0.8374048504918244
0.8405714260847975
0.8428339629104289
0.8437386442233059
0.8461763347712938
0.849248106155708
0.8513671836981038
0.8521965268050973
0.854619895995212
0.8576016725018674
0.8595794716404483
0.86033752792234
0.8627444598225414
0.865635336181445
0.8674740598676747
0.8681609938889595
0.8705513639741859
0.8733526170179248
0.8750547796322328
0.8756719482930934
0.8780457180074585
0.8807588149469611
0.8823271391834231
0.8828760138712379
0.8852332066441293
0.8878597740101077
0.8892971772375963
0.8897793231359681
0.8921200214271391
0.8946618332495506
0.8959714098147235
0.8963884761180548
0.8987128178082304
0.9011717816705164
0.9023567824608169
0.9027104916942726
0.9050186657832368
0.907396807314786
0.9084606178539107
0.9087527545293331
0.9110449964972145
0.913344443196802
0.914290561040507
0.9145229602560546
0.9167995471832427
0.9190225119810671
0.9198545242261105
0.9200290603819783
0.9222903060008363
0.9244390710403252
0.9251606324060019
0.925279208195773
0.9275254581392367
0.9296023591704872
0.9302171710362261
0.9302817070898954
0.9325133341726374
0.9345207457096012
0.9350325361954114
0.9350449615338629
0.9372623611357322
0.9392026822898617
0.9396151881055328
0.9395774308351804
0.9417810167860444
0.9436566584160131
0.9439736078224007
0.9438875870365178
0.946077787657902
0.947891160581996
0.9481162578357222
0.9479838762476026
0.9501611308185866
0.9519146349648461
0.9520515468414456
0.9518746840418935
0.9540394392525667
0.955735453920539
0.9557877972783407
0.9555683037677783
0.9577210108563322
0.9593618863379401
0.9593332170502391
0.9590729096239253
0.9612140213971765
0.9628020711184794
0.9626958753365406
0.9623965318257061
0.9645265005900162
0.9660639949231871
0.9658836806211221
0.9655470371826089
0.9676663118808722
0.9691554719700888
0.9689043627074733
0.9685321095739585
0.9706411346694889
0.97208412838473
0.971765457126511
0.9713592364314266
0.9734584507255486
0.9748573884525723
0.9744742943350554
0.9740356989912884
0.9761255319659253
0.9774824639167892
0.9770379861233467
0.9765685577013418
0.9786494313244067
0.979966344028582
0.979463423003712
0.9789646499866396
0.9810369755261611
0.9823157913818407
0.9817572643953603
0.9812305848293028
0.983294760678661
0.9845373335996617
0.983925938166881
0.983372732403457
0.9854291467770605
0.9866372671597099
0.9859756299871746
0.9853972261462831
0.9874462608232092
0.9886216523540329
0.9879123018371715
0.9873099796912657
0.9893519953195579
0.9904963093063824
0.9897416755904059
0.9891166551994329
0.9911520033410621
0.992266832155784
0.9914692299734786
0.9908226865908428
0.9928517099335173
0.993938574270046
0.9931002309137469
0.9924332840383755
0.9944563103492763
0.9955166650041096
0.9946397229663069
0.9939534491972868
0.9959707731105722
0.9970060086489194
0.9960924899545942
0.9953878979328455
0.9973998415988781
0.9984112971570591
0.9974631398729892
0.9967412168725652
0.998748060155786
0.9997370034327339
0.998756054715724
0.9997691592705691
0.9998545224651305
0.9999242339300192
0.9999999996183977