0.9993313235384053
0.9993067448032015
0.999294454863507
0.9992575849647612
0.9992084231980387
0.9992023051975852
0.999196657310965
0.9991954382526486
0.9991900395608181
0.9991874890517465
0.9991862137906803
0.9991823880053983
0.999177286939821
0.9991743872683673
0.9991729374243302
0.9991685878897663
0.9991627884857804
0.9991598915741153
0.9991584431097936
0.9991540977144062
0.9991483038293372
0.9991452491464207
0.9991437217955963
0.9991391397404521
0.9991330303064841
0.9991298672132674
0.9991282856567187
0.9991235409842631
0.9991172147254015
0.99910762006997
0.9991028226548728
0.9990884303937485
0.9990692404339616
0.9990662476915203
0.9990593978935615
0.9990559729493803
0.9990456981078563
0.9990319981770478
0.9990287719882018
0.9990248873481544
0.9990229450133054
0.9990171180049765
0.9990093486163714
0.9990048136073058
0.9990025460828814
0.9989957435048794
0.9989866733391677
0.9989822403594943
0.9989800238501622
0.9989733743175433
0.9989645082160472
0.9989599688326938
0.9989576991209943
0.998950889981171
0.9989418110668478
0.9989364409612326
0.9989337558805422
0.9989257006322689
0.9989149602146249
0.9989094234146583
0.9989066549847753
0.998898349688642
0.9988872758688816
0.9988814402122072
0.9988785223509782
0.9988697687601996
0.9988580972040367
0.9988514533162699
0.9988481313299967
0.9988381653625402
0.9988248772731286
0.9988176156489421
0.9988139847862036
0.9988030921879891
0.9987885685640878
0.9987815170234143
0.9987779912049879
0.9987674137402079
0.998753310303867
0.9987467138196683
0.9987434155355508
0.99873352067469
0.9987203273953422
0.9987121117334699
0.9987080038377152
0.998695680138316
0.9986792483336947
0.9986711330221766
0.9986670753028053
0.9986549021327342
0.9986386710405234
0.9986291204008033
0.9986243449940156
0.9986100187580732
0.9985909168305243
0.9985809736955199
0.9985760020326157
0.9985610870270367
0.9985412000530132
0.9985393988337639
0.9985351898560342
0.9985225629101153
0.9985057267661281
0.9984946824346722
0.9984891601521437
0.9984725932842032
0.9984505037568014
0.9984374473688391
0.9984309190132822
0.9984113339199698
0.9983852199414208
0.9983837707998374
0.9983674661860167
0.9983457263414207
0.998310231659614
0.9982924831263416
0.9982392373610078
0.9981682391035869
0.9981475355436654
0.9981349647078458
0.9981286791399399
0.9981098224109368
0.9980846796198294
0.9980720178616381
0.9980656868286091
0.9980466937039179
0.9980213690460688
0.9980086317386505
0.9980022629297252
0.9979831564778489
0.9979576807055176
0.9979521645753276
0.9979461101694715
0.9979279469286885
0.9979037288235549
0.9978917996612233
0.99788583494335
0.9978679407666232
0.9978440814298654
0.9977997833579962
0.9977776324659644
0.9977111795432748
0.9976225695027359
0.9976098505322541
0.9975993817987556
0.9975679755358916
0.9975260991589148
0.9975069523863448
0.9974973786484452
0.9974686573822886
0.9974303612232888
0.9974128910198703
0.9974041556250101
0.9973779493964477
0.9973430068081415
0.9973243995586947
0.9973150956011091
0.9972871836779215
0.9972499667119565
0.9972319434177276
0.9972229314611293
0.9971958955437183
0.997159846651902
0.9971410602071268
0.9971316666485901
0.9971034859221625
0.9970659105255492
0.9970441885272731
0.9970333270777498
0.9970007426621756
0.9969572953161621
0.9969357573116174
0.9969249878680574
0.9968926794713725
0.9968496001837674
0.9968254094481394
0.9968133135279179
0.9967770256873819
0.9967286400836879
0.9967026234914498
0.9966896145515163
0.9966505876358418
0.996598549679319
0.9965716606337419
0.9965582154344825
0.9965178797358434
0.9964640965959128
0.9964386269664225
0.9964258915472893
0.9963876852007222
0.9963367413949181
0.9962921867921418
0.9962699076139608
0.9962030698237578
0.9961139465762499
0.9960700520997465
0.9960481030269707
0.9959822555565557
0.9958944529814209
0.9958518033077125
0.9957851537178912
0.9957535164720496
0.9957376969031286
0.9956902380556025
0.9956269565261012
0.9955908082256348
0.9955727328511584
0.9955185065507136
0.9954462007848673
0.9954118503196959
0.9953946739759898
0.9953431447914658
0.9952744355054816
0.995240714354845
0.9952238526846423
0.9951732675165872
0.9951058171273608
0.9950676972149628
0.995048635893499
0.9949914517371834
0.9949152016714405
0.9948715030633901
0.994849651949289
0.9947840983547405
0.9946966876067764
0.994652261164393
0.9946300460637908
0.9945634005106176
0.9944745336213167
0.9944313825329171
0.9944098052196558
0.9943450730297866
0.9942587576965762
0.9942080949308579
0.9941827611390295
0.9941067594229022
0.9940054158113513
0.9939581338818717
0.993934490795927
0.9938635612321
0.9937689815874332
0.9937080669680789
0.9936776061785296
0.9935862233046523
0.9934643681061816
0.9933808226431398
0.9933390433969188
0.9932137047884315
0.9930465648357057
0.9929619734344995
0.9929196709595369
0.9927927626067249
0.9926235291762678
0.9925969867084887
0.9925608859274465
0.9924525829250026
0.9923081627070858
0.9922904376165779
0.9922581002300621
0.9921610875169482
0.9920317243697752
0.9919651431196502
0.9919318483687073
0.9918319635354397
0.9916987700248426
0.9916323772086522
0.9915991766640873
0.991499574465181
0.9913667578376838
0.9912928286283212
0.9912558588805145
0.9911449489388215
0.9909970519862441
0.9909266032090313
0.9908913741239654
0.9907856862384663
0.990644753575336
0.9905683583668741
0.9905301552544392
0.990415545159405
0.9902627136094966
0.9901842918158681
0.9901450751540595
0.9900274243408134
0.9898705377801164
0.9897687802181924
0.989717891841165
0.9895652253916783
0.9893616377904323
0.9892388416321887
0.9891774293674809
0.988993190637149
0.9887474919901911
0.9887157628080171
0.9886579832545557
0.9884846428084817
0.9882534812774285
0.9881298540114388
0.9880680262605862
0.9878825410499927
0.9876351797807448
0.9875874064218253
0.9875236551900749
0.9873323994298058
0.9870773410131942
0.9869593271791263
0.9869003071038965
0.9867232450520815
0.9864871192301042
0.9863693903591108
0.9863105129976407
0.9861338790460826
0.9858983245234285
0.9857700562595243
0.9857059069187075
0.9855134566763324
0.9852568056921426
0.9851005921268111
0.9850224627409865
0.9847880714009224
0.9844754737194351
0.9842532207598771
0.984142048312838
0.9838085244806006
0.9833636734301152
0.9832835178683794
0.9829373778857384
0.9827686216692565
0.9825117499044718
0.9823549911538413
0.9822765891081167
0.98204137958595
0.9817276912730646
0.9815227330149998
0.9814202151520945
0.9811126557836329
0.9807024479870637
0.9804705321046072
0.9803545248525314
0.9800064956579004
0.9795422917641194
0.9792874870973833
0.9791600252195756
0.9787776304990115
0.9782675720449571
0.9779755646581484
0.977829482982959
0.9773912258828934
0.976806623989049
0.9767904694500209
0.9766740704684921
0.9763248658791471
0.9758590940382548
0.9756172844681236
0.9754963263371437
0.9751334435027496
0.9746494213732476
0.9743043447503089
0.9741316982193955
0.9736137417955564
0.972922767926111
0.9728657854667008
0.9726416525850241
0.9719692253168208
0.971072042386043
0.9706305357780058
0.9704096058180189
0.9697467872228835
0.9688624367276386
0.9686936018579269
0.9680997975671336
0.9678250397287255
0.9676875928552111
0.9672752408494918
0.9667252099882293
0.9664482433200166
0.9663096914407804
0.9658940241026491
0.965339568977711
0.9649770387215897
0.9647956562289245
0.9642514883649302
0.9635255347785237
0.9631599639090027
0.9629770596546121
0.9624283260096257
0.9616962775231235
0.9613169802438638
0.9611272036325689
0.9605578510762909
0.959798281302139
0.9593004581815949
0.9590513276080493
0.9583038962372324
0.9573065786315201
0.9566676778129958
0.9563478693453107
0.9553883781310133
0.9541078270350367
0.9532636848099113
0.9528409888705508
0.9515727843734917
0.9498797060097356
0.9492664665012884
0.9480638297543095
0.9477994739592039
0.9474094726034521
0.9462393623861736
0.9446774179713245
0.9442092649515128
0.943078654500973
0.94246470556084
0.9421574093936933
0.9412354518625787
0.9400050620262149
0.9392049154012617
0.9388042985889962
0.9376023290275811
0.9359978151055846
0.935933534909561
0.9350232585949321
0.9338084808159541
0.9330504536572449
0.9326709593480641
0.9315323637872737
0.9300125533524273
0.9290754701482934
0.9286061979197655
0.9271982047113875
0.9253183211843755
0.9244445132025365
0.9240069800168375
0.9226942206903104
0.9209416586947965
0.9198353551642677
0.9192812058950346
0.9176184944710575
0.9153980044816947
0.9139292321738453
0.9131931091526738
0.9109842584389044
0.9080328948563154
0.9076374155451455
0.9058318217847761
0.9034202269392637
0.903147596017857
0.9013866646846223
0.8990348400438447
0.8978550112946773
0.8972640124875572
0.8954906592165527
0.8931222236019228
0.8920057438121258
0.8914465402253371
0.8897685941683451
0.8875278006335157
0.8862733259449316
0.8856448908180699
0.8837591446484208
0.8812403549393037
0.880100882597789
0.8795301636779262
0.877817623766893
0.8755305642902814
0.8742790462922153
0.8736521167261997
0.8717708456255533
0.8692580460901094
0.867670040194398
0.8668741703408809
0.8644857481140118
0.8612939953057526
0.8609186590966389
0.8601742197417733
0.857940151186252
0.8549550791212844
0.853589018545731
0.8529046153244086
0.8508507335601114
0.8481068556602378
0.8467486730156559
0.84606823113205
0.8440262062774722
0.841298150256188
0.8399847838120105
0.8393268364673034
0.8373523073672653
0.8347145332208378
0.8332764460900326
0.8325558830426271
0.8303933297862507
0.827503746517942
0.8257653822946147
0.824893962434229
0.8222783721476226
0.8187816574020744
0.8181013522903348
0.8157480442997684
0.8126026638698934
0.811104933269175
0.8103543492924774
0.8081015030729131
0.8050905226754526
0.8036642597311369
0.8029495362676926
0.8008043232085966
0.7979373378538146
0.7962922434347947
0.7954675319880891
0.7929919414031897
0.7896819019418488
0.7881563661188211
0.7873916635023536
0.7850962386599823
0.7820274249642079
0.7803758678744259
0.7795477497654772
0.7770617763209701
0.7737370605037943
0.7722020119518875
0.7714323730893144
0.7691219918805247
0.7660324115117746
0.7644217943575743
0.7636140677073987
0.7611892041262048
0.7579456129547207
0.7563394283946465
0.7555338165706704
0.7531152354457317
0.7498796057648407
0.7482975018433643
0.7475038902154557
0.7451212949135213
0.7419335006732652
0.740325890249969
0.7395193221522205
0.7370977331655686
0.7338570851340058
0.7322345117867981
0.7314202802401416
0.7289755995235094
0.7257034199742587
0.7239982323009808
0.7231422431951494
0.7205720103767722
0.7171305125526893
0.7154606121452431
0.7146222575312289
0.7121049572555364
0.7087341014467679
0.7070282587013473
0.7061716525424994
0.7035994387029441
0.7001542060653836
0.6984556342853461
0.6976025671635212
0.6950409360781908
0.6916094864229508
0.6898806161806442
0.689012155840884
0.686404207423965
0.6829100145200551
0.6811799216129759
0.6803107542541903
0.6777006382700077
0.6742032188333403
0.6724483964538776
0.6715666875657338
0.6689188354754683
0.6653703901013357
0.6636070114941144
0.6627209564534565
0.6600600105138411
0.6564938540454457
0.6547063764474974
0.6538081705280427
0.6511106742172369
0.647495353390348
0.6457060707669823
0.6448070174191788
0.6421069589051775
0.6384884319315308
0.6366696341785337
0.6357558005456905
0.6330112982093322
0.6293333364141029
0.6275130829692808
0.626598693514444
0.6238525171460692
0.6201729378821241
0.6183325169496947
0.6174081977412529
0.6146321691042624
0.6109132478287072
0.6090630476957197
0.6081341107165285
0.6053442024963189
0.6016076781005645
0.5997438678595302
0.5988084589294261
0.5959990972763507
0.5922377130635951
0.5903717910423175
0.5894357775853583
0.5866246011341056
0.5828623051247703
0.5809969103982225
0.5800616899970924
0.5772528965752037
0.5734955320349165
0.5716264431908227
0.5706899628275249
0.5678773739966091
0.5641168525393273
0.5622426165525094
0.5613042204706946
0.5584858559663402
0.5547197392698014
0.552851649222948
0.5519170669120808
0.5491101404947274
0.5453616667378454
0.5435051250018086
0.5425771123571478
0.5397898956767548
0.5360702559725898
0.5342217352089003
0.5332985766801094
0.5305258959011815
0.5268282955493201
0.5249952168557801
0.5240806577742502
0.521333754867237
0.5176732852735834
0.5158567761705818
0.514951411262284
0.5122320539771025
0.50861113271131
0.5068174071075582
0.5059243491867502
0.5032418749309931
0.49967295129516537
0.4979021927530279
0.49702155048295343
0.4943762623527614
0.4908597495598936
0.48911826948267323
0.48825317747661307
0.4856544768531266
0.4822028236626065
0.48049221751318366
0.4796434672232305
0.47709370866222645
0.47370999659209817
0.4720346943526013
0.47120446809196825
0.46871018904307826
0.46540300711811705
0.46376460946753034
0.46295369146142873
0.46051722382636073
0.45728959540222186
0.45569159059063835
0.4549016893155098
0.452528145275775
0.4493867496994805
0.44783060085705667
0.4470624326284627
0.4447539385280835
0.44170152931917694
0.44019107188715617
0.43944651160566855
0.4372086803732147
0.4342525869732756
0.4327878321273377
0.4320668965886697
0.4298997460531205
0.4270399831902158
0.4256237979379816
0.424927899124039
0.4228356452878968
0.4200777359768276
0.41871191614316033
0.4180419507197485
0.4160272552751975
0.41337470267406057
0.41206065248913265
0.411417335852051
0.40948231003445307
0.4069379174938476
0.40567722438306925
0.4050613681517665
0.40320840773852373
0.400775363578859
0.39957514578327086
0.39899019454576085
0.3972296397587147
0.3949213669303224
0.3937727659697959
0.3932145721339234
0.39153383489823307
0.3893342232742813
0.3882464407751791
0.3877194452993497
0.3861318619816443
0.3840581844352771
0.38302824931141016
0.3825311409489879
0.3810326561086661
0.37907986402093347
0.37811307872384414
0.37764843594143566
0.3762467507529515
0.3744248084827181
0.37352189268474306
0.37309014948907493
0.37178646365115864
0.37009703294195406
0.369260433755158
0.3688628283626251
0.3676607675135935
0.36610857216948395
0.3653399535078759
0.3649773681134503
0.36387946209939515
0.3624678343355968
0.36176902453555376
0.3614424259769903
0.36045144269230406
0.35918401317162046
0.35855723981413457
0.35826777865206977
0.35738702886199925
0.3562680880878239
0.35571520771433535
0.35546388458667
0.35469619354625037
0.35372943919444066
0.35325267503522706
0.35304066325708994
0.3523893589001464
0.35157909962453165
0.3511806561584115
0.3510091386416865
0.35047754404583614
0.34982808636810175
0.349510230224736
0.3493804419659867
0.34897199670812484
0.3484878023732183
0.348252934978718
0.34816619959103917
0.3478845634058755
0.34757037773661925
0.3474210489913124
0.34737879620304324
0.34722788712377695
0.347088798478927
0.3470277796033758
0.34703158834652054
0.34701569716417824
0.3470572845884606
0.34708764897071476
0.3471393104997063
0.3472632587513412
0.34749181912771787
0.34761712921583876
0.34771876398209456
0.3479882137825412
0.3484111769634153
0.3486358263567808
0.34879011644117797
0.349212179930913
0.34983895923039887
0.35016893815324907
0.35037963005642686
0.35096420301901327
0.35180804076523725
0.3522528103649188
0.35252595341318205
0.35328900227890364
0.3543715334266403
0.35494964559560693
0.3552973492947146
0.3562708575924891
0.35763595095497247
0.3584007420027487
0.35885885467864576
0.36013723830883937
0.36191585550327876
0.3629617092363751
0.3635939196710429
0.3653419833823532
0.36775700189416777
0.3687064799313142
0.37065955566487074
0.37107709044000914
0.3723743315219794
0.3741323938993131
0.37439044775367336
0.374816292892207
0.3760315774964399
0.377670975750322
0.3784029967378915
0.37880059586016496
0.37993980457012727
0.3814708347797202
0.382164245226957
0.3825376977258295
0.3836108358960715
0.38504903927371825
0.38570480230190063
0.3860555992431117
0.38706599904305056
0.38841716026075435
0.3890316234152869
0.3893583571146134
0.3903015592124963
0.3915606933640568
0.3921300029160315
0.3924310601574574
0.39330213652867846
0.3944634824810741
0.39498323674832403
0.3952566336156511
0.3960496620942882
0.3971060108395635
0.3972715024681845
0.39751509939659296
0.39822375413887373
0.3991673064159712
0.3991983018849433
0.39940657233420784
0.4000147545393765
0.4008244578636507
0.4012530962909429
0.4014767898400192
0.4021284110135335
0.40299543448969977
0.4034600692048513
0.4037035621107771
0.4044106227043452
0.4053508173330389
0.4058514989541915
0.4061150901007586
0.4068779224325512
0.4078917091428204
0.40844220410037946
0.4087339728341855
0.4095744506224066
0.4106908246276766
0.41131958930185386
0.4116564496295913
0.41261999610083255
0.4138990861832353
0.41464372345707906
0.4150492888339595
0.41619739840268916
0.4177205206792898
0.4186314502874956
0.41913995421082356
0.42055826681171976
0.42243832297521205
0.4234838365607603
0.4240804697200523
0.4257231451618366
0.4278998289584883
0.42914912401445615
0.42988591597913905
0.43187700373603444
0.43451014902094104
0.43610977036417564
0.4371054810763158
0.43971598346343377
0.44314565333271794
0.44515285197116267
0.44647891215740565
0.44983719985033493
0.45419689769370963
0.45765749668433187
0.4606089940263848
0.4672884229190077
0.4753332531243551
0.48078281833626946
0.48333942820904924
0.4851510253385675
0.4894859931567098
0.4949524253758186
0.4981472798125615
0.5007867880132781
0.5067149465850838
0.5138363534451018
0.5175369487801685
0.5207953585318826
0.5277748808496265
0.5357587398067065
0.5395152312998286
0.5427321611375164
0.5494897556101451
0.5570926030787536
0.5606524767554864
0.5637884777422937
0.5702363809465719
0.5773747466667599
0.580707499706995
0.5837587598268522
0.5898831447351242
0.5965493371650405
0.5996507300073735
0.6026193413890232
0.6084261590139627
0.6146373792422817
0.6175164727340059
0.6204091417642139
0.6259193895007611
0.6317100343647362
0.6343843447128107
0.6372105807769894
0.6424539096942828
0.6478669118076623
0.6503576357032937
0.6531278402644359
0.658136509644472
0.6632160361801593
0.6655444650340244
0.6682685398234542
0.6730732079103834
0.6778599442574519
0.6800453350058011
0.6827319015934006
0.6873593360367835
0.6918881468198517
0.6939467700307247
0.6966028690096152
0.7010751035886194
0.7053743764174432
0.7073193365046956
0.7099504318256137
0.7142848221484883
0.7183768049372437
0.7202182873716342
0.7228284321493499
0.7270381769306116
0.7309397952433874
0.7326855028188607
0.7352775698923224
0.7393724118751147
0.743096240822906
0.7447518763562696
0.7473277970432104
0.7513147388671529
0.7548699492637508
0.7564396698420002
0.7590006522382936
0.7628846052495657
0.7662777992738304
0.7677646094330847
0.7703113247108392
0.7740956587769984
0.7773315665731103
0.7787376416129578
0.7812703762031937
0.7849573659036551
0.7880394042419897
0.7893663469059996
0.7918851230601351
0.795476298785354
0.7984070065113066
0.7996560454118443
0.8021607144507504
0.8056571320134833
0.8084385016393392
0.8096106412336393
0.8121009541393023
0.81550339732351
0.818137122180938
0.8192332537345398
0.8217089133332979
0.8250180426169788
0.8275056969989887
0.8285266788404126
0.8309873771340149
0.8342038358479021
0.8365470029296002
0.837493716995678
0.8399391603520909
0.8430636473707402
0.8452640070658919
0.8461356825943626
0.8485696164090886
0.8516070001604731
0.8536663591859185
0.8544697577057571
0.8568837499373977
0.8598265631120166
0.8617468642282238
0.8624768350894023
0.8648746377677538
0.8677280414555208
0.8695116643152704
0.8701716634510318
0.8725532225309576
0.8753185402520991
0.8769679513201258
0.877559350528269
0.8799246268879469
0.8826032976107995
0.8841211666223832
0.8846454102124236
0.8869944245143785
0.88958804217077
0.8909772293618294
0.8914358530579967
0.8937686838377603
0.8962789869967117
0.89754252625791
0.8979371482900634
0.9002539285368087
0.9026827870277622
0.903823866205646
0.9041561769909183
0.906457089975785
0.9088064898539657
0.9098284294517552
0.910100180528515
0.912385455345119
0.9146574831598169
0.9155637142872435
0.9157767072493496
0.918046613956459
0.9202434405879353
0.9210374830260467
0.9211935582972298
0.9234484031942922
0.9255722680858196
0.926257708656325
0.9263587348984603
0.9285988557629705
0.930652051496376
0.9312325235937008
0.931280387435206
0.9335061488481757
0.9354910065213182
0.9359701705180854
0.9359667669943831
0.9381785560407399
0.9400974315033381
0.9404789568463366
0.9404261805418225
0.9426244024739342
0.944479663543797
0.9447672118976957
0.9446669487629002
0.9468520233586534
0.9486460382572428
0.9488432483380386
0.9486973685131367
0.9508697263710262
0.952604852944106
0.9527153271695422
0.9525256783504507
0.9546857573414754
0.9563643335562133
0.9563916256008257
0.9561600270802593
0.9583082699257579
0.9599326054057323
0.9598802099877405
0.9596084478493248
0.9617452987380914
0.9633176673323605
0.9631890103799134
0.962878832686329
0.9650047358469519
0.9665273694723077
0.9663258005212406
0.9659789152927645
0.9680943107640254
0.969569392592927
0.969298179188398
0.9689162475706157
0.9710215726424232
0.9724512347466453
0.9721135544286191
0.971698192949923
0.9737938774825728
0.9751801946432908
0.9747791335129944
0.97433190802222
0.97641837510638
0.9777633632098061
0.9773019109049048
0.9768243388446542
0.9789020006567082
0.9802076127727499
0.9796886601393814
0.9791822052255891
0.9812514666631131
0.9825195937913108
0.9819459309526656
0.981412007025741
0.9834732604917287
0.9847057277793362
0.9840800429079594
0.9835200073809389
0.9855736387020406
0.986772207118912
0.9860970870851805
0.9855122537378457
0.987558627657924
0.9887249881381114
0.9880029241782844
0.9873945431284551
0.9894340195879182
0.9905697996767835
0.989803176089434
0.9891724506648618
0.9912053772837138
0.992312140569969
0.9915032444340517
0.9908513236627715
0.9928780380967853
0.9939572862542303
0.9931082997165646
0.9924363082749579
0.9944571130805274
0.9955102695643665
0.9946232991959636
0.993932256608019
0.9959474840527781
0.9969759392101029
0.9960529457254838
0.9953438894486407
0.997353834383608
0.9983588878567651
0.9974018074579697
0.9966756931799355
0.9986806206790316
0.9996635234260991
0.9986741718569869
0.9996313750857236
0.9998011409362355
0.9999093987860105
0.9999999996263772