20000.
19997.098478896
19995.647876092
19991.296699233
19985.496603496
19984.774934645
19984.108749496
19983.964961173
19983.328198506
19983.027379827
19982.876972175
19982.425756033
19981.824150419
19981.482179951
19981.311196898
19980.798256546
19980.114356627
19979.772745247
19979.601941734
19979.089539982
19978.406358156
19978.046177611
19977.866089761
19977.325835976
19976.605520394
19976.232595941
19976.046136311
19975.486767892
19974.740967773
19973.609914362
19973.044411632
19971.347999588
19969.086341217
19968.733654319
19967.926447694
19967.522856588
19966.312132273
19964.697947542
19964.317845802
19963.860177308
19963.631346979
19962.944871762
19962.029608283
19961.495388224
19961.228283536
19960.426990955
19959.35865099
19958.836530087
19958.575474738
19957.792329217
19956.748183094
19956.213610635
19955.946329756
19955.144508636
19954.07546403
19953.443162127
19953.127018665
19952.178618381
19950.914154917
19950.262344811
19949.936447719
19948.958788433
19947.655317377
19946.968454773
19946.625032315
19945.594800467
19944.221240912
19943.439405638
19943.048499465
19941.875826976
19940.312371075
19939.458036597
19939.030883053
19937.749477389
19936.041064773
19935.211650782
19934.796956695
19933.552926256
19931.894339932
19931.118635242
19930.730794189
19929.567316369
19928.016118414
19927.050229852
19926.567303092
19925.118593101
19923.18714381
19922.233318954
19921.756423614
19920.32580616
19918.418476221
19917.296265923
19916.735184443
19915.052034919
19912.808057039
19911.640108137
19911.056159332
19909.304415754
19906.968997615
19906.75748426
19906.263254663
19904.780639568
19902.803991409
19901.507447715
19900.859207493
19898.91461361
19896.322117597
19894.789953861
19894.023916183
19891.725980231
19888.662478822
19888.492491775
19886.580048507
19884.030410463
19879.868360769
19877.787662473
19871.546874443
19863.228872325
19860.804043495
19859.331888791
19858.595852305
19856.387906629
19853.444361217
19851.962191368
19851.221147883
19848.998183506
19846.034618519
19844.544246183
19843.799101931
19841.563837159
19838.583876088
19837.938701204
19837.230612176
19835.106496842
19832.274697143
19830.879995392
19830.182681246
19828.090886027
19825.302169247
19820.125645203
19817.537889869
19809.776651254
19799.433062144
19797.948840326
19796.727345052
19793.063311577
19788.178988973
19785.94621591
19784.829923771
19781.481425385
19777.017642859
19774.981693338
19773.9637971
19770.910422896
19766.839991102
19764.672824124
19763.589329656
19760.339202781
19756.006532117
19753.90869942
19752.859866531
19749.713702135
19745.51959618
19743.334277514
19742.241708798
19738.964365566
19734.595421326
19732.07025801
19730.807797427
19727.020900479
19721.972835622
19719.470904282
19718.220057544
19714.46799356
19709.466352657
19706.658345378
19705.254491659
19701.043530725
19695.43031647
19692.412859167
19690.904303768
19686.379331144
19680.347652399
19677.231766546
19675.674008504
19671.001474496
19664.773155805
19661.82442809
19660.350229937
19655.928298856
19650.033938395
19644.880402586
19642.304141361
19634.577385022
19624.279772163
19619.210239866
19616.675964653
19609.075103385
19598.945203772
19594.026833686
19586.343627816
19582.697728185
19580.875032741
19575.407964522
19568.120915327
19563.959679028
19561.879392574
19555.639860641
19547.32358129
19543.37412001
19541.399688474
19535.477590917
19527.584253309
19523.711642367
19521.77562476
19515.968724032
19508.228877329
19503.856162862
19501.670173029
19495.113673779
19486.375104441
19481.369005066
19478.866437493
19471.360663853
19461.357465433
19456.275517459
19453.735040949
19446.115601937
19435.960992979
19431.032330734
19428.568468136
19421.178755062
19411.330177288
19405.552118084
19402.66373327
19394.0011585
19382.457075797
19377.073773393
19374.382682703
19366.311653261
19355.555511663
19348.631424153
19345.170309057
19334.790678621
19320.959835398
19311.483515115
19306.747097702
19292.544815073
19273.624690257
19264.056797769
19259.274632466
19244.935258922
19225.832702284
19222.838396504
19218.767239981
19206.558943607
19190.293279282
19188.297847289
19184.658571098
19173.74488392
19159.202959567
19151.723211055
19147.984431626
19136.772472611
19121.833407088
19114.391561847
19110.671725104
19099.516558349
19084.653132383
19076.385275038
19072.252689331
19059.86030359
19043.349648788
19035.490564836
19031.562238927
19019.78212521
19004.086650232
18995.584575496
18991.334964293
18978.591834698
18961.614296869
18952.909194029
18948.558141062
18935.510975164
18918.128729299
18906.863891405
18901.233987665
18884.354333796
18861.871577441
18848.325038394
18841.555417209
18821.261139553
18794.236104193
18790.748758492
18784.401858133
18765.374017755
18740.033545512
18726.49677431
18719.732055479
18699.452558497
18672.447402103
18667.236262209
18660.286561484
18639.452980483
18611.711052954
18598.890460928
18592.483476595
18573.275764057
18547.696347023
18534.957360401
18528.591148029
18509.505628494
18484.088849095
18470.264667898
18463.356454414
18442.647313905
18415.071257377
18398.308975707
18389.933556804
18364.830170732
18331.412289782
18307.692987785
18295.844847428
18260.346414648
18213.122292466
18204.628107497
18167.999827974
18150.172825067
18123.076254549
18106.562129283
18098.310709898
18073.579007858
18040.655972541
18019.180189576
18008.45188607
17976.305286598
17933.532405095
17909.39992239
17897.345860689
17861.232334023
17813.194298438
17786.886488028
17773.74715541
17734.38736769
17682.043207667
17652.152934975
17637.22675065
17592.523884285
17533.096267421
17531.455401345
17519.65392992
17484.297161674
17437.265779217
17412.904125372
17400.736063918
17364.282875531
17315.797393977
17281.320897462
17264.108398041
17212.57369776
17144.09999043
17138.459346844
17116.331720931
17050.120114094
16962.236230788
16919.172211257
16897.681216636
16833.371886472
16748.006680891
16731.76595221
16674.789953284
16648.499467359
16635.369771697
16596.042781732
16543.751384335
16517.489222064
16504.373777663
16465.089897975
16412.856808922
16378.802594943
16361.801992376
16310.905990004
16243.290850846
16209.359098115
16192.419810659
16141.708089342
16074.339434779
16039.555759404
16022.192156595
15970.214051063
15901.172126336
15856.099730101
15833.611462664
15766.337849735
15677.08412415
15620.19850678
15591.8331482
15507.045761579
15394.712707571
15321.150494304
15284.501306452
15175.078913428
15030.399992541
14978.387292259
14876.985760042
14854.783258403
14822.143928775
14724.655610841
14595.667893601
14557.26051621
14464.982980786
14415.144711033
14390.290004419
14315.982720917
14217.502878542
14153.858837432
14122.14373179
14027.424174631
13902.118950908
13897.125275257
13826.637483748
13733.209602708
13675.262158927
13646.380190697
13560.099765195
13445.907192046
13376.02565702
13341.221201649
13237.350266451
13100.112602494
13036.858986778
13005.34680094
12911.266532208
12786.884004431
12709.046319626
12670.305338221
12554.789525589
12402.40504935
12302.725402564
12253.186405701
12105.763075422
11911.954067678
11886.253162006
11769.727949749
11616.136047534
11598.916414296
11488.40429762
11342.690988342
11270.363462054
11234.372831207
11127.0890691
10985.63606627
10919.647404052
10886.801862732
10788.856838458
10659.632837072
10588.036815402
10552.419333804
10446.28417305
10306.429330673
10243.845079782
10212.695609145
10119.814366227
9997.2854088192
9930.9320640548
9897.9207209286
9799.5436352517
9669.8935188295
9588.937766019
9548.7144010903
9429.0538500807
9271.8358220926
9253.5139235975
9217.392822541
9109.8733178034
8968.4624345669
8904.5671157752
8872.7903642689
8778.1388864192
8653.5057157243
8592.5463941052
8562.2279552962
8471.9129988256
8352.9732259951
8296.3801465262
8268.2275535507
8184.3416742367
8073.8162378538
8014.2639064564
7984.6526629839
7896.4737703076
7780.4148747965
7711.516302337
7677.2961486499
7575.5441197622
7441.969461592
7416.3003776091
7328.3085925248
7212.6080653846
7158.2445344128
7131.2166181634
7050.7436414345
6944.857184231
6895.3336345163
6870.7044471996
6797.3434656015
6700.7458539755
6646.0253399788
6618.8328844411
6537.9212563579
6431.5756028723
6383.234910547
6359.200984736
6287.640799279
6193.4782976737
6143.4778284008
6118.6291679504
6044.6846013741
5947.4800783647
5903.2167321423
5881.2087451266
5815.6758573396
5729.4331664903
5685.0699023757
5663.0172504467
5597.37123149
5511.0254219485
5468.8524085901
5447.8870782084
5385.4720935793
5303.363037365
5263.7593899178
5244.0686079352
5185.4371218747
5108.2802609613
5069.8943547029
5050.8097043443
4993.9857185318
4919.2136273634
4882.2867166663
4863.9273396643
4809.2624060756
4737.3303273018
4700.3673651573
4681.9941749214
4627.3043970914
4555.3771348919
4520.9750785481
4503.8715982732
4452.9484108704
4385.9453412069
4352.5174176289
4335.8991166698
4286.4239490874
4221.3341245489
4189.7017594686
4173.9745754402
4127.1463576181
4065.5249618526
4034.9206011571
4019.7049219147
3974.4012915623
3914.7897107371
3885.6974872343
3871.2325481798
3828.1600161008
3771.4745374418
3743.4398716585
3729.5007815543
3687.9941629007
3633.3696906013
3606.6140813398
3593.3102508145
3553.6924833189
3501.5474353633
3475.7847844783
3462.9746262945
3424.8267326743
3374.6157761497
3350.1205419042
3337.9396808501
3301.6621897341
3253.9047764157
3230.2403414036
3218.4727399404
3183.4265258216
3137.2911581665
3114.7805182008
3103.5858392538
3070.2426316229
3026.341592008
3004.6890162147
2993.9208911354
2961.8475079113
2919.6168478199
2898.8958279728
2888.5905304216
2857.8939249073
2817.4719561194
2797.5821552424
2787.6899703259
2758.22279394
2719.4171863018
2700.4225518799
2690.9750448126
2662.8303771411
2625.7615215065
2607.6203519177
2598.596821655
2571.7131530062
2536.3004038259
2518.9063684438
2510.2541347065
2484.4753449967
2450.5149642401
2433.796552345
2425.4801669715
2400.7011286285
2368.0557490576
2352.0550873809
2344.0953446631
2320.3773758526
2289.1263063585
2273.8252291816
2266.2130864078
2243.5292184362
2213.6368692389
2198.944515335
2191.6349469348
2169.8517075555
2141.1438110218
2127.0615544962
2120.0551958896
2099.1742873513
2071.6526448713
2058.1319994492
2051.4048032662
2031.3548592627
2004.9261035705
1991.9587040734
1985.5064891363
1966.2749721208
1940.9224014985
1928.4570549536
1922.2544348923
1903.7660184717
1879.3911168502
1867.4228364545
1861.4673072336
1843.7144375284
1820.3070379382
1808.8013701764
1803.0758362459
1786.0077467679
1763.5013598673
1752.439321192
1746.9343498228
1730.5229766426
1708.8807245338
1698.231140324
1692.9312614383
1677.1306591552
1656.292353273
1646.0446165269
1640.9445489739
1625.7389629832
1605.6838027907
1595.8093044773
1590.8948503569
1576.2421097436
1556.914842509
1547.3965979979
1542.6593189502
1528.5343227307
1509.9019747047
1500.7206511852
1496.1509463222
1482.5251517527
1464.5502657939
1455.687984667
1451.2769743794
1438.1239794608
1420.7718995354
1412.2098772621
1407.948234335
1395.2403135334
1378.4746633503
1370.1965286715
1366.0761219389
1353.7890978686
1337.578139796
1329.5743102523
1325.5903731954
1313.7100444662
1298.0350702767
1290.2772514164
1286.4157460353
1274.9004318463
1259.7068665014
1252.1838539634
1248.439212106
1237.2723430909
1222.5384061469
1215.2458105203
1211.615841661
1200.7908629968
1186.5078538863
1179.4332228966
1175.9117415018
1165.4102577346
1151.5540212722
1144.6737072452
1141.2489810704
1131.0361587338
1117.561088352
1110.8686982855
1107.537546775
1097.6039075638
1084.4975120607
1077.9810176669
1074.7374685066
1065.0652614382
1052.3042558816
1045.9521402539
1042.7904756391
1033.3627085568
1020.9248088749
1014.7252213053
1011.6395592846
1002.4387584796
990.30106355054
984.24572877865
981.23196017388
972.24591097041
960.39239496375
954.4707885359
951.52369103987
942.73688479626
931.14723452908
925.34883824903
922.46319429296
913.86014291878
902.51408707862
896.82949317232
894.00063705012
885.56749472255
874.44692083298
868.86680463141
866.09011372757
857.81316993158
846.90015965467
841.41523888042
838.68611379452
830.55173558896
819.82849206477
814.42952425237
811.74338787377
803.73801854244
793.18686782331
787.86383183411
785.21572464574
777.32468758961
766.92652515735
761.66849330807
759.05301103337
751.26032893518
740.99439278158
735.78823621806
733.19889058475
725.48539960837
715.32682906118
710.15525667698
707.58350800719
699.92400740912
689.84016148035
684.67728897675
682.11036056595
674.46717366088
664.40931579577
659.21030355393
656.62607307468
648.93400738228
638.81790743614
633.48687530537
630.83806542107
622.95790420367
612.60393271711
606.84202097475
603.98141971567
595.48027017027
584.33124380787
577.78827838557
574.54432089192
564.92131845973
552.34089854719
547.73138517372
538.39091098393
536.46220358677
530.5694447955
522.81300011542
521.60335994752
519.88548504598
514.76573253866
508.01773940546
504.99869417835
503.49590621929
499.01432157913
493.10086608837
490.41105212911
489.07165230826
485.07536194159
479.79772484511
477.37717821301
476.17148797436
472.57265764008
467.81649227024
465.63841656295
464.55318436877
461.31264004797
457.0270504329
455.074313286
454.10107566552
451.19383354937
447.34644361233
445.61054045714
444.7451164798
442.15891610852
438.73402784324
438.17954768112
437.41904520175
435.14544826524
432.13235828797
432.02056273641
431.37631416691
429.44932722064
426.8933950855
425.52532710397
424.84293803766
422.80232975805
420.09675756248
418.63045318278
417.89922130049
415.71318040363
412.81623728629
411.2538146533
410.47482222003
408.14668721404
405.06303525822
403.3638708606
402.51696335036
399.98689508045
396.63819182683
394.71887228135
393.7626980737
390.90805068507
387.13402116522
384.8896699464
383.77237821173
380.43992577813
376.04162599199
373.34040521939
371.99707985043
367.99603515222
362.72817035806
359.71464840223
358.21728890744
353.76250470299
347.90885087103
344.43087882154
342.70495268356
337.5788925743
330.8632180643
326.59082702296
324.47536438469
318.21083863157
310.04587311831
305.00209490426
302.51105882635
295.15935752295
285.63425664367
276.86698282899
272.58478157871
260.13148430233
244.40758123425
235.6069287435
230.89854825599
228.57976094227
221.76218412196
212.98733534658
207.30562630291
204.52186440518
196.39286510488
186.05456294201
180.27921168794
177.45911539082
169.26076489245
158.9157533232
154.04636628064
151.66791330796
144.75063325163
136.01584041472
131.89853185232
129.88685377591
124.03404436106
116.63847997555
113.13089005996
111.41685101464
106.42898203595
100.12409774653
97.122165698162
95.655121748198
91.38561567692
85.987897298613
83.412041666409
82.153195771005
78.489505935365
73.857472623627
71.644152414704
70.562490713905
67.414506872216
63.434566737905
61.531489671153
60.601469412096
57.89490310668
54.473243642652
52.836522257649
52.036696467952
49.709134213875
46.766856249414
45.359211603302
44.671358210406
42.66975384704
40.139760843457
38.929303277147
38.33783253136
36.616795225429
34.441656769764
33.400997656429
32.892519493579
31.413060233074
29.543439693752
28.649004827657
28.211993905315
26.940552906636
25.333982812623
24.565458264948
24.189983330265
23.097643108328
21.717531791149
21.057403833396
20.734902880819
19.796733883554
18.611538167809
18.044704619113
17.767794878673
16.962302202223
15.944827253302
15.458265807537
15.220581554707
14.529232533109
13.656033742188
13.238517260889
13.034570576778
12.441389156512
11.692258443124
11.334109746857
11.159170589115
10.65038793341
10.00791120382
9.7007914808343
9.5507841947085
9.1145371772563
8.5637124247513
8.3004384533419
8.171852376117
7.7979231371713
7.3258305593666
7.1002167297938
6.9900289263285
6.6696197782567
6.2651366839096
6.0718584195422
5.977466886043
5.7030057246004
5.3565600966498
5.1910357705921
5.1102016862488
4.8751737687911
4.578531239816
4.4366771028547
4.3674067611816
4.1660176197425
3.9118697456998
3.7906082523968
3.7313944595141
3.5592454548871
3.342004093746
3.2382581712101
3.1875992489302
3.040328104563
2.8544960160159
2.7657595775171
2.7224312192799
2.5964764715469
2.4375546485266
2.3616770766931
2.3246286727023
2.2169342825672
2.0810625197088
2.0161977554966
1.9845275215324
1.8924705271568
1.7763360323866
1.7209000313225
1.693834212141
1.6151641839774
1.5159249882087
1.4685590376769
1.4454339764404
1.3782208199609
1.2934397551059
1.2529788466665
1.2332255262587
1.1758144842947
1.1034022760852
1.0688478485985
1.0519785700938
1.0029514492783
0.94111768862353
0.91161414674537
0.89721105378571
0.8553528265021
0.80256374434939
0.77737824056022
0.76508343925084
0.7293534914045
0.68429561243143
0.66280064629394
0.65230770233442
0.62181509101441
0.58336396069243
0.56502240902852
0.55606903315176
0.53005120382018
0.49724449187852
0.48159673605016
0.47395849451981
0.45176298218777
0.42377736030284
0.41043022232429
0.40391513151622
0.38498383526477
0.3611151090093
0.34973234648971
0.34417622931602
0.3280319041515
0.3076779485559
0.29797209174162
0.29323458995971
0.27946924747913
0.26211535580269
0.25384069920526
0.2498018499495
0.23806680095906
0.22327310909042
0.2162197010417
0.21277700093878
0.20277431667854
0.19016502012246
0.18415350478282
0.18121939061536
0.17269457607847
0.16194867893622
0.15682587511396
0.15432556445845
0.14706127893021
0.13790466592489
0.13353977777762
0.13140941834888
0.12522009400462
0.11741873706994
0.1137001086325
0.11188519328702
0.10661242651091
0.099966567358712
0.09679890262047
0.095252911783201
0.090761516003855
0.085100684239212
0.082402664409591
0.081085902549091
0.077260525587773
0.07243927001454
0.070141519991933
0.069020122590569
0.065762359580114
0.061656604664399
0.059699948340663
0.05874502999854
0.055970946962021
0.052474868295207
0.050808840042661
0.049995767653977
0.047633788602357
0.044657146887664
0.043238714411252
0.042546483620716
0.040535578169413
0.038001433015681
0.036793910184446
0.036204614564453
0.034492754923735
0.032335518156454
0.03130763408051
0.030806010631402
0.029348850586848
0.02751261991799
0.026637723826795
0.026210764788288
0.024970511453826
0.023407647395997
0.022663024608076
0.022299643576585
0.021244087251919
0.019913990044712
0.019280293307359
0.018971047495
0.018072753991013
0.016940843895562
0.016401584492105
0.016138426457297
0.015374016201507
0.01441082573376
0.013951961832903
0.013728038408163
0.013077601659875
0.012258037146292
0.011867609622087
0.011677084177904
0.011123664683877
0.010426355503326
0.010339654357668
0.010296574521233
0.010168408974496
0.0099999997764826