0.9992898561789914
0.9992652664380686
0.9992529709944529
0.9992160845796068
0.9991669007813662
0.9991607800384189
0.9991551296199095
0.9991539100150834
0.9991485089029171
0.999145957250358
0.9991446814175364
0.9991408539169425
0.9991357505641741
0.9991328495925268
0.9991313990983787
0.9991270476134199
0.9991212456087681
0.9991183473979642
0.9991168982840581
0.9991125509398578
0.9991067544562319
0.9991036984032289
0.9991021703673449
0.9990975862569548
0.9990914740825039
0.9990883095703651
0.9990867273043379
0.9990819805033748
0.9990756514063365
0.9990660524460622
0.9990612528783815
0.9990468541588448
0.999027655586308
0.9990246615005338
0.9990178086277917
0.9990143821461362
0.9990041026918524
0.9989903966099153
0.9989871689724239
0.9989832825880057
0.9989813393809446
0.9989755097558713
0.9989677368780222
0.9989631998321509
0.9989609312892873
0.9989541256558201
0.9989450514158121
0.9989406164447193
0.9989383989396432
0.99893174641965
0.998922876334661
0.9989183349116489
0.9989160641800836
0.9989092519805152
0.998900168986188
0.9988947964671072
0.9988921101796331
0.9988840513108012
0.9988733060652647
0.9988677667762641
0.9988649971018101
0.9988566880717429
0.9988456092728928
0.9988397709921256
0.99883685181879
0.998828094291447
0.9988164174859636
0.9988097706098114
0.9988064471292672
0.9987964766786808
0.9987831826110258
0.9987759177195342
0.9987722852230501
0.9987613877232191
0.9987468575629486
0.9987398028483796
0.9987362754429174
0.9987256932166728
0.9987115834308814
0.9987049839765983
0.9987016842073618
0.9986917848908304
0.9986785856698612
0.998670366307649
0.9986662565616053
0.9986539273108515
0.9986374881032962
0.9986293691351791
0.9986253095873922
0.9986131309315985
0.9985968925239899
0.9985873375792128
0.9985825600197352
0.9985682273250649
0.9985491167843533
0.9985391691652808
0.9985341952601678
0.9985192735272488
0.9984993775817838
0.9984975755498652
0.9984933646731342
0.9984807320296992
0.9984638882878379
0.9984528389715565
0.9984473141963993
0.9984307398496913
0.9984086403485569
0.9983955780644118
0.9983890467604616
0.9983694528207367
0.9983433270441142
0.9983418772477327
0.9983255652660088
0.9983038155955617
0.9982683048663603
0.9982505483071574
0.9981972784549097
0.9981262480604522
0.99810553512499
0.9980929585955556
0.9980866701805612
0.9980678049091488
0.9980426507255071
0.9980299832290164
0.998023649326553
0.9980046475923962
0.9979793114525641
0.9979665683690584
0.997960196671801
0.9979410815537517
0.9979155942237945
0.9979100755906845
0.99790401843758
0.9978858469539873
0.9978616178559738
0.9978496832778755
0.9978437158518657
0.9978258135496959
0.9978019433766183
0.9977576251786129
0.9977354642200205
0.9976689810833737
0.9975803307244653
0.9975676059637778
0.9975571324641198
0.9975257118995852
0.9974838164463145
0.9974646609489941
0.997455082848065
0.9974263484901482
0.9973880348692745
0.9973705566977569
0.9973618173183019
0.9973355991337294
0.997300640598916
0.9972820248555245
0.9972727166503477
0.9972447919818587
0.9972075580163003
0.9971895264872974
0.9971805104127311
0.9971534621390425
0.9971173967666886
0.997098601730922
0.997089203876258
0.9970610102588674
0.9970234176683224
0.9970016857274295
0.9969908193057528
0.9969582199702647
0.9969147527230283
0.9968932048497132
0.9968824304709357
0.996850107265201
0.9968070082243197
0.9967828063927061
0.9967707049234416
0.9967344004314851
0.9966859926159511
0.9966599640761153
0.9966469491611668
0.9966079043154792
0.9965558424407537
0.996528941031304
0.9965154896488072
0.996475135395143
0.9964213275028609
0.9963958461469885
0.9963831048634955
0.9963448809190766
0.9962939136384074
0.9962493384949966
0.9962270490429195
0.9961601804164003
0.9960710160198912
0.9960271012634407
0.996005142047212
0.9959392641322132
0.9958514209313202
0.9958087515114069
0.9957420710474031
0.9957104191390153
0.9956945922370083
0.995647111382816
0.9955838004939196
0.9955476354141649
0.9955295516476741
0.9954753001615001
0.9954029607922278
0.9953685943545221
0.9953514100224055
0.9952998568638898
0.9952311155922805
0.9951973787356855
0.9951805092104361
0.995129900468787
0.9950624186285049
0.995024280932022
0.9950052107158687
0.9949479998646636
0.9948717141806543
0.9948279951476618
0.9948061338176056
0.9947405495609487
0.9946530978971546
0.9946086506456384
0.9945864251368627
0.9945197483444181
0.9944308397685634
0.994387668425099
0.9943660809808954
0.9943013183842591
0.994214962476373
0.9941642758790671
0.9941389301667349
0.9940628926698405
0.9939615013059585
0.993914197081104
0.9938905428433614
0.993819579807335
0.9937249554941042
0.9936640120833093
0.9936335368912012
0.9935421107816897
0.9934201978708694
0.9933366127988889
0.9932948137352987
0.9931694156219494
0.9930021962070547
0.9929175645386872
0.9928752419168767
0.9927482730692448
0.9925789588531375
0.9925524037018473
0.9925162856672571
0.9924079308645212
0.9922634414876027
0.9922457079014751
0.9922133550144763
0.9921162957680194
0.9919868705024274
0.9919202572498048
0.9918869464893207
0.9917870135935255
0.9916537559209372
0.9915873310902867
0.9915541145302246
0.9914544642510184
0.9913215834380589
0.9912476184646012
0.9912106308244678
0.9910996671637505
0.990951698488307
0.9908812155097857
0.9908459693147037
0.9907402300608602
0.9905992288178008
0.9905227963940723
0.9904845746629616
0.9903699086667253
0.9902170024771157
0.9901385423399769
0.9900993064947373
0.9899815980834403
0.9898246346145687
0.9897228271054024
0.9896719137350226
0.9895191722247615
0.9893154843552423
0.9891926276206926
0.98913118503898
0.9889468552395333
0.9887010348930493
0.9886692899707216
0.9886114817502815
0.9884380551982744
0.9882067786156623
0.9880830897111181
0.9880212311114587
0.9878356532336104
0.9875881681276444
0.9875403708142324
0.9874765876078713
0.9872852357947048
0.9870300490080808
0.9869119756683875
0.9868529258131847
0.986675774310251
0.9864395289621026
0.9863217403929064
0.9862628331551632
0.9860861094635742
0.9858504350294864
0.9857221013519831
0.9856579192719441
0.9854653706792034
0.9852085882532398
0.9850522945208636
0.98497412500316
0.9847396130694627
0.9844268541368579
0.9842044862249044
0.9840932562030993
0.9837595592426314
0.9833144764159776
0.9832342789866103
0.9828879578382375
0.9827191130789764
0.9824621062659255
0.9823052649323625
0.9822268215453432
0.9819914877952587
0.9816776333714957
0.9814725663014771
0.9813699939468218
0.9810622707516949
0.9806518437032329
0.9804198034727488
0.9803037339358601
0.9799555174327461
0.9794910627392244
0.979236119920738
0.9791085888319867
0.9787259859249213
0.9782156486018712
0.9779234809346924
0.9777773189399784
0.9773388201459006
0.9767538942829386
0.9767377307542515
0.9766212670566384
0.9762718678476459
0.9758058354185342
0.9755638900940424
0.9754428639604713
0.9750797766042347
0.974595480584264
0.9742502079001761
0.9740774630804874
0.9735592107308073
0.9728678398281158
0.972810824460793
0.9725865622151559
0.9719137450467604
0.9710160380353646
0.9705742718467906
0.9703532116608706
0.9696900005982142
0.9688051226428843
0.9686361865749666
0.9680420250872692
0.9677671012772644
0.9676295712452758
0.9672169690559564
0.9666666029702197
0.9663894668265255
0.9662508300320712
0.9658349072204635
0.9652801097722198
0.9649173546927596
0.9647358594806815
0.9641913521952428
0.9634649431069298
0.9630991416533059
0.9629161217892434
0.9623670400114385
0.9616345243134305
0.9612549836627683
0.961065085018701
0.9604953649390394
0.9597353018165163
0.9592371533938949
0.9589878595615108
0.9582399359157124
0.9572419561184786
0.9566026277502796
0.9562826044849886
0.9553224646678143
0.954041038935674
0.9531963142608564
0.9527733252616573
0.9515042340150034
0.9498099555925522
0.9491962767816543
0.947992771318049
0.9477282230975737
0.9473379374516135
0.9461669676323953
0.9446038613334575
0.9441353568283763
0.9430038913082651
0.9423894742240303
0.9420819429263044
0.9411592756466871
0.939927929309133
0.9391271546894294
0.9387262220347682
0.9375232973382166
0.9359174921024112
0.9358531597758788
0.9349421420616739
0.9337263653362634
0.9329677090738305
0.9325878984744139
0.9314483468777878
0.9299272449750492
0.9289893563481706
0.9285196786677562
0.9271104577878777
0.9252289108482803
0.9243543198457268
0.9239163926791817
0.9226024412153249
0.920848265834459
0.9197409303973367
0.9191862610707912
0.9175219725026481
0.9152993398054265
0.9138291260999202
0.9130922748102087
0.9108812078807419
0.907926815274964
0.907530924052292
0.905723431626938
0.9033092537976073
0.9030363274160469
0.9012734708574398
0.8989190286672695
0.897737865974945
0.8971461946801793
0.8953708011208726
0.8929995915090276
0.8918817837719752
0.8913219110526988
0.8896419362616548
0.8873983876763817
0.8861423467324857
0.885513121683425
0.8836249776144766
0.8811029245876495
0.8799619523070373
0.8793904775542993
0.8776756460270676
0.8753854729197298
0.873815800248932
0.8730291195837853
0.8706682759915308
0.8675133792476318
0.8658560846302418
0.8650253902564874
0.8625323571125033
0.859200358670679
0.8591585964233276
0.8583263320451012
0.8558285358907062
0.8524901066654169
0.852171221187159
0.8514436334733968
0.8492600597371767
0.846342449773689
0.8449099171256356
0.8441921395096906
0.842037974236579
0.8391596751644668
0.8377420488474604
0.8370317535132448
0.8349000084181273
0.8320516466060465
0.8306139873952786
0.8298936259866088
0.8277316122601105
0.8248426122140561
0.8233274637286784
0.8225681726596835
0.8202892129865258
0.8172434316489698
0.8157674742105114
0.8150278398992634
0.8128078511210536
0.8098408973178739
0.8083117843592045
0.8075454196640197
0.8052451002713339
0.8021703114296379
0.8006421172648366
0.7998761691471301
0.7975770383529964
0.7945035967967297
0.7929384994619075
0.7921539545502914
0.7897989029245129
0.7866502120607709
0.7851365492649249
0.7843777854888055
0.7821001049721513
0.7790548332933975
0.777475880619075
0.7766842291626167
0.7743076932718987
0.7711295007181013
0.7694705881639442
0.7686386309852006
0.7661409326549742
0.7627997319615831
0.7612167027983886
0.7604228013505836
0.7580393608012523
0.7548510465844626
0.7532679855301128
0.7524739644438352
0.7500900951279392
0.7469007505575008
0.7452380148940223
0.7444037758540208
0.741898988807731
0.7385467484925086
0.7369020294879093
0.7360767219620806
0.7335987006080208
0.7302818798840222
0.7285859785735035
0.7277347534191734
0.7251787708652455
0.7217566027715935
0.7200859406515812
0.719247286415008
0.7167290164224698
0.7133570085313913
0.711658247762888
0.7108052960759815
0.7082439896272953
0.7048135718308839
0.7031013244333235
0.7022414387179935
0.6996592300747171
0.696200193145815
0.6944835798853323
0.6936213727833781
0.6910321325627515
0.6875631974779887
0.6858301713264868
0.6849595834295641
0.6823451024681474
0.678841824105589
0.6770774934938535
0.6761910278267141
0.673528772571686
0.6699608795617009
0.6681940747507357
0.6673063121601728
0.6646401245561911
0.6610667846516728
0.6592829793653332
0.6583866264849701
0.6556945865235525
0.6520864048187253
0.6502940375692614
0.6493933978023863
0.6466884510242279
0.6430630271035471
0.6412472973182523
0.6403349496083491
0.637594789986533
0.6339222478870525
0.6320973878856413
0.6311805746382805
0.6284269839747273
0.6247368680262793
0.6228860409858742
0.6219563304368988
0.6191639614188584
0.615422349886241
0.6135665969136034
0.6126346757719123
0.6098356648738211
0.606086065097121
0.6042198058795971
0.6032829321899493
0.6004690370087425
0.596700580399208
0.5948224043235709
0.5938799427614652
0.5910492531780183
0.5872596115303024
0.5853818337012971
0.5844400589978568
0.5816114394102218
0.5778261942170865
0.5759365110395697
0.5749893084883348
0.5721443690336566
0.5683390453881402
0.5664506130354592
0.5655046678522125
0.5626635019326383
0.5588652813309348
0.5569797710790532
0.5560359863271498
0.5532012993392293
0.5494139845369804
0.5475310126325903
0.5465892574577228
0.5437606435092761
0.5399838583457345
0.538112517805437
0.5371773946438527
0.5343686770362709
0.5306210367364297
0.5287600604548706
0.5278309802496508
0.5250403705737234
0.5213195885362559
0.5194747107151285
0.5185545706782809
0.5157907608303753
0.5121085057659459
0.5102826281074138
0.5093729003752498
0.5066402956193653
0.5030024772597207
0.5012015363381713
0.5003051867951673
0.49761268302504397
0.49403113498330087
0.492253219725118
0.49136931466848527
0.48871407952100243
0.48518504066798873
0.48343792505160615
0.4825703174252092
0.47996391290229573
0.4765026790370424
0.47478685805741744
0.4739357925955112
0.4713789284631973
0.4679863944438736
0.46630649657997364
0.465474250569063
0.46297374997877927
0.45965887405726097
0.4580172459928034
0.4572049672412204
0.45476425582248714
0.45153149423712385
0.44993082492734393
0.4491398273705733
0.44676283036488634
0.44361729304683234
0.44205915124739587
0.4412902020286613
0.4389791984125966
0.43592383662319767
0.434410367649279
0.43366451943732154
0.43142264622581583
0.42846154882402
0.4269948103352424
0.42627307700475775
0.4241033528585455
0.42124046436018414
0.4198223545956666
0.41912567768209635
0.4170309011380764
0.41426989077137655
0.4129021439493725
0.4122313915759835
0.4102141368111577
0.40755839434295654
0.406242488776657
0.405598412539403
0.4036608981096403
0.4011133642511258
0.3998557009175312
0.3992414073523896
0.39739295403273006
0.3949657519438205
0.3937587293903397
0.39317064269821916
0.39140039966193535
0.38907958940206416
0.38792919121323155
0.38737023708704865
0.38568696291910026
0.38348396670079454
0.3823912956527295
0.3818620716967316
0.38026749054955405
0.37818463830102883
0.3771524910548413
0.3766543943376895
0.3751526399186039
0.37319533533687527
0.3722250706425995
0.37175882232050395
0.3703519743877457
0.368522978459074
0.36761597132635826
0.367182307762202
0.36587247782267757
0.36417459216679543
0.3633329851888912
0.3629329993410977
0.3617233686103545
0.3601607334262834
0.35938621266228654
0.3590207906302146
0.35791389730287776
0.3564898276517803
0.3557841675592686
0.3554542422615659
0.3544527489037162
0.3531707074807716
0.35253586603351955
0.352242457806499
0.3513492752123629
0.3502130192027395
0.34965067985816217
0.3493947013934558
0.3486123833953229
0.3476252321600161
0.3471374266770237
0.3469199537679386
0.3462515283322295
0.3454173735457419
0.34500599828726664
0.34482806948243977
0.34427641135961556
0.3435989679474426
0.3432660697304421
0.343128811784384
0.3426970240696623
0.3421802920474709
0.3419280061022445
0.3418326170019105
0.34152396605179924
0.34117216378994514
0.3410027630982905
0.34095054666847513
0.3407685512479181
0.34058624038229923
0.3405022246879382
0.34049464510761784
0.34044322211277966
0.3404355024735117
0.34043970645961363
0.34047846923224173
0.3405621405421102
0.3407349478437475
0.3408307799833789
0.34091799072229795
0.34114230266806067
0.34150299227002945
0.3416949088802231
0.34183339699391135
0.34220577287973186
0.34276432048782124
0.3430588924342607
0.34325292844464916
0.3437845653081451
0.3445562224733281
0.344964926652227
0.34522212914729317
0.3459330201945834
0.3469453691620803
0.34749425637901127
0.347832343865754
0.34876894202963293
0.35008677661366866
0.35088569704780465
0.3513836186116626
0.3527504296519583
0.35466246397724327
0.35496992595007965
0.35547849755557814
0.35688918530975783
0.3588356182292403
0.3599378217906967
0.3615825702803945
0.36172608373223736
0.36212421227875713
0.3632542931598728
0.36478832450935117
0.36505541714407697
0.36543095536743386
0.36650239812046653
0.36795083679901514
0.36860235324584906
0.36895739624727536
0.36997456252525474
0.3713450241951838
0.3719672130624799
0.37230334191607556
0.3732694562969905
0.3745678282980839
0.3751557108883075
0.3754708818373753
0.3763795045033654
0.3775981607118079
0.3781463887104759
0.3784382475404212
0.37928219168224553
0.3804123284637135
0.38063054919478306
0.380897324979053
0.38167107950033
0.3827061058735298
0.3828495030083168
0.3830884362687041
0.38378372746365674
0.38471306711260433
0.3848056518771129
0.3850164409317109
0.38563188787750574
0.38645405962251267
0.3868966989657734
0.3871289987082903
0.3878054556004746
0.3887089039001987
0.389185486891763
0.3894364493881999
0.39016556018868687
0.39113914459583343
0.391647170280651
0.3919155939757622
0.39269374267228946
0.39373277351593594
0.39427995904711044
0.3945703930175557
0.3954100967486382
0.3965315302576647
0.39713906957833844
0.39746386791055505
0.39839913976919156
0.39964874070687273
0.40035572255864627
0.4007381551801694
0.4018322620527665
0.40329505633720875
0.40415635097730707
0.4046306520346686
0.40597443169979347
0.407772568739442
0.4087765566162641
0.409337969938486
0.4109152062737621
0.41302737362518877
0.4142027237319044
0.4148715481150285
0.41673284712561054
0.4192259196187292
0.4206656969443084
0.4215062557630125
0.4238129391381035
0.4268987743327172
0.42874387905024475
0.4298610673782136
0.43286453791521073
0.436864897870078
0.4393778689185209
0.44099022603002563
0.4451855674036022
0.4507065742161399
0.4544398533597936
0.4571097883887772
0.46366559824800574
0.4719934241332768
0.47581069280910954
0.4783980354487468
0.48472132589407363
0.4926747960360361
0.4965571747699038
0.4992775981727812
0.505791490697922
0.5138393021124537
0.5181789194322268
0.5215329096614658
0.5291614910098336
0.5381673196520399
0.5426122233202254
0.5462058788664771
0.5540341168896207
0.5629220378654501
0.5670564959984252
0.5704746628314054
0.5776894418337855
0.5857110339797117
0.5894261710432438
0.5926719541548516
0.5992992218238201
0.606517961614379
0.6098509697852652
0.61294692999603
0.6190573040277914
0.625576558798639
0.6285776177506531
0.631548685709681
0.6372190958950429
0.6431443444733388
0.6458638388561829
0.6487338712277338
0.6540373727784773
0.6594653866053405
0.6619488884584245
0.6647388801008816
0.6697394737797513
0.6747532608183887
0.6770393944915877
0.6797667891001908
0.6845175690479799
0.6891850645091381
0.6913051360113243
0.6939838248539626
0.6985271391175597
0.70290205898062
0.7048806308812559
0.7075213105685879
0.7118899382387421
0.7160136480239015
0.7178695192145104
0.7204801911414433
0.7246988976875643
0.7286025861169656
0.7303498621584275
0.7329363488314917
0.7370234610345008
0.740730234548649
0.7423793282139856
0.744945744494331
0.748914571248696
0.7524412946245479
0.7539997893689686
0.7565489443577611
0.7604089787064613
0.7637678073110933
0.7652411675218315
0.76777489321076
0.771532789113884
0.7747324003606988
0.7761245373509008
0.7786439499330025
0.7823042945218684
0.7853508535356952
0.7866645665314286
0.7891702700343312
0.7927361820890583
0.7956340851061476
0.7968713989499961
0.7993636414828612
0.8028372279817121
0.8055896661064681
0.8067520861426445
0.8092308782165679
0.8126135778699175
0.8152229588504489
0.8163116607206469
0.8187768637020023
0.8220697019837713
0.824537961486036
0.8255539304843171
0.828005321744269
0.8312090973894661
0.8335379252315998
0.8344820569969323
0.8369193769029811
0.840034795682245
0.8422257972006386
0.8430989690650478
0.8455219537030674
0.8485497217454682
0.8506045300988604
0.8514076604218567
0.853816040707489
0.8567569046615087
0.8586772574250441
0.8594113250731109
0.861804845392732
0.8646596395366699
0.8664474308797655
0.8671135455121454
0.869491879559759
0.8722614628494303
0.8739187861958718
0.8745180110034994
0.8768810426850464
0.8795665802166195
0.8810957168812267
0.8816292996744916
0.8839769710847508
0.8865797802757359
0.8879832009122448
0.8884524839442361
0.8907847937460434
0.893306339160001
0.8945866961033653
0.8949931097889083
0.897310111736298
0.8997519970938525
0.9009121111216346
0.9012571664801432
0.9035589667219314
0.9059229237139824
0.9069657671889294
0.9072510467361651
0.9095378003030644
0.911825675380789
0.9127543531272487
0.912981500885826
0.9152534076704198
0.917467147645911
0.918284876686771
0.9184555878038768
0.9207128881735432
0.9228545252494037
0.9235646141387968
0.923680624405996
0.9259235947428416
0.9279952315346505
0.9286010599477461
0.9286641355792679
0.9308930837511358
0.9328968785835335
0.9334018775038693
0.9334138052801636
0.935629066276327
0.9375672190911195
0.937974852069202
0.9379374300564913
0.9401393616820634
0.9420141006973878
0.9423278460822262
0.9422428749704976
0.9444318539286495
0.946245423212723
0.9464687580001568
0.9463380332195089
0.9485144511161419
0.9502690989926799
0.9504054838536622
0.9502307879706525
0.9523950482762444
0.9540930171890188
0.9541458829025652
0.953928979847037
0.9560814939262857
0.9577250104473497
0.9576977461288937
0.9574403745152154
0.9595815593919366
0.9611728263409259
0.9610687685549795
0.9607726373712339
0.9629029125368962
0.9644441012321062
0.9642665247204821
0.963933308542971
0.9660530939310187
0.9675463377038729
0.9672984477750793
0.9669297827905806
0.969039496714415
0.9704868856871839
0.9701718109615182
0.9697692929359747
0.9718693492811203
0.9732729249060352
0.9728937120770977
0.9724588918028231
0.974549700290766
0.9759114523553408
0.9754710616472219
0.9750054452627082
0.9770874076874541
0.9784092703698727
0.9779105710074747
0.9774156168305882
0.979489127947559
0.9807729774612156
0.980218747379369
0.979695865374586
0.9817613097578219
0.9830089613521228
0.9824018846497782
0.981852431821919
0.983910187251554
0.9851233989065422
0.9844660573304975
0.9838913505185694
0.9859417795047715
0.9871222414602462
0.986417129540977
0.9858184231486739
0.9878618831178765
0.9890112269844381
0.9882607375728313
0.9876392441205845
0.9896760776105944
0.9907958713160641
0.990002303140553
0.9893591875486714
0.9913897219328758
0.9924814694280903
0.9916470282141145
0.9909834040400015
0.993007956205205
0.9940730993999473
0.9931998972872628
0.9925168218638097
0.9945357066400092
0.9955756332139084
0.9946656802713825
0.9939641823852141
0.9959776909129665
0.9969937209676514
0.9960489481209519
0.9953299997170522
0.9973384146661619
0.9983318132352678
0.9973540659238501
0.99661857949664
0.9986221851202365
0.9995941606312828
0.9985851894412506
0.9986330283951725
0.9998273993826682
1.000369594998126
0.9999999996482086