0.9993265871812689
0.9993020071889531
0.9992897166205813
0.9992528448353084
0.9992036805520683
0.9991975622383577
0.9991919140625362
0.9991906949417954
0.9991852959735057
0.9991827453338208
0.9991814700074466
0.9991776440262358
0.9991725426994076
0.9991696428794408
0.999168192961146
0.9991638432038009
0.999158043502758
0.9991551464427008
0.9991536979041812
0.9991493522861934
0.9991435581043081
0.9991405032648953
0.9991389758358212
0.9991343935459196
0.9991282837989238
0.9991251205436328
0.9991235389060451
0.9991187939904639
0.9991124674074157
0.9991028722602696
0.999098074599297
0.9990836816004698
0.9990644906569044
0.9990614977610228
0.9990546476118514
0.9990512224920545
0.9990409471236446
0.9990272464902323
0.999024020135917
0.9990201352966214
0.9990181928621452
0.9990123655549225
0.9990045957677637
0.999000060526047
0.9989977928852928
0.9989909899582845
0.9989819193271923
0.998977486120052
0.9989752694969823
0.998968619623135
0.9989597530666303
0.9989552134502997
0.9989529436221076
0.9989461341327893
0.9989370547524336
0.9989316843711438
0.9989289991526104
0.998920943490784
0.9989102025216807
0.9989046654374077
0.9989018968653658
0.998893591142729
0.9988825167542394
0.9988766807978318
0.9988737627867291
0.9988650087463022
0.9988533365905432
0.9988466923614326
0.9988433702044783
0.9988334037249429
0.9988201149526751
0.9988128529552852
0.9988092219059346
0.9987983287478397
0.9987838043773312
0.9987767524741241
0.9987732264744208
0.9987626484657692
0.9987485443041715
0.998741947480719
0.9987386490269659
0.9987287536571625
0.9987155596991415
0.998707343614603
0.9987032355075018
0.9986909111740069
0.9986744785237961
0.9986663627946081
0.9986623048663887
0.9986501310697187
0.998633899141917
0.998624348010458
0.9986195723577822
0.9986052453841007
0.9985861424727255
0.9985761988255346
0.9985712269065173
0.9985563111325176
0.9985364231337438
0.9985346218216684
0.998530412627028
0.9985177850303182
0.9985009480184744
0.998489903117634
0.9984843805503885
0.9984678128281962
0.9984457221615588
0.9984326651001132
0.9984261364077802
0.9984065503039987
0.9983804349778309
0.9983789857614542
0.998362680306045
0.998340939339105
0.9983054428243069
0.9982876933742835
0.9982344448576552
0.9981634429294253
0.9981427382985955
0.9981301668124305
0.9981238809193196
0.9981050232145716
0.9980798791221676
0.9980672167085267
0.9980608853477405
0.9980418912396448
0.9980165652702818
0.9980038273030977
0.9979974581642562
0.9979783507224983
0.9979528736300125
0.9979473572139301
0.9979413024942732
0.9979231383119662
0.9978989189511858
0.9978869891702453
0.9978810241430389
0.9978631290381941
0.9978392684636721
0.9977949680929218
0.9977728160510504
0.9977063596772118
0.9976177450313599
0.9976050253994996
0.9975945561215926
0.997563148225139
0.9975212696691973
0.9975021219000542
0.997492547663793
0.9974638249022472
0.9974255267486873
0.9974080556351228
0.9973993197851274
0.9973731121909054
0.9973381677811296
0.9973195595614729
0.9973102551187115
0.9972823417397081
0.9972451228319863
0.9972270985971505
0.9972180861701827
0.9971910488413918
0.9971549980671068
0.9971362106410362
0.9971268165917799
0.9970986343928981
0.9970610570323296
0.9970393338983703
0.9970284718809092
0.9969958857611264
0.9969524361419205
0.9969308970101276
0.9969201270028484
0.9968878169146183
0.9968447353707193
0.9968205433676659
0.9968084468136118
0.9967721570710874
0.9967237689302731
0.9966977509733354
0.9966847413509128
0.9966457123872043
0.9965936716986536
0.9965667812408279
0.9965533353352954
0.9965129975172309
0.9964592115499924
0.9964337405810699
0.9964210044920871
0.9963827961354261
0.9963318496482332
0.9962872926992269
0.996265012347522
0.9961981710350768
0.9961090430873716
0.9960651462944144
0.9960431960630141
0.9959773451151013
0.995889537899535
0.9958468859703388
0.9957802328539481
0.9957485939332934
0.9957327735267589
0.9956853121655457
0.9956220272824999
0.9955858770654376
0.9955678007323926
0.9955135715551349
0.9954412619509735
0.9954069096613566
0.9953897324051829
0.9953382004822553
0.9952694875427468
0.9952357645981137
0.9952189020306766
0.9951683141699526
0.9951008601882618
0.9950627382444952
0.9950436759070447
0.9949864887015327
0.9949102345673299
0.9948665336262611
0.9948446813452527
0.9947791242483557
0.9946917088268219
0.994647280007536
0.9946250637180704
0.9945584145966221
0.994469542945715
0.9944263895437004
0.994404811073242
0.9943400754101888
0.9942537554423746
0.9942030899545157
0.9941777548010788
0.9941017489979267
0.9940003999319099
0.9939531154557614
0.9939294710960128
0.993858537708854
0.9937639529619604
0.9937030350539297
0.9936725726192606
0.9935811848068309
0.9934593230162168
0.9933757730288779
0.9933339915190343
0.9932086461136539
0.993041497084427
0.9929569010837367
0.9929145963075166
0.9927876810447316
0.9926184383865957
0.9925918944700522
0.9925557917182365
0.9924474827989432
0.99230305468139
0.9922853286204762
0.9922529894634291
0.9921559714350774
0.9920266011924717
0.9919600162868834
0.9919267197072615
0.9918268293840844
0.9916936285446265
0.9916272320716054
0.9915940296976807
0.9914944220068329
0.9913615980477917
0.9912876647532973
0.9912506929617505
0.9911397768840342
0.9909918717389543
0.9909214190551168
0.9908861880156689
0.9907804942626496
0.9906395537660144
0.9905631543066583
0.9905249490675151
0.990410332587195
0.990257492511604
0.9901790663382071
0.9901398474851801
0.9900221900928238
0.9898652947473258
0.9897635314802002
0.989712640248318
0.9895599652250459
0.9893563661706967
0.9892335630931476
0.989172147365491
0.9889878982328221
0.988742185684776
0.988710454704688
0.9886526718767497
0.9884793215952511
0.9882481469224651
0.9881245126158269
0.9880626813412766
0.987877185545787
0.9876298101313148
0.9875820340361977
0.9875182791521531
0.9873270124202573
0.9870719393405983
0.986953918709507
0.9868948952326629
0.9867178229633015
0.986481683488455
0.9863639477984367
0.9863050670243503
0.9861284228222386
0.9858928546027
0.9857645788669256
0.9857004257864695
0.9855079643100183
0.985251298311881
0.98509507558946
0.9850169416195664
0.9847825365046772
0.9844699204042525
0.9842476543142331
0.9841364752907029
0.9838029316828489
0.9833580541576598
0.9832778938135797
0.9829317331372167
0.9827629668069006
0.9825060796161704
0.9823493114324674
0.9822709046645142
0.9820356809523535
0.981721973665367
0.9815170029781964
0.9814144788909399
0.9811069008092798
0.9806966679685221
0.980464737882327
0.9803487235157243
0.980000672925644
0.9795364403840647
0.9792816199368296
0.9791541501533424
0.9787717316524891
0.9782616413443582
0.9779696156493632
0.977823524799593
0.97738524009177
0.9768006011921837
0.9767844456263012
0.9766680392525007
0.9763188124324892
0.9758530108255752
0.9756111857487225
0.9754902198500551
0.9751273136538713
0.9746432602388371
0.9742981612205206
0.9741255034624214
0.9736075132359863
0.972916494014759
0.9728595077963862
0.9726353601378871
0.9719628883326347
0.9710656455377495
0.9706241092786063
0.9704031644432956
0.969740301017729
0.9688558902721834
0.968687043842874
0.9680931987504233
0.9678184219535083
0.9676809655810135
0.9672685849974496
0.9667185158443135
0.9664415298173195
0.9663029682384172
0.9658872717181398
0.9653327774903748
0.96497022155317
0.9647888261848058
0.9642446195494014
0.9635186139319095
0.9631530167232012
0.9629700992629309
0.9624213258513548
0.9616892239960703
0.961309898916885
0.9611201083659763
0.9605507138280514
0.9597910876994001
0.9592932274200192
0.9590440781976171
0.9582965905947941
0.95729919734761
0.9566602476904588
0.9563404146866132
0.9553808493828536
0.9541001983776223
0.9532559896194529
0.9528332602039277
0.9515649544135162
0.9498717389668172
0.9492584492766741
0.9480557132957033
0.9477913355197133
0.9474013016892752
0.9462310932788922
0.9446690161406823
0.9442008229702357
0.9430701148438194
0.9424561124268076
0.942148789400283
0.9412267507932695
0.9399962516937846
0.939196033331559
0.9387953804398583
0.9375933017709106
0.9359886403384625
0.9359243541874138
0.9350139931804001
0.9337991012884357
0.9330410022649771
0.9326614718248026
0.9315227670523776
0.9300028090878366
0.9290656338767305
0.9285963153315923
0.927188181880466
0.9253081083333126
0.9244342109027591
0.923996632710425
0.9226837371991414
0.9209309908966815
0.9198245694847529
0.9192703608058859
0.917607469213726
0.9153867344468535
0.9139177974767175
0.913181591259446
0.9109724873682904
0.9080207777522286
0.9076252513843919
0.9058194407204293
0.9034075507931648
0.9031348861180847
0.9013737348445431
0.8990216111698528
0.8978416300277293
0.8972505543937798
0.8954769680339129
0.8931082155074381
0.8919915840072309
0.8914323039756843
0.8897541261460892
0.8875130178588904
0.8862583642316191
0.8856298388589069
0.8837438187366006
0.8812246562008853
0.8800850124922133
0.879514207218665
0.8778014054745088
0.8755139903818261
0.8742622747811805
0.8736352455707516
0.8717536720458683
0.8692404610763415
0.8676521905399752
0.8668561869432024
0.8644673575773186
0.8612750479827675
0.8608996451934231
0.860155073565583
0.857920602772251
0.854934981630664
0.8535686651522053
0.852884132818012
0.8508298588992023
0.8480854468056824
0.8467269951958692
0.8460464176268889
0.8440039807284369
0.8412753635950005
0.8399617224903908
0.8393036366388851
0.837328687139509
0.8346903410056312
0.8332519368111473
0.8325312137579662
0.8303681743637203
0.8274779285274652
0.8257391581981008
0.824867533025106
0.8222513173894616
0.8187537466679199
0.8180732723083903
0.8157193720536476
0.8125731832499745
0.8110750606785408
0.8103242788820387
0.8080708315635606
0.805059031766089
0.8036323739971573
0.8029174513841931
0.8007716336375799
0.7979038250630551
0.7962582501017229
0.7954332959746996
0.7929569672805953
0.7896459200397474
0.7881199113222348
0.7873549700950232
0.7850588203682418
0.7819890189540846
0.7803369211593036
0.7795085300581148
0.7770217265518489
0.7736958780965335
0.7721602976066839
0.7713903904181334
0.7690791942669566
0.7659885040309588
0.7643750746314842
0.7635659325085474
0.7611368063705704
0.7578874755612905
0.7562783224294429
0.7554712159394237
0.7530481337442951
0.7498064419041934
0.7482188653946753
0.7474224986796264
0.7450316151372305
0.741832672021599
0.74021590224743
0.7394047215053913
0.7369692612858362
0.7337099572878202
0.7320737573072015
0.7312526606796562
0.7287873384484584
0.7254873939125964
0.7238360776083625
0.7230072303027006
0.7205185522513553
0.7171866897228643
0.715525072521416
0.7146908988264336
0.7121861521905423
0.7088321695871013
0.7071229043677687
0.7062645758744567
0.7036871731771905
0.7002349480637101
0.6985277567499423
0.6976703441313322
0.6950956391715983
0.6916465805785302
0.6899235534589655
0.6890580429483572
0.6864589483253322
0.6829766632317958
0.6812367688437685
0.6803626573062959
0.6777376655947571
0.6742201982289078
0.6724769634140076
0.6716011052293221
0.6689708274298186
0.6654460393547297
0.6636616755862438
0.6627650275482448
0.660072221864474
0.6564631252443148
0.6546707874831384
0.6537701267906593
0.651065235881621
0.6474399343222494
0.6456357015029374
0.6447291009589454
0.6420063378189277
0.6383572070655354
0.6365363877163267
0.6356215344575141
0.6328739516506384
0.6291918253687867
0.6273713375851102
0.6264568323173139
0.6237102929796409
0.6200302105129858
0.6181912513163048
0.6172676719412101
0.6144938527321621
0.6107778900195294
0.6089256352498031
0.6079956646857698
0.6052026342403165
0.6014618926803093
0.5996038905612612
0.5986714084588176
0.5958708315905851
0.5921212378077
0.5902511474210509
0.5893130362893759
0.5864955388840115
0.5827247271258416
0.5808549534864601
0.5799175306942457
0.5771021019414047
0.5733358078430435
0.5714640372931589
0.570526209147634
0.5677095546456985
0.563943557220714
0.562071088320222
0.5611335757698446
0.5583178542341077
0.5545552471200919
0.552687031021483
0.5517523808961744
0.5489452378625457
0.5451964371712205
0.5433351568488703
0.5424047692504623
0.5396104002158452
0.5358811661191565
0.5340306688162333
0.5331065162448849
0.5303308352791778
0.526629188980994
0.5247937554523218
0.523878013992267
0.5211275452513593
0.5174622770246288
0.51564193923794
0.5147346600265921
0.5120095366822645
0.5083808940144705
0.5065838663678309
0.5056891576902045
0.5030017102280033
0.4994261258353365
0.49765411757987116
0.4967728412828293
0.4941256378779034
0.490606520634155
0.4888632181717101
0.48799720749826925
0.4853957363665314
0.4819403424236874
0.4802274847963053
0.4793776032820522
0.476824435572279
0.47343613653896094
0.47175907580818477
0.4709279597433262
0.46843099845548086
0.46512018594183036
0.4634789594998367
0.4626666253951423
0.46022589278060994
0.4569925469925948
0.4553919959380331
0.4546008166560113
0.4522234235957532
0.4490768571002102
0.44751865286579356
0.4467494449709293
0.4444378197956028
0.44138117825809875
0.4398675624243416
0.43912142428111456
0.4368788423068976
0.43391639280619587
0.43244980805062805
0.4317279383865368
0.4295579760668347
0.42669438719763675
0.4252757330089971
0.4245785877243066
0.42248258220889673
0.4197196131046871
0.4183511062056667
0.4176797869366497
0.4156610169117192
0.41300297805267583
0.4116863299608638
0.41104169983163485
0.40910272176514684
0.40655299431406633
0.4052888173545551
0.40467122150851914
0.4028130239034551
0.4003729755942102
0.3991655969554968
0.3985771599077912
0.39680609451272364
0.3944840283783659
0.3933345386748808
0.3927758369742222
0.3910935811660908
0.388891745962619
0.38779842817412874
0.3872687299593738
0.3856729930636458
0.38358858126053064
0.3825566572977056
0.3820585087171811
0.38055689971038903
0.37859978768723146
0.3776299334017287
0.3771637385191138
0.37575738087600125
0.37392912643729626
0.3730230623610334
0.3725897232352381
0.3712812336489314
0.3695853020875868
0.3687455014005938
0.36834626615264854
0.3671393012135438
0.36558045023961155
0.36480842588520845
0.36444410643954345
0.36334098279153837
0.3619222732099187
0.36121987070736544
0.36089144020192243
0.3598949455465036
0.35862002860403874
0.3579892775444991
0.35769780005847046
0.35681097918875543
0.3556838198002739
0.35512690619471965
0.3548735213711512
0.3540996295678982
0.3531244386308991
0.35264332481812777
0.3524290918845253
0.35177110630194525
0.35095176264641825
0.35054865836277016
0.3503747600536302
0.3498360045967458
0.3491768092779164
0.3488539589085229
0.3487216173254627
0.3483054938928308
0.3478108545813914
0.34757061025337216
0.34748112620360705
0.3471912248502276
0.3468657976778425
0.3467106813590664
0.3466654678542092
0.3465056582710238
0.3463544616528508
0.3462871947254433
0.34628780650937496
0.34626230641430505
0.3462908234087825
0.34631442920909566
0.34636262895865183
0.3464761770266992
0.34669058792606733
0.34680856252920855
0.3469064386272062
0.3471646000413514
0.34757220767432545
0.3477888692034998
0.34793906492311055
0.34834883623570867
0.3489588980368449
0.34928014067880025
0.34948635430094177
0.35005748624354843
0.3508830498975836
0.3513181915321493
0.3515863996049714
0.3523346395039323
0.3533970431052475
0.35396440656255745
0.35430661012622844
0.3552636031629689
0.3566062606293835
0.35735875025389136
0.357810640638402
0.3590702335299661
0.3608233543752879
0.3618524476584668
0.36247584315939424
0.364197716143505
0.3665769651200685
0.36750182626074845
0.36942377079463107
0.3698391772620884
0.37111681405653063
0.37284839721248003
0.37310337314353786
0.3735231603130938
0.37472050193244094
0.3763357422484326
0.37705683571067816
0.37744880711676276
0.3785713467181607
0.3800799971359437
0.3807631665442669
0.3811313631443524
0.38218893098067014
0.3836062805431346
0.3842522175359213
0.38459797338625645
0.38559346153131285
0.38692469486652264
0.38752966177783277
0.3878515205021613
0.3887803334322749
0.3900202786740353
0.3905803468329053
0.3908766526593315
0.39173374194456173
0.39287647216779614
0.393387169146813
0.3936558988466936
0.3944352285669323
0.39547337620720807
0.39562860609328765
0.395867552393336
0.396562597208536
0.39748808592606477
0.3975060192002781
0.3977094573101877
0.39830353979815153
0.39909453390499655
0.3995181174089324
0.3997393019393649
0.4003834196640627
0.4012405200711541
0.40169900440448153
0.4019394043595473
0.40263729563609113
0.40356539139087205
0.4040590646148537
0.4043191102434954
0.4050714980663053
0.40607154628253983
0.40661404337169305
0.40690174153638425
0.40773031500814844
0.40883109994897326
0.40945058308575183
0.4097826860865978
0.410732454495039
0.4119936299697174
0.41272780941142917
0.4131279976995026
0.41426071469742115
0.4157640912560417
0.4166622646498855
0.41716407783919923
0.41856374337309543
0.42042041339859326
0.4214503461177849
0.42203840901682765
0.4236582004235406
0.42580687723490573
0.4270379880610914
0.42776410874217957
0.4297285239769714
0.43233069840332994
0.43390953879482697
0.434891332713319
0.43747136549983734
0.44087029875612005
0.442868330885259
0.4441861163510137
0.4475355249821735
0.45190130935822304
0.45539771407664476
0.45836114488850754
0.465117258958367
0.4733282423103985
0.4739085390102985
0.47956320368234767
0.48226712738283684
0.48418421530117384
0.48878103930807626
0.494581526240188
0.49795842981650357
0.5007229284936068
0.5069604567369512
0.5144563723590712
0.518321834564721
0.5216526329637675
0.5288403463763031
0.53708328197629
0.5409587376708015
0.544231149054188
0.5511452719820826
0.5589334111647484
0.5625755954517458
0.5657510570871014
0.5723047461707318
0.5795608210258912
0.5829434169063112
0.5860200060821662
0.5922067635952851
0.598936119356829
0.6020621423535027
0.6050452741334925
0.6108819896073324
0.6171170511642541
0.620003172610333
0.6229028689595129
0.62842089591525
0.6342092985560123
0.6368792739445107
0.6397076913228266
0.6449447524620332
0.6503393158685573
0.6528188220571817
0.6555882332926442
0.6605822175332551
0.6656338308380768
0.6679471182900905
0.6706686490871921
0.6754538646295652
0.680207498297338
0.6823756684118539
0.685058698709934
0.6896641599657621
0.6941572846660511
0.6961977097090827
0.6988497317580643
0.7032988028223647
0.7075613349310599
0.7094877559816569
0.7121144948830271
0.7164252956240528
0.7204803544714596
0.7223033152528129
0.7249089719131377
0.7290951297832826
0.7329601261831321
0.7346875267173075
0.7372750565614581
0.7413465505775046
0.7450343249255847
0.7466719747778031
0.7492433552846993
0.7532073170355665
0.7567271834839508
0.7582792969646236
0.760835762602348
0.7646971741027992
0.7680558122641963
0.7695254247075115
0.7720676625720436
0.7758299335317063
0.7790321162384218
0.7804214199903455
0.7829497270840484
0.786615156032621
0.7896643248262775
0.7909749326707824
0.7934893391484241
0.7970594723924541
0.7999581817489417
0.801191328784975
0.803691692557718
0.8071675977436109
0.8099178510296311
0.8110745463195115
0.8135606242736972
0.8169430947867181
0.819546593422819
0.8206277316877574
0.82309923212621
0.8263889365795659
0.8288472609885249
0.829853703133043
0.8323103231710799
0.835507911790312
0.8378226495460906
0.8387552792540773
0.8411967299894824
0.8443029072918284
0.8464757409584598
0.8473341838543571
0.8497632565330027
0.8527819117114325
0.854814632686732
0.85560433825999
0.8580145122971551
0.8609401583186059
0.8628347777037988
0.8635520440522793
0.8659461390192646
0.868782958528581
0.8705418004835509
0.8711895547679886
0.8735675085197155
0.87631681332332
0.8779423382773796
0.8785219425443057
0.8808837183441314
0.8835469453926559
0.8850418150976073
0.8855547091112909
0.8879003295844536
0.8904790693307182
0.8918461339791646
0.8922938479598126
0.8946233931081494
0.897119379151
0.8983616606340153
0.8987458063739832
0.9010594101300157
0.9034745058858868
0.9045951782100493
0.9049174387913507
0.9072152849092376
0.909551468699318
0.9105538368588721
0.9108159557273118
0.9130982732478459
0.9153576225820305
0.91624510070817
0.9164488705240661
0.9187159291145608
0.9209006048209188
0.9216766942769179
0.9218239460225043
0.9240760511525005
0.9261882815716519
0.9268565496764647
0.926949141931735
0.9291866302049818
0.9312286959668776
0.9317927555790038
0.9318325644217921
0.9340557989738193
0.9360300185061784
0.9364935086801025
0.936482418286301
0.9386917843380073
0.9406005001429198
0.9409670682134029
0.9409069618472023
0.943102862833731
0.9449484290409127
0.945221714122535
0.9451144664939364
0.9472973197634247
0.9490820902121954
0.949265708261412
0.9491131778512412
0.9512834114653927
0.9530097294463546
0.9531072596970555
0.9529112822876544
0.9550693319013404
0.9567395208207304
0.9567544937200184
0.9565168772375722
0.95866318248317
0.9602795370253849
0.9602154239094367
0.959937942470434
0.9620729451717038
0.963637724431969
0.9634979283016079
0.9631823187111115
0.9653064597122424
0.966821880518018
0.9666097280972802
0.9662576860629533
0.9683714033041001
0.9698396344155986
0.9695583706582254
0.9691715469556582
0.9712752737174669
0.972698432218938
0.972351212221819
0.9719312110236997
0.9740253756992726
0.9754055225955686
0.9749954108361752
0.9745437887006134
0.9766288094640156
0.9779679461526499
0.9774979094129357
0.9770161718534266
0.9790924603602699
0.9803925269959505
0.9798654362036268
0.9793550380169984
0.9814229941102374
0.9826858669743583
0.9821044919633026
0.981566835050009
0.9836268501697679
0.9848543411039522
0.9842213531908658
0.9836577863843439
0.9857102400097603
0.9869040965821573
0.9862220616407762
0.9856338842980351
0.9876791449029518
0.9888410493266532
0.9881124343191284
0.9875008958275941
0.9895393160545766
0.9906708810675163
0.9898980595504038
0.9892643518186379
0.9912962744324048
0.9923990538552873
0.991584287063935
0.9909295578067543
0.992955315558307
0.9940307947621168
0.9931762588705638
0.9925016021807573
0.9945215117427563
0.995571111700513
0.9946788888926028
0.9939853442976615
0.9959997149894295
0.9970247964515953
0.9960968694034636
0.9953854447940564
0.9973945601514782
0.9983964287231497
0.9974346798212759
0.996706345329268
0.9987104770171744
0.9996903581425437
0.998696619890842
0.9996702490785291
0.9998157831336059
0.9999127212693122
0.9999999996290068