20000.
19997.098478896
19995.647876092
19991.296699233
19985.496603496
19985.467079775
19984.346792631
19983.83767801
19983.583125544
19982.819487639
19981.80134926
19981.747954366
19981.047922693
19981.014313333
19980.861357217
19980.40249592
19979.790697309
19979.504523814
19979.361438593
19978.932189101
19978.359870846
19978.024701858
19977.857119461
19977.354380727
19976.684082161
19976.308637453
19976.12091773
19975.557769175
19974.806929206
19974.359789887
19974.136223965
19973.465541245
19972.571332737
19972.161626951
19971.956777195
19971.342240562
19970.52288788
19969.970704378
19969.694618331
19968.866383135
19967.762123083
19967.566728743
19967.28590885
19966.443472911
19965.320280393
19965.204151776
19964.959901785
19964.227169778
19963.250235697
19962.659063713
19962.363484264
19961.47677222
19960.294550881
19959.717595532
19959.42912409
19958.563734822
19957.409940945
19956.727331322
19956.38603524
19955.362182066
19953.997126346
19953.311553121
19952.968775316
19951.940477284
19950.569495812
19949.861685072
19949.507789093
19948.446138874
19947.030693275
19946.297960227
19945.931603769
19944.832574822
19943.367297238
19942.692882447
19942.355683579
19941.344121233
19939.995451388
19939.750602897
19939.424378469
19938.445737259
19937.140957157
19936.352865411
19935.958831191
19934.776775317
19933.200809998
19932.198037676
19931.696670395
19930.192644293
19928.187452899
19927.245810447
19926.775005872
19925.362658954
19923.479685631
19922.539891037
19922.070010328
19920.660434766
19918.78115601
19917.917862232
19917.486229342
19916.191386858
19914.465061326
19913.476128028
19912.981679759
19911.498408685
19909.520885982
19908.600895679
19908.140916436
19906.761042539
19904.921359634
19903.880350877
19903.359866876
19901.798496614
19899.716860336
19898.358533477
19897.679404766
19895.642157803
19892.926153251
19891.304417671
19890.4935994
19888.061343007
19884.818797455
19884.339612708
19883.490804802
19880.944598605
19877.55016454
19875.567806035
19872.795586618
19871.402853098
19870.706522889
19868.617678767
19865.832895117
19865.457365147
19864.849531472
19863.026142125
19860.595216918
19859.228596489
19858.545321488
19856.495637635
19853.763055188
19852.311296955
19851.585457593
19849.408098841
19846.505325616
19844.68627449
19843.776811383
19841.04867227
19837.411737241
19836.800192828
19836.018920427
19833.675287956
19830.550875702
19828.72656046
19827.814465707
19825.078433309
19821.430977756
19819.474216571
19818.495908346
19815.561273549
19811.649103494
19809.627948059
19808.61744759
19805.586255603
19801.545388212
19799.479341404
19798.446398762
19795.347894311
19791.217309765
19789.165283799
19788.139350527
19785.061869978
19780.959307484
19779.109801313
19778.185113008
19775.4113076
19771.713505881
19769.950134739
19769.068508079
19766.423864116
19762.898222851
19760.983953479
19760.026888255
19757.155970833
19753.328730149
19750.828538726
19749.578561592
19745.829105005
19740.830937326
19737.701073462
19736.136327506
19731.442834122
19725.186579783
19722.132223695
19720.605222899
19716.024930077
19709.919528368
19707.055401619
19705.623494216
19701.32839644
19695.603056207
19692.550607178
19691.024559957
19686.447128037
19680.34554128
19677.20094401
19675.628833684
19670.913256521
19664.627578914
19661.662259271
19660.179767026
19655.732961161
19649.80545179
19646.402878968
19644.701813383
19639.599500543
19632.798478829
19629.541651042
19627.913439632
19623.029615932
19616.519741896
19613.33759914
19611.746721224
19606.974861907
19600.614189511
19596.978054874
19595.160240382
19589.707808835
19582.440260784
19578.870328509
19577.085606298
19571.732415999
19564.59710657
19560.761864409
19558.844525127
19553.093635116
19545.428412787
19541.507530032
19539.547383472
19533.668123702
19525.831863158
19520.752115852
19518.212737603
19510.596585087
19500.446338798
19498.611500204
19496.252017214
19489.175281553
19479.743630549
19475.164461158
19472.875279972
19466.009351103
19456.858545811
19452.331901397
19450.068973959
19443.281771363
19434.235852882
19429.86107397
19427.674053661
19421.114469975
19412.371804355
19407.530260634
19405.109941426
19397.850795047
19388.176158154
19383.066498561
19380.512173581
19372.851218518
19362.641323281
19356.24554584
19353.048449159
19343.460327654
19330.683555808
19323.738493051
19320.266897169
19309.855851718
19295.983185561
19289.271479734
19285.916502069
19275.85507035
19262.447994078
19255.896760647
19252.621979272
19242.800976839
19229.714100834
19222.947272635
19219.56475129
19209.420758523
19195.903764055
19189.470238235
19186.254283706
19176.609654
19163.757690231
19155.260264633
19151.012964567
19138.276714696
19121.308224711
19111.078740927
19105.966051045
19090.636187326
19070.215502798
19066.986175123
19054.674143636
19038.270469354
19029.291727809
19024.80394477
19011.346945593
18993.41908746
18982.934357139
18977.694162202
18961.982255837
18941.053282409
18930.433959769
18925.126530912
18909.213171564
18888.016173976
18877.258884344
18871.882536821
18855.762680586
18834.290957715
18824.630951972
18819.802806862
18805.32580092
18786.040449959
18772.901550666
18766.335546922
18746.651312595
18720.437783284
18706.990347383
18700.270251747
18680.124446697
18653.297132264
18639.372831041
18632.414578222
18611.555402411
18583.779491656
18571.187191092
18564.894240389
18546.028180735
18520.90325694
18508.347611534
18502.072980608
18483.261849094
18458.210090083
18446.140453407
18440.108594522
18422.024850635
18397.940778141
18385.027011541
18378.57352729
18359.226664068
18333.462525997
18319.512073318
18312.5408277
18291.643004733
18263.816335853
18248.018735876
18240.12506019
18216.46451614
18184.964863038
18164.976514602
18154.990580114
18125.06570381
18085.242586695
18064.679814759
18054.407197076
18023.624381883
17982.662259888
17959.332416675
17947.678846787
17912.763490306
17866.315323326
17860.393864687
17849.417157153
17816.527496235
17772.768871516
17752.319476386
17742.103603175
17711.491244918
17670.756918093
17647.231416395
17635.480412302
17600.274329745
17553.442195287
17526.556025795
17513.128386821
17472.907164364
17419.422528292
17388.010481698
17372.325705357
17325.356217914
17262.927723366
17217.551721828
17194.908465935
17127.157217468
17037.237306657
17001.196930258
16974.292873743
16960.856814373
16920.612416746
16867.101727812
16836.645651744
16821.438241164
16775.89837706
16715.370287666
16677.662643281
16658.84073047
16602.502350064
16527.680785897
16513.340250221
16495.819878178
16443.370218673
16373.696670667
16338.382151769
16320.753463447
16267.981444399
16197.884095543
16159.899163444
16140.940112836
16084.19631783
16008.84811902
15969.632789685
15950.061161534
15891.490078816
15813.729745035
15772.343963789
15751.69170556
15689.897044364
15607.881109625
15591.186028275
15570.122486319
15507.1024497
15423.472344871
15380.145892424
15358.528327005
15293.857770611
15208.053765601
15163.393397263
15141.112417085
15074.465724559
14986.059589492
14937.104701068
14912.68725799
14839.674160281
14742.879142344
14696.518153116
14673.392356131
14604.233078095
14512.527506677
14466.647264069
14443.76156233
14375.32145751
14284.572187383
14206.465230773
14167.57205192
14051.53022529
13898.284950328
13826.359255681
13790.53611114
13683.622613319
13542.359530688
13465.919910778
13427.86204883
13314.332616396
13164.451772985
13137.633785237
13046.074251294
12924.986718006
12919.38642222
12852.282264522
12763.351928645
12715.373985783
12691.45268662
12619.958471505
12525.258960897
12480.750693331
12458.555902797
12392.208070722
12304.293608902
12215.217254942
12170.921191268
12038.994464247
11865.313970319
11862.395495582
11743.409342034
11586.615627301
11514.122210628
11478.045764657
11370.493232305
11228.655920286
11160.241395769
11126.190604882
11024.660320433
10890.726377392
10823.002941978
10789.299311367
10688.816851731
10556.294446341
10486.895776446
10452.367715846
10349.464144128
10213.833579721
10152.43317506
10121.871525024
10030.73746693
9910.5005205305
9852.704436065
9823.932910576
9738.1214633478
9624.8710569019
9550.3826008216
9513.3548290748
9403.1306569018
9258.1491234399
9189.1142649073
9154.7901121834
9052.5850124772
8918.0842878603
8856.686458825
8826.1462376982
8735.1559925574
8615.2931671308
8553.7921692965
8523.2065007843
8432.1041252743
8312.147254236
8256.6760805189
8229.0794666252
8146.8418203879
8038.468640226
7974.6031686815
7942.86096197
7848.3904192246
7724.1752322309
7668.1389213647
7640.2733954558
7557.282920477
7448.0295439035
7396.6963484231
7371.1625757812
7295.0889088607
7194.8772483809
7143.5737920662
7118.0594087437
7042.0617332709
6941.9921985822
6889.1186696773
6862.8331117924
6784.5766709352
6681.6211027204
6627.7205719591
6600.9335800007
6521.220443021
6416.4316648152
6368.7309011227
6345.0136633619
6274.3905789588
6181.4477349086
6135.0409949877
6111.9684353719
6043.2700812174
5952.8719312373
5907.1647284823
5884.4428998098
5816.8004689335
5727.8185574435
5683.4173958364
5661.3460522312
5595.6449740299
5509.2280839319
5466.0193763187
5444.5422692373
5380.6159537971
5296.546920166
5254.8658294604
5234.1484476258
5172.485089762
5091.3958451731
5052.7357161616
5033.5158731282
4976.2938917927
4901.0085487896
4863.9980467917
4845.5977350312
4790.8133960587
4718.7299036607
4683.0577457606
4665.3229197534
4612.5204006042
4543.0455136574
4508.9208005694
4491.954685306
4441.4384214695
4374.9660190215
4341.7944084452
4325.3030383978
4276.203813386
4211.6040891196
4179.8588190397
4164.0760267213
4117.0843197515
4055.25259547
4024.909300797
4009.8228998307
3964.9021385172
3905.7896264386
3876.4956149226
3861.9311024281
3818.5650704134
3761.5002491907
3733.7126347049
3719.8959005545
3678.7517198596
3624.5998454749
3597.8993144339
3584.6228970506
3545.0868680307
3493.0496448956
3467.4676906683
3454.747056305
3416.8644698449
3366.9997433257
3342.4199424266
3330.1974122927
3293.7973419288
3245.882065791
3222.3658887072
3210.6717665179
3175.843417405
3129.9926130715
3107.4816527895
3096.2869569908
3062.9442638279
3019.0452033821
2997.4774892366
2986.751479328
2954.803190517
2912.7364392332
2892.0775479409
2881.8031136713
2851.1983007127
2810.8968823151
2791.1159682478
2781.2777728989
2751.9707672985
2713.3745792636
2694.4290299262
2685.0059186313
2656.93385579
2619.9604616389
2601.8155188574
2592.7902259385
2565.9017585008
2530.4837321426
2513.1029898306
2504.4574370686
2478.6988252151
2444.7656544319
2428.1142425207
2419.831114428
2395.1508856232
2362.6350330657
2346.6783905737
2338.7405270229
2315.087678033
2283.922239463
2268.6266569005
2261.0173213712
2238.342111307
2208.4618460846
2193.795531365
2186.498938413
2164.7544494179
2136.0978114209
2122.029765331
2115.0305238267
2094.1710125826
2066.6780023862
2053.1782827364
2046.4615265024
2026.4428104518
2000.0554771961
1987.0954570989
1980.6469726882
1961.4268079796
1936.0897408865
1923.641826209
1917.4479129275
1898.9855796181
1874.6453667539
1862.6831348939
1856.7306734488
1838.9871785164
1815.5926707198
1804.090843331
1798.3672822717
1781.3053192505
1758.807577028
1747.741999522
1742.2353450487
1725.8192636775
1704.1715172473
1693.5191412413
1688.2179484812
1672.4137287413
1651.5713438894
1641.310198472
1636.2035572261
1620.9787670297
1600.8991897251
1591.0083521452
1586.0858723562
1571.4096244373
1552.0523244678
1542.5118779683
1537.7636688257
1523.6065588002
1504.9329488962
1495.7239358186
1491.1405825254
1477.4746200386
1459.4479660169
1450.5523234077
1446.1248552819
1432.9233694927
1415.5086669473
1406.909154643
1402.6290094957
1389.8665435385
1373.0303801805
1364.7104963614
1360.5694786704
1348.2216657479
1331.9320598088
1323.8908381132
1319.8884504356
1307.9537419075
1292.2084993983
1284.3536258199
1280.4441120345
1268.7868287565
1253.408708207
1245.8301252316
1242.0580344359
1230.8101505961
1215.9712613968
1208.613283996
1204.9510083777
1194.030631055
1179.6239282743
1172.4739580651
1168.9152407519
1158.303767253
1144.3048349406
1137.3457547335
1133.8821010906
1123.5543011931
1109.9300843186
1103.1444361578
1099.767184444
1089.6973395604
1076.4141616926
1069.7919247978
1066.4960996232
1056.6694224117
1043.7078874109
1037.2355603897
1034.0144635041
1024.4110671502
1011.7451387462
1005.4022101618
1002.2456733866
992.83540029357
980.42566795538
974.19906996741
971.10061569492
961.86425613449
949.68562080195
943.55886590878
940.51032640273
931.42367820964
919.44456348154
913.39937940057
910.39170826229
901.42798749538
889.61349893988
883.62953240482
880.65266001493
871.78208122467
860.09347856739
854.14792342907
851.19057584879
842.37982785382
830.77386950315
824.84013671368
821.88918201541
813.09951156499
801.52600163293
795.57019635989
792.60890977716
783.79102184866
772.18625052262
766.16170168255
763.16707620938
754.25324630654
742.5298854153
736.36399557931
733.30027742657
724.18539298675
712.20821161993
705.76279937793
702.5619999974
693.04643752656
680.55919916381
673.4516687895
669.9257877246
659.45851824478
645.75612246651
636.94587103718
632.58592339718
619.68433059806
602.89058808493
596.15009214544
583.75240375563
582.19519139785
579.48886256602
571.44512488429
560.89355642071
556.04107661099
553.63060196641
546.46169478151
537.04734596858
532.58550519989
530.36850498455
523.7727235617
515.10576945922
510.93407838662
508.86091933941
502.69177823964
494.58244235144
490.65917920067
488.70923340158
482.90576931205
475.27487986648
471.57233359858
469.73189092896
464.25354821547
457.04835091299
453.54910557662
451.80954220788
446.63078210943
439.81798975605
436.51468719968
434.87235116308
429.98232498629
423.54771908875
420.44675610627
418.90479869112
414.31277388058
408.26828222495
405.40221119321
403.97672942727
399.73028771516
394.13771991563
391.61397927956
390.3581753521
386.6148743562
381.67958550165
378.82889579088
377.41154501195
373.19123086213
367.63746528629
364.47747085603
362.90767370479
358.2387326364
352.1067831906
348.6131456161
346.87934735551
341.72951890181
334.98181528055
331.01538232973
329.04981268485
323.22285655195
315.61377764518
310.46193243459
307.91763155143
300.40915364231
290.68188559022
285.95952720402
283.62719563858
276.74371914323
267.82491604476
266.34839722222
264.4120289709
258.68698092006
251.24594333481
249.90476356577
248.27859303271
243.46329721064
237.18786475259
234.33317561137
232.9187410678
228.72645696776
223.25388678802
220.12827180826
218.5819124929
214.00770735257
208.05732300724
204.71395560103
203.06247334469
198.18753545833
191.86918272354
188.30117547695
186.54213093623
181.36297929809
174.68043051017
170.84109561122
168.95318946429
163.41372726636
156.309266785
152.02418113145
149.92589351456
143.80320507202
136.02679365585
131.7105441248
129.60405349537
123.48457411213
115.77235714027
112.10468539517
110.3146542094
105.11423654089
98.559687885757
95.448011068907
93.929208839611
89.516276507104
83.953177519542
81.310761240498
80.02090722936
76.272819957522
71.547025474907
69.301663511721
68.205547159458
65.020126727039
61.00310866298
59.094077849477
58.162083561545
55.453370137398
52.036961965651
50.412814779454
49.619850663055
47.315013921242
44.407569147409
43.024603687455
42.349356639867
40.386538651943
37.910227544868
36.731418398922
36.155831404933
34.482624590813
32.37150806845
31.365680883073
30.8745483251
29.446812680562
27.645335881413
26.786386011213
26.366971431398
25.147720593678
23.609301204521
22.875383729564
22.517025260944
21.475283076355
20.160876508875
19.533630831067
19.227364446997
18.337076932886
17.213819372651
16.677714709825
16.415956380798
15.65507445282
14.695140318724
14.236967961931
14.013266856101
13.363033201534
12.542744922026
12.151231797354
11.960082150387
11.40448649265
10.703631965218
10.369138951399
10.205832984784
9.731185381913
9.1324814965845
8.8467593778697
8.707268198324
8.3018530621606
7.7905097009623
7.5464963883387
7.4273709709786
7.081159212692
6.6445160206583
6.4361653797859
6.3344529606779
6.0388588403261
5.6660782004775
5.4882143445505
5.4013872418674
5.1490613267833
4.8308668487609
4.679086023552
4.6049933805143
4.3896809203135
4.1181757767792
3.9886318750466
3.9253961572795
3.7416409174345
3.5099445859171
3.3994239582495
3.345475592896
3.1887132884005
2.9910633781527
2.8967907165766
2.8507745417883
2.7170656253789
2.5484912055316
2.4680928490816
2.4288498647233
2.3148252003231
2.1710754311525
2.1025219578874
2.0690612789406
1.97184055173
1.8492816090433
1.7908383180473
1.762312986579
1.679434353036
1.5749605857653
1.5251450411853
1.5008312886627
1.4301910647082
1.3411488357042
1.2986944750329
1.2779739473703
1.2177749155631
1.1418973316259
1.1057222786839
1.0880668040039
1.0367739175725
0.9721249038887
0.9413052490691
0.92626378782298
0.88256622292067
0.82749261647039
0.80123952828212
0.78842699499911
0.75120564712081
0.70429616664402
0.68193629131456
0.67102398252574
0.63932363464402
0.59937375084412
0.58033243205377
0.57103983175915
0.54404532897257
0.51002719435351
0.49381410996369
0.48590187569024
0.46291773343294
0.43395444793951
0.42015131984652
0.41341528127991
0.39384823823621
0.36919183293097
0.35744191261768
0.3517079375132
0.33505203061444
0.31406463558876
0.3040637129546
0.29918331698975
0.28500711962424
0.26714486261698
0.25863357789307
0.25448017091729
0.24241588161456
0.22721512250261
0.21997239323389
0.21643807008111
0.20617218459963
0.1932377485441
0.18707515499105
0.18406795428985
0.17533329823866
0.16432842562884
0.15908541266378
0.15652697436995
0.14909589507509
0.13973365450128
0.1352734321275
0.13309699620736
0.12677554639679
0.11881149925725
0.11501754407982
0.11316624259869
0.10778921690212
0.10101515779706
0.097788226890626
0.096213626276861
0.091640324909864
0.085878939393397
0.083134517236503
0.081795372041296
0.077905979447721
0.073006278012093
0.07067240326379
0.069533595303331
0.066226097363936
0.062059528208455
0.060074936109011
0.059106567741647
0.056294117133199
0.052751244563584
0.051063783641092
0.050240404944783
0.047849075598081
0.044836749041574
0.04340203225004
0.042701982627922
0.040668856670777
0.038107798856115
0.036888050210602
0.03629289547243
0.034564427789336
0.032387173360219
0.031350247139744
0.030844300792806
0.029374928179612
0.027524070479799
0.026642617466974
0.026212533754463
0.024963492457744
0.023390192836498
0.022640942639501
0.02227536633059
0.021213674835024
0.019876381052078
0.019239540062294
0.018928812568803
0.018026417602182
0.016889787015769
0.016348517420022
0.016084422576572
0.015317460745963
0.014351430125702
0.013891411740101
0.013666961939599
0.013015138353628
0.012194140578859
0.011803193562662
0.011612445657236
0.011058499225116
0.010360789675553
0.010287605076732
0.010251206858797
0.01014278306506
0.0099999997764826