0.99915869226557
0.9991340677194263
0.9991217548698441
0.9990848162233887
0.999035562751229
0.9990294333352402
0.9990237749097207
0.9990225535765762
0.9990171448101822
0.9990145895413841
0.9990133119004069
0.9990094789751982
0.9990043683892683
0.9990014633058055
0.9990000107557028
0.9989956531026896
0.9989898428735232
0.9989869405542384
0.998985489386045
0.9989811358787927
0.998975331177323
0.9989722707914702
0.9989707405891097
0.9989661499790776
0.9989600291379466
0.9989568601385183
0.9989552756287906
0.9989505220964986
0.9989441840238291
0.9989345714496443
0.9989297650744956
0.9989153459304638
0.9988961201204193
0.9988931217864038
0.9988862591897728
0.9988828278459116
0.9988725338039443
0.9988588082692915
0.9988555760505128
0.9988516841495865
0.9988497381841873
0.998843900283757
0.998836116371304
0.9988315728841107
0.9988293011204719
0.9988224858242107
0.9988133986993942
0.9988089574305133
0.9988067367764333
0.9988000748089827
0.9987911921263484
0.9987866442529931
0.9987843702961413
0.9987775484202454
0.9987684525230621
0.9987630723714889
0.9987603822676074
0.9987523119488985
0.9987415514353392
0.9987360042748648
0.9987332306645029
0.9987249098260148
0.9987138152809875
0.9987079687016299
0.9987050453788091
0.9986962754022362
0.998684581995983
0.9986779256691792
0.9986745974630631
0.9986646128347558
0.9986512998611443
0.9986440246369315
0.9986403869737922
0.9986294739727954
0.9986149231415209
0.9986078583896358
0.9986043259652382
0.9985937286810543
0.9985795988153854
0.9985729899683322
0.9985696855024676
0.9985597720950611
0.9985465540839605
0.9985383230195761
0.9985342074220696
0.9985218606153882
0.9985053979963641
0.9984972674644065
0.9984932021343313
0.9984810061301718
0.9984647445879277
0.9984551760285906
0.998450391661323
0.9984360385412023
0.998416900761734
0.9984069389619903
0.998401957965989
0.9983870149581487
0.9983670906408921
0.998365286038943
0.9983610691567032
0.9983484184951245
0.9983315507253224
0.9983204856447511
0.9983149529867668
0.9982983549887909
0.9982762239461748
0.9982631430156176
0.9982566023875068
0.9982369804714051
0.998210817383916
0.9982093655167644
0.9981930302343869
0.998171249490141
0.9981356880118037
0.998117906070975
0.9980645600450081
0.9979934280187306
0.9979726854335802
0.9979600908983692
0.9979537934795998
0.9979349011932408
0.9979097109812783
0.9978970253377039
0.9978906823607985
0.9978716533996403
0.997846280948621
0.9978335195985343
0.9978271387670749
0.9978079962426981
0.9977824723623461
0.9977769458138813
0.9977708799727463
0.9977526824216977
0.997728418559278
0.997716466854103
0.9977104908637545
0.9976925628653015
0.99766865842294
0.99762427657711
0.9976020837835646
0.9975355050969337
0.9974467272334343
0.9974339841615498
0.997423495589183
0.99739202979643
0.9973500740154775
0.9973308909266392
0.9973212990278835
0.9972925232680396
0.9972541544250179
0.9972366510548587
0.9972278990743602
0.997201643079619
0.997166634114936
0.9971479915099574
0.9971386698720313
0.9971107048973045
0.9970734171715753
0.9970553596006083
0.9970463305032229
0.9970192431535757
0.9969831256625542
0.9969643034583191
0.9969548920174238
0.9969266576331817
0.9968890106679273
0.9968672472841493
0.9968563651383582
0.9968237186196103
0.9967801884360589
0.9967586093534063
0.9967478193673307
0.9967154493289597
0.9966722878196635
0.9966480508977446
0.9966359318800067
0.9965995747290654
0.9965510966701109
0.996525030346823
0.9965119965363046
0.9964728949882004
0.9964207574738424
0.9963938169645223
0.9963803460279784
0.9963399330953757
0.9962860469255607
0.9962605284923689
0.9962477686665173
0.996209489076778
0.9961584475951878
0.9961257752679624
0.9961094380986131
0.996060426414702
0.9959950741308902
0.9959634512143799
0.9959476388040746
0.9959002014093151
0.9958369483954264
0.9958073831842376
0.9957925997487656
0.9957482492965274
0.9956891126026425
0.9956551368832817
0.995638147926683
0.9955871808667291
0.9955192211623475
0.995487388680546
0.9954714714849907
0.9954237197285031
0.995360047517824
0.9953284722232305
0.9953126836250987
0.9952653176680605
0.9952021598833365
0.9951680002542437
0.9951509193207975
0.9950996763257376
0.9950313486656519
0.9948949033112521
0.9948266630375117
0.99462193932519
0.9943489153738828
0.9942257032903629
0.9941640829025667
0.9939792194332981
0.9937326862172704
0.9936669807383829
0.9935694369491959
0.9935066640303138
0.9934752738295892
0.9933811026016499
0.9932555284439296
0.993195140865342
0.9931649436044225
0.9930743512399121
0.9929535498383311
0.9928963629942258
0.9928677664600662
0.9927819763278898
0.9926675791212634
0.9926001744208575
0.9925664677660133
0.9924653470773435
0.9923305050630075
0.9922662437270907
0.992234109132649
0.9921377046684768
0.9920091524501904
0.9919117162766582
0.991862989283235
0.9917168067905112
0.9915218667582223
0.9914136604913546
0.9913595463185212
0.9911972019520531
0.9909807054967903
0.9909465074519095
0.9908070199545091
0.9906210093969618
0.9906183915724471
0.9905801223919037
0.9904653138892805
0.9903122175236949
0.9902257662702425
0.9901825336662344
0.9900528346528944
0.9898798789348002
0.9898019023313901
0.9897629082771336
0.9896459250926253
0.9894899284198306
0.9893883273502876
0.9893375171572362
0.9891850848861606
0.9889818094044623
0.9889402031482863
0.9888894154303688
0.988737050595459
0.988533864933985
0.9884275986434253
0.9883744549139813
0.9882150218633597
0.9880024088864482
0.9878986185687244
0.9878467133361721
0.9876909958211323
0.9874833387533622
0.9873844823658576
0.9873350451029266
0.9871867316992914
0.9869889498555015
0.9868906900025703
0.9868415511074348
0.986694132862229
0.9864975444081955
0.986396728588455
0.9863463110421966
0.9861950567115098
0.9859933521108486
0.9858827808864276
0.9858274838020681
0.9856615904937536
0.9854403610803991
0.9853385787645672
0.9852876779959148
0.9851349739509486
0.9849313358885826
0.9848265226811452
0.9847741058094793
0.9846168533131491
0.9844071488729356
0.9842712604186035
0.9842032990452049
0.9839994117993576
0.9837275044453073
0.98358613388874
0.9835154301752932
0.9833033156369744
0.9830204334979538
0.9828732458768807
0.9827996319799766
0.9825787865579396
0.9822842581148277
0.9821193793147303
0.9820369147701752
0.9817895164394284
0.981459567063109
0.9812390790417991
0.9811287901996724
0.9807979153368798
0.9803565959648826
0.9801576398843076
0.9800581251104455
0.9797595739258559
0.9793613819495414
0.9791199744030697
0.9789992170447231
0.9786369348617728
0.9781537094703079
0.9779349210302514
0.9778254828234476
0.9774971599289214
0.9770592448863937
0.9768339014767412
0.97672118264533
0.9763830170638157
0.9759319720358046
0.9756910713123007
0.9755705682469469
0.9752090486605373
0.9747268417401264
0.9744589554471453
0.9743249468778854
0.9739229081739312
0.973386632736586
0.9732988679596192
0.973173758005434
0.9727984169305522
0.9722977660869866
0.9717167088553559
0.971425872589464
0.9705533031533892
0.9693888192917695
0.9692521587730839
0.968455829371666
0.9679700944491758
0.9677270139307962
0.9669977281822971
0.9660246144657293
0.9660185343761075
0.9654559997153443
0.96470551702174
0.9642287697877787
0.9639901918703927
0.9632744144623633
0.9623193380799531
0.9618531097620864
0.9616198004453066
0.9609198295285988
0.959985863552163
0.9595228267655382
0.9592911177625161
0.9585959477945983
0.9576683916240593
0.95698438413969
0.9566419655582874
0.9556146152071777
0.9542433688703119
0.9534657323222028
0.9530763805263127
0.9519081993860807
0.9503487574979542
0.9501715050304045
0.9491007085487226
0.9476714205115745
0.9476458194443601
0.9473070928840709
0.9462908127728488
0.9449343690793075
0.9447070009003496
0.9436917604418323
0.9423367070155209
0.9420754586584226
0.941773085144861
0.9408658809972407
0.9396551620760153
0.9390333110731127
0.9387220535684822
0.9377881904885524
0.9365418643653999
0.9359489574867353
0.9356522046608278
0.9347618613994402
0.9335736702800171
0.9329612275293132
0.9326546881481969
0.9317349777285252
0.9305075648327706
0.9298925184568088
0.9295846779828048
0.9286610611944026
0.9274284312584069
0.926481782767922
0.9260077121379336
0.9245852696628994
0.9226859716992459
0.9217900888086874
0.9213414802076219
0.9199954394482316
0.9181983103189487
0.9172018296184873
0.9167027772060891
0.9152053451269182
0.9132057951003303
0.9126791869495894
0.9121266716050431
0.9104687772890541
0.9082546124977909
0.9070118322806994
0.9063892028188008
0.9045208545849511
0.9020251087457516
0.9006312636984011
0.8999327999688778
0.8978368020891208
0.89503633983822
0.8933390847264993
0.8924882029160279
0.8899346111856983
0.8865212025594434
0.8859287762090314
0.8831893672251935
0.881747820105623
0.8810254500304562
0.8788575898987872
0.8759609043222626
0.8758525855712309
0.8740552350986427
0.8716545036195942
0.8702657409257291
0.8695699043362469
0.8674816347465496
0.8646914897003936
0.8644037296956728
0.8636581396476286
0.8614204598500872
0.8584302084290925
0.8576981857628825
0.8569323919534533
0.8546340033158372
0.8515623771024836
0.8500141231895151
0.8492382059953594
0.8469093603533941
0.8437968569079459
0.8422980085584755
0.841546906474948
0.8392925169334513
0.8362796561436399
0.8346886928237451
0.8338913169040354
0.8314979022172405
0.8282986380840849
0.8279710543883068
0.8272742712145367
0.8251828912897722
0.8223881522985457
0.8203848236138755
0.8193801149928266
0.8163637394950712
0.8123285189489915
0.8104801650166031
0.8072593515626301
0.805643195679526
0.8048330556098353
0.8024010241675101
0.7991491918423549
0.797591964462805
0.7968113848154083
0.7944680737777504
0.7913349101314903
0.7897421756936392
0.7889436943093243
0.7865465262573321
0.7833408138458703
0.7817308141470668
0.7809235788400796
0.7785000283544795
0.7752585513277271
0.7736848039611279
0.7728957113215869
0.7705265922160441
0.7673577543133323
0.7657375775930552
0.7649250458337067
0.7624854160674239
0.7592215127897242
0.7576420625534848
0.7568499118405735
0.7544714488465737
0.7512892125670944
0.749685746747659
0.7488814085349536
0.7464662439077454
0.7432342589215484
0.7415928619904023
0.7407693128188203
0.7382963323381542
0.7349861723155549
0.7333299557606442
0.7324988146553553
0.7300029373220122
0.726661476448192
0.7250105791456777
0.7241819867044421
0.7216936976569299
0.7183619195886579
0.7166845703415098
0.7158425213227397
0.7133137103200218
0.7099269208079949
0.7082124168437985
0.7073515075241418
0.7047659272543085
0.7013022446640912
0.6995726479183807
0.6987040007693385
0.6960950934337028
0.6925995386290833
0.6908657696308598
0.6899949074601613
0.6873792857029462
0.6838742852608793
0.6821175915546965
0.6812350717037681
0.6785843483130604
0.6750317409600185
0.6732477756079484
0.6723514229392105
0.6696590622277652
0.6660501230404353
0.6642535796708429
0.6633508411756583
0.6606392458702871
0.6570042785541984
0.6551876389426216
0.6542747581276566
0.65153263899592
0.6478565684532434
0.6460291917841534
0.6451109393514693
0.6423526528777324
0.6386549935050707
0.6368089725612767
0.6358814087420317
0.6330951136997173
0.6293600878142152
0.627500385490341
0.6265660739394233
0.6237594882272216
0.6199976994748985
0.6181143850129351
0.6171683794668019
0.6143266324620875
0.610518266726721
0.6086220107066018
0.6076697664705426
0.6048092710993456
0.6009766755509018
0.5990703997320597
0.598113463698235
0.5952388756068235
0.59138855172755
0.589471121610736
0.5885089966231376
0.5856188213908652
0.5817489936905109
0.5798251265779211
0.5788602625994196
0.5759618672856165
0.5720826718708076
0.5701532283496218
0.5691861310245249
0.5662810321408736
0.5623947236890555
0.5604634753790841
0.5594961093825553
0.5565902087852315
0.5527049107854014
0.5507746834064797
0.5498085309875609
0.5469062767012379
0.5430281316260779
0.5411020966764845
0.540138805247604
0.5372451392004903
0.5333809195477092
0.5314627624661885
0.5305042266451718
0.5276248315404398
0.5237822633342758
0.5218753331449751
0.5209232681833534
0.5180632848021297
0.5142493295661036
0.5123572494403247
0.5114134958327428
0.5085784394283273
0.5048005179022831
0.5029267437572588
0.5019930467376496
0.49918814418948815
0.49545325199844853
0.4936013233059152
0.492679457906058
0.4899100242122405
0.48622523509851534
0.48439853724822557
0.48349019075201455
0.4807612758727508
0.47713327487703827
0.4753350113567012
0.4744417709290815
0.47175812291599195
0.4681931630508009
0.4664263736386965
0.46554973712606496
0.46291583490376914
0.4594197872526094
0.4576872655484233
0.45682860304177036
0.4542485409628796
0.4508267498130215
0.44913107612310726
0.4482916488412013
0.44576919353718897
0.4424265602650479
0.44077008614061336
0.4399510416625684
0.43748961756737703
0.43423059034489614
0.43261545671375673
0.4318178407856201
0.42942056533022366
0.4262491939923127
0.42467735540733936
0.4239021265796869
0.4215718537087858
0.4184918545287298
0.4169651152463105
0.416213164962826
0.41395254487542393
0.410967385148297
0.4094874363247344
0.40875960910698644
0.40657114812466033
0.403684129145964
0.40225259495993365
0.40154971241965676
0.399435844253952
0.39665019736368673
0.3952686777811629
0.39459156049376004
0.3925547109722521
0.3898736833241743
0.3885442972709071
0.38789402560346564
0.38593739846734315
0.38336527069552423
0.38208583928530193
0.3814614553880972
0.37958209309010393
0.3771152119658545
0.3758949044877828
0.3753008745510602
0.3735121879122793
0.37116806447132367
0.3700033171973501
0.3694380528004785
0.3677351581918845
0.36550771340510757
0.36440365845658096
0.36386971268292445
0.3622602284929139
0.3601595008115481
0.35911621778512726
0.358613777581995
0.3570981492226022
0.35512501137191604
0.35414418791066243
0.3536742323265503
0.35225527476811813
0.3504137032597436
0.3495000938816318
0.3490650353632609
0.3477498947515416
0.3460493672432831
0.34520488243917824
0.34480585238686606
0.3435977543671322
0.34204284710068716
0.34127124537172654
0.3409102557168328
0.33981506794705046
0.3384137357478591
0.3377188970655743
0.3373980539439905
0.3364218883854757
0.3351824531341978
0.3345684983337131
0.3342900754348136
0.33343949489429103
0.33237094016713875
0.331842811729425
0.33160951397996913
0.33089232866986595
0.330005284187846
0.32956842959793
0.32938328360808933
0.32880818614884005
0.32811453445435446
0.32777540373019876
0.32764199204761163
0.3272192529643957
0.3267329958772816
0.3264991114018648
0.32642164728667955
0.32616329614984507
0.3259008469566325
0.3257811724163238
0.32576471867724177
0.32568514925370995
0.32566615692803935
0.3256716071480092
0.32572240743462944
0.32583927561549464
0.32608789263574744
0.32623228302738433
0.32635835974611854
0.32669421612484895
0.32724137495928984
0.32754328157389445
0.3277556656209606
0.32834128670351254
0.3292294402256508
0.32971679530880665
0.3300326002143939
0.33091530790063267
0.3322103202624422
0.33293571328459
0.33338868809954525
0.3346607594389209
0.33649289764851376
0.33763811505720537
0.338355061067504
0.34035695913691083
0.3432180010690827
0.3445556415763179
0.3453490743390675
0.34758482370040356
0.35071310337722394
0.3526979218647403
0.3554344812638022
0.35589831337198624
0.3565777793449019
0.35852588672311236
0.3611902399240346
0.3624075211193862
0.36307487153745643
0.36499530515567
0.36760607579501725
0.36882395622580966
0.3694853323858083
0.371392930485415
0.37397529204769
0.375181815115335
0.37583199831332376
0.3777108462930978
0.38024584044582693
0.3814276687178606
0.38206039392697405
0.38389193701683116
0.38635648946358414
0.38749923433115097
0.388107465249511
0.38987114199475137
0.3922392159820366
0.3933255303835627
0.39390049381725417
0.395570915389495
0.39780985052558127
0.3988138906911292
0.39934212917280837
0.40088058627930395
0.4029397850360182
0.403200707808897
0.40367261275682853
0.4050510113885066
0.40689423306657246
0.407904066084047
0.4084349275043322
0.40998056411942163
0.4120463171602311
0.4131482872343521
0.41372972305331535
0.41541779820262187
0.4176724732965765
0.41885141996976283
0.4194754403140184
0.42128257057435287
0.42369470982384044
0.42494377073767814
0.42560700241680866
0.4275229608047085
0.43007887482626544
0.4313975299308576
0.4321001709770797
0.43412474201935225
0.4368241292201376
0.43821839983150707
0.43896438811572913
0.4411076351250574
0.44396373309389814
0.4453854373029614
0.4461474331706761
0.4483332025491214
0.45124459227389496
0.45265713405426317
0.4534143215719701
0.4555850860541622
0.45847522984094957
0.45988784469566474
0.46064571963657386
0.46281647711587126
0.4657050643410266
0.46712716241693825
0.46789114604154164
0.4700765591377355
0.4729827523286511
0.4744170630323866
0.4751887783089546
0.47739296176287704
0.48032191881194286
0.48205186832704905
0.48299918878043413
0.48567457919194856
0.4892205808883533
0.49084141459773456
0.49172296411270505
0.49421717027233547
0.497521633914048
0.4990736332229223
0.499916817236724
0.5023032876982738
0.5054630949493911
0.5074110557344759
0.5084982425721262
0.5115231425312436
0.5155091490254311
0.5178036384013672
0.5191140579622241
0.5226976977660489
0.527391336323029
0.5300034979962394
0.5315338701949053
0.5356392773055783
0.5409740907292818
0.5437982161873616
0.545492836403479
0.5499532306441989
0.5556997630033805
0.5586169757273317
0.5604078071950075
0.5650354249088942
0.5709467859363531
0.5739214865130197
0.5758025381088417
0.5805588369096756
0.5865732807189453
0.5896469011782202
0.5916813894455787
0.5966713535454867
0.602885545817856
0.6060271634784703
0.60822735915625
0.6134256541211585
0.6197694045873076
0.6229523631385672
0.6253585189301276
0.6307806089865499
0.6372092991431165
0.6404227772365707
0.6431373584326787
0.6488842972545246
0.6553929161286796
0.6586406237969389
0.6619388240276436
0.6683353687246447
0.6749732439155216
0.6779811872029259
0.6810742264940703
0.6867944655539657
0.6925472740909809
0.6951421226671458
0.6980653793618286
0.7032331770541661
0.7082724724868414
0.7105357956855838
0.7133306202565425
0.7180671097252116
0.7225444053575624
0.7245457355818152
0.7272442382473367
0.7316438392023137
0.7356764704103791
0.7374693209560175
0.740095748782239
0.7442301873453787
0.7479070551238118
0.7495317295481128
0.752104083360616
0.7560269289472172
0.7594143609774721
0.7609007769208701
0.7634322311022504
0.7671829686519348
0.7703298638875242
0.7716999904179177
0.7742000566464015
0.7778074709047582
0.7807495309068276
0.7820193614199831
0.7844948076012856
0.7879796739867023
0.7907427489715448
0.7919238423114322
0.7943794021674511
0.7977565703141952
0.8003592419916296
0.801459901822965
0.8038988152767714
0.807178796384067
0.809634341688156
0.8106605077800099
0.8130849288223908
0.8162750924587127
0.8185929615375231
0.819548877644779
0.8219601802360609
0.8250656500097879
0.8272525702287374
0.8281412812549303
0.83054028755849
0.8335646072974213
0.8356254025077869
0.8364491223297223
0.8388362721315838
0.8417818984112444
0.8437200929823472
0.8444804748215166
0.8468559505853545
0.8497246144760794
0.8515428754356388
0.8522412091040033
0.8546050276324395
0.8573979982808008
0.8590984561495927
0.859735810605578
0.8620878895844373
0.8648061642877368
0.8663906433260474
0.8669679684671138
0.8693081740801315
0.8719526134018187
0.8734227944245533
0.8739409926294512
0.876269172813619
0.8788405946200791
0.8801981278405699
0.8806604114357949
0.8829724104230848
0.8854680389230932
0.8867155922297123
0.8871159593230312
0.8894195629557694
0.8918475020317409
0.8929850671109665
0.893331562091158
0.8956227024723161
0.8979803016560401
0.899010640830413
0.8993019288365676
0.9015805001729611
0.9038688180786729
0.9047940002364051
0.9050311760291007
0.9072971653157199
0.9095174161288792
0.9103396351817481
0.9105238921050084
0.9127773298305887
0.9149308369918716
0.915652419638048
0.9157850157975955
0.9180259744904514
0.9201141646388856
0.9207375610366041
0.9208198132616019
0.9230484055355641
0.9250728000829552
0.9256005709906335
0.9256338477757055
0.9278502236445898
0.929812428501819
0.9302472303661268
0.9302329440275152
0.9324372877246274
0.9343389819290701
0.934683550928114
0.9346231493411448
0.9368156758733882
0.9386585997587024
0.9389157354065315
0.9388106937277856
0.9409916453321083
0.9427775886079968
0.9429501376339373
0.9428019501772267
0.9449715926848419
0.9467023827767821
0.9467932234411248
0.9466033958365074
0.9487620152673387
0.9504395061907369
0.9504515334453167
0.9502215754036658
0.952369474510362
0.9539955362996845
0.9539316479431259
0.9536630663760415
0.955800561513699
0.957377070445633
0.9572401544411031
0.9569344471854156
0.9590618653381889
0.9605906950470393
0.9603836176325922
0.9600422681695338
0.9621599440367422
0.9636429571216298
0.9633685528954958
0.9629930246399353
0.9651012984406635
0.9665403395436886
0.9662014016298923
0.9657931340974818
0.9678923491653504
0.969289238341031
0.9688885104639003
0.9684489157627296
0.9705394158861372
0.9718959425229534
0.9714361126042769
0.970966570694403
0.9730486993444691
0.9743666179613448
0.9738503114102678
0.9733521685811701
0.975426266603044
0.9767072923701603
0.9761370671109217
0.9756116339579757
0.9776780378257641
0.9789238427871918
0.9783021855881051
0.9777507337570681
0.9798097754730066
0.9810219861103076
0.9803513095840573
0.9797750708652347
0.9818270762686631
0.9830072713053264
0.9822899102770619
0.981690076953176
0.9837353642027445
0.9848850724215924
0.9841232830759624
0.9835010058353453
0.98553988531307
0.9866605844143538
0.9858565433952095
0.985212931662151
0.9872457044323114
0.9883388193543042
0.9874946237629715
0.9868307432054639
0.988857702836406
0.9899246070132169
0.9890422730485541
0.9883591489809372
0.9903805786457702
0.9914225925004196
0.9905040563966389
0.9898026683289359
0.9918188454575523
0.9928372386822203
0.9918843551045098
0.9911656511426484
0.9931768354724139
0.9941728235776207
0.9931873716929722
0.9924522522644488
0.9944586989303917
0.9954334453680617
0.9944171293854902
0.9936664441699448
0.9956684089474237
0.9966230350172122
0.995577468482264
0.9948120630744594
0.9968097670130458
0.9977453341046606
0.9966720751885286
0.9958927268005789
0.9978863979172037
0.9988039271717115
0.997704447587128
0.9969118993106355
0.9989017670042504
0.9998022285953262
0.9986779408301192
0.9994936522343363
0.9998221958463982
0.9999676167427103
0.9999999997030935