0.9991701086291032
0.9991454871119709
0.9991331757771866
0.9990962416763172
0.999046994267703
0.9990408656065072
0.9990352078778175
0.9990339866950844
0.9990285785948184
0.9990260236407323
0.9990247461571143
0.9990209137039961
0.9990158037475501
0.9990128990219281
0.9990114466507499
0.9990070895345268
0.9990012800211193
0.9989983780593851
0.998996927069971
0.9989925740990736
0.9989867701127819
0.9989837101040059
0.9989821800901884
0.9989775900458036
0.9989714699589117
0.9989683013500008
0.9989667170355364
0.998961964089055
0.9989556267975118
0.9989460154081109
0.9989412096253989
0.9989267922588588
0.9989075688192249
0.9989045708549228
0.998897709104537
0.998894278183821
0.9988839854113825
0.9988702615696495
0.9988670297495683
0.9988631383287296
0.9988611926033818
0.9988553554231343
0.9988475724709942
0.9988430295443728
0.9988407580610297
0.9988339436056967
0.9988248576022118
0.9988204168814109
0.9988181965013807
0.9988115353561179
0.9988026537698241
0.9987981064578254
0.9987958327816621
0.9987890117478717
0.9987799169735908
0.9987745374862534
0.9987718477145041
0.9987637783922481
0.998753019207425
0.9987474727319845
0.9987446994641546
0.9987363796533226
0.9987252864786439
0.9987194406214912
0.9987165176597892
0.9987077487666403
0.9986960568051086
0.9986894013007703
0.9986860735059083
0.998676090111451
0.9986627787831752
0.9986555044581918
0.9986518672446931
0.998640955592722
0.9986264065603907
0.9986193426820268
0.9986158106944139
0.9986052147206825
0.9985910866025124
0.9985844785728871
0.9985811745157578
0.9985712623346427
0.9985580459587976
0.9985498159128223
0.9985457008245527
0.9985333555457171
0.9985168949641309
0.9985087654385438
0.9985047006116856
0.998492506117308
0.9984762465884096
0.9984666792139111
0.9984618954391073
0.9984475440965588
0.9984284086876062
0.9984184481219684
0.9984134677430679
0.9983985265867268
0.9983786047385907
0.9983768003603046
0.9983725840007079
0.9983599349071997
0.998343069228484
0.9983320055198364
0.9983264735478729
0.9983098776082029
0.998287749310556
0.9982746700027454
0.998268130186091
0.9982485107046968
0.9982223508642705
0.9982208991773321
0.9982045659227466
0.998182787882768
0.998147230820988
0.9981294510890524
0.9980761116922731
0.9980049885107297
0.9979842485059087
0.9979716555376899
0.9979653589024938
0.9979464689671698
0.9979212818906505
0.9979085978263655
0.9979022556391833
0.997883229047514
0.9978578597565546
0.9978450999961567
0.9978387199596208
0.9978195798203386
0.9977940591208636
0.9977885332612495
0.9977824681762089
0.9977642728937365
0.9977400120567638
0.9977280618421088
0.9977220865970903
0.997704160834911
0.9976802593749065
0.9976358830681629
0.9976136930451214
0.9975471226739275
0.9974583559067793
0.9974456144284644
0.9974351271678311
0.9974036653111567
0.9973617147803434
0.997342534092713
0.9973329433947412
0.9973041712379838
0.9972658072007808
0.9972483060235837
0.9972395551397165
0.9972133024354807
0.9971782978595575
0.9971596575922617
0.9971503371233471
0.9971223756563502
0.9970850926092057
0.9970670373045913
0.9970580093405425
0.9970309253915567
0.9969948124362634
0.9969759925964169
0.9969665823378897
0.9969383515014613
0.9969007092682703
0.9968789486208693
0.9968680678434992
0.9968354254309643
0.9967919007245645
0.9967703243579629
0.9967595357301418
0.9967271697674686
0.9966840136946025
0.9966597798264822
0.9966476623359326
0.9966113097677363
0.9965628378218441
0.9965367747867298
0.9965237426206325
0.9964846460071585
0.9964325150754751
0.9964055779688912
0.9963921087340728
0.9963517009081088
0.9962978215505328
0.9962723063446253
0.9962595481327372
0.9962212733862011
0.9961702383652578
0.9961375701753039
0.9961212350751175
0.9960722296008498
0.9960068856015567
0.9959752666957227
0.9959594562912503
0.9959120249160103
0.9958487799328322
0.995819218477022
0.9958044369196722
0.9957600921035692
0.9957009629286317
0.9956669915311251
0.995650004736026
0.9955990441629102
0.9955310931130679
0.9954992646870766
0.9954833495199299
0.995435603850723
0.9953719397611852
0.9953403684958034
0.995324581912773
0.9952772220030649
0.9952140722861433
0.9951799170227336
0.9951628382727096
0.995111601830291
0.995043282912564
0.994906855034283
0.994838623507891
0.9946339260756312
0.9943609372526477
0.9942377410531722
0.9941761286150158
0.993991289025839
0.9937447877222669
0.9936790907614607
0.9935815596277173
0.993518794859578
0.9934874087362142
0.9933932497484911
0.9932676919299214
0.9932073122159404
0.9931771188891697
0.9930865383346533
0.9929657526972322
0.9929085733223902
0.9928799805245215
0.9927942016080037
0.9926798193713221
0.9926124234994237
0.9925787212611443
0.9924776138316207
0.9923427895180646
0.9922785366260829
0.9922464062557149
0.992150014472379
0.992021479181852
0.991924055853163
0.9918753352870193
0.9917291720960064
0.9915342578454331
0.9914260659108425
0.991371958910163
0.991209636084772
0.9909931684080515
0.9909589749145739
0.9908195059967793
0.9906335202543379
0.9906309027797159
0.9905926387098181
0.9904778455515215
0.9903247696737746
0.9902383300031933
0.9901951031944999
0.9900654215829702
0.9898924891040888
0.9898145229909773
0.9897755341850365
0.9896585667584276
0.9895025911262062
0.9894010037779356
0.9893502004509155
0.9891977888000063
0.9889945408630711
0.9889529402519363
0.988902159426475
0.9887498152910699
0.988546657280289
0.9884404054731339
0.988387268991341
0.9882278577080157
0.9880152738106428
0.9879114977106436
0.9878595995926537
0.9877039034446254
0.9874962749203186
0.9873974321415355
0.9873480016881597
0.9871997087344397
0.9870019542065
0.9869037079440602
0.9868545758493231
0.9867071780263944
0.9865106168509608
0.9864098150409426
0.9863594045049894
0.9862081712275034
0.9860064947494707
0.9858959389651409
0.9858406496074055
0.9856747795058871
0.985453581097396
0.985351813068709
0.9853009194492299
0.9851482368746997
0.9849446274927407
0.9848398290695705
0.9847874195960016
0.9846301893183679
0.9844205145597043
0.9842846453717532
0.9842166936416167
0.9840128353667825
0.9837409667364369
0.9835996163538904
0.9835289227384176
0.9833168385389006
0.9830339969557802
0.9828868304809664
0.9828132271691457
0.9825924135512993
0.9822979276273773
0.9821330726833507
0.9820506200819253
0.9818032576423777
0.981473356264502
0.9812529004047601
0.981142627670609
0.9808118012431543
0.9803705467104555
0.980171619952046
0.9800721198616015
0.9797736128187771
0.9793754799107093
0.9791341082869136
0.9790133689230764
0.9786511408596076
0.9781679879434041
0.9779492324296369
0.9778398107134912
0.9775115374036863
0.9770736887360308
0.976848379592172
0.9767356779231025
0.9763975639493151
0.9759465880120666
0.9757057243134359
0.9755852397945024
0.9752237759866242
0.9747416437612411
0.9744737991156179
0.9743398114124827
0.9739378354809256
0.9734016441446603
0.9733138931758826
0.9731888029149871
0.9728135210730928
0.9723129495626822
0.9717319848962055
0.9714411951171001
0.970568765981415
0.9694044711477503
0.9692678329485745
0.9684716341689127
0.9679859794153286
0.9677429391285413
0.967013774679506
0.9660408241051992
0.9660347450395271
0.965472305368596
0.9647219501770811
0.9642452844184328
0.9640067473848095
0.9632910932285235
0.9623361825812417
0.9618700357185939
0.9616367672718512
0.9609369195505885
0.9600031191988027
0.9595401650715741
0.9593084975414129
0.9586134525803611
0.957686064456422
0.9570021818527231
0.9566598260304763
0.9556326652698874
0.95426167478867
0.9534841848205186
0.9530949067384206
0.9519269484867446
0.9503678078707605
0.9501905899212304
0.949120003146851
0.9476909982306864
0.9476654023052923
0.947326743362803
0.9463106674891105
0.9449544993458416
0.9447271776887666
0.9437121461281717
0.9423573745261524
0.9420961809334577
0.9417938709002496
0.9408868583456955
0.9396763975704086
0.9390546802897155
0.9387434899498923
0.9378098296146757
0.936563776736253
0.9359710009550325
0.9356743139606651
0.9347841693578461
0.9335962458322866
0.9329839421597774
0.9326774726265866
0.9317579730219983
0.9305308441799544
0.9299159413481303
0.9296081729651584
0.9286847737627828
0.9274524370054856
0.9265060159446517
0.9260320598051766
0.9246099640045979
0.9227111357787753
0.9218154772892109
0.9213669816085993
0.9200212825824954
0.9182246160567642
0.9172283951238022
0.9167294735175627
0.9152324376673721
0.9132334248791564
0.9127069599071929
0.9121545952436227
0.9104971578062021
0.9082836135363912
0.9070411870286038
0.9064187359699414
0.9045509293575488
0.9020559207531321
0.9006624945988522
0.8999642423578555
0.8978688874097759
0.895069302336316
0.8933725894623001
0.8925219819640884
0.8899692264458016
0.886556964134113
0.8859647401444141
0.8832262799859534
0.8817852412483019
0.8810631278675214
0.8788960482018351
0.8760004276944804
0.8758921492830727
0.8740954732809776
0.8716956584661316
0.8703074346442196
0.8696118700089648
0.867524426721016
0.8647354079661141
0.8644477658919117
0.863702481616417
0.8614657316222549
0.8584767493355183
0.8577450424012375
0.8569795802212591
0.8546822002594912
0.8516119514132907
0.8500644050704059
0.8492888452489075
0.8469610866241206
0.8438500676138895
0.8423519475909325
0.8416012132054391
0.8393479414361091
0.8363366055343437
0.8347464624289394
0.8339495007956104
0.8315573463408186
0.8283598034020101
0.8280323986977799
0.8273359966622738
0.8252457739707537
0.8224526103941727
0.8204504324456752
0.8194463064213924
0.8164317088912495
0.8123989302128317
0.8104493372764401
0.8071617654164028
0.8056459220778025
0.8048861841093886
0.8026055696259596
0.7995567714038647
0.7979892838707101
0.7972035567538588
0.7948448043191085
0.7916909839100135
0.7900894216198648
0.7892865072705094
0.7868760441062885
0.783652548709193
0.7820277328604972
0.7812130526886186
0.7787671570872757
0.7754957485811944
0.773937115756017
0.7731556253696061
0.7708093704340029
0.7676712593507814
0.766040253873475
0.7652222806078414
0.7627663239579695
0.7594805545341657
0.7578742590348297
0.7570686064237124
0.7546495923790496
0.7514129538400379
0.7497628746191625
0.7489350773361585
0.7464494319078909
0.7431228054432033
0.7414879956246438
0.7406677578225149
0.7382047529191503
0.7349080266523874
0.7332129153871743
0.7323621816415319
0.7298074334351055
0.7263868451461793
0.7246934174838814
0.7238433880709716
0.7212906791769121
0.7178722729622067
0.7161786217482115
0.7153283432586839
0.7127748137268887
0.7093547685812462
0.707649102833538
0.7067926372899449
0.7042204408465504
0.7007747741150999
0.69903958072024
0.6981681004319138
0.695550699055013
0.6920437114690253
0.6902836828726023
0.6893995594446446
0.6867440865525226
0.6831854143542256
0.6814308482564173
0.6805493895418536
0.6779018830591454
0.674353620018542
0.6725725710952597
0.6716776827451286
0.6689897532146316
0.6653868058898591
0.6635843869481097
0.6626786766532745
0.6599581725290473
0.6563112292102373
0.6544852704229235
0.6535676814375855
0.6508114320827127
0.6471163605752579
0.6452926229796628
0.644376210405768
0.6416234877250077
0.6379333906890644
0.6360822096945657
0.6351520498072308
0.6323579779974265
0.6286125542387565
0.6267412038880315
0.6258010283006704
0.6229768373364776
0.6191914348972531
0.6173089804948702
0.616363432400568
0.6135230935297715
0.6097167611006932
0.6078236113713019
0.6068729667460444
0.6040173145786709
0.6001914022213319
0.5982859479847984
0.5973294680629646
0.5944562833631625
0.5906080376864399
0.588693523695318
0.5877329183562277
0.5848473442817786
0.580983921367253
0.5790629193350172
0.5780995575398855
0.575205709343469
0.5713328686357353
0.5694067458375841
0.5684413878071383
0.5655415472264232
0.5616625702416188
0.5597355785461625
0.5587704291424656
0.5558712198545794
0.551995193829585
0.5500693516940086
0.5491054870784917
0.5462101353436913
0.5423415607975719
0.5404203212330633
0.5394595291126695
0.5365733983420672
0.5327196090436875
0.5308065369797943
0.5298506507250005
0.5269792389968307
0.5231477102268727
0.5212464501319508
0.5202973313497067
0.5174462192336234
0.5136444952940589
0.5117584261030619
0.5108177921795385
0.5079921243552817
0.5042271270072516
0.502359854922797
0.5014295245970957
0.4986347487474424
0.49491376312572116
0.49306874999299105
0.49215045834586635
0.48939176910103066
0.4857217041926735
0.4839023003112922
0.4829977159846231
0.48028010707589586
0.476667569162611
0.4748769444480505
0.47398763688567314
0.471315802950861
0.46776697067063405
0.46600811323616165
0.4651355538481597
0.46251389421125066
0.4590345303997824
0.45731019204372586
0.4564557296270297
0.45388827452279173
0.45048363661540264
0.4487963504731843
0.4479612225964121
0.44545166744242676
0.4421265615011726
0.44047863183348196
0.43966396267877333
0.4372156614230497
0.43397444218847375
0.43236796663738497
0.43157478082013356
0.42919078716906883
0.42603742078131895
0.42447431134280095
0.4237035469271244
0.42138665295268957
0.4183247751535298
0.41680679736034787
0.4160593274373426
0.4138121277749747
0.41084513420441404
0.40937394645779146
0.4086506003292609
0.40647555503083355
0.4036066879452087
0.40218388564255875
0.4014854718285794
0.3993849745791229
0.3966174147561127
0.3952445745806728
0.39457190340856035
0.39254834838042835
0.3898853035594007
0.3885636019537378
0.38791730416435555
0.38597253711032115
0.383416532411735
0.38214864987771957
0.38153008805685423
0.3796681556543121
0.37722459096952254
0.37601160168778414
0.37542138254907004
0.3736440409403275
0.3713153762941945
0.3701582190315363
0.3695969070700081
0.36790576967585503
0.36569432750603476
0.36459775686601337
0.3640677271086812
0.3624698721086263
0.36038499715379047
0.3593495519208611
0.35885120917757374
0.3573477384835922
0.3553911449763435
0.3544187844657325
0.3539532324286575
0.3525473376587338
0.3507234724921998
0.3498177533965715
0.34938685699772315
0.34808401645782794
0.3464002573780528
0.3455638935077447
0.3451691594651372
0.34397373260403946
0.3424360942904801
0.3416724150871234
0.3413156737301223
0.34023296299705297
0.3388487181716843
0.33816188003041514
0.33784537746771576
0.3368819070714275
0.33565991879133256
0.3350541716898016
0.3347802605700661
0.3339428140719531
0.3328923779784493
0.33237262857896227
0.3321440393557161
0.33144046811656663
0.3305723462310263
0.3301444690582077
0.3299644595149911
0.32940412246360423
0.32873109363666664
0.3284018190579445
0.32827417338814613
0.3278678859365914
0.3274047689580577
0.32718216711465214
0.32711145584399404
0.32687223206361116
0.3266368644611734
0.3265307681703888
0.32652262817567446
0.3264664382975994
0.32648075662539744
0.326503575721113
0.3265652310286363
0.3267124232576519
0.3270044665941929
0.32717272822401544
0.327314008767334
0.32769207411239853
0.3282999308466327
0.32863782154108556
0.3288735538507469
0.3295235944585011
0.33050470219611267
0.33105472930583185
0.3314121765950232
0.33240891917086435
0.333869144052671
0.33474869043658506
0.33530921054096724
0.3368718704135418
0.339128765570346
0.3403867015699283
0.34116715669447834
0.3433449160442825
0.3464389698237689
0.34770689902537616
0.3502842379965921
0.3506342017021787
0.35127635704713006
0.35311200586188135
0.3556374364599836
0.35679368041163395
0.35743398447370484
0.3592722735362892
0.3617825150044716
0.36295900757482924
0.3636032966528436
0.36545775013608905
0.36797717002158903
0.36916143634352594
0.3698043401581011
0.3716584608030348
0.37416749492932067
0.3753446692856152
0.375979096787184
0.37781193537345314
0.3802842964674201
0.381438091309878
0.38205594974613094
0.38384393821471285
0.3862495366968228
0.3873602313854709
0.3879514067605966
0.3896653903382483
0.39196651161405205
0.39300496573125165
0.3935541142241872
0.395150148609405
0.39728920251779765
0.3976400296250867
0.39813791011971006
0.39958899894176464
0.4015314218882995
0.40260236515242226
0.4031685467272313
0.4048126363790802
0.4070120031582493
0.408191659458388
0.4088179804851109
0.4106306726640221
0.41305362578583926
0.4143299024418586
0.4150101614682799
0.41697284736521084
0.4195941208391561
0.42096419337197905
0.4216974992458857
0.42380649475817145
0.42662105821168056
0.428090669840018
0.4288811501668916
0.43114655440508376
0.43416781085776246
0.43572280832880017
0.4365630377536152
0.438963106634547
0.44216191810864264
0.4436941222531032
0.4445211902170774
0.4468833449119823
0.45003029741432987
0.45149087578104363
0.4522769074934382
0.45452490010711993
0.4575187843449348
0.4594683271241756
0.46054761132673877
0.4635837427335148
0.46761613870814583
0.47102311896552396
0.4730667646877354
0.4785503159375721
0.4857315654391161
0.48973212438268715
0.4918469731104082
0.4930274848143206
0.4963081928355303
0.5006397033793456
0.5027959720931401
0.504008817236234
0.5073622872710255
0.5117790707616763
0.5140248739014599
0.5153004026327286
0.518800314892618
0.5233949101572214
0.5257548269199751
0.5271124351156656
0.5308004934562008
0.5356217874267053
0.5381116895498794
0.5395678931586393
0.5434740420810863
0.5485530993330822
0.551192257231993
0.5527699416185539
0.5569334500168739
0.5623088020229966
0.5651020602425828
0.5668194462216704
0.5712595293125164
0.576938625964071
0.5798247674634682
0.5816539796639761
0.586277459283348
0.592128661646512
0.5950998210732171
0.5970631298687026
0.6018852314078977
0.6079015115484018
0.6109557641157483
0.6130923185791419
0.6181481649612627
0.6243298148717515
0.6274725804736964
0.629859015558819
0.6352309986417488
0.6415970398013459
0.6448384112559414
0.6476322351100885
0.6534991563506835
0.6600852660682198
0.6633318269628247
0.6666415790483472
0.6730258311893083
0.6796079240029098
0.6825907491068096
0.6856866892318685
0.6913766064474542
0.6970587544186649
0.6996208223746321
0.7025408985777193
0.7076670854685163
0.7126287881069434
0.714855486167957
0.7176438723588827
0.7223338993161582
0.7267328754755474
0.7286967999539926
0.7313877436629223
0.7357405456016343
0.7396979020143302
0.7414544467332499
0.7440734367031621
0.7481631708759334
0.7517694480125641
0.7533597777592945
0.7559253621639876
0.759806508319782
0.7631282870134549
0.7645825054427379
0.7671079896345452
0.770820061953727
0.7739057751083721
0.775245679282994
0.7777405019370122
0.7813119052603773
0.7841965165794996
0.7854377878854175
0.7879085679488019
0.7913595715206875
0.7940681722749673
0.7952220404720922
0.7976733530559732
0.8010183185683767
0.8035688272179127
0.8046433069994662
0.8070782529739106
0.8103272820349475
0.8127324466336885
0.8137332480822274
0.8161538713000637
0.8193140171122506
0.8215828923156077
0.8225140889082965
0.8249216819909375
0.8279978387760002
0.8301368721098373
0.8310013900277833
0.8333967186781508
0.8363922737527465
0.8384061024904874
0.839206078356001
0.8415895458713025
0.8445068567358224
0.8463988904847861
0.8471359320494036
0.849507699722045
0.8523484418159681
0.8541212862840967
0.8547966613834587
0.8571567361981541
0.8599221548239872
0.861577917794601
0.8621926902055137
0.8645409881863968
0.867232079307796
0.8687725892593317
0.8693277152696012
0.8716641065879853
0.8742817447555262
0.8757087047826779
0.8762051007490033
0.8785294410386068
0.8810744679465508
0.8823895619077635
0.8828247060877888
0.8851427502894426
0.8876213124892393
0.8888247631640067
0.8892100368582451
0.8915098567135874
0.8939122161985806
0.8950087160041568
0.895334641328975
0.897621893075415
0.8999543169483031
0.9009445332443266
0.901215655456653
0.9034903719656991
0.90575406418141
0.9066400732754406
0.9068575822706465
0.9091197649903673
0.9113159717634867
0.9121000027527291
0.9122651098307065
0.9145148014065128
0.9166448739088966
0.9173292848290086
0.9174432627496795
0.9196805469248482
0.9217459361123078
0.9223332036253323
0.9223973813021586
0.924622380879891
0.9266246288272749
0.9271173350717735
0.9271330904737743
0.9293459645262322
0.9312866940051768
0.9316875116204448
0.9316562638718529
0.9338572045791077
0.9357381077258801
0.9360497839469984
0.9359729851750118
0.9381622143453208
0.9399850408795287
0.940210381364453
0.9400895085097409
0.9422672740334164
0.9440338195041644
0.9441756724039293
0.9440122192206114
0.9461787915555023
0.9478908858985601
0.9479521265300975
0.9477475959358307
0.949903264695676
0.9515627613482606
0.951546277612826
0.9513021746519077
0.95344724525458
0.9550560107815195
0.9549646898465823
0.9546825149412281
0.9568173054730468
0.9583772101000706
0.9582139258452567
0.9578951687435096
0.9600200072106846
0.9615329161720555
0.9613005179860699
0.9609466525610622
0.9630618739331281
0.9645296394714834
0.9642309421883153
0.9638434212415099
0.9659493653518232
0.9673738198051498
0.9670115948731357
0.9665918462419945
0.9686888551720894
0.9700718046218864
0.9696487722723799
0.9691981949582794
0.9712866112045996
0.9726298300417627
0.9721486525823908
0.9716686134863174
0.973748778438097
0.9750540048204712
0.9745172811330515
0.9740091125423392
0.9760813645840923
0.977350296552729
0.9767605567730344
0.9762255547914439
0.9782902277998458
0.9795245192151298
0.978884222309918
0.9783236429323665
0.9803810663828895
0.9815823257446507
0.9808938547048328
0.9803089163561433
0.982359411597368
0.9835291981416733
0.9827948588159473
0.9821867376856374
0.9842306201036781
0.9853704431820526
0.984592463917248
0.9839622949594139
0.9859998708131441
0.9871111889615011
0.9862917155267836
0.9856405915387516
0.9876721610595649
0.9887563811046666
0.9878974810033518
0.9872264545530384
0.9892523057904878
0.9903107816354016
0.9894144415242904
0.9887245233223457
0.9907449355256862
0.9917789692543587
0.9908470945299029
0.9901392517988225
0.9921544979858761
0.9931653397015516
0.9921997591389516
0.9914749237924771
0.9934852601840098
0.9944741054066414
0.9934765726731746
0.9927356273685068
0.9947413077502374
0.9957093053894164
0.9946814920962127
0.9939252856105937
0.9959265520778958
0.9968748000810987
0.9958183064269074
0.9950476478362336
0.9970447326270153
0.9979742820180734
0.9968906242232763
0.996106292384151
0.9980994193808159
0.999011267331397
0.9979019150037497
0.9971046365865142
0.9990940167952884
0.9999891136113974
0.9988554569402317
0.9998968165561449
0.9999316989215989
0.9999628070435926
0.9999999996990057