20000.
19997.098478896
19995.647876092
19991.296699233
19985.496603496
19984.774934645
19984.108749496
19983.964961173
19983.328198506
19983.027379827
19982.876972175
19982.425756033
19981.824150419
19981.482179951
19981.311196898
19980.798256546
19980.114356627
19979.772745247
19979.601941734
19979.089539982
19978.406358156
19978.046177611
19977.866089761
19977.325835976
19976.605520394
19976.232595941
19976.046136311
19975.486767892
19974.740967773
19973.609914362
19973.044411632
19971.347999588
19969.086341217
19968.733654319
19967.926447694
19967.522856588
19966.312132273
19964.697947542
19964.317845802
19963.860177308
19963.631346979
19962.944871762
19962.029608283
19961.495388224
19961.228283536
19960.426990955
19959.35865099
19958.836530087
19958.575474738
19957.792329217
19956.748183094
19956.213610635
19955.946329756
19955.144508636
19954.07546403
19953.443162127
19953.127018665
19952.178618381
19950.914154917
19950.262344811
19949.936447719
19948.958788433
19947.655317377
19946.968454773
19946.625032315
19945.594800467
19944.221240912
19943.439405638
19943.048499465
19941.875826976
19940.312371075
19939.458036597
19939.030883053
19937.749477389
19936.041064773
19935.211650782
19934.796956695
19933.552926256
19931.894339932
19931.118635242
19930.730794189
19929.567316369
19928.016118414
19927.050229852
19926.567303092
19925.118593101
19923.18714381
19922.233318954
19921.756423614
19920.32580616
19918.418476221
19917.296265923
19916.735184443
19915.052034919
19912.808057039
19911.640108137
19911.056159332
19909.304415754
19906.968997615
19906.75748426
19906.263254663
19904.780639568
19902.803991409
19901.507447715
19900.859207493
19898.91461361
19896.322117597
19894.789953861
19894.023916183
19891.725980231
19888.662478822
19888.492491775
19886.580048507
19884.030410463
19879.868360769
19877.787662473
19871.546874443
19863.228872325
19860.804043495
19859.331888791
19858.595852305
19856.387906629
19853.444361217
19851.962191368
19851.221147883
19848.998183506
19846.034618519
19844.544246183
19843.799101931
19841.563837159
19838.583876088
19837.938701204
19837.230612176
19835.106496842
19832.274697143
19830.879995392
19830.182681246
19828.090886027
19825.302169247
19820.125645203
19817.537889869
19809.776651254
19799.433062144
19797.948840326
19796.727345052
19793.063311577
19788.178988973
19785.94621591
19784.829923771
19781.481425385
19777.017642859
19774.981693338
19773.9637971
19770.910422896
19766.839991102
19764.672824124
19763.589329656
19760.339202781
19756.006532117
19753.90869942
19752.859866531
19749.713702135
19745.51959618
19743.334277514
19742.241708798
19738.964365566
19734.595421326
19732.07025801
19730.807797427
19727.020900479
19721.972835622
19719.470904282
19718.220057544
19714.46799356
19709.466352657
19706.658345378
19705.254491659
19701.043530725
19695.43031647
19692.412859167
19690.904303768
19686.379331144
19680.347652399
19677.231766546
19675.674008504
19671.001474496
19664.773155805
19661.82442809
19660.350229937
19655.928298856
19650.033938395
19644.880402586
19642.304141361
19634.577385022
19624.279772163
19619.210239866
19616.675964653
19609.075103385
19598.945203772
19594.026833686
19586.343627816
19582.697728185
19580.875032741
19575.407964522
19568.120915327
19563.959679028
19561.879392574
19555.639860641
19547.32358129
19543.37412001
19541.399688474
19535.477590917
19527.584253309
19523.711642367
19521.77562476
19515.968724032
19508.228877329
19503.856162862
19501.670173029
19495.113673779
19486.375104441
19481.369005066
19478.866437493
19471.360663853
19461.357465433
19456.275517459
19453.735040949
19446.115601937
19435.960992979
19431.032330734
19428.568468136
19421.178755062
19411.330177288
19405.552118084
19402.66373327
19394.0011585
19382.457075797
19377.073773393
19374.382682703
19366.311653261
19355.555511663
19348.631424153
19345.170309057
19334.790678621
19320.959835398
19311.483515115
19306.747097702
19292.544815073
19273.624690257
19264.056797769
19259.274632466
19244.935258922
19225.832702284
19222.838396504
19218.767239981
19206.558943607
19190.293279282
19188.297847289
19184.658571098
19173.74488392
19159.202959567
19151.723211055
19147.984431626
19136.772472611
19121.833407088
19114.391561847
19110.671725104
19099.516558349
19084.653132383
19076.385275038
19072.252689331
19059.86030359
19043.349648788
19035.490564836
19031.562238927
19019.78212521
19004.086650232
18995.584575496
18991.334964293
18978.591834698
18961.614296869
18952.909194029
18948.558141062
18935.510975164
18918.128729299
18906.863891405
18901.233987665
18884.354333796
18861.871577441
18848.325038394
18841.555417209
18821.261139553
18794.236104193
18790.748758492
18784.401858133
18765.374017755
18740.033545512
18726.49677431
18719.732055479
18699.452558497
18672.447402103
18667.236262209
18660.286561484
18639.452980483
18611.711052954
18598.890460928
18592.483476595
18573.275764057
18547.696347023
18534.957360401
18528.591148029
18509.505628494
18484.088849095
18470.264667898
18463.356454414
18442.647313905
18415.071257377
18398.308975707
18389.933556804
18364.830170732
18331.412289782
18307.692987785
18295.844847428
18260.346414648
18213.122292466
18204.628107497
18167.999827974
18150.172825067
18123.076254549
18106.562129283
18098.310709898
18073.579007858
18040.655972541
18019.180189576
18008.45188607
17976.305286598
17933.532405095
17909.39992239
17897.345860689
17861.232334023
17813.194298438
17786.886488028
17773.74715541
17734.38736769
17682.043207667
17652.152934975
17637.22675065
17592.523884285
17533.096267421
17531.455401345
17519.65392992
17484.297161674
17437.265779217
17412.904125372
17400.736063918
17364.282875531
17315.797393977
17281.320897462
17264.108398041
17212.57369776
17144.09999043
17138.459346844
17116.331720931
17050.120114094
16962.236230788
16919.172211257
16897.681216636
16833.371886472
16748.006680891
16731.76595221
16674.789953284
16648.499467359
16635.369771697
16596.042781732
16543.751384335
16517.489222064
16504.373777663
16465.089897975
16412.856808922
16378.802594943
16361.801992376
16310.905990004
16243.290850846
16209.359098115
16192.419810659
16141.708089342
16074.339434779
16039.555759404
16022.192156595
15970.214051063
15901.172126336
15856.099730101
15833.611462664
15766.337849735
15677.08412415
15620.19850678
15591.8331482
15507.045761579
15394.712707571
15321.150494304
15284.501306452
15175.078913428
15030.399992541
14978.387292259
14876.985760042
14854.783258403
14822.143928775
14724.655610841
14595.667893601
14557.26051621
14464.982980786
14415.144711033
14390.290004419
14315.982720917
14217.502878542
14153.858837432
14122.14373179
14027.424174631
13902.118950908
13897.125275257
13826.637483748
13733.209602708
13675.262158927
13646.380190697
13560.099765195
13445.907192046
13376.02565702
13341.221201649
13237.350266451
13100.112602494
13036.858986778
13005.34680094
12911.266532208
12786.884004431
12709.046319626
12670.305338221
12554.789525589
12402.40504935
12302.725402564
12253.186405701
12105.763075422
11911.954067678
11886.253162006
11769.727949749
11616.136047534
11598.916414296
11488.40429762
11342.690988342
11270.363462054
11234.372831207
11127.0890691
10985.63606627
10919.647404052
10886.801862732
10788.856838458
10659.632837072
10588.036815402
10552.419333804
10446.28417305
10306.429330673
10243.845080528
10212.69561026
10119.814368437
9997.2854124585
9914.2517360991
9872.9938713497
9750.2475884338
9588.9564581895
9505.41930178
9463.9240279513
9340.5219220012
9178.4851542192
9176.4351392846
9136.5172044511
9017.8022572742
8861.9116765339
8847.155117836
8813.6861681448
8714.037091772
8582.9220301962
8519.3552594153
8487.7486356007
8393.6305896391
8269.7613196169
8209.508594372
8179.5470534184
8090.3169285405
7972.8557877487
7914.2994537349
7885.1827568027
7798.4738170883
7684.3432993071
7625.2415736492
7595.8613886977
7508.3983092623
7393.3454728364
7338.3124929292
7310.9498080056
7229.4724075259
7122.2466239781
7067.6920808806
7040.5717105071
6959.833410417
6853.6207618673
6801.5231688648
6775.623065981
6698.5130236102
6597.0629945663
6546.0810702875
6520.7380422114
6445.2961340774
6346.0629164136
6298.9893306515
6275.5836411153
6205.887107544
6114.1609921872
6067.2233796782
6043.88987029
5974.42638669
5883.0487156639
5836.0036173306
5812.6223324623
5743.0390283664
5651.555328476
5608.8139769594
5587.5646687982
5524.2985538321
5441.0566456688
5400.2813196461
5380.0083876462
5319.6450866182
5240.2129111702
5199.3666780806
5179.0631106505
5118.6268876451
5039.1408959875
5000.6903436866
4981.5752285352
4924.667174382
4849.7997582625
4812.0578040443
4793.2971116461
4737.4527497494
4664.0043634632
4628.659193544
4611.0871804661
4558.7703889006
4489.9368532124
4455.7504693698
4438.7550110933
4388.1566027837
4321.5881445386
4288.836761292
4272.5542643901
4224.0767355925
4160.2945720739
4129.0953272527
4113.5835532014
4067.3969970193
4006.6205907153
3976.6928096855
3961.812853226
3917.5062196703
3859.2005320342
3830.2596918268
3815.870759879
3773.0274794568
3716.650444111
3689.1372405446
3675.4571091119
3634.7203386658
3581.1061234203
3554.8229635298
3541.7538097992
3502.8339336803
3451.6052453317
3426.3767728851
3413.831770179
3376.4716781694
3327.2934554055
3303.2013765349
3291.2208320803
3255.5392876218
3208.5649230331
3185.4258443989
3173.9189563299
3139.6470955082
3094.5262523103
3072.293015078
3061.2363697257
3028.3046086086
2984.9460231474
2963.6982906214
2953.1312089189
2921.6554904048
2880.2091107772
2859.8448051944
2849.7167095648
2819.5471274588
2779.8172831372
2760.2882963692
2750.5753113663
2721.6409471919
2683.5347115182
2664.8697583522
2655.5860207202
2627.9284121705
2591.4991637479
2573.5881137411
2564.6790635213
2538.1365315016
2503.1733042801
2486.0346001809
2477.5093022624
2452.1084226576
2418.64522934
2402.2530692112
2394.0986968906
2369.8012841749
2337.7878904562
2322.0386209287
2314.2038179004
2290.8576661931
2260.0954210598
2245.0319967533
2237.5379748358
2215.2056688318
2185.7756012636
2171.3073310782
2164.1091487669
2142.6574645033
2114.385629015
2100.5108463647
2093.6076347842
2073.0338251819
2045.9162370476
2032.6134812408
2025.9945740339
2006.2668938675
1980.2618119214
1967.4856363677
1961.1284922476
1942.1800389987
1917.1999223873
1904.9187985687
1898.8077690045
1880.5920559094
1856.575980292
1844.7808148968
1838.9113629021
1821.4148176572
1798.344776744
1787.007726806
1781.3660311027
1764.5475872052
1742.3697420033
1731.4685918264
1726.0436192416
1709.8704733584
1688.5417694354
1678.0520296055
1672.8316217196
1657.2676408005
1636.7406901653
1626.6373025887
1621.6090201306
1606.617242407
1586.8435840394
1577.1080374937
1572.2626852589
1557.8157647807
1538.7594905635
1529.3745296453
1524.7035354393
1510.7759758672
1492.4035990766
1483.3466797259
1478.8388519384
1465.3973974303
1447.6653129489
1438.9187334862
1434.5652805083
1421.5837912479
1404.4576884338
1396.0058739797
1391.799058767
1379.2545236054
1362.704182633
1354.5299351988
1350.4612172118
1338.3282464645
1322.3203497755
1314.4057090061
1310.4661707538
1298.7182606558
1283.218043917
1275.5689092681
1271.7614570834
1260.4071548011
1245.4256186821
1237.9863038944
1234.2833268556
1223.2407203618
1208.6707722436
1201.4590752892
1197.8693787127
1187.164512793
1173.0400238401
1166.0407660826
1162.5568136593
1152.1672897069
1138.458880564
1131.6505365041
1128.2616479935
1118.15575254
1104.8218935829
1098.1992359413
1094.9028086588
1085.0727772249
1072.1032167243
1065.6497041434
1062.4375298278
1052.8589851969
1040.2217913595
1033.9280335067
1030.7954486869
1021.4545261978
1009.1315030568
1002.9879097249
999.93015292086
990.81270150776
978.78528872629
972.78194249737
969.7940913032
960.88548771559
949.13451970724
943.26027790897
940.33680438109
931.62063681592
920.12462781713
914.37035174962
911.5067223875
902.96953243025
891.71086538454
886.06689104905
883.25831390322
874.88588438667
863.84596864819
858.30307734059
855.54498307193
847.32376444955
836.48489885243
831.03384452071
828.32165257537
820.2380713226
809.58254476172
804.21360159819
801.54249665615
793.58229510107
783.09153038816
777.79451737434
775.15946219266
767.30773927406
756.96235251257
751.72554478089
749.12074238444
741.36036595201
731.13810867974
725.94704559699
723.36535142118
715.67522664297
705.54875035685
700.38340894085
697.81493624397
690.16589569309
680.09744131503
674.92617146199
672.35530041544
664.70129504183
654.63132275195
649.39499338208
646.79255633101
639.04765382532
628.86518798961
623.4219705779
620.71805514772
612.67647079987
602.11618505073
595.85928081559
592.75525289731
583.53985254151
571.47513055957
565.79425681735
562.97503194268
554.60136345833
543.62989608072
538.54512440797
530.21735067248
529.38970722506
527.57359433707
522.16255242515
515.03406253058
513.72583883806
512.13469516498
507.39077250787
501.13382843548
498.31848249072
496.916746159
492.73515097583
487.21437763936
484.69890885968
483.44604880065
479.7068658634
474.76623779516
472.51798578
471.39785531354
468.05337090983
463.63094071615
461.62869265093
460.63081349106
457.65009990421
453.70579749323
451.93815588024
451.05691921752
448.4235059329
444.93618923801
444.4624583908
443.69351019323
441.39463848662
438.34799398116
438.27998909897
437.63090281843
435.68940610449
433.11413580094
431.7126082597
431.0135460729
428.92314413796
426.15170414436
424.66814375221
423.92830139382
421.71649901879
418.78536994068
417.23307033511
416.45907950856
414.14571127374
411.08119778481
409.43989690868
408.62170547122
406.1769282613
402.93996370389
401.15122791521
400.25983987761
397.59754268649
394.07533894164
392.03907244995
391.02488820761
387.99805034342
383.99868233499
381.60053588171
380.40708476
376.84907993867
372.15678673341
369.48232948884
368.15231679056
364.1909356213
358.97532092003
356.01390151532
354.54236583762
350.16415293278
344.41052358987
341.00162929477
339.30985563402
334.28472780199
327.70013363633
323.59654997525
321.56406838009
315.54289870356
307.68968708198
302.76325365756
300.32969517953
293.14575558912
283.83376546461
276.44356582493
272.82093914133
262.23541343688
248.757507742
246.70936838983
238.70936679777
228.44477104353
223.28192892427
220.74442890433
213.30364739674
203.77128791581
198.11599233866
195.34747656832
187.27190170862
177.02137508538
171.65044336012
169.02639883713
161.39250692221
151.74759214207
147.16671792557
144.92840141241
138.41564956293
130.18495244885
126.26924451671
124.35578065498
118.78761632137
111.74928575554
108.39217752246
106.75163443295
101.9774880623
95.942422969054
93.059803597191
91.65113674697
87.551789990975
82.369784660946
79.892798668687
78.682379722241
75.160046906014
70.707658056807
68.57862559725
67.538271032994
64.510948028593
60.684541396727
58.854513249937
57.960299477374
55.358353844099
52.06987862237
50.497016759191
49.72849314215
47.492390910366
44.666543780251
43.314949530678
42.654567638617
40.733219686493
38.305370672274
37.144177891739
36.576849113486
34.926326715827
32.840902006482
31.843543020568
31.35628010145
29.93877274158
28.14793940711
27.291534241396
26.873152844077
25.656099842203
24.11866836935
23.383508430041
23.024374758819
21.979730593593
20.6602256353
20.029333335757
19.721148840385
18.824756246617
17.692623327026
17.151374614581
16.886991424955
16.118043894085
15.146969068878
14.682768944089
14.456031205688
13.796610877698
12.963935737169
12.565938851719
12.371546099351
11.80622582458
11.092443695394
10.751313512473
10.58470289966
10.100203214969
9.4885248744317
9.1962259299421
9.0534706450637
8.638363898049
8.1143429843374
7.8639616240583
7.7416832325684
7.3861382725769
6.9373480660075
6.7229377183778
6.6182305045469
6.313792330233
5.9295468051222
5.745994417766
5.6563600770762
5.395759637803
5.0668727041491
4.9097834525316
4.8330747204904
4.6100647515214
4.3286424683087
4.1943067856382
4.128710493349
3.9380130058538
3.6973801240893
3.5824211657549
3.5262890746285
3.3631150221285
3.1572342303127
3.058936898414
3.0109419006221
2.8714281132141
2.6954133875468
2.6113854019035
2.5703588923726
2.4511063372035
2.3006647408037
2.2288529951329
2.1937921048537
2.0918840168069
1.963332162482
1.9019758016442
1.8720204547636
1.7849555210378
1.6751350001086
1.6227243465714
1.5971371855041
1.5227711134652
1.4289746039608
1.3842157694216
1.3623648596734
1.2988600397294
1.2187676604139
1.1805520729919
1.1618960112001
1.1076781774667
1.0393026971384
1.006680871922
0.99075596834008
0.94447689927509
0.88611658818929
0.85827555908167
0.84468480985337
0.80519023964441
0.75538831297774
0.73163222302137
0.72003582634562
0.68633785076378
0.64384759710307
0.62358101107776
0.61368821397271
0.58494156950114
0.54869637801369
0.53140994246389
0.52297203482791
0.49845371715798
0.46754132746251
0.45279945211616
0.44560374868551
0.42469550642772
0.39833589380151
0.38576617395442
0.37963084705168
0.36180415141045
0.33933054205905
0.32861467961015
0.32338432422129
0.30818746970869
0.28903004965985
0.27989606435505
0.27543789362968
0.26248493309412
0.24615687524836
0.23837242244718
0.23457300387415
0.22353425672561
0.20961973610786
0.20298638013943
0.19974883856925
0.19034275708291
0.17848668176379
0.17283498720309
0.17007660747298
0.16206280560361
0.15196201633728
0.14714734133354
0.14479751387462
0.13797079381822
0.1293665241336
0.12526542187115
0.12326388533307
0.11744912781079
0.1101205545536
0.10662768611346
0.10492301987101
0.099970801486425
0.09372951422023
0.09075501248786
0.089303349383472
0.085086200194829
0.079771478371497
0.077238690746801
0.076002614871685
0.072411814162864
0.067886584009579
0.065730140000417
0.064677743169582
0.061620576768454
0.057767951029013
0.055932112778317
0.05503618914813
0.052433608289611
0.049153932536233
0.047591180984874
0.046828536792222
0.04461315188737
0.0418214739477
0.040491307794608
0.039842174923051
0.03795655085194
0.035580470018219
0.034448368161747
0.033895897679944
0.032291082128508
0.030268893657615
0.029305443260389
0.028835279656854
0.027469565366153
0.025748698634461
0.02492883896187
0.024528751053195
0.023366603367844
0.021902269806241
0.021204653716702
0.020864222913294
0.019875373722754
0.018629423934714
0.018035864510844
0.01774621475579
0.016904877964142
0.015844813032334
0.015339822766237
0.015093395520753
0.014377612905941
0.013475758978429
0.013046148649699
0.012836507119951
0.012227579560032
0.011460370948871
0.011152158621861
0.011001174891464
0.010560377978384
0.0099999997764826