0.23515535431453682
0.23516650786763169
0.23517208563702546
0.2351888193507612
0.23521113478262412
0.23521394832034756
0.23521650361030827
0.2352170669686403
0.2352195080751679
0.23522067987147438
0.23522125867322852
0.23522299855385123
0.2352253137857464
0.23522663029108068
0.23522728852160038
0.2352292632196872
0.23523190472426453
0.23523321282260265
0.23523387193312711
0.2352358532117886
0.23523847334238437
0.2352398722149925
0.23524056794522233
0.23524264267814862
0.23524544297777056
0.23524686131343583
0.23524758015502203
0.2352497366874875
0.23525261212498638
0.23525697318845876
0.2352591538712352
0.23526572207968105
0.23527436299590299
0.23527577188046336
0.2352789081351424
0.2352804667207834
0.23528508664349881
0.23529143754258797
0.23529284169798925
0.23529458293895494
0.23529546603891477
0.2352981153501851
0.2353016364515178
0.23530370336811815
0.23530473335516205
0.23530782333161174
0.2353119700530094
0.23531397140145965
0.2353149802912482
0.23531800697526634
0.23532201665061192
0.23532409276085306
0.23532512516497134
0.23532821622607825
0.23533234602739447
0.23533478805191807
0.23533600917607791
0.2353396579825778
0.23534457303035733
0.23534706697521904
0.23534832736046624
0.2353521085388255
0.23535715029788393
0.23535979471646049
0.23536112060453362
0.2353650982936855
0.23537041920522994
0.23537343087171375
0.23537493527430325
0.23537946655184383
0.23538548436563553
0.2353888056356018
0.23539045747947518
0.2353953933405975
0.23540204209205937
0.23540522376921147
0.23540682799603396
0.23541164071277634
0.23541801663734396
0.2354210436099672
0.23542254446428934
0.23542704705933973
0.23543305078612536
0.23543678577593463
0.23543865755993643
0.23544428410134105
0.235451701365625
0.2354554268012644
0.23545728236538746
0.2354628160986529
0.2354702390261228
0.2354745644131058
0.2354767382017706
0.2354832596338229
0.2354919274758126
0.2354964712452877
0.23549872964755036
0.2355055453399714
0.23551446531844492
0.23551538592130888
0.235517298101536
0.23552304609558886
0.23553069525178807
0.2355357356582455
0.23553825045049578
0.23554576500680416
0.23555588726345586
0.2355617860610871
0.23556475290803716
0.23557374192914898
0.2355853870269005
0.2355862287340835
0.23559365610963331
0.2356035600047465
0.23561973090890723
0.23562781843166408
0.23565217788271947
0.23568412991888163
0.23569377691484347
0.23569959188131165
0.23570245736310114
0.23571101996570182
0.23572259033851037
0.23572827038332636
0.23573116354682783
0.23573982605800464
0.2357513261075536
0.23575717966919954
0.23576008419925484
0.23576876353020956
0.23578052858337487
0.23578292563029563
0.23578569064039107
0.23579400210738385
0.23580492477276332
0.23581046419538043
0.2358131827030896
0.23582133832855462
0.2358322133764835
0.2358524055120101
0.23586252720107545
0.23589259519417421
0.23593397979707534
0.23593910983895217
0.23594387354343946
0.23595827767060218
0.2359770963460524
0.23598606067545744
0.23599042382134883
0.23600348777723162
0.23602116118511315
0.23602898914442477
0.23603298992178048
0.23604489856010702
0.23606105253614038
0.23606937511262163
0.23607363742376572
0.23608632464138268
0.23610364258478506
0.23611164038858845
0.23611575090587786
0.23612815526076578
0.236144498865578
0.23615319215694475
0.23615748316569868
0.23617040683970683
0.2361874685649059
0.23619748296592097
0.23620243993256482
0.23621739851893708
0.23623698266910276
0.23624704859369722
0.23625195435966492
0.23626678738270693
0.23628635571237672
0.2362974978551099
0.23630304078551778
0.23631963761416758
0.2363417438019184
0.2363536924479645
0.23635962844117042
0.23637764564586494
0.23640102941341065
0.23641365611210624
0.23641982955229557
0.23643827853153285
0.23646282273176036
0.23647457982845196
0.23648039566201412
0.23649797961435037
0.23652110575641758
0.2365416856645689
0.23655185497946832
0.23658272080078918
0.2366229172664402
0.23664349632374448
0.23665355581560382
0.2366835019187429
0.23672461866309338
0.23674343384326557
0.23677469307929153
0.23678871667857526
0.23679595785917337
0.2368178922515539
0.23684651420731562
0.2368634628007921
0.23687175672201666
0.23689668739568026
0.23692987220658815
0.2369456364056362
0.23695354857679873
0.2369770583177523
0.23700919293692646
0.2370242740530411
0.2370320024447431
0.23705527772311344
0.23708629536153616
0.23710382220675794
0.23711258449521475
0.23713897319050084
0.2371738231582422
0.2371940980795523
0.2372041152491099
0.23723439892434176
0.23727436527642434
0.23729492646530445
0.23730518566095202
0.23733584749574335
0.23737664631596372
0.23739665994946832
0.2374065861667074
0.23743653655639468
0.23747589558247376
0.23749955171154458
0.2375112529997212
0.23754602578805953
0.2375936916077761
0.23761478496369098
0.23762572375300967
0.23765835562706766
0.23770238546854414
0.23773031957848142
0.23774434728593202
0.23778659268917038
0.2378427295082784
0.23788147307364813
0.23790075627558682
0.2379587201099595
0.23803566743425592
0.23807502499801086
0.23809461589522019
0.2381533937414818
0.238231333632553
0.23824401203620235
0.23826073301793624
0.23831127499206942
0.23837701100264358
0.2383859411346239
0.2384009325654313
0.2384459098778669
0.2385059061380128
0.23853678066404904
0.23855224554993681
0.23859881572097008
0.23865997713515374
0.23869130987426543
0.23870676434780827
0.23875321663386884
0.2388145255842734
0.2388492743614041
0.23886650130868253
0.23891828128534623
0.238986422334011
0.23901985067613546
0.2390363184058558
0.2390853630981296
0.2391518435814169
0.23918680178121027
0.2392046424269429
0.23925807066001553
0.23932947674120408
0.23936604914522897
0.2393843844154093
0.23943909395926818
0.23951268158062955
0.2395600032430115
0.23958375115568425
0.23965513221838278
0.23974991966122763
0.23980758476723385
0.2398363243122136
0.23992224210165863
0.24003863400877143
0.24005241879681644
0.24007955554162025
0.2401608292876324
0.24026916041635174
0.24032741441250532
0.24035647201417287
0.2404439676596002
0.240558990733626
0.24058235912149473
0.2406124303776586
0.2407018557479997
0.2408239403637817
0.24087800072108134
0.24090584314078342
0.2409898232013146
0.24109975115036014
0.24115637521855388
0.24118431002239435
0.24126709823087852
0.24138048016669839
0.2414397356466597
0.24147016108302635
0.24156097232796467
0.24168346026299328
0.24175676021207557
0.24179374953912877
0.24190492873038055
0.24205306863213055
0.24215866798939253
0.24221160699824418
0.2423690967819388
0.24258467496900588
0.24261913672452032
0.2427872838489846
0.24286592666064397
0.24298832357298156
0.24306348148819784
0.24310084240258742
0.2432137038533018
0.24336295149852818
0.24346178145635985
0.24351085949117096
0.24365837274205338
0.24385553664784532
0.24396700464185064
0.24402266683646995
0.24419080509998317
0.2444133063633212
0.24453688166122398
0.244598362638711
0.24478270442859137
0.24502943121450124
0.2451704905543487
0.2452410519127259
0.2454534900743098
0.24573787338118372
0.24574490477939465
0.24580153586231668
0.24597079187426157
0.2461994544920559
0.24631588067485005
0.246375002635503
0.24655171340030888
0.24678894132326457
0.2469572999162815
0.2470417795789596
0.2472968974594595
0.24763199690760068
0.247662835231856
0.24777299000749284
0.24810463309951888
0.24854687622361168
0.24876560838136055
0.24887494635497623
0.24920460162841626
0.24964144951255376
0.249726518247403
0.2500265644140123
0.2501605325972891
0.25022929089325574
0.25043456881885817
0.25071275012644884
0.2508492884656758
0.2509188406769629
0.25112725786266465
0.25140671694995287
0.2515885942835336
0.25168016279661026
0.2519539974997239
0.25232339667445064
0.25250630175079414
0.2525992135348662
0.25287747333519306
0.25324938200313346
0.2534427936222178
0.2535396401886316
0.25383009983096966
0.2542191097956181
0.25447358050927993
0.2546016126797812
0.2549861776524316
0.255499301174876
0.2558299965020934
0.2559955296803546
0.25649379078673284
0.2571587221868802
0.25759987463572126
0.2578216003500221
0.2584882463566814
0.25937504998890754
0.25970238635355125
0.26034477531399686
0.2604815630244532
0.26068966484726713
0.26131188052585436
0.26215595754655696
0.26240216349352685
0.2630130347097321
0.2633434762220112
0.26351007966307755
0.26401023889039593
0.26468003480016294
0.26511639765198425
0.26533595190282616
0.26599668780579067
0.26687532145707366
0.2669150318484948
0.2674193837805143
0.2680925358392976
0.26851568558925615
0.26872788868803604
0.26936505831705226
0.27021924381936624
0.27074734616009943
0.2710132557855461
0.27181267120350233
0.27288126186758044
0.2733843854441237
0.27363598545351514
0.2743926678704126
0.275404955288845
0.2760483794109907
0.27637235459334913
0.27734602069222547
0.27865269009594223
0.27952299594355484
0.2799624731734165
0.2812829889782374
0.2830623987982991
0.28330285550499484
0.28440032493520495
0.2858833125733654
0.2860479704210839
0.287136984260004
0.28859733256982895
0.2893371945711791
0.2897093852676596
0.2908269775174625
0.2923323337965014
0.29304321651274545
0.2934025070717943
0.294481322832376
0.2959324944489152
0.2967479712125645
0.29715976114552867
0.2983964995695257
0.3000640730142432
0.30081972853843275
0.3012017706617137
0.30234904278750285
0.3038934053788927
0.3047410434860419
0.30516931147151977
0.3064574402426615
0.30818757940630626
0.3092902823516661
0.30984759372909426
0.31152288940628975
0.3137841087106175
0.31404979763154606
0.31458345046131647
0.31618746154306593
0.3183518522221224
0.3193478249839889
0.31985123214417993
0.3213644292391206
0.323404326005803
0.3244190231405356
0.3249321392022839
0.32647407282046015
0.3285537367102568
0.3295590605677405
0.3300675121201999
0.33159565739153274
0.33365479325963004
0.3347834143169069
0.33535429982806575
0.3370714938816041
0.3393847329057163
0.3407875012858355
0.34149828982284736
0.34363569075099737
0.34652696030511226
0.3470930936470646
0.34906457689598164
0.3517274201718924
0.3530038500958211
0.353650001855647
0.3555927000128891
0.35821661023641793
0.35946641338234936
0.3600992032444991
0.36200200994103743
0.36456844085255813
0.36605168243590314
0.3668034171048926
0.3690643740733806
0.37212194499004103
0.3735412157808486
0.3742603668713215
0.37642335010143985
0.37934464742636886
0.38092910555073806
0.3817326000212866
0.38414969293760326
0.3874206921829286
0.3889420183638662
0.3897134701764674
0.39203415408285774
0.3951714063937032
0.3968195759202069
0.39765593126317517
0.40017221547968174
0.40357807917399896
0.40527662156143485
0.40613900759736815
0.4087338772918053
0.4122468561683312
0.41406941159428406
0.4149955100860094
0.41778264113774755
0.42156036603377595
0.4234300137145715
0.4243805316048335
0.42724120994806886
0.4311201052768037
0.43306608869401164
0.43405607360301013
0.43703572533820273
0.44107787450428904
0.44313486759762216
0.4441820598795011
0.4473344008491982
0.4516136845000596
0.45378522557408396
0.45489139321596256
0.45822165574431634
0.4627456702349737
0.4650051857338397
0.46615660445502555
0.4696232374326755
0.47433375935621086
0.4767193613729767
0.47793559402930375
0.48159771474982904
0.4865762797881678
0.48908472711509215
0.49036396922799813
0.494216007365532
0.4994548085410419
0.5020708763876657
0.5034051006524041
0.5074231865532077
0.5128874729706208
0.5156717367037446
0.5170920412018094
0.5213700160327837
0.5271900078204267
0.53012782748718
0.5316265287374643
0.5361410708785076
0.542284407992243
0.545355283713833
0.5469217255475681
0.5516407172925494
0.5580617551543694
0.5613081338864812
0.5629640814608378
0.5679532863975902
0.5747434916980786
0.5781407980146325
0.5798735002492715
0.5850944623306649
0.5921992252900199
0.5958035074878395
0.597641755993808
0.6031815606541067
0.610721769326573
0.6145215174669748
0.6164592543258829
0.6222995504394278
0.63024936480683
0.6342479406816018
0.6362868085570074
0.6424325417317978
0.6507985433385198
0.6549924477119972
0.6571305300998137
0.6635760215069657
0.6723491682015023
0.6767872425908402
0.6790495852800559
0.6858705603686192
0.6951559464298999
0.6998262993971891
0.7022065916513609
0.7093840183943546
0.7191543490379791
0.7240740931167688
0.7265809944843942
0.7341410479834968
0.7444321093871421
0.7496051538991276
0.7522404840569819
0.7601886316935317
0.7710072835075045
0.7764438275880042
0.7792126340455601
0.7875641630395124
0.7989307866949781
0.804641634871829
0.8075492410440401
0.8163203481423029
0.8282561645322541
0.8342710653919735
0.8373324803264535
0.8465686271984794
0.8591359729824558
0.8654549111808982
0.8686698578012734
0.8783701805862787
0.8915666617343808
0.8982092977220533
0.9015875619932627
0.9117817086053984
0.9256475297262986
0.9326138599304838
0.9361551295297332
0.9468421516001996
0.9613745805128167
0.968691582705123
0.9724093452581934
0.9836302003352202
0.9988847813234929
1.0065621211218605
1.010460953644437
1.0222294994631826
1.0382241677825168
1.0462751791520382
1.0503615367070456
1.062697339552811
1.0794579696125544
1.087889646553696
1.0921667312054661
1.105079525861189
1.1226181076064636
1.1314481563629095
1.1359245768521085
1.1494405464110171
1.1677918658587096
1.1770308020948648
1.1817114837918594
1.1958455784928532
1.2150288292950326
1.2246881169823316
1.229578432743882
1.244346995499841
1.2643831401020216
1.274475246927568
1.279581024372784
1.2950018185094188
1.3159136187056577
1.3264509570863292
1.3317779289773453
1.3478684117666937
1.369678157163449
1.3806686345276882
1.386220196181869
1.402990763606773
1.4257107263024567
1.4371657022384818
1.4429469062789746
1.4604129875254364
1.4840623288888901
1.4959869547425522
1.501999644761763
1.5201669948955576
1.5447511839194734
1.5571445423631731
1.563387351158809
1.5822519374231097
1.6077630507519143
1.6206587825719918
1.627147840120702
1.6467589529120252
1.673261868657103
1.6866483573681068
1.693376699376359
1.7137133961051125
1.741176496248504
1.7550350399592667
1.7619921030603671
1.783022540730898
1.811399309537964
1.8257234060719707
1.8329047337546671
1.8546157398115113
1.8838852237175008
1.8986850162526936
1.906094441011816
1.9284981679694424
1.9586738478442456
1.9739410811330056
1.9815731059442916
2.0046533947390195
2.035710029284308
2.051414599870189
2.059252762705448
2.0829601450525184
2.1148273523812855
2.1309615208249144
2.139000479230265
2.1633194866987497
2.195973150023791
2.2125134257438868
2.2207399647111203
2.2456312589972973
2.2790150018880824
2.2959334488260064
2.304332127194197
2.329749710987408
2.3637983651482464
2.381068739646837
2.3896249284664934
2.4155254255189735
2.4501775536371544
2.467764876193634
2.4764596398857646
2.5027866738548274
2.537963597478072
2.5558307472764623
2.564644101575479
2.5913382399730733
2.6269574999122973
2.645064332716663
2.6539748312399642
2.6809723289592235
2.716945976236132
2.7352516901825674
2.7442375532790977
2.7714738049190664
2.8077130753556503
2.8261737828956104
2.835211746113302
2.862617769299557
2.8990283792642413
2.917601016551223
2.926668195621824
2.9541763175990607
2.99066607666249
3.0093095464487716
3.018383960855031
3.045929483741493
3.0824103083178067
3.1010918404101524
3.1101553240015476
3.1376854555263423
3.174085159670463
3.192785668472003
3.2018262655802414
3.2293076180492486
3.2655793395558566
3.284312797826015
3.293333413584678
3.3207788462587557
3.3569357253491274
3.375787725957129
3.3848231111266016
3.412344778921666
3.4485277205049565
3.4677831390479463
3.476955678208918
3.5049394911317693
3.54164026651419
3.5624358916052965
3.572237081103088
3.602226006380504
3.6414144672439077
3.664016980212462
3.6745232961983176
3.706794784512476
3.7487808235405002
3.761079098693903
3.7911116512485052
3.791993341180369
3.7981589293814193
3.816961156403868
3.8415565556528923
3.8457069694819612
3.8509638283206833
3.8669719138450676
3.8879328866820084
3.8973191006177816
3.901814055390263
3.9154837595517393
3.933396387317241
3.94155672605137
3.9454723826767846
3.9573666113745767
3.9729572847280425
3.9800969260474526
3.983527787868276
3.99393735877095
4.007579082777129
4.0138053518841215
4.016799828550952
4.025873951172293
4.0377552417743034
4.043136662399914
4.04572468069309
4.053556320900359
4.063792746249192
4.068365945800015
4.07056285808386
4.077201167738244
4.085853645549262
4.087208360549729
4.08904166953303
4.094573888048855
4.101764201338918
4.101966675425864
4.103431539604956
4.107846862772625
4.1135742861703655
4.116655319394071
4.118108214753476
4.122484178750719
4.12809237105066
4.131036138828359
4.1323916666123575
4.1364689818410945
4.141588861009073
4.14420879836553
4.145365016744795
4.148837425307811
4.153033839999859
4.155141498705243
4.155987160204188
4.158524319538742
4.161311857359972
4.162618799172214
4.162981974146589
4.16407485831461
4.164702036373943
4.164670897947664
4.1642540596515145
4.163018782194095
4.1602264869134
4.157971336479241
4.156305715202042
4.151338700243463
4.143177316429487
4.137904240862504
4.13472796011392
4.125204709285456
4.110896169813629
4.101653782215063
4.096515604316653
4.081015047722454
4.058695413931134
4.043571461341894
4.035627310497336
4.011438420797747
3.9775957911402884
3.9554281851023565
3.9444736786270505
3.91057459821346
3.864498631138412
3.828421233203272
3.812122909109498
3.7596998703641322
3.69087913284041
3.660219637952415
3.6099674310518117
3.583027402593298
3.5714763063107537
3.533695520583644
3.484928284260624
3.4500048909853795
3.436296868179573
3.388771777033588
3.3289469084677767
3.2896919047564777
3.2758425508533
3.2244356023510603
3.1613554388703786
3.1250848553925863
3.1131158237363192
3.0671458091271004
3.0110325204875057
2.978142852414007
2.9677513583137474
2.92660338626448
2.8766061921109203
2.846643161728468
2.8375628789873972
2.800500029710225
2.7556823965303563
2.7282669953801593
2.7202951692801527
2.6867457999295516
2.6463586683705933
2.6211736146943343
2.614140924679177
2.5836226230938384
2.5470275030587164
2.5237897068082913
2.5175498036190898
2.489639354804245
2.456282090027686
2.4347376393077935
2.4291651338885245
2.403493769055765
2.3729000575802135
2.3528265031585813
2.347816406350287
2.3240701132068557
2.295842951718143
2.277050734494031
2.272517067778663
2.2504344738527102
2.224247896976562
2.2065789561684963
2.2024524167945496
2.1818194558032795
2.157409080981396
2.140733311904131
2.1369584936691792
2.117601255591348
2.094753623138683
2.07896438852033
2.0754970330814175
2.0572742937175375
2.0358166386109815
2.020826264528172
2.017630825184871
2.0004272173025637
1.9802185677872932
1.9659543385872658
1.963001965871802
1.9467222224930565
1.9276461229044362
1.914046967638077
1.9113139178807643
1.8958782647912125
1.877837065916377
1.864850939031439
1.8623173545260847
1.847657945459656
1.830568444459393
1.818150314810206
1.8157993071352179
1.8018575253594162
1.7856476934650207
1.7737580281560974
1.77157499773939
1.7582994406274388
1.742905992186732
1.731509625216285
1.7294817596081726
1.7168267439115938
1.7021933389718273
1.6912586307868211
1.6893745354791427
1.677298991128548
1.6633749068451207
1.6528731200677707
1.6511225463148147
1.6395891962824611
1.6263283414488618
1.6162331758639454
1.614606818853682
1.6035815681545147
1.5909417474114995
1.5812289923371212
1.5797183400290862
1.5691698176196218
1.5571121771308765
1.5477621586969326
1.5463592161366708
1.5362612717828914
1.524752077941375
1.515740000995534
1.5144377756377263
1.5047584016649673
1.4937602878665717
1.485068035186533
1.4838596649651203
1.4745766190308291
1.4640607223552058
1.4556709971476303
1.4545502179535543
1.4456400953997484
1.435577386767412
1.4274732549719718
1.426434231020531
1.41787513608676
1.4082384729053337
1.4004040781257545
1.3994413635609098
1.3912128173239884
1.3819768161919515
1.37439730709929
1.37350581487683
1.3655886484643687
1.356729553577532
1.3493910120672652
1.3485659870860158
1.3409422477683302
1.3324378149679967
1.3253271921390517
1.324564187626068
1.3172170551610058
1.309046448687582
1.3021515069778833
1.3014463634219273
1.2943600747209076
1.286503773839623
1.2798130344979133
1.279161860590456
1.2723216411650378
1.2647613549001844
1.258264049564591
1.257663204848142
1.2510552055428197
1.2437737941611873
1.237459820341938
1.2369058991846682
1.2305171379603725
1.2234985409840138
1.2173584201454266
1.2168482369760805
1.2106665446194125
1.2038957133871069
1.1979205518543283
1.197451127376103
1.19146509687659
1.1849279303287132
1.1791093842700806
1.178677932555251
1.172876872008197
1.1665601597407937
1.16089039954834
1.160494316061083
1.1548682041278704
1.148759568555055
1.143231248902633
1.142868099107694
1.1374075432449964
1.1314953913283146
1.126101618691408
1.125769127577621
1.1204653252713215
1.1147387970466487
1.1094731033271408
1.1091691453576877
1.104013847244158
1.098462770385759
1.093319085940121
1.0930416756644334
1.088027150925076
1.0826419960199458
1.0776146261448791
1.077361909465602
1.0724809125727226
1.0672527589457805
1.062336356209894
1.0621066019765406
1.0573523440332253
1.0522728343115468
1.0474623817863118
1.0472539741558549
1.042620091655328
1.037681400916894
1.0329721863783117
1.0327836170845457
1.0282641465843136
1.0234589447832256
1.0188465461329939
1.018676408305318
1.0142657607992553
1.0095871845439357
1.00506744999301
1.004914430548054
1.000607367835735
0.9960489912516245
0.9916180132566959
0.9914808888126386
0.9872724966200043
0.9828282922099731
0.9784824147819104
0.9783600422650962
0.9742457240018639
0.9699100500471854
0.9656458305115866
0.965537147573463
0.9615125776049123
0.9572801587992962
0.9530943560311426
0.9529983680093904
0.949059504349766
0.9449253877484625
0.9408149535404555
0.940730739110061
0.9368737817832729
0.9328333090433384
0.9287953980539768
0.9287220936268451
0.9249434796495724
0.9209923382598395
0.9170242438298238
0.9169610468041463
0.9132574321593447
0.9093915348096577
0.9054907286189342
0.9054368920841923
0.9018051283548898
0.8980207017367058
0.8941847573206518
0.8941395870542683
0.8905767570975689
0.8868701348992515
0.8830968555832023
0.8830596998458803
0.8795630464992501
0.8759307271019007
0.8722181296498405
0.8721883901539962
0.8687552165191273
0.8651945097937366
0.864230992651921
0.8640676845436559
0.8634745139070047
0.862689957960367