0.23519647568888583
0.23520764311912015
0.23521322782897824
0.23522998237106163
0.2352523255907913
0.23525514259422664
0.2352577010764507
0.23525826512591122
0.23526070928386233
0.23526188252507804
0.2352624620480624
0.23526420409305862
0.23526652221015068
0.23526784035571827
0.2352684994063749
0.2352704765649692
0.23527312135194905
0.23527443108800744
0.2352750910183028
0.23527707475706452
0.23527969816423655
0.23528109876750034
0.23528179536243513
0.2352838726873999
0.23528667644927836
0.23528809657207794
0.23528881630895557
0.23529097552741077
0.2352938545465062
0.23529822104254777
0.2353004044418983
0.2353069808057059
0.23531563257772978
0.2353170431662818
0.23532018330580892
0.2353217438323344
0.23532636956844294
0.23533272825348905
0.23533413422655608
0.23533587766512984
0.23533676186612693
0.23533941448068355
0.23534293998481437
0.23534500947358608
0.23534604074616539
0.2353491345794587
0.23535328644856024
0.2353552903086869
0.2353563004558126
0.23535933091206904
0.23536334561304093
0.23536542430066354
0.2353664579925391
0.23536955291607306
0.2353736878693151
0.2353761329413208
0.2353773555893241
0.23538100896512476
0.235385930114856
0.23538842719867403
0.23538968915584427
0.2353934750503276
0.23539852309840342
0.23540117082932188
0.2354024983743102
0.23540648103460166
0.23541180857828897
0.2354148240174612
0.23541633030626974
0.23542086724615072
0.2354268926067069
0.23543021800709757
0.23543187191478784
0.2354368139645041
0.23544347098073098
0.2354466566629961
0.23544826289487406
0.23545308162735923
0.23545946556702343
0.2354624962968738
0.23546399902771037
0.2354685072528088
0.23547451848753678
0.23547825815267007
0.23548013227528333
0.23548576583526823
0.23549319244452663
0.2354969225071417
0.23549878038368147
0.23550432104914437
0.23551175322917425
0.23551608405395022
0.2355182605637298
0.23552479016018624
0.23553346888565996
0.23553801832701138
0.2355402795631182
0.23554710376535165
0.23555603506331205
0.23555695671146112
0.23555887129209874
0.23556462649021973
0.235572285251125
0.23557733196330538
0.23557984990781292
0.23558737391702905
0.23559750879900326
0.23560341504587382
0.23560638562101743
0.23561538584431327
0.235627045822732
0.2356278883904006
0.23563532508725854
0.23564524141408844
0.23566143262329145
0.23566953030257018
0.23569392025489327
0.2357259128999249
0.23573557180301324
0.2357413939932987
0.2357442630800059
0.23575283649318263
0.23576442131160424
0.2357701086068822
0.2357730054055093
0.2357816788209043
0.2357931934048668
0.23579905429089068
0.23580196247965332
0.2358106527825218
0.2358224325035171
0.23582483270031443
0.2358276011916723
0.23583592310707388
0.23584685967930505
0.2358524059819668
0.23585512792100508
0.2358632938421253
0.23587418262160112
0.2358944002632022
0.2359045347155628
0.23593464096839786
0.23597607686827154
0.23598121413351142
0.2359859838806907
0.2360004061612045
0.23601924898394525
0.2360282244226737
0.23603259310303426
0.23604567366203902
0.23606336926294386
0.2360712073081397
0.23607521314485067
0.23608713694803998
0.23610331120156097
0.23611164452967973
0.236115912235739
0.23612861562428555
0.23614595521033432
0.2361539634291982
0.2361580791749702
0.23617049923215697
0.2361868637471617
0.23619556797106359
0.2361998644371366
0.2362128044963248
0.23622988804757725
0.23623991509803138
0.23624487838175484
0.2362598559406541
0.23627946533559047
0.2362895438442413
0.23629445588072323
0.23630930774157322
0.23632890116340088
0.23634005743018596
0.23634560741927288
0.23636222542507968
0.23638435986095974
0.2363963237143598
0.23640226730632152
0.23642030735300576
0.23644372147974646
0.23645636397184328
0.236462545285572
0.2364810178813359
0.23650559357939802
0.23651736562185305
0.2365231761678234
0.236540846297065
0.23656388305415568
0.236579089278887
0.23658656650949955
0.23660899897090698
0.2366391034650587
0.23665347288298208
0.2366606801523274
0.23668259703694472
0.23671099184408487
0.23672493394997804
0.23673172774021392
0.23675191339585958
0.23677942187677048
0.23679470255750462
0.23680252292365284
0.2368256242103711
0.23685767197524848
0.2368715983506105
0.23687890434292747
0.23690073868381833
0.2369301455026989
0.23694451512729708
0.23695177424465352
0.23697359410865218
0.2370024641260419
0.2370182475334525
0.23702609523082704
0.2370496391690471
0.23708103839518704
0.23714375079087605
0.23717507032653487
0.23726922259210828
0.23739463480588352
0.23745150349428132
0.23747999601687272
0.2375645132227285
0.23767994280920282
0.23770900288012392
0.23775366089236077
0.23778287661401232
0.23779741956855294
0.2378405589253733
0.237899620467432
0.23792672984291333
0.23794065745796447
0.23798236422365598
0.23803876874377464
0.2380647577261942
0.2380779588406933
0.23811763903426783
0.23817062767229327
0.2382018015782763
0.23821737607955415
0.23826454071396055
0.23832595369251913
0.23835654455917846
0.23837142490783356
0.23841623553460745
0.23847544059171014
0.23852081159572575
0.23854347500090772
0.23861122008697522
0.2387019447826065
0.23875203047321775
0.23877715633839186
0.2388528213233315
0.2389522289187087
0.23896900297361942
0.2390343763503583
0.23911928919835485
0.2391217448505833
0.23913957110638195
0.2391932503063803
0.2392639786737486
0.23930480512870714
0.2393249447650189
0.23938503784139303
0.23946704733703963
0.2395023967965883
0.23952056822028164
0.23957538510189433
0.23964791620096731
0.23969558761592244
0.23971942046666558
0.2397904101795492
0.23988579934534707
0.23990498945970953
0.2399288221837581
0.23999955606103932
0.24009631324420466
0.24014489123416016
0.24016973957262333
0.2402444271912247
0.24034448277938245
0.24039285089231743
0.2404172297969501
0.2404903745654814
0.24058740682613494
0.24063431521305456
0.2406575965265611
0.24072732381316914
0.24082025521974676
0.24086674282430706
0.2408898464029442
0.24095977805155447
0.2410507126201822
0.24109952281357408
0.24112328430274402
0.24119445100349335
0.2412903655117831
0.2413419622738497
0.24136804200610515
0.24144615335241715
0.24155172611177106
0.24159894634881104
0.24162303902289087
0.24169482173600443
0.24179286032885003
0.241841204259439
0.2418660048238221
0.2419405439993704
0.242039828288357
0.24210437990951575
0.2421365925259487
0.242233411242457
0.24236275998714008
0.24242982681688854
0.24246343866018386
0.2425644622170317
0.24269943249467582
0.24276920812885983
0.24280435468825554
0.24290927414932403
0.24305115640810884
0.24312885799514541
0.24316832217141437
0.24328653601057745
0.2434446008933835
0.24354989491444828
0.24360272459344734
0.24376178107010066
0.2439717973722635
0.24406896207813836
0.24411673602287132
0.2442603261668359
0.2444517247755088
0.24456802901588395
0.2446261985819918
0.24480146788600396
0.24503247950310386
0.24513989036727363
0.24519289785040788
0.24535144297363043
0.24556382648427633
0.2456729810454451
0.24572768555208085
0.2458915760525076
0.24611133668590748
0.24622821895909502
0.24628685710496404
0.24646295706786994
0.24669826381801876
0.2468287494482932
0.24689424477858213
0.24709201848620194
0.24735133938153073
0.24739659966997554
0.2474579854831401
0.2476421928965676
0.24788823059984752
0.2481740832621513
0.2483176182859759
0.24874980748491476
0.24932180364291345
0.24939295752720284
0.24978945696705523
0.2500310313360543
0.25015225113627265
0.2505155722389568
0.2510057358019955
0.2510068979351315
0.2512889562020002
0.251666155381551
0.2519064684497208
0.25202688806026446
0.2523891062481058
0.2528710348849164
0.25310875360207447
0.25322753100174517
0.25358281503488656
0.2540617814281334
0.25429654319031564
0.2544154155823148
0.2547712513267741
0.2552490232079509
0.25560015667208313
0.255777222751917
0.25630882729149446
0.25701960580546024
0.2574255729062083
0.25762902400567467
0.25824108769598014
0.259055971725246
0.2591526140017902
0.25971700896159716
0.260477253521567
0.2604884549397438
0.26066858491125583
0.26121168314417664
0.26193004621621685
0.2620569432899739
0.26260145934405127
0.2633349902855004
0.2634732817904517
0.26363719070607716
0.2641289789869772
0.26478668983157433
0.2651263559948178
0.26529685824265503
0.2658061708750227
0.26649526715488475
0.26681842579650883
0.2669822706665639
0.26747334904933656
0.2681347653313016
0.26847313090314334
0.26864417742250774
0.26915660739930614
0.2698471309936495
0.2701901824724955
0.2703633705525198
0.27088464862625183
0.27158044313567375
0.27211810183613916
0.2723882348062126
0.2732007648081893
0.27428740924252554
0.27480550038080354
0.2750651763511718
0.2758450520614682
0.2768924344132765
0.27747448370560535
0.2777677784936665
0.27865074264894074
0.27982967005991227
0.2801454987062299
0.28047547847277515
0.2814672015668116
0.2827972605790599
0.2835500114632108
0.2839288156326835
0.2850679428565113
0.28659921789100895
0.2874597331655013
0.28789424819982107
0.28920109789653337
0.29095853348260925
0.2920320956400978
0.29257535409915647
0.29420796548468287
0.29641522779762663
0.2967997409349625
0.298591170936989
0.299540030047881
0.3000194908955209
0.30145951264453497
0.30340525577733174
0.30347562373499565
0.30469111135808896
0.3063267837402246
0.30727710294417115
0.30775769310382767
0.30920061944788785
0.31115012598090286
0.311347763808272
0.31187368098673773
0.3134536217407611
0.3155862316400935
0.3161082041335941
0.31666115048341964
0.3183240118579141
0.3205660501204943
0.32170457652657997
0.32228039618095206
0.3240116926936461
0.3263477494358447
0.32748069135096824
0.32805351770182084
0.3297766971007029
0.33209961049470416
0.33333565738927656
0.3339611476021906
0.3358414454702265
0.3383825900153475
0.3386415041113865
0.33920116948437173
0.3408844946890039
0.34315128882669854
0.34478927120630787
0.34562089191081385
0.3481232910325528
0.35151509071413256
0.3530860944781955
0.3558481172502768
0.35724492056954976
0.35795227173489275
0.36008002256401633
0.362955290162321
0.36433195612737546
0.3650291956196469
0.36712682159190896
0.36995833968059666
0.37154946081067713
0.3723560747667665
0.37478334916245337
0.378067781585932
0.3795762901112746
0.3803408186259609
0.38264090242907745
0.3857505358953682
0.3873271765481728
0.3881266340814543
0.3905320587720237
0.39378595368346003
0.39542371623820993
0.3962546530115284
0.39875483788925864
0.4021389821600112
0.40383523757219114
0.40469633255583914
0.40728753175391996
0.4107966308781917
0.41255546563947465
0.4134488220457493
0.41613758452486793
0.41977989739368127
0.42165494311395596
0.42260806074361124
0.4254769904732363
0.4293675482545944
0.4313184645827177
0.43231081190158116
0.4352980933959334
0.43935104001218156
0.4414163958623974
0.44246771626896275
0.4456329206887973
0.4499310409182351
0.4520734361287768
0.453164480120268
0.45644969582752354
0.4609115967983966
0.4631963654508561
0.464360649050783
0.46786681637055905
0.4726331570680403
0.47499725427534245
0.47620229769280925
0.4798311370616003
0.4847652249504146
0.48723292972261995
0.4884910602801402
0.49228027980911265
0.4974325556162785
0.5000713430004405
0.5014171878743425
0.5054713765156642
0.5109869028045227
0.5137767246273663
0.5151997896039149
0.5194871549904497
0.5253215140364786
0.5282656603281835
0.5297675661887522
0.5342928497656272
0.5404527423914119
0.5435264958937461
0.5450943666408082
0.5498188288954077
0.5562491317376907
0.5595060021645828
0.5611673257395565
0.5661740875910948
0.5729901446814967
0.5764229728437951
0.5781739228096286
0.583451523190594
0.5906366400177306
0.5942701203757721
0.5961233260550425
0.6017099418418548
0.6093170621676808
0.6131416129244955
0.6150920315825602
0.6209723710409628
0.6289797372365804
0.6330116868684964
0.635067638009575
0.6412669466524603
0.6497090933010863
0.6539617165933204
0.6561299169046388
0.6626685361379974
0.6715732446030596
0.6760559669270733
0.6783411434493276
0.6852334003946168
0.6946199538776219
0.6993476904176307
0.7017573747376665
0.709026088975341
0.7189255860163304
0.7239087606513723
0.7264481489041098
0.7341090615141467
0.7445426469115095
0.7497941727091975
0.7524697227159317
0.7605424069015528
0.7715364695400205
0.7770697941324515
0.7798882089154547
0.7883929832427642
0.7999748431041641
0.805805424168434
0.8087744125429289
0.8177346529475943
0.8299358112210494
0.8360779143819688
0.8392045428440025
0.848641672157578
0.8614908404527963
0.8679587508459234
0.8712500700360123
0.8811854678698371
0.8947112113237616
0.9015198234607956
0.9049831697656896
0.9154390921012687
0.9296711086290009
0.9368358447496841
0.9404787983023121
0.9514782464992796
0.9664471946672349
0.9739838686103389
0.9778141839520065
0.9893806952572023
1.005117911604095
1.013042255695389
1.0170676195796722
1.0292245336331247
1.0457610062562508
1.0540891297258899
1.0583173949613813
1.0710885646816801
1.0884559203487445
1.0972041699890007
1.101643281456803
1.1150528486075273
1.133283036112685
1.1424678479208397
1.1471257629408467
1.1611979171389208
1.1803228581993828
1.1899608266873718
1.1948455440730128
1.2096046123608986
1.2296563068543833
1.2397640877235814
1.2448835893804986
1.2603538592470482
1.281364116428732
1.2919582357529105
1.2973203786260357
1.3135257711698853
1.3355257256701314
1.3466224276847134
1.3522348530235366
1.3691986491046149
1.3922183471857243
1.4038333322555692
1.4097033172581561
1.4274477091501176
1.4515154508194856
1.4636635436298728
1.4697978163490906
1.4883433485030755
1.5134848757850567
1.5261796131078527
1.5325841257544757
1.5519490100961943
1.5781865230613943
1.5914396646299072
1.598119336636081
1.618318652733232
1.6456697033082988
1.6594875245533836
1.6664443161796012
1.6874842458447274
1.715953652816478
1.7303469627044907
1.7375849655584157
1.7594781755143551
1.7890793081868457
1.8040542833291158
1.8115750409599514
1.8343265262912105
1.8650616688189814
1.8805951259498375
1.8883851730153625
1.911954248924983
1.9437626852198562
1.9598743311341684
1.9679415340141866
1.9923526870494608
2.0252622070562367
2.0419275624741924
2.0502573024347366
2.0754665639228995
2.1094107668969833
2.126607099479346
2.1351853387546527
2.161150664725635
2.196065186162149
2.213764723807841
2.222574565032568
2.2492453759513045
2.2850534831231677
2.3032146624203373
2.3122319617879326
2.3395357846263605
2.376130233478305
2.3946970121446007
2.4038900383583504
2.431731498386623
2.468973256997989
2.4878837808189105
2.4972174300507444
2.5254911742785264
2.5632267529199053
2.5824006419810517
2.591830153591852
2.620401710219888
2.658437377390735
2.6777782087145425
2.6872503356432405
2.7159597526751504
2.7540664392390775
2.7734598443536034
2.782911869076631
2.811570785981929
2.849480124716604
2.8687920421276196
2.8781508402117413
2.9065397238476964
2.9439402737761733
2.9630162689568342
2.972197818225873
3.0000645944179554
3.036599758545519
3.055263972481799
3.064172549711467
3.0912303383317816
3.126494762512085
3.1445497911844917
3.1530773045547287
3.1790026902281445
3.2125385960835384
3.229768781009648
3.237794900058966
3.2622289445433625
3.293523947888576
3.309706424842335
3.317099970528072
3.3396539494743713
3.368138837993687
3.3830822038258392
3.3897067122091524
3.409983817123214
3.4350283838389815
3.448796015803863
3.454547743690364
3.4722837456140385
3.493208745191879
3.5054101557214157
3.509772208863722
3.5235214850572425
3.5376218168057036
3.540957805108971
3.547105488617263
3.5477089958641232
3.5483315134625064
3.5504153286058204
3.5514805528560562
3.5515657009606447
3.5511075165171846
3.5498775229424604
3.5469246256402474
3.545248953037191
3.5440217922257444
3.540437807310742
3.534619170373721
3.531635968029541
3.529837543762799
3.5245059581049807
3.516559347192445
3.5126174385748414
3.510407832615224
3.503816217788263
3.49435820434598
3.4897539785136296
3.487269930543218
3.4798343603369553
3.469393022812433
3.4643928594836404
3.4617579807336134
3.4538543470408687
3.4429089085851006
3.437777934333718
3.435116840941456
3.42712373539209
3.416161713195775
3.4145008021491097
3.4119798855881367
3.4044023119935503
3.3940812584535287
3.388855656110606
3.3861899592416194
3.378171695838324
3.367286648175974
3.361209916045497
3.35811999714502
3.348817389159753
3.3362044983364036
3.329377371130348
3.3259189580360147
3.315496941167284
3.3013905910644836
3.293846209824964
3.2900392678958084
3.278555182482501
3.26303798712467
3.2547778868073163
3.2506255849378562
3.2380859981380046
3.221169789998638
3.2121563177872825
3.207642331303736
3.1939943860351674
3.1756112026647463
3.1660501087185233
3.1612803350695176
3.14684354059827
3.1274334447844394
3.1178455646302874
3.113079947579315
3.098646537839768
3.0792843055522963
3.0698090907543887
3.0651154228344715
3.050893128414755
3.031854571817116
3.0220191560521177
3.0171657717638913
3.0024452464143283
2.982776720177366
2.969261930310653
2.962659455306356
2.9425371263518376
2.9157160304044543
2.898164957180519
2.8897225782419094
2.8638265983612508
2.8294959328385825
2.8281750445678058
2.807694275976182
2.780591427550481
2.767142839935405
2.7607038081379374
2.740976244508992
2.714948742260198
2.7011153159877734
2.694550612408258
2.6743744230671385
2.647849721446012
2.633515346959802
2.6267852922967494
2.606013928723344
2.5788144767377563
2.56408719494311
2.5572559165161293
2.5360641686378638
2.5084290935229254
2.493424222170914
2.4865591908697704
2.4651295731865432
2.4373046563524694
2.4220787224878393
2.415223834144324
2.3936575122611266
2.3657842340382946
2.35029013808845
2.3434525849044805
2.3217163994062586
2.2937723944898014
2.2776452076492744
2.270727477858285
2.2483901721282207
2.2198833717942996
2.2029114171395574
2.19591701575648
2.1728026331476435
2.143596408306236
2.125382123328156
2.1183155757378143
2.0940797005470544
2.0639129225401307
2.043538330069877
2.0364076165506235
2.0102283944275063
1.9785176576727759
1.9565124997216683
1.9498804490312927
1.9228595232814827
1.8913349722735486
1.8719896533035858
1.8666959959034062
1.8438821140637158
1.817334650746154
1.8004980629886917
1.796189336546863
1.776552477673951
1.7537286725713146
1.7387703450638028
1.7351797334784167
1.7178936022027216
1.697823419073141
1.6842780228484975
1.681216759621426
1.6656944287256894
1.6476945777335075
1.6352327519444032
1.632568567341955
1.6183980307452643
1.6019910060187736
1.590381793932561
1.5880224205709323
1.5749157151245223
1.5597681227704319
1.548849728830599
1.5467306959604206
1.5344859772137727
1.5203636448303754
1.5100218547882347
1.5080977394158475
1.4965720417656714
1.483308370550401
1.4734612758012082
1.4716996183014903
1.4607899202996848
1.4482641638331288
1.438851692847247
1.4372288569001013
1.4268592311810087
1.4149818467998518
1.4059587389572996
1.4044571257571614
1.394570133016846
1.383272977227145
1.3746041108943858
1.3732102883214223
1.3637612335051714
1.3529909957166217
1.3446482817681429
1.3433517229201177
1.3343048080778246
1.3240185880488609
1.3159788918769233
1.3147711186125541
1.306096847199323
1.2962591528428973
1.28850289204246
1.287376889171871
1.2790502997525242
1.2696309926971343
1.262141181843638
1.261090993724238
1.2530904482349259
1.244063327761258
1.2368249220561076
1.2358453732092418
1.2281517196625884
1.2194935405729093
1.2124929814087815
1.211579482091242
1.2041754724149245
1.1958652601769046
1.1890901584201423
1.1882385687129098
1.1811084517230506
1.1731270224694614
1.1665659365342036
1.1657724708637645
1.1589017062575968
1.1512313286052551
1.1448736084171571
1.1441347680326468
1.1375098245163155
1.1301339799567471
1.123970714019148
1.1232831178713376
1.1168924069361805
1.109796365108405
1.1038166638683469
1.1031774591824908
1.0970071490941007
1.0901749953067796
1.0843703529173059
1.0837765598753306
1.0778164061048134
1.0712350924316378
1.0655974626852476
1.065046366292197
1.0592857311732764
1.0529422430473205
1.0474636851584693
1.0469527207094362
1.0413815227250762
1.0352635303609072
1.0299365160516327
1.0294632570898195
1.0240719460822043
1.018167768970374
1.012985162174585
1.0125473118933648
1.0073268383373213
1.0016254084170158
0.9965804443250883
0.9961758284368679
0.9911176169425968
0.9856084468798381
0.980694713259
0.9803212738462542
0.9754171996890343
0.9700903546483045
0.9653017748331478
0.9649575648861308
0.9601999326248971
0.9550460044965445
0.9503768216334917
0.9500600000271795
0.9454415236728501
0.9404516070884905
0.93589636923626
0.9356051960503303
0.9311189803611092
0.9262846497436079
0.9218381958977574
0.9215710279382571
0.9172105504896004
0.9125238386982202
0.9081812847775582
0.9079365713158217
0.9036956652234795
0.8991490421367061
0.8949057683556998
0.8946820469091351
0.8905548845526867
0.8861412367605799
0.8819928748478946
0.881788767208915
0.8777698436589797
0.8734824547388532
0.869424875379679
0.86923908368485
0.8653232008907755
0.8611557333180228
0.8571850340785239
0.8570163368202056
0.8531985894813392
0.8491450642571838
0.8452575589429687
0.8451048074954731
0.841380567036123
0.8374353476907037
0.8336275535241716
0.8334896682738514
0.8298545700287376
0.8260123410857878
0.8222809717645263
0.8221569387436637
0.8186068669351624
0.8148626232506346
0.8112045738925621
0.8110934412647126
0.8076245174021465
0.8039735414336819
0.8003858837482188
0.8002867586556678
0.7968953259346855
0.7933331829092233
0.7898131462218122
0.7897251913974392
0.7864078064403528
0.7829303111206065
0.7794752873595401
0.7793977183565155
0.7761511355653785
0.7727543552022662
0.7693618784644519
0.7692939603144894
0.7661151261892617
0.7627953510431841
0.7594631010427165
0.7594041460622226
0.7562901795271593
0.7530439334077924
0.7497697087342289
0.7497190731264973
0.746667263301488
0.7434912704432564
0.7402729944823826
0.7402300762651085
0.7372378685448017
0.7341290504891685
0.7309647610744514
0.7309289975520258
0.7279939877860842
0.7249494396936386
0.7218372906366547
0.7218081552570866
0.7189280822261281
0.7159450652755736
0.7128833177157795
0.7128603191856075
0.7100330503399747
0.7071089874157798
0.7040959916336326
0.7040786730204128
0.7013021961020429
0.698434656181899
0.695468867872203
0.6954567977678446
0.6927292200730752
0.6899159568091721
0.6869958811143632
0.6869886650011137
0.684308178186464
0.681547131459853
0.6786713155891536
0.67866857492454
0.6760335182904236
0.6733226285586975
0.6704897805705302
0.6704911726728465
0.6678999819485403
0.6652372111741619
0.6636536610800946
0.6634527590608428
0.662055707170934
0.6603303669580977