0.9991337126766272
0.999109081503115
0.9990967653392098
0.9990598167471655
0.999010550008226
0.9990085250398196
0.999007313970486
0.9990036807603497
0.9989988364630962
0.9989963235136572
0.9989950670325808
0.9989912975870988
0.9989862716412986
0.9989839499120303
0.9989827890418581
0.998979306429357
0.9989746629303184
0.998972028702514
0.9989707115816469
0.998966760216659
0.9989614917096141
0.9989586609067057
0.9989572454972218
0.9989529992660838
0.9989473376011554
0.998943945041727
0.9989422487507399
0.9989371598742983
0.9989303746714959
0.9989270048329744
0.9989253199024861
0.9989202651076245
0.9989135253471312
0.9989098775818106
0.9989080536859811
0.9989025819945737
0.9988952863663285
0.9988915370987929
0.9988896624511984
0.9988840385044522
0.9988765398660651
0.9988731473690079
0.9988714511088013
0.9988663623246907
0.9988595772446375
0.9988559715270826
0.9988541686553722
0.9988487600364366
0.9988415485052414
0.9988379846533331
0.9988362027146471
0.9988308568949186
0.9988237290969131
0.9988199453698109
0.9988180534920283
0.9988123778545984
0.9988048102951022
0.9987997137240112
0.9987971654133059
0.9987895204747094
0.99877932714386
0.9987744722913808
0.9987720448419797
0.9987647624878662
0.9987550526100482
0.9987504847517695
0.9987482008019432
0.9987413489470481
0.9987322130762171
0.9987273501322187
0.99872491863675
0.9987176241443202
0.9987078980820936
0.9987031203982835
0.9987007315338838
0.9986935649347937
0.9986840093997305
0.9986787250635397
0.9986760828681769
0.9986681562752118
0.9986575873991503
0.9986512661564562
0.9986481054963988
0.9986386235069227
0.9986259807312643
0.9986189990941183
0.9986155082283413
0.9986050356200966
0.9985910719925079
0.9985843042233532
0.9985809202945344
0.9985707684976035
0.9985572326270125
0.9985498101126445
0.998546098802132
0.998534964858491
0.9985201194299994
0.9985117238903636
0.9985075260526399
0.9984949325246588
0.9984781409349561
0.998466968126295
0.9984613816022611
0.9984446220050338
0.9984222754865453
0.9984156530880002
0.9983988363361959
0.998389680082139
0.9983851018741253
0.9983713672329042
0.9983530541153666
0.9983444620329024
0.9983401659196536
0.9983272775644596
0.9983100928599374
0.9982988038453873
0.9982931592153669
0.9982762253000989
0.9982536463468709
0.998241917441917
0.998236052856764
0.9982184590740538
0.9981950002699377
0.9981887238508822
0.9981823080473439
0.9981630606044761
0.9981373968346704
0.998125181921371
0.998119074322414
0.9981007514960161
0.9980763205981993
0.9980645047250856
0.9980585966558527
0.9980408724214512
0.9980172396671587
0.9980060069052753
0.9980003904009997
0.9979835408635598
0.9979610744201131
0.9979443233513517
0.9979359475497457
0.9979108200934438
0.997877315933355
0.9978596620185051
0.9978508347618598
0.9978243529357621
0.9977890428542111
0.9977680566883993
0.9977575631854442
0.9977260825977442
0.9976841071062573
0.9976770674500817
0.9976677093031069
0.9976396348000975
0.9976022010219502
0.9975827759719816
0.9975730630851191
0.9975439243573835
0.9975050715330803
0.9974990698573021
0.9974761168869791
0.9974455121914763
0.9974306670611585
0.9974232442850218
0.9974009759162394
0.9973712840564423
0.997357207884058
0.9973501696041831
0.9973290547282018
0.9973009009306834
0.997286945106649
0.9972799670050538
0.9972590326628289
0.9972311195968401
0.9972182108238639
0.9972117562775783
0.9971923926070382
0.9971665738558975
0.9971520083683236
0.9971447254210263
0.9971228765390341
0.9970937440327822
0.9970797073272213
0.997072688786458
0.9970516331266398
0.9970235582958283
0.9970075217277261
0.996999503197786
0.9969754475605596
0.9969433725730463
0.996928313449111
0.9969207836715759
0.9968981942970587
0.9968680744126698
0.9968484033770534
0.9968385674880312
0.9968090597505808
0.9967697148877284
0.9967485441870938
0.996737958411543
0.9967062010063552
0.9966638563738388
0.996640722194327
0.9966291545900103
0.9965944516825804
0.9965481794564367
0.9965218449691938
0.9965086770671154
0.9964691732424669
0.9964164992722745
0.9963868707040969
0.9963720555791107
0.9963276100546417
0.9962683465918759
0.9962414032668191
0.9962279309173783
0.9961875137451836
0.9961336218819559
0.9961009366910142
0.9960845930775538
0.9960355620599955
0.9959701839648977
0.9959560816110818
0.9959385779121918
0.9958860666074745
0.9958160476695657
0.9958082207201502
0.99579301740713
0.9957474073133197
0.9956865909029246
0.9956540967733173
0.9956378486938692
0.9955891042762954
0.9955241083960829
0.9954912404072741
0.9954748053917928
0.9954255001671577
0.9953597564200424
0.9953299407637906
0.9953150320797307
0.995270305873598
0.9952106681333704
0.9951789797020992
0.9951631345365473
0.9951155988684067
0.9950522147909556
0.9950214114933076
0.9950060089379816
0.9949598011108405
0.994898187667968
0.9948657024725539
0.9948494588708596
0.9948007278855621
0.9947357498908034
0.9946968531405038
0.9946774033264496
0.994619053624768
0.9945412492465862
0.9944988003616685
0.9944775742148204
0.9944138954724726
0.9943289847738015
0.9942881007357606
0.9942676571281144
0.9942063260266354
0.9941245459199723
0.9940773370908284
0.9940537305591046
0.9939829105922108
0.9938884769254327
0.9938300089272284
0.9938007716988078
0.9937130594604718
0.993596098869749
0.9935270692178834
0.9934925498503531
0.9933889909590469
0.9932508973451426
0.9931809533772034
0.9931459767754303
0.993041046158713
0.9929011232628052
0.9928795479305466
0.9928453981714285
0.9927429481178124
0.9926063332836927
0.9925414164826921
0.9925089541069212
0.9924115662810582
0.9922817024176753
0.992216952039696
0.9921845728605547
0.99208743462622
0.9919579037296363
0.991895048321386
0.9918636169016861
0.9917693219771662
0.9916435829508002
0.9915633966183683
0.9915232974075288
0.9914029987209804
0.9912425801145787
0.9911535028406581
0.9911089567434498
0.9909753171399933
0.990797105789132
0.9907067110361054
0.9906615059408548
0.9905258892626674
0.9903450414049604
0.9902390365749071
0.9901860236814841
0.9900269831409743
0.9898148937548483
0.9896622284482874
0.9895858740207857
0.989356806902903
0.9890513103794636
0.9888982962537687
0.98882176729761
0.9885921764821202
0.988285981617141
0.9881266894043215
0.9880470196400737
0.9878080061980021
0.9874892407806936
0.9873386525492535
0.9872633370138353
0.9870373866021779
0.9867360477991672
0.986569964967236
0.9864868978289507
0.9862376918070087
0.9859053299429321
0.9857194868480992
0.9856265330863156
0.9853476660065109
0.9849757335562276
0.9849304951924559
0.984850699549712
0.9846113082338733
0.9842920397337284
0.9841483043127693
0.9840764174721106
0.9838607533568118
0.9835731362702752
0.9834044761416793
0.9833201197242057
0.9830670455938456
0.9827295237641134
0.9826483912100399
0.982564575393702
0.9823131230979111
0.9819777644636669
0.981804318341836
0.9817175672321657
0.9814573086364974
0.9811102019302566
0.9809409314358638
0.9808562694669883
0.980602278505614
0.980263533479863
0.9800999335056128
0.9800181086847924
0.9797726294277365
0.9794452396891017
0.9792528509515213
0.9791566224360899
0.9788679303875613
0.9784828906264388
0.9783004276635667
0.9782091652480055
0.9779353720314732
0.9775702094548747
0.9773883765173035
0.977297429456075
0.9770245822548282
0.9766606822395519
0.9764410261442693
0.9763311537880426
0.976001527841606
0.9755618758109739
0.975331192253985
0.9752158018802071
0.9748696210614555
0.9744078793254332
0.9741820628885547
0.9740691078421835
0.973730233186518
0.9732782413297056
0.9730400882173289
0.9729209601146354
0.9725635652775549
0.9720868608469712
0.9718223471371878
0.9716900263373943
0.9712930506693737
0.9707635311858512
0.9703935373274867
0.9702084160246596
0.9696530262734466
0.9689120786220738
0.9688431421059108
0.9686913782641169
0.9682360691296931
0.9676287035809735
0.9672913182476055
0.9671225229092453
0.9666161147395236
0.9659405485363686
0.9655695899357971
0.9653839863646264
0.9648271486975185
0.9640842693201923
0.9636665728573622
0.9634575677048329
0.9628305174090683
0.96199390876943
0.9614954477469445
0.961245995319122
0.9604975875782324
0.95949894039967
0.9589460786506047
0.9586693760471209
0.9578392053337598
0.956731363277185
0.9561900534512765
0.9559191387982202
0.9551063328183031
0.9540216855830047
0.9534390639557538
0.953147453906327
0.9522725507544634
0.9511049645231925
0.9505218796844627
0.9502300387636294
0.9493544412846602
0.9481859308896519
0.9479461731730149
0.9471034237960491
0.9459787927966151
0.9453822461154042
0.9450836649793686
0.9441878393883728
0.9429923161947593
0.9423253852708962
0.9419915369653865
0.9409898876477202
0.9396529922284541
0.9390289302542731
0.9387165645050815
0.9377793729095739
0.936528597581372
0.9359420623905618
0.9356485022737944
0.9347677368379935
0.9335923356124171
0.9329095232029772
0.9325677225570371
0.9315422022561587
0.93017342666021
0.9295005153309529
0.9291636792710037
0.9281530529544102
0.9268041795171206
0.9260652804013051
0.9256953753304424
0.9245855148534446
0.9231040470487809
0.9224000609005192
0.9220476560985595
0.9209903050660561
0.919579010546681
0.9186678216142801
0.9182115459846759
0.9168424860508859
0.9150145605885834
0.9145634273709007
0.9132014441217493
0.91138299431075
0.9105217014937674
0.9100904538035425
0.908796487753002
0.9070689745817611
0.9060861042289452
0.9055938950463953
0.9041169672677554
0.9021448358678688
0.900933029133159
0.9003259609287271
0.8985042839813454
0.8960709774172163
0.8945966470663198
0.8938577751302088
0.8916404284915439
0.8886774385762194
0.8882267382262252
0.8865272799896722
0.8842575148236758
0.8826807590773391
0.8818904730686149
0.8795187012680563
0.8763488497682222
0.8742043749648107
0.8731286358611988
0.8698996289330163
0.8655802886137388
0.8644486331127632
0.8615732521474148
0.8612039841212424
0.8604981266812763
0.8583796962978174
0.8555490698728407
0.8542018311667962
0.8535268511566206
0.8515010844744447
0.8487944847028435
0.8475147681998711
0.8468736860441036
0.8449496569544007
0.8423792031987939
0.8408104491930223
0.8400242383194344
0.8376643750696474
0.8345101165719454
0.8329301066792804
0.8321382235111222
0.8297612551268009
0.8265839308584646
0.8251203894189368
0.824386990742362
0.8221856014550287
0.8192433869210402
0.8174354195424928
0.8165289326250154
0.813807555514986
0.8101679865498482
0.8099244217873615
0.8090146191461509
0.8062831842045994
0.8026298175376071
0.8021947648204026
0.7999009866484611
0.7968343555821243
0.7953616488663149
0.7946235212438683
0.7924076789846595
0.7894452701320855
0.787799982410704
0.786975065751945
0.7844984097402595
0.781185890610816
0.7796146780516257
0.7788269161274622
0.7764618110426353
0.7732985745837696
0.7717187348809311
0.7709265571945815
0.7685481052427557
0.7653665682634464
0.7637728672688334
0.7629736261508343
0.7605738694518583
0.7573633111171642
0.7557668616453187
0.7549661354851841
0.7525618370091662
0.7493447282916839
0.7476783770571341
0.7468423592044222
0.7443319091992288
0.7409717064193525
0.7392826189750805
0.7384350192456445
0.7358896701351884
0.7324820099106556
0.7307922791710239
0.7299442171196325
0.7273973957891827
0.7239871949650948
0.7223051605997992
0.7214608402153317
0.7189251911011713
0.7155294741544834
0.713807943299324
0.7129435829182921
0.7103476108873292
0.7068701998385587
0.7051597418684604
0.7043008316322411
0.7017211804137217
0.6982652397885315
0.6965145693360066
0.6956352592862577
0.6929942070392662
0.6894551411972331
0.6877034269615065
0.6868234824428646
0.6841804694262886
0.6806383778859116
0.6788498059770183
0.6779511762253477
0.6752519257206848
0.6716337626854005
0.669843266529186
0.668943606943828
0.6662412233905283
0.6626186502194527
0.6608095734270929
0.6599005125596817
0.6571698275774204
0.6535090522961159
0.6516843875117968
0.6507674753826538
0.648013159393124
0.644320625987905
0.6424699455053667
0.6415399647182606
0.638746333288472
0.6350010700222284
0.6331326703178328
0.6321938652620442
0.6293736926955245
0.6255931163392376
0.6237122369362114
0.6227673156190398
0.6199287548100354
0.6161240652686741
0.6142300423250986
0.6132787363091823
0.6104209860603965
0.606591325159744
0.6046846792766979
0.6037273215873484
0.600851388178142
0.5969983425572406
0.5950800002638622
0.5941171316367845
0.5912246441235237
0.5873506432414576
0.5854230693085575
0.5844560063919871
0.5815509253227688
0.5776615322307982
0.5757274382510836
0.5747576198110286
0.571844270387065
0.5679455245780232
0.5660068412631042
0.5650353096799601
0.5621168220609961
0.5582131397946847
0.5562733494334394
0.5553019212650063
0.552383751214931
0.5484826464847993
0.5465446690961122
0.5455748707701952
0.5426615984988752
0.538769379381754
0.5368364354984222
0.5358699352368318
0.5329665645910346
0.5290900728786221
0.5271656199279396
0.5262041941877095
0.5233160518765422
0.5194625231424144
0.5175501095909264
0.5165955688488815
0.5137280814774675
0.5099048437978895
0.5080079339132696
0.5070620347373954
0.5042204646558814
0.5004345856146376
0.49855668591426205
0.49762119394281484
0.49481082902497303
0.491069369713255
0.4892138703823283
0.48829048177819706
0.4855163995668102
0.4818261029121925
0.4799962636396678
0.4790865991284995
0.4763536492899576
0.47272092138471244
0.4709198258434675
0.47002540977384566
0.4673381514663346
0.463768984749207
0.4619995203117321
0.4611217728201454
0.45848445140235233
0.45498440174706717
0.4532492376634411
0.4523894666201322
0.44980598957062623
0.44638015369195794
0.4446817379692721
0.44384114058287794
0.4413150822964563
0.43796811422033477
0.43630868967521425
0.4354883637570478
0.43302299918777504
0.42975916491066346
0.42814079034434654
0.4273417481064655
0.42494009378946135
0.4217633350556917
0.4201879243209569
0.419411114732315
0.4170759953092215
0.41399002562655124
0.4124593926367602
0.41170572625878815
0.4094398482273195
0.4064482564371605
0.40496416656771045
0.40423454293248645
0.4020405758364179
0.39914693714512095
0.3977111614974453
0.3970064972174672
0.3948871568603345
0.3920951440931935
0.3907095130280807
0.3900307688951026
0.38798889736426206
0.3853023857485115
0.3839686734205328
0.3833168002003881
0.38135520033811565
0.3787780530552615
0.37749742540852016
0.37687310423108294
0.37499375261711404
0.3725288105230998
0.37130404682967605
0.3707087499396493
0.36891599653018786
0.3665692095463852
0.36540550321144843
0.36484185152058457
0.36314350728964645
0.36092527092794324
0.35982314482513805
0.35929157290747205
0.35768882020540765
0.35560105971150874
0.35456411993142256
0.3540665406046157
0.352565008532527
0.35061538487878424
0.3496468217015166
0.34918497970052526
0.3477897603542901
0.3459852912417229
0.3450885750254797
0.3446643842845512
0.34338104449614076
0.3417294162236549
0.3409089061754855
0.3405247319629883
0.3393601642171828
0.33787080138748654
0.3371313637733872
0.3367898551430001
0.3357517588763426
0.33443518137463013
0.33378222411598363
0.3334863471052474
0.33258331254538875
0.3314512706946617
0.3308909218787476
0.33064406569621235
0.32988587223208937
0.32895176300815837
0.3284911162307198
0.32829724100567087
0.3276952704699599
0.32697471543567114
0.326622283872412
0.32648616322769847
0.32605409493488696
0.32556585727530984
0.32533186595444397
0.32525930769706307
0.32501370252512785
0.3247805646945767
0.3246777326830032
0.3246760737127787
0.32463773687918845
0.3246884285783956
0.32473333824554984
0.3248123041872724
0.32500865137242835
0.3253811744812414
0.32559685537517824
0.3257702963618565
0.32624006930842653
0.32698849647545986
0.32741095118308394
0.32770130739221226
0.32850666756634933
0.3297186723964074
0.3304198815921405
0.3308746215780956
0.33214531561365346
0.3340069986214279
0.3352797256954361
0.3361151924023708
0.3384282353125695
0.3417911806471842
0.3438405707802374
0.34691871030289934
0.3468722798718772
0.3476165011380708
0.34973544703757614
0.35267529378292395
0.3540282280606008
0.3547881869779608
0.35696248868931985
0.35994863955880557
0.3613628721721606
0.3621468117714895
0.3643952841417894
0.3674628946917144
0.36893348328098546
0.36974129755216617
0.37206139963010937
0.3752111603408766
0.376722843332626
0.37754736903770153
0.37991763836163406
0.3831226901893814
0.3846583890042892
0.38549116651726034
0.38788682075306785
0.3911154292203676
0.392655174326023
0.3934859224629493
0.39587733527731117
0.39909117582970377
0.4006087682939695
0.40142358037698883
0.4037712344606757
0.40691886054000115
0.4083724086102489
0.4091485080200569
0.4113883019238383
0.41438567267220056
0.41575777403931874
0.4164866636307504
0.4185941666280488
0.4214106447937291
0.42302230170523314
0.4238877037326237
0.4263732524864191
0.4296907722161371
0.43151272590418077
0.43249918945042176
0.4353148888501803
0.43906744337087855
0.44112046480034
0.44224332202823424
0.4454252416965661
0.4496585186919643
0.45200494440516914
0.4533062136067595
0.45695868863296135
0.46180630553944774
0.46463333470688295
0.46623881137101475
0.47067503559143614
0.4765354889859812
0.4812030421247303
0.48411530858775836
0.49172945702938253
0.5015531274220405
0.5055729251805203
0.5083051132968774
0.5098605788120668
0.5141104045510445
0.5196788750117406
0.5224832484559211
0.5241035041284962
0.5284888169936875
0.5342091577540021
0.5371255047647053
0.5388380675575752
0.5434150595559264
0.5493507753452597
0.5523740005853549
0.5541849330489852
0.5589510264613338
0.5650879338152731
0.5682467242275967
0.5701932493298437
0.5752115988334972
0.5816096330706586
0.5849473665375255
0.5870909841207216
0.5924610516651294
0.5992066940433743
0.6028001811531511
0.6052644441768494
0.6111803744161657
0.6184269517723312
0.6223938795175483
0.6254455911118909
0.6322935988782236
0.6402713902639198
0.6443117169511774
0.6478029836191146
0.6550885623665264
0.6630537609048667
0.6667270702945443
0.6700832788976316
0.6767206152558962
0.6836977708588112
0.6869091294800401
0.6902438885941048
0.6964386710112132
0.7026033030647212
0.7053898747208078
0.7084980790640955
0.7139880803108387
0.7192606057073209
0.72163280661756
0.7245609178374618
0.7294927613661326
0.7340647315719739
0.7361106145900869
0.7388995552090342
0.7433958648549184
0.7474213974515297
0.7492111198646316
0.7518933333774916
0.7560497867963184
0.7596472729946193
0.7612343767893527
0.7638356644991153
0.7677260910454528
0.7709849044934547
0.7724096973071285
0.7749505420043187
0.7786312815914034
0.7816177613332532
0.7829102819391794
0.7854065395666924
0.7889197249832839
0.7916822097081319
0.792864570419161
0.795327936018425
0.7987041635271473
0.8012772374160039
0.8023654343740404
0.8048040589525288
0.8080648711360864
0.8104729167425064
0.8114782947109715
0.8138975853899114
0.817057790596376
0.8193178443258294
0.8202483247807086
0.8226517394629008
0.82572137757094
0.8278453052720927
0.8287063842287028
0.8310960690605321
0.8340819110877916
0.8360779965530095
0.8368735028835849
0.8392507426898485
0.8421573584605186
0.8440314358879775
0.8447640762431898
0.8471295958348838
0.8499600913358742
0.8517163447161301
0.8523880839393287
0.8547422475334139
0.8574987707765039
0.8591402964567478
0.8597526208495837
0.8620955650795037
0.8647796540366731
0.8663088561949468
0.8668629555983305
0.8691946792277211
0.8718075019568505
0.8732263699961715
0.8737232636424329
0.8760436885518713
0.8785862089110968
0.8798965109012192
0.8803371339969551
0.8826461466252183
0.8851192378714658
0.88632265388826
0.8867079165245964
0.8890053955928175
0.891409916912459
0.8925081291415439
0.8928394300601772
0.8951245032609138
0.8974606909671864
0.8984556849831866
0.8987326376775486
0.9010066411992165
0.903276704042642
0.9041698906757998
0.9043948348209292
0.9066569932150536
0.9088613516110596
0.9096549003214768
0.9098284661487264
0.9120787565863867
0.9142185583191822
0.91491455398899
0.9150378711904756
0.9172763191059005
0.9193528184846534
0.9199534638453587
0.9200277267183894
0.9222543964659381
0.9242689429634584
0.9247765547226345
0.9248030120727494
0.9270180054280897
0.9289720368706458
0.9293890350781154
0.9293689841111146
0.9315724380496082
0.9334674717452494
0.9337963666939065
0.9337311460114701
0.9359232299041671
0.9377608524422818
0.938004230194035
0.9378952122313754
0.940076124761287
0.9418579811669756
0.9420184884994476
0.9418670718629553
0.9440370376881507
0.9457648203450795
0.9458451496309631
0.9456527514472607
0.9478120179359798
0.9494874556889342
0.9494903302130726
0.9492583787961394
0.9514072127223514
0.9530320603478847
0.9529602202431637
0.9526901481854588
0.9548288325316857
0.9564048607293045
0.9562610498901307
0.9559542875984359
0.9580831184563227
0.959612104545124
0.9593990583666994
0.959057027992945
0.9611763119841177
0.9626600314157572
0.9623804658417656
0.9620045760647998
0.9641146274402048
0.9655548459094376
0.9652114473750495
0.9648030885316307
0.9669042268596667
0.968302693393057
0.9678981099064778
0.9674586496805244
0.9695511977779812
0.9709096385888546
0.9704464719826759
0.9699772519912919
0.9720615336070549
0.9733816463361605
0.9728624459392092
0.9723647779720713
0.9744411163623171
0.9757245656646286
0.9751518220614062
0.9746269856874843
0.9766957020829045
0.9779441158790314
0.9773202556346297
0.976769496638474
0.9788309086408223
0.9800458740981914
0.9793732572350087
0.9787977847362992
0.9808522050420013
0.9820352663198859
0.9813161816093524
0.9807171679436922
0.9827649033670659
0.983917558806767
0.9831542231580458
0.9825328003459952
0.984574152260004
0.9856978535731001
0.9848924089417853
0.9842496716438388
0.9862849322044419
0.9873810827183674
0.9865355941378533
0.9858725970038601
0.9879020519815848
0.9889720053841063
0.9880884636980901
0.9874062210248621
0.9894301463915035
0.9904752067513104
0.9895555253153672
0.9888550094089109
0.9908736762232305
0.9918950989160803
0.9909411135913664
0.9902232610866935
0.9922369277190322
0.9932359185436863
0.9922493891427885
0.9915151002484329
0.9935240147178045
0.9945017256635463
0.9934843484684095
0.9927344720807622
0.9947388772958894
0.9956964176383998
0.9946498025608836
0.9938851653249725
0.9958852893009726
0.9968237156245585
0.9957494084838928
0.9949707955578686
0.9969668566935143
0.9978871817885433
0.9967866519235675
0.995994799208546
0.997987023750004
0.9988902193664912
0.9977648635206304
0.9969605061390967
0.998949081659387
0.9998360585278675
0.998687237902674
0.9991896711723752
0.9998584583511263
1.00012377184553
0.9999999997116622