20000.
19997.098478896
19995.647876092
19991.296699233
19985.496603496
19984.774934645
19984.108749496
19983.964961173
19983.328198506
19983.027379827
19982.876972175
19982.425756033
19981.824150419
19981.482179951
19981.311196898
19980.798256546
19980.114356627
19979.772745247
19979.601941734
19979.089539982
19978.406358156
19978.046177611
19977.866089761
19977.325835976
19976.605520394
19976.232595941
19976.046136311
19975.486767892
19974.740967773
19973.609914362
19973.044411632
19971.347999588
19969.086341217
19968.733654319
19967.926447694
19967.522856588
19966.312132273
19964.697947542
19964.317845802
19963.860177308
19963.631346979
19962.944871762
19962.029608283
19961.495388224
19961.228283536
19960.426990955
19959.35865099
19958.836530087
19958.575474738
19957.792329217
19956.748183094
19956.213610635
19955.946329756
19955.144508636
19954.07546403
19953.443162127
19953.127018665
19952.178618381
19950.914154917
19950.262344811
19949.936447719
19948.958788433
19947.655317377
19946.968454773
19946.625032315
19945.594800467
19944.221240912
19943.439405638
19943.048499465
19941.875826976
19940.312371075
19939.458036597
19939.030883053
19937.749477389
19936.041064773
19935.211650782
19934.796956695
19933.552926256
19931.894339932
19931.118635242
19930.730794189
19929.567316369
19928.016118414
19927.050229852
19926.567303092
19925.118593101
19923.18714381
19922.233318954
19921.756423614
19920.32580616
19918.418476221
19917.296265923
19916.735184443
19915.052034919
19912.808057039
19911.640108137
19911.056159332
19909.304415754
19906.968997615
19906.75748426
19906.263254663
19904.780639568
19902.803991409
19901.507447715
19900.859207493
19898.91461361
19896.322117597
19894.789953861
19894.023916183
19891.725980231
19888.662478822
19888.492491775
19886.580048507
19884.030410463
19879.868360769
19877.787662473
19871.546874443
19863.228872325
19860.804043495
19859.331888791
19858.595852305
19856.387906629
19853.444361217
19851.962191368
19851.221147883
19848.998183506
19846.034618519
19844.544246183
19843.799101931
19841.563837159
19838.583876088
19837.938701204
19837.230612176
19835.106496842
19832.274697143
19830.879995392
19830.182681246
19828.090886027
19825.302169247
19820.125645203
19817.537889869
19809.776651254
19799.433062144
19797.948840326
19796.727345052
19793.063311577
19788.178988973
19785.94621591
19784.829923771
19781.481425385
19777.017642859
19774.981693338
19773.9637971
19770.910422896
19766.839991102
19764.672824124
19763.589329656
19760.339202781
19756.006532117
19753.90869942
19752.859866531
19749.713702135
19745.51959618
19743.334277514
19742.241708798
19738.964365566
19734.595421326
19732.07025801
19730.807797427
19727.020900479
19721.972835622
19719.470904282
19718.220057544
19714.46799356
19709.466352657
19706.658345378
19705.254491659
19701.043530725
19695.43031647
19692.412859167
19690.904303768
19686.379331144
19680.347652399
19677.231766546
19675.674008504
19671.001474496
19664.773155805
19661.82442809
19660.350229937
19655.928298856
19650.033938395
19644.880402586
19642.304141361
19634.577385022
19624.279772163
19619.210239866
19616.675964653
19609.075103385
19598.945203772
19594.026833686
19586.343627816
19582.697728185
19580.875032741
19575.407964522
19568.120915327
19563.959679028
19561.879392574
19555.639860641
19547.32358129
19543.37412001
19541.399688474
19535.477590917
19527.584253309
19523.711642367
19521.77562476
19515.968724032
19508.228877329
19503.856162862
19501.670173029
19495.113673779
19486.375104441
19481.369005066
19478.866437493
19471.360663853
19461.357465433
19456.275517459
19453.735040949
19446.115601937
19435.960992979
19431.032330734
19428.568468136
19421.178755062
19411.330177288
19405.552118084
19402.66373327
19394.0011585
19382.457075797
19377.073773393
19374.382682703
19366.311653261
19355.555511663
19348.631424153
19345.170309057
19334.790678621
19320.959835398
19311.483515115
19306.747097702
19292.544815073
19273.624690257
19264.056797769
19259.274632466
19244.935258922
19225.832702284
19222.838396504
19218.767239981
19206.558943607
19190.293279282
19188.297847289
19184.658571098
19173.74488392
19159.202959567
19151.723211055
19147.984431626
19136.772472611
19121.833407088
19114.391561847
19110.671725104
19099.516558349
19084.653132383
19076.385275038
19072.252689331
19059.86030359
19043.349648788
19035.490564836
19031.562238927
19019.78212521
19004.086650232
18995.584575496
18991.334964293
18978.591834698
18961.614296869
18952.909194029
18948.558141062
18935.510975164
18918.128729299
18906.863891405
18901.233987665
18884.354333796
18861.871577441
18848.325038394
18841.555417209
18821.261139553
18794.236104193
18790.748758492
18784.401858133
18765.374017755
18740.033545512
18726.49677431
18719.732055479
18699.452558497
18672.447402103
18667.236262209
18660.286561484
18639.452980483
18611.711052954
18598.890460928
18592.483476595
18573.275764057
18547.696347023
18534.957360401
18528.591148029
18509.505628494
18484.088849095
18470.264667898
18463.356454414
18442.647313905
18415.071257377
18398.308975707
18389.933556804
18364.830170732
18331.412289782
18307.692987785
18295.844847428
18260.346414648
18213.122292466
18204.628107497
18167.999827974
18150.172825067
18123.076254549
18106.562129283
18098.310709898
18073.579007858
18040.655972541
18019.180189576
18008.45188607
17976.305286598
17933.532405095
17909.39992239
17897.345860689
17861.232334023
17813.194298438
17786.886488028
17773.74715541
17734.38736769
17682.043207667
17652.152934975
17637.22675065
17592.523884285
17533.096267421
17531.455401345
17519.65392992
17484.297161674
17437.265779217
17412.904125372
17400.736063918
17364.282875531
17315.797393977
17281.320897462
17264.108398041
17212.57369776
17144.09999043
17138.459346844
17116.331720931
17050.120114094
16962.236230788
16919.172211257
16897.681216636
16833.371886472
16748.006680891
16731.76595221
16674.789953284
16648.499467359
16635.369771697
16596.042781732
16543.751384335
16517.489222064
16504.373777663
16465.089897975
16412.856808922
16378.802594943
16361.801992376
16310.905990004
16243.290850846
16209.359098115
16192.419810659
16141.708089342
16074.339434779
16039.555759404
16022.192156595
15970.214051063
15901.172126336
15856.099730101
15833.611462664
15766.337849735
15677.08412415
15620.19850678
15591.8331482
15507.045761579
15394.712707571
15321.150494304
15284.501306452
15175.078913428
15030.399992541
14978.387292259
14876.985760042
14854.783258403
14822.143928775
14724.655610841
14595.667893601
14557.26051621
14464.982980786
14415.144711033
14390.290004419
14315.982720917
14217.502878542
14153.858837432
14122.14373179
14027.424174631
13902.118950908
13897.125275257
13826.637483748
13733.209602708
13675.262158927
13646.380190697
13560.099765195
13445.907192046
13376.02565702
13341.221201649
13237.350266451
13100.112602494
13036.858986778
13005.34680094
12911.266532208
12786.884004431
12709.046319626
12670.305338221
12554.789525589
12402.40504935
12302.725402564
12253.186405701
12105.763075422
11911.954067678
11886.253162006
11769.727949749
11616.136047534
11598.916414296
11488.40429762
11342.690988342
11270.363462054
11234.372831207
11127.0890691
10985.63606627
10919.647404052
10886.801862732
10788.856838458
10659.632837072
10588.036815402
10552.419333804
10446.28417305
10306.429330673
10243.845079782
10212.695609145
10119.814366227
9997.2854088192
9930.9320640548
9897.9207209286
9799.5436352517
9669.8935188295
9588.937766019
9548.7144010903
9429.0538500807
9271.8358220926
9253.5139235975
9217.392822541
9109.8733178034
8968.4624345669
8904.5671157752
8872.7903642689
8778.1388864192
8653.5057157243
8592.5463941052
8562.2279552962
8471.9129988256
8352.9732259951
8296.3801440668
8268.2275498742
8184.3416669582
8073.8162258868
8009.2974420617
7977.2316473944
7881.802480487
7756.3370448166
7692.8706081468
7661.3323973024
7567.4914283386
7444.155704699
7386.7634514144
7358.2334655088
7273.3029615106
7161.5852340994
7103.3954414318
7074.4780866402
6988.4304329789
6875.3260899412
6824.0041846568
6798.4870718802
6722.5068108614
6622.5190774902
6571.5851875893
6546.265329584
6470.889591088
6371.7369518985
6321.2903265923
6296.2169847246
6221.5921055754
6123.4663173265
6077.779978845
6055.0647896091
5987.4273338653
5898.4178866471
5852.7662885424
5830.0731567192
5762.5203344179
5673.6659256762
5630.5246397292
5609.0771652582
5545.2236804146
5461.2150173932
5419.496459559
5398.7568406805
5337.0129782414
5255.7848854203
5215.6236140524
5195.6582061849
5136.2193818816
5058.0240324415
5019.6192203527
5000.5263023899
4943.6821850811
4868.8939371396
4831.6897692826
4813.1944267488
4758.1321114783
4685.6943036843
4650.223916646
4632.5895398704
4580.0866326348
4511.0072061214
4476.9439093458
4460.0088378486
4409.5870223162
4343.2435460564
4310.7893225155
4294.6532640801
4246.6065886221
4183.3794694097
4151.9975343731
4136.3949566074
4089.9381378524
4028.8063422799
3998.5166027193
3983.4572367861
3938.6185905188
3879.6178605829
3850.8520657908
3836.5492489648
3793.9587528142
3737.9060000435
3710.5021327027
3696.875630502
3656.2956444706
3602.8810612822
3576.3907552383
3563.2187300682
3523.993021793
3472.3629737439
3446.960022688
3434.3283220745
3396.7102843187
3347.193091475
3322.7269002986
3310.5609487687
3274.329713283
3226.6374609076
3203.254085055
3191.6260202953
3156.9944801175
3111.4029355946
3089.0911509214
3077.9953286088
3044.9464241851
3001.4325534896
2979.9723025081
2969.299785297
2937.5110244319
2895.6547768033
2875.1631106282
2864.97172107
2834.6137903885
2794.6363542692
2774.94302068
2765.1484552964
2735.9717009863
2697.5476990499
2678.7157603172
2669.3491483668
2641.4453684715
2604.6935434161
2586.6762360293
2577.7143719996
2551.0146483101
2515.8447181543
2498.5772751633
2489.9880470124
2464.3971186002
2430.6845451146
2414.1712203594
2405.95667505
2381.4803668589
2349.2321913819
2333.3884639543
2325.5067148739
2302.0208478168
2271.074908298
2255.9002100935
2248.3509253145
2225.8543145769
2196.2085977816
2181.6406328316
2174.3929272479
2152.7939590262
2124.3287126068
2110.3698348175
2103.424829376
2082.7266451651
2055.4455495465
2042.0690773615
2035.4135206516
2015.5767205633
1989.4280597278
1976.5713668192
1970.1742109557
1951.1067025194
1925.9701086629
1913.6256064611
1907.4830574504
1889.1734602185
1865.0337641142
1853.1746299503
1847.2733705896
1829.6821062165
1806.4873976135
1795.0942119438
1789.4245926048
1772.52295081
1750.2355000015
1739.2722123353
1733.8163473669
1717.5512246177
1696.1015029201
1685.5494072404
1680.2980028287
1664.6417525421
1643.9934399245
1633.8396222016
1628.7862546618
1613.7197381379
1593.8476221753
1584.0629244498
1579.1931240777
1564.6733655319
1545.5211446383
1536.085775794
1531.389714063
1517.3874938391
1498.9168221552
1489.8135392038
1485.2826508358
1471.7724961563
1453.9499248672
1445.1607692783
1440.7861352587
1427.7415281296
1410.5322516654
1402.0385139685
1397.8108439805
1385.2041690239
1368.5719567292
1360.3587849405
1356.2707008237
1344.0800133806
1327.9960439838
1320.0442419052
1316.0862136671
1304.2831939534
1288.7103312974
1281.0335352537
1277.2123028995
1265.8168612923
1250.7809392784
1243.3185367538
1239.6040476589
1228.5270319668
1213.9115002921
1206.674640845
1203.0724056981
1192.3300940834
1178.1560720969
1171.1184564768
1167.6154286117
1157.1690894107
1143.3858768729
1136.5502800288
1133.1478213342
1123.0014389423
1109.614115378
1102.9642849551
1099.6543289251
1089.7839405294
1076.7611017249
1070.2852068027
1067.0618791089
1057.4500249159
1044.7687677968
1038.4534534831
1035.3101258661
1025.9371161919
1013.571637974
1007.4075266281
1004.3395428217
995.19153800672
983.12368380405
977.10053476537
974.10281208982
965.16471340591
953.37469598987
947.48235707913
944.54985812133
935.80670667024
924.27493442962
918.50381837525
915.6317871654
907.06946433106
895.77745656968
890.11773710573
887.30130107704
878.90534989342
867.83420098716
862.2768480331
859.5115309933
851.26867674736
840.40104138797
834.93654743778
832.21763904101
824.1139225472
813.43158400553
808.05036205546
805.37311535361
797.39447998858
786.87911981399
781.57087498298
778.93019593414
771.0615707803
760.69357989656
755.44680703546
752.8370068703
745.06157787016
734.81911698794
729.61967355208
727.03376431583
719.33089686332
709.18720911729
704.01579731649
701.44424973506
693.78582856676
683.70451137915
678.53112090081
675.959123606
668.30147992516
658.22606372936
652.9957179176
650.39615088653
642.65937858995
632.48665541511
627.07176357434
624.38172673005
616.38065773662
605.87182844334
599.77909414071
596.75574144891
587.77681719781
576.01472107097
569.95943776589
566.95570865949
558.0391677906
546.36820252447
542.27700691723
533.66990912692
533.00210978184
531.13658282479
525.5790873726
518.2594448443
516.94479397748
515.3130498723
510.448656567
504.03415295958
501.15286825988
499.71840821769
495.43961663179
489.7914979417
487.21249057215
485.92808370116
482.09514359024
477.03154628614
474.72131707803
473.57040138323
470.13436912566
465.59174261115
463.52958987788
462.50194102312
459.43264425289
455.37191028138
453.54719003541
452.63757361656
449.91965561268
446.32113512268
445.78640544268
444.99007005085
442.60958908742
439.45541209177
439.35857143936
438.68486935444
436.66995509927
433.99779180939
432.58683369603
431.88307569262
429.77866383162
426.98872372323
425.49341076392
424.74771909413
422.51847613804
419.5643417779
418.00324459264
417.22487546874
414.89845388733
411.81672488998
410.17284851037
409.3533726384
406.90475535009
403.66270140954
401.87981558505
400.99132775865
398.33763282109
394.82667137065
392.80513150961
391.79824623168
388.79304991559
384.82194785789
382.4378593787
381.2513595895
377.71390118974
373.04829490972
370.36477866009
369.03026807321
365.05551858142
359.82236848744
356.8244720083
355.3349031843
350.90340256432
345.08058673346
341.60068040684
339.87390901276
334.74579118192
328.02845952886
323.80843286315
321.71882194316
315.53055043198
307.4642857931
302.0799296497
299.42321460738
291.59244045062
281.46905278451
274.36378151519
270.87869210562
260.68679704204
247.69160916613
245.87222636575
243.10829943811
235.00154692376
224.61149090301
219.13836847704
216.45202351973
208.58896531708
198.54741547242
192.53916003484
189.60356100221
181.06259534622
170.27010844311
165.08482330795
162.55170046528
155.18317082051
145.87541234759
141.47301555118
139.32189320699
133.06279388968
125.15254000926
121.39298364326
119.55577089623
114.20928695123
107.45070203697
104.22851511485
102.65383930298
98.071120280033
92.277479803257
89.510641207933
88.158489280625
84.223358167262
79.248388945851
76.870355919688
75.708234092835
72.326223733985
68.05071490376
66.006058424861
65.006884505351
62.099201148268
58.423588706456
56.665417389672
55.806273407707
53.306211080314
50.146143627697
48.634438819427
47.895762644664
45.746370774701
43.029805713281
41.730247780874
41.095261852504
39.247691657706
36.912824460222
35.795903727467
35.250181532667
33.662428065482
31.65611014247
30.696417725845
30.227537574802
28.863433432722
27.139902860922
26.315545832109
25.912805114509
24.741189102389
23.261020171338
22.553129520366
22.207304196265
21.201321181653
19.930538799361
19.322850695187
19.025990562224
18.16249528013
17.071820420682
16.55031753019
16.295570830395
15.55461703233
14.618819986919
14.171423103905
13.952885720624
13.317286901883
12.514631054261
12.130933415432
11.943518941062
11.398469845177
10.710232367647
10.381270458365
10.220598106299
9.7533482061539
9.1634065671752
8.881462256435
8.7437600954261
8.3433317124916
7.8378067193257
7.5962363673301
7.478257748466
7.13520260899
6.7021501393169
6.4952369684013
6.3941883308693
6.1003772760592
5.7295220100751
5.5523485639972
5.465827066795
5.2142683929958
4.8967738159276
4.7454821991279
4.6715983926991
4.456777536198
4.1856370571031
4.0558095967366
3.9924138505791
3.808110482787
3.5755390398288
3.4644737818205
3.4102416634609
3.2525859943517
3.0536573204231
2.9586723355023
2.9122936033845
2.7774740720217
2.6073729701906
2.5261620231097
2.4865100725707
2.3712496875902
2.2258370877346
2.1564209238396
2.1225289279719
2.024015627605
1.899740094576
1.8404207298657
1.8114592955983
1.7272808996231
1.6210963498414
1.5704176227246
1.5456755093072
1.4737635923404
1.3830583088841
1.3397718817971
1.318639384072
1.2572209096728
1.1797563812373
1.1427924508208
1.1247470846729
1.0723027436847
1.0061609887861
0.97460306456094
0.95919724145506
0.91442558225698
0.85796380274944
0.83102699677932
0.81787741472373
0.77966397110407
0.73147552910777
0.70848787626899
0.69726639226182
0.66465712444384
0.62353797577078
0.60392436985311
0.59435015094956
0.56652860877815
0.53144844433915
0.51471682668763
0.5065496020766
0.48281729318641
0.45289473391963
0.43862422692525
0.4316584905188
0.41141801500839
0.38589930490456
0.37373001906432
0.36779004998553
0.35053061549777
0.32877132425404
0.31839560545122
0.31333119234651
0.29861617742983
0.2800654925359
0.27122041169488
0.266903184115
0.25435946801477
0.23854671935839
0.23100762953465
0.2273279108855
0.21663672091808
0.20315982325587
0.19673483322617
0.19359894153033
0.18448800339061
0.17300354533761
0.16752878323119
0.16485671786219
0.15709352875547
0.14730828027426
0.14264383494657
0.14036729446473
0.13375335940834
0.1254169960334
0.12144343969587
0.11950412364266
0.11387001777493
0.10676888824826
0.10338429868287
0.1017324534155
0.096933594118476
0.090885384493467
0.088002799413131
0.08659597498234
0.082509007635668
0.077358179915473
0.074903412827648
0.073705396497677
0.070225094215191
0.065838974579508
0.063748750693989
0.062728656721383
0.059765274280164
0.056030714275278
0.05425107636703
0.053382567621924
0.050859578764403
0.04768010045099
0.046165044451147
0.045425666248807
0.04327782732482
0.040571180505575
0.039281486681143
0.038652096161172
0.036823787699429
0.034519858205232
0.033422099263933
0.032886381081837
0.031330199974456
0.029369233505603
0.028434923749835
0.027978974687488
0.026654526901894
0.024985606282904
0.02419047037378
0.023802442410643
0.022675305865988
0.02125504348978
0.020578402412128
0.020248202894556
0.019289055826033
0.018080493806023
0.01750472740514
0.017223756766543
0.016407615872428
0.015379266088169
0.014889370348522
0.014650305888646
0.013955897596181
0.013080947989432
0.012664143232929
0.012460747930743
0.011869953088948
0.011125568051636
0.010890749115341
0.010775204783303
0.010435875056739
0.0099999997764826