0.23515723242486833
0.23516838661176498
0.2351739646981461
0.23519069936316173
0.23521301606416217
0.23521582976017283
0.23521838519593186
0.23521894858582929
0.2352213898317226
0.2352225616940215
0.23522314052871596
0.2352248805081907
0.2352271958718597
0.23522851245210724
0.2352291707200845
0.23523114553054855
0.23523378718504093
0.23523509535817763
0.23523575450614298
0.2352377358971631
0.23524035617740785
0.235241755129059
0.23524245089878196
0.23524452575009286
0.23524732620784417
0.2352487446251321
0.23524946350760836
0.23525162016274936
0.23525449576382823
0.23525885707541883
0.23526103788226763
0.23526760646318812
0.2352762478752202
0.23527765683760596
0.23528079326971515
0.23528235194400096
0.23528697213222777
0.23529332338692005
0.23529472762533826
0.23529646896667405
0.23529735211692077
0.23530000157905995
0.2353035228814789
0.2353055899155563
0.2353066199613137
0.2353097101139146
0.23531385707042002
0.2353158585335844
0.23531686748079855
0.2353198943371037
0.23532390424198152
0.23532598046993783
0.235327012932871
0.23533010417038405
0.23533423420700098
0.2353366763707102
0.23533789756446766
0.23534154657965828
0.23534646190612835
0.23534895599435363
0.23535021645139426
0.23535399784515
0.23535903989144272
0.23536168446130176
0.23536301042505017
0.23536698834124561
0.2353723095556958
0.23537532139448716
0.23537682588322478
0.23538135741937782
0.23538737557784808
0.23539069703646062
0.2353923489745933
0.23539728511836353
0.23540393424729658
0.23540711610737172
0.23540872042576982
0.23541353341726542
0.23541990970790133
0.2354229368521261
0.23542443779215308
0.23542894064434103
0.23543494471403215
0.2354386799173745
0.2354405518081862
0.23544617867014594
0.23545359636123706
0.23545732200820133
0.2354591776779379
0.23546471172781316
0.2354721350778693
0.23547646071320918
0.23547863462615365
0.23548515643109366
0.23549382477015784
0.23549836879868088
0.23550062733037194
0.23550744341145619
0.2355163639069174
0.23551728455752205
0.2355191968473816
0.23552494517046127
0.2355325947653301
0.23553763545978476
0.2355401503960061
0.2355476653840511
0.23555778821733106
0.23556368735518673
0.23556665437241223
0.23557564390515423
0.23558728968254097
0.2355881314290244
0.23559555923030037
0.23560546369319946
0.2356216355247394
0.2356297235113686
0.235654084355489
0.2356860382463542
0.2356956857861426
0.23570150108253954
0.23570436672897413
0.23571292982531947
0.2357245008578933
0.23573018123385495
0.23573307456338127
0.23574173757257944
0.2357532382859494
0.23575909218211702
0.23576199687927415
0.23577067671134214
0.23578244243442187
0.23578483962520483
0.2357876047942978
0.23579591673849415
0.23580684003903235
0.23581237977587735
0.23581509844030346
0.2358232545359954
0.2358341302110764
0.23585432351152566
0.23586444578352092
0.23589451552403226
0.23593590246978738
0.23594103284157217
0.23594579682204353
0.2359602017783126
0.23597902155662667
0.2359879863934208
0.2359923497920845
0.23600541450627105
0.23602308892776044
0.23603091734771817
0.23603491835614662
0.23604682768708826
0.23606298258924233
0.23607130565677628
0.23607556821431896
0.23608825617050053
0.23610557510237365
0.23611357338185748
0.23611768413794407
0.23613008920999304
0.2361464337698232
0.23615512756050458
0.2361594188185072
0.23617234324086525
0.23618940596291177
0.23619942094165655
0.23620437819681633
0.23621933764970893
0.2362389229528628
0.23624898945220088
0.23625389550455775
0.23626872938796703
0.2362882988636549
0.23629944165146696
0.2363049849042613
0.23632158270012196
0.23634369017803158
0.23635563951863353
0.23636157585889256
0.2363795941068347
0.23640297926095657
0.23641560668097408
0.23642178048076784
0.23644023053861885
0.23646477617745712
0.23647653395687304
0.23648235013136668
0.23649993510797537
0.23652306261391645
0.2365436437185601
0.23655381363097538
0.2365846812488815
0.23662488010454316
0.23664546034645828
0.23665552042897575
0.23668546830320267
0.23672658742132233
0.23674540374586686
0.23677666478691958
0.23679068923677224
0.23679793084470105
0.23681986652137538
0.23684849018559717
0.23686543976062002
0.23687373417129096
0.23689866631441445
0.23693185308579676
0.23694761821684318
0.23695553085441748
0.23697904199335318
0.23701117848460984
0.23702626051433232
0.23703398936456746
0.23705726601991473
0.23708828549562547
0.23710581337988185
0.2371145761880457
0.23714096644410587
0.23717581849192462
0.23719609460878807
0.23720611237537254
0.2372363978446908
0.23727636658786963
0.23729692899515065
0.23730718880009047
0.23733785246287012
0.23737865372224248
0.23739866854285033
0.23740859535321665
0.2374385475247697
0.2374779089242033
0.23750156645224596
0.23751326843918952
0.23754804332244098
0.23759571194976561
0.23761680660708523
0.23762774605075154
0.23766037988752559
0.23770441235329892
0.23773234815151473
0.2377463767041389
0.23778862464635445
0.23784476485397513
0.23788351074781872
0.23790279511421325
0.23796076244684514
0.2380377144417269
0.23807707437671038
0.23809666645978547
0.2381554478677218
0.23823339251339612
0.2382460716676581
0.23826279366606812
0.23831333869646124
0.2383790787746111
0.2383880094138486
0.2384030017589782
0.23844798181678203
0.23850798174319832
0.23853885815854367
0.2385543239899581
0.23860089700163117
0.23866206220110409
0.2386933968368765
0.23870885225752947
0.23875530738822404
0.23881662013187385
0.23885137102869833
0.23886859903531604
0.2389203821940145
0.2389885274848255
0.2390219578590281
0.23903842660333371
0.23908747433906788
0.2391539588966148
0.23918891929848163
0.23920676104929545
0.239260192600169
0.23933160311450277
0.2393681777960661
0.23938651420634782
0.23944122717145916
0.23951481936858887
0.23956214400013912
0.23958589339968872
0.2396572789303169
0.23975207234111695
0.23980974105876188
0.23983848241094785
0.2399244056281998
0.2400408048097782
0.2400545905277557
0.24008172898495259
0.24016300787483957
0.24027134588029248
0.24032960356544514
0.24035866301326456
0.24044616420924553
0.24056119469041715
0.2405845645222525
0.24061463769606825
0.2407040688219136
0.2408261611608511
0.24088022507776055
0.240908069286869
0.24099205472827012
0.2411019898526185
0.24115861752329876
0.24118655412699824
0.24126934773407172
0.24138273691581902
0.24144199632741078
0.24147242373958278
0.241563240917714
0.24168573680060676
0.2417590415882491
0.2417960333415619
0.241907219828755
0.2420553694929776
0.24216097581773882
0.2422139183194087
0.24237141859990877
0.24258701090917573
0.24262147517549015
0.24278963335814638
0.24286828154625856
0.24299068669030532
0.2430658496468438
0.2431032130837126
0.24321608212526494
0.24336533991649376
0.24346417653850475
0.24351325790890432
0.24366078119660592
0.2438579585535316
0.24396943418352465
0.24402510020424956
0.2441932499930158
0.2444157666895068
0.2445393505122514
0.24460083575988553
0.2447851904025755
0.24503193443683585
0.24517300369998868
0.24524357003476455
0.24545602319123344
0.2457404266389794
0.2457474585878199
0.24580409369880543
0.24597336182560037
0.24620204071525773
0.24631847535978355
0.24637760157104213
0.24655432512162148
0.24679157020519807
0.2469599410892783
0.2470444269217645
0.24729956341447246
0.24763468782304993
0.2476655282526099
0.247775691190313
0.2481073589268849
0.24854963525316603
0.24876838390124295
0.2488777301558
0.24920741043574662
0.2496442919730311
0.24972936719391706
0.25002943629077296
0.2501634150864661
0.2502321787234929
0.2504374727188115
0.25071567564096675
0.25085222487978387
0.2509217825707904
0.25113021625285376
0.2514096974945817
0.2515915893881177
0.2516831652147288
0.2519570219528383
0.2523264508054084
0.25250937089211234
0.25260229022615516
0.2528805727795868
0.2532525120519412
0.2534459396484024
0.2535427942351023
0.25383327805730904
0.2542223205654771
0.2544768127719087
0.25460485575157954
0.25498945336999
0.25550262092454196
0.25583334477738545
0.2559988923105034
0.25649719686499606
0.2571621870573021
0.25760337882169215
0.2578251243724427
0.2584918305686552
0.25937871598744366
0.25970608248545873
0.2603485312104551
0.26048533212253394
0.26069345356768353
0.26131572868233055
0.26215988658477496
0.2624061169751612
0.2630170480512022
0.2633475224043317
0.26351414238528853
0.26401435163425563
0.2646842152207416
0.2651206226567124
0.26534019939511355
0.2660010034966789
0.26687972970306906
0.26691944391517747
0.2674238493067008
0.2680970736392342
0.2685202690962022
0.2687324952271463
0.2693697346409406
0.27022401487533
0.27075217654604333
0.2710181161386827
0.271817622579274
0.27288633724313527
0.2733895195615348
0.2736411491901963
0.2743979215023792
0.27541033121987696
0.2760538340002085
0.2763778489754886
0.27735163619036546
0.2786584713047436
0.27952888939881254
0.2799684236357837
0.2812891137426664
0.28306876412592025
0.28330925376819843
0.284406875552014
0.2858900722878843
0.28605475408678604
0.2871439251258058
0.2886044887553358
0.28934446129124325
0.289716707931827
0.2908344705597467
0.29234006040790694
0.2930510556011651
0.2934104030964481
0.2944893921084344
0.2959408008295576
0.29675641324187096
0.29716827191819256
0.29840521988324664
0.3000730810667885
0.3008288696805894
0.30121097919000367
0.3023584564090273
0.30390309981907926
0.30475089495976976
0.3051792425275261
0.30646761390668303
0.3081980859162625
0.30930100473268046
0.30985842585664447
0.3115340574497665
0.31379574136428123
0.3140614861425878
0.3145952504941947
0.3161996024606223
0.31836446349990327
0.3193606573145716
0.3198641766187845
0.32137771597269127
0.32341808364387353
0.3244330197551225
0.3249462570523231
0.3264885605967696
0.3285687333692758
0.32957430824903433
0.33008288709585304
0.3316114205538949
0.3336710897689132
0.3348000088646862
0.335371045684181
0.33708870190059925
0.33940257750964437
0.340805739836083
0.34151672897657437
0.3436547447957864
0.34654686729959094
0.3471131707697105
0.34908525345196584
0.35174892483599945
0.35302576017743587
0.35367211788136454
0.35561544533500006
0.35824022358515534
0.3594904488241492
0.36012345296477744
0.36202691382920454
0.36459424536250495
0.3660780177931365
0.36683002252078056
0.36909180606696884
0.37215052063956516
0.3735703337121948
0.37428976036254613
0.37645358572699544
0.37937604486093446
0.38096114583889046
0.3817649673783134
0.38418306126776613
0.38745544542013816
0.3889774292946414
0.38974921536882057
0.39207092074909455
0.3952095824219635
0.3968585069016948
0.39769526081408224
0.400212646517329
0.4036201862161496
0.40532119508527453
0.4061848818478706
0.4087832796465925
0.41230279181974605
0.4140372080197194
0.4149183412247062
0.4175692698248741
0.4211606504132101
0.4229864171251282
0.4239146042856587
0.4267076329125977
0.43049395893380205
0.43240591105178267
0.4333784696185359
0.43630570486988934
0.4402749916736667
0.44236322278214363
0.4434264536594663
0.44662718804527407
0.4509740837394692
0.4531038727387374
0.45418857132751483
0.45745394012339274
0.4618882237791905
0.4641544756496065
0.4653093922701578
0.4687865477008403
0.47351227087933623
0.4758654704031805
0.4770650103194124
0.48067680212859915
0.48558579748434655
0.48808436562324214
0.48935848986286806
0.4931953078987739
0.4984130519390288
0.50102312131525
0.5023542885768443
0.5063630718366934
0.5118151425468176
0.5145791227739209
0.5159890311543531
0.5202355602935532
0.5260127640347443
0.5289139070446947
0.5303937782884673
0.5348514294230978
0.5409161589821929
0.5439883920448981
0.5455556277528744
0.5502770012042069
0.5567023430639105
0.5599163617483608
0.5615557321185276
0.5664949122211231
0.5732158246872722
0.5766307944248048
0.5783727163618323
0.5836215776648491
0.5907661049702292
0.5943409428469103
0.5961641083247903
0.6016583671562074
0.6091360486251048
0.6129181119676796
0.6148468459451789
0.6206600085127375
0.6285728953474695
0.6325547171267105
0.6345850532056624
0.6407052345838944
0.6490360276450915
0.6532402495931096
0.6553837432848163
0.6618457649590516
0.6706428189085829
0.6750590065710893
0.677310174731806
0.6840974203933696
0.6933370745873672
0.6979739325648513
0.70033711597595
0.7074628060521971
0.7171624944217336
0.7220476464150174
0.724536901114152
0.7320436438489422
0.7422616787292903
0.747419687234513
0.7500474528452211
0.7579729152508652
0.768761106685567
0.7741829014329248
0.7769442903949364
0.7852735734028452
0.7966104999765394
0.8023011162978536
0.8051985015731411
0.813938858665891
0.8258332972340763
0.8318260820743872
0.8348763544092151
0.8440789224646527
0.8566011324216504
0.8628969830202167
0.866100309713292
0.8757656422599032
0.8889150807187246
0.8955352753677336
0.8989022763124394
0.909062546834824
0.9228828924436567
0.9298309312039442
0.9333630831562713
0.9440227836195093
0.9585188666818079
0.965820579266146
0.9695307797230741
0.9807290270846345
0.9959540131325372
1.0036109330435408
1.0074996154102163
1.0192377169355493
1.035191985957158
1.0432252600050205
1.0473028702522345
1.0596124968827658
1.0763387609714103
1.08475254434297
1.0890208302413986
1.1019073275836133
1.1194114679320366
1.1282239916597538
1.132691834575424
1.1461821521012843
1.1645001381307154
1.1737197505056214
1.1783909917949944
1.1924968291611586
1.21164325637853
1.2212849002270565
1.226166670442328
1.2409097411685048
1.2609129076584173
1.2709931639173202
1.2760933734209345
1.2914977162578996
1.3123892453483939
1.3229127170881114
1.328233164139689
1.3443042817208535
1.3660898979480334
1.3770688110355496
1.3826150748832697
1.3993700336102595
1.4220711728554511
1.4335180937923107
1.439295836305142
1.4567519134811542
1.480390282968056
1.4923110459007822
1.4983224637251715
1.5164864291911455
1.5410690676608656
1.5534739784370055
1.5597234478487725
1.5786088051751286
1.604151635795582
1.6170611619159563
1.6235580608767395
1.643193524639791
1.6697332448754225
1.6831068649161853
1.6898296580087324
1.710149918312371
1.7375942300116427
1.7514590502410998
1.758420331474356
1.779464041075311
1.807862970464958
1.8222177522025476
1.8294156972699427
1.8511777009521628
1.8805210561574226
1.895349074892468
1.9027739901653293
1.9252252255489737
1.9554702559863195
1.9707509380503474
1.9783911981812146
2.001496827234931
2.0325929715546036
2.0483341503716535
2.0561922505670767
2.0799605544558166
2.1119159073321936
2.128097549223655
2.136162014629303
2.1605588253076102
2.1933237962612324
2.2099168536469787
2.218171703074546
2.2431492318466555
2.2766559795732495
2.2936400818806555
2.30207361017238
2.3275972408200705
2.3617959212931345
2.379142149642855
2.3877384066457643
2.4137607108105166
2.4485843897829804
2.466257773003055
2.474997829451577
2.5014624322121244
2.5368323882110557
2.5547989993771845
2.5636644247516354
2.590516619891368
2.6263566741474698
2.644576201571635
2.653545462243689
2.680721219789896
2.7169429838624275
2.7353749204427085
2.7444263779726388
2.7718615018529333
2.8083766997754234
2.8269785850874944
2.836089658448108
2.863717228496215
2.900434268773714
2.919163039169923
2.92831084372947
2.956063167089705
2.992889754266421
3.01170478394599
3.020867562399212
3.0486805917722757
3.0855294715535577
3.1043974413509905
3.113556789410769
3.141376967903962
3.1781748973419526
3.1970761833976593
3.2062199236705053
3.2340131278309245
3.2707123022651783
3.2896575793940905
3.298787179145503
3.326561754588193
3.3631694830439103
3.382236872230122
3.391383860342525
3.419241833452444
3.455886134479994
3.4753346373660214
3.484610291453662
3.5129026984199463
3.5500310703977993
3.5708436983543907
3.580674126174722
3.6107381997584045
3.650059413212814
3.673282899168129
3.6840862861591885
3.7172659830309565
3.7604601755219584
3.775813376729006
3.8072529609749504
3.8136445326839574
3.8331764083373314
3.8587312028260126
3.8628012490827794
3.8682514434477215
3.8848485744621666
3.90658501117976
3.916308296196996
3.9209658825588916
3.9351301336497087
3.953694167986221
3.9621341303914086
3.966185366108488
3.9784910764927877
3.994624491327992
4.002013377797757
4.0055652945865345
4.016341902586885
4.030468011170446
4.036917484893747
4.0400206365567914
4.0494239634306055
4.061740072842562
4.067321491511629
4.070007152359279
4.078134303872318
4.08876143548553
4.093513888905688
4.095798526088099
4.102702049935538
4.111705411909432
4.113163462768777
4.115076546765595
4.120849645268483
4.128358227404301
4.128646010845911
4.130182263743797
4.1348128301799285
4.140823619607535
4.14398788010165
4.145484177442121
4.149990877731584
4.1557776247416065
4.158823653194655
4.1602321004820135
4.164468834775081
4.169806818817156
4.1725442647201945
4.173762026213139
4.177419499601984
4.18187061572526
4.1841167206458625
4.185036064002891
4.187794069870539
4.190887898734822
4.192371345924546
4.192829500865603
4.194206052753121
4.1952284966460835
4.195440000088088
4.195151675271265
4.1942993923818195
4.192035371141394
4.190119091354956
4.188630488877465
4.184191369021026
4.176750695944783
4.171880143964081
4.168900363220018
4.159967210927856
4.146429703989214
4.137724930606368
4.1328451023382735
4.118127099928773
4.096822707509821
4.082435998283595
4.074817870996527
4.051639045223831
4.019041851251975
3.997790335279633
3.987175444224472
3.9543971455978286
3.909554400218512
3.8649051965623187
3.844840979258271
3.779659280678889
3.693697558689056
3.643673295275949
3.6150752856966646
3.6026835994722983
3.5622964668210346
3.509910459381308
3.4726202220458706
3.4577678643219216
3.406680463637055
3.34209648999012
3.3005475609622494
3.285595128750406
3.230931343230517
3.16369484537687
3.125521749230602
3.1126938692202417
3.0641877991732813
3.0050589969362704
2.9707852841726665
2.9598118962730853
2.916944894562378
2.865026126623885
2.834186268307687
2.8247573765333813
2.7866745108485333
2.740789549853882
2.7129022019678337
2.704750792378275
2.6706959111416664
2.629834004894742
2.604460232485387
2.597358502387166
2.56667523534345
2.5299809152186117
2.506733995448747
2.5004917386404597
2.472623176410643
2.4393865197238336
2.417937377966607
2.4123997455843247
2.3868857498444513
2.356530445723604
2.3366072309972634
2.3316508377363427
2.3081196553923418
2.2801861404272556
2.261568996627518
2.257096989362793
2.235252852253369
2.2093787748532447
2.1918920736109846
2.1878290212823988
2.1674384083216056
2.143339266511875
2.126843257603833
2.1231304721940485
2.104009066767829
2.081460929995289
2.065844027759241
2.062435612897563
2.0444370431465413
2.0232621949168594
2.008434458720022
2.0052941501758306
1.9883008564938338
1.9683564336009285
1.954244361800954
1.9513430934016376
1.9352592249792897
1.916428523083852
1.9029710477433237
1.9002851225950894
1.8850311645747495
1.8672171313645023
1.8543626104403519
1.8518723493781115
1.837381132260944
1.820501567199051
1.8082055596537454
1.805894312566105
1.792108081040572
1.7760921239540368
1.7643157579556858
1.7621691845806644
1.749037457089757
1.7338230296810226
1.7225318100546083
1.720537357798754
1.708015366233907
1.6935473084880632
1.6827102449230664
1.6808567692528702
1.6689043196862574
1.6551330286074875
1.6447219962534547
1.6429994835699853
1.63158012070009
1.6184605503817107
1.6084498184047087
1.6068491822465374
1.5959295724807407
1.5834204936218887
1.5737863756944526
1.5722993052208327
1.5618487776079502
1.5499122236390181
1.5406226937248209
1.539242159634626
1.529221741826144
1.517814401032975
1.5088670771162205
1.5075848277010684
1.4979903207246688
1.487096805523291
1.4784687933575678
1.4772787509720957
1.4680748151985648
1.4576561787614
1.449326609379239
1.448222659380637
1.4393862252411136
1.4294139381159456
1.4213661686562382
1.4203426037699833
1.411852222307847
1.4022997075945147
1.3945181888289104
1.3935696800999304
1.3854052812183895
1.376247672396341
1.368717833518674
1.3678394003223564
1.359982187813463
1.3511962001942717
1.3439043789774423
1.3430913631104908
1.33552372396811
1.327087542985411
1.3200209239598149
1.3192689668956716
1.3119743907293384
1.303867572488397
1.2970141311384245
1.2963191537479237
1.2892821602039763
1.28148554136124
1.274833993478112
1.2741921777373921
1.267398250218539
1.2598938662190262
1.253433621166479
1.252841393410014
1.246276918503707
1.2390479278755158
1.2327690454744031
1.2322230610444875
1.2258752718837518
1.2189058865717193
1.2127990367457464
1.2122961656635332
1.2061530900282325
1.1994285097313044
1.193484935476813
1.1930222492348626
1.187072660177662
1.1805790125296207
1.1747904939343172
1.1743652530172288
1.1685986234617545
1.1623229059408178
1.156681728094401
1.1562913703712387
1.1506978299920236
1.1446278569930095
1.139126778332212
1.1387689081778611
1.1333392024065387
1.1274635558976074
1.122095778989979
1.1217681568486513
1.1164936104529992
1.1108015901437862
1.1055607359587154
1.1052612687525507
1.1001337490170107
1.0946153298094976
1.0894954094461042
1.0892221417811059
1.0842340235599046
1.07887981462056
1.0738752055357559
1.0736263103912989
1.0687704472790729
1.0635716499659684
1.0586770751426637
1.058450846530137
1.053720539613221
1.0486689111395666
1.0438794161643508
1.0436742610589143
1.0390632304370677
1.034151049886681
1.029461980800136
1.0292764125807476
1.0247787693667756
1.0199988054480416
1.0154057925524365
1.0152384231065186
1.010848650628528
1.0061941285252003
1.001693066559869
1.001542601745488
0.9972555255432778
0.9927200887439951
0.9883071314547655
0.9881723626525016
0.9839831306452441
0.9795608513623069
0.9752323631493477
0.9751121641977533
0.9710162276911328
0.9667015287631149
0.9624541117768655
0.9623474308349913
0.9583405334377939
0.9541281697440328
0.9499586453303234
0.9498645055160277
0.9459426286135508
0.9418277592930124
0.9377330684507144
0.9376505557201705
0.9338099621781658
0.9297879370394597
0.925765311948204
0.9256935729345117
0.9219307445112233
0.9179972884450803
0.9140440430632651
0.9139822901234725
0.9102939066289018
0.906445009910376
0.9025586197798465
0.9025061145402067
0.8988890614900003
0.8951209874417172
0.8912990447432021
0.8912551022802988
0.8877064472783256
0.8840156699142371
0.8802559622371955
0.8802199358091632
0.8767370089450687
0.8731200354042755
0.8694205994046018
0.8693918932876479
0.8659720931411622
0.8624259745710295
0.8612858090663469
0.8610796060823803
0.8602634220571513
0.8591912228405638