0.2351562355540098
0.23516738940449464
0.23517296732262394
0.23518970148271548
0.23521201751007811
0.2352148311220724
0.23521738648044402
0.23521794985358704
0.2352203910255073
0.23522156285277843
0.23522214166998873
0.23522388159699442
0.23522619689071997
0.23522751343120477
0.23522817167930007
0.23523014643011617
0.235232788005036
0.23523409613847088
0.2352347552665631
0.2352367365979451
0.2352393567987586
0.23524075570845493
0.23524145145721553
0.23524352624568987
0.23524632661950856
0.23524774499347254
0.235248463854245
0.2352506204442718
0.235253495958525
0.23525785713841849
0.23526003787941155
0.23526660626262852
0.23527524741149256
0.23527665633256983
0.23527979267050203
0.23528135129773656
0.23528597134503418
0.23529232241097797
0.23529372660533215
0.23529546789339312
0.23529635101694832
0.23529900039900878
0.23530252159469436
0.23530458856641678
0.2353056185810101
0.23530870864011277
0.2353128554718267
0.23531485687410258
0.23531586579083624
0.23531889255569416
0.23532290233873993
0.23532497850421494
0.23532601093593014
0.2353291020798096
0.23533323199153272
0.2353356740813644
0.2353368952381806
0.23534054414260155
0.23534545932114706
0.23534795333327727
0.23534921375221113
0.23535299503163787
0.23535803692547122
0.23536068141503197
0.23536200733861312
0.2353659851342975
0.23537130618797017
0.23537431793530345
0.23537582237831503
0.23538035377720068
0.2353863717527211
0.23538969311120322
0.23539134499930464
0.23539628099304985
0.2354029299216272
0.23540611168460981
0.23540771595440105
0.235412528800062
0.23541890489639472
0.23542193194953617
0.2354234328440724
0.23542793555977581
0.23543393944745822
0.23543767453746064
0.2354395463715794
0.23544517306339355
0.23545259052794232
0.23545631606273862
0.2354581716764173
0.2354637055582411
0.23547112868399528
0.23547545418751137
0.23547762803449016
0.23548414964150732
0.23549281771673242
0.2354973616077569
0.2354996200707495
0.23550643594553752
0.2355153561665899
0.23551627679185458
0.23551818902352292
0.23552393717196046
0.23553158653399056
0.23553662707558087
0.23553914193538467
0.23554665669427088
0.23555677922148568
0.23556267817875567
0.2355656451056017
0.23557463436677864
0.23558627978342592
0.23558712150904934
0.2355945490843567
0.2356044532458841
0.235620624585186
0.23562871232559923
0.23565307243030303
0.23568502533672162
0.23569467258785556
0.2357004877091316
0.2357033532681752
0.2357119161024488
0.2357234867848298
0.23572916698502466
0.23573206022642762
0.23574072297128396
0.23575222333230847
0.23575807705091736
0.23576098165937948
0.23576966122546467
0.23578142659296447
0.23578382370738762
0.2357865887920873
0.23579490048299165
0.23580582344639778
0.23581136301645564
0.23581408159769893
0.23582223744380193
0.23583311278600066
0.2358533054681276
0.23586342743071304
0.23589349624372585
0.23593488194593154
0.23594001214260654
0.23594477597658992
0.2359591804927827
0.23597799968571428
0.23598696425319446
0.23599132751769064
0.2360043918293817
0.23602206571286424
0.23602989388831844
0.2360338947740972
0.23604580373740985
0.2360619581479938
0.236070280954885
0.23607454338164316
0.23608723094580653
0.2361045493530152
0.23611254738001547
0.23611665800935233
0.23612906270074377
0.2361454067536656
0.23615410027931882
0.23615839140502426
0.23617131543017023
0.23618837762310602
0.23619839229520112
0.23620334939722132
0.23621830839017885
0.236237893081345
0.23624795927561842
0.23625286517596453
0.23626769860270463
0.23628726747010448
0.23629840991551904
0.23630395299719575
0.23632055027967633
0.2363426570727904
0.2363546060447332
0.2363605422007821
0.2363785598949851
0.2364019443131346
0.23641457135028598
0.2364207449592074
0.23643919444454756
0.23646373931979436
0.23647549673683113
0.23648131273036377
0.2364988971633051
0.23652202394532382
0.23654260441488845
0.23655277401015193
0.23658364067445936
0.23662383826154165
0.2366444178746844
0.23665447764368994
0.23668442457785188
0.23672554243601288
0.23674435815314296
0.23677561823611637
0.23678964223450072
0.23679688361560927
0.23681881861060097
0.23684744136799957
0.2368643904220333
0.2368726845729139
0.23689761593607173
0.23693080166686564
0.23694656630322228
0.23695447869323272
0.2369779890901419
0.23701012458772713
0.2370252061325212
0.2370329347393743
0.2370562106638443
0.237087229164352
0.23710475649710547
0.23711351902941716
0.23713990845704344
0.23717475940079047
0.2371950348830734
0.23720505233276554
0.23723533684981152
0.23727530432383476
0.23729586608440817
0.23730612556594544
0.23733678825845816
0.2373775882231677
0.23739760241368021
0.2374075289092241
0.2374374801349913
0.23747684027468643
0.2375004970601772
0.23751219867622655
0.2375469724475317
0.23759463958462296
0.23761573355117782
0.23762667264752688
0.2376593054425227
0.2377033365153613
0.23773127141746594
0.2377452995214856
0.23778754611605268
0.23784368452510524
0.23788242918303215
0.23790171293135223
0.23795967840716417
0.2380366279229741
0.23807598659934756
0.23809557805298404
0.23815435757044048
0.23823229969244777
0.2382449784482966
0.23826169990707116
0.2383122433152505
0.23837798123439644
0.23838691160438993
0.23840190346421192
0.23844688206481837
0.23850688004523712
0.23853775545776737
0.23855322078731145
0.23859979229121842
0.23866095548152055
0.23869228911057583
0.23870774402851788
0.23875419764932634
0.23881550837958243
0.23885025815130742
0.23886748559564483
0.23891926706537017
0.23898741010451796
0.23902083940012606
0.23903730760590608
0.2390863537262203
0.23915283612121557
0.23918779535425708
0.23920563651851148
0.2392590663083494
0.23933047446964084
0.23936704794232327
0.23938538374745744
0.2394400948966228
0.239513684665008
0.23956100772057135
0.23958475633091053
0.23965613949003325
0.2397509297331384
0.23980859653378336
0.23983733692673326
0.23992325726299232
0.24003965258340104
0.24005343780778515
0.24008057535607136
0.240161851515672
0.24027018587106494
0.24032844159815603
0.24035750006606765
0.24044499831590369
0.24056002486548106
0.2405833939308821
0.24061346608683892
0.2407028941577549
0.24082498239736533
0.2408790444248909
0.24090688768421112
0.2409908702695327
0.2411008015853454
0.2411574273438835
0.24118536299224663
0.24126815373383545
0.24138153906956067
0.24144079639430607
0.2414712227577522
0.2415620367866397
0.2416845284509336
0.24175783067034587
0.241794821135839
0.24190600375046334
0.24205414823292198
0.24215975085944633
0.24221269150718427
0.24237018621614823
0.24258577102957787
0.2426202339631999
0.24278838627634508
0.24286703161072234
0.24298943238550985
0.24306459266619532
0.24310195476417254
0.24321481977662976
0.24336407218252315
0.24346290526729455
0.2435119848672172
0.24365950282753604
0.2438566730448156
0.24396814462174873
0.24402380861163814
0.24419195228298485
0.24441446078780565
0.24453804008570088
0.24459952306680932
0.24478387088743406
0.24503060576654648
0.2451716697625678
0.245242233455951
0.24545467865337534
0.24573907141066928
0.24574610306724443
0.2458027360401985
0.24597199773662512
0.2462006679894384
0.24631709814261274
0.24637622209771792
0.24655293886181376
0.24679017483680785
0.24695853919698865
0.24704302175463966
0.24729814836828595
0.2476332595282639
0.24766409884036192
0.24777425744577103
0.24810591210141303
0.24854817080450486
0.24876691069978002
0.24887625255894602
0.24920591956583985
0.24964278324057332
0.249727855018775
0.2500279119446236
0.25016188510741627
0.2502306459094939
0.2504359313752649
0.2507141228247555
0.250850666278245
0.25092022106070433
0.2511286459867633
0.2514081154692697
0.2515899996346149
0.2516815715793192
0.25195541662160614
0.2523248297216527
0.2525077418410979
0.2526006571677373
0.2528789276441856
0.2532508506722077
0.25344426978813334
0.25354112011779395
0.25383159110571407
0.2542206163403035
0.25447509713871747
0.2546031343810543
0.25498771467161857
0.25550085885463375
0.2558315675665322
0.2559971074803221
0.25649538897325214
0.2571603479596228
0.25760151885594973
0.2578232538778307
0.25848992812639326
0.2593767701341853
0.25970412063789
0.26034653764082083
0.26048333154569
0.2606914425756185
0.2613136861425577
0.26215780111427
0.2624040185304827
0.26301491783388237
0.2633453747556149
0.26351198595746295
0.2640121686557408
0.26468199632050915
0.26511838009192806
0.26533794489429324
0.26599871279713444
0.2668773898767574
0.2669171020609062
0.2674214790769819
0.2680946650477672
0.26851783624418724
0.2687300501500278
0.2693672525231805
0.27022148247530287
0.2707496126546138
0.27101553634114756
0.27181499446838325
0.2728836433151473
0.27338679445431113
0.2736384083615388
0.27439513295874535
0.27540747776185953
0.2760509387916869
0.27637493264552204
0.2773486555739672
0.27865540273178263
0.2795257612472318
0.2799652652257431
0.28128586281588536
0.28306538551205296
0.2833058576726519
0.2844033985896159
0.2858864843397736
0.2860511534257712
0.2871402410254978
0.2886006903667799
0.2893406042327162
0.2897128211790667
0.2908304933730131
0.29233595924642775
0.2930468947386898
0.2934062120131324
0.2944851090660502
0.2959363919358609
0.29675193234803776
0.29716375453648725
0.2984005912805071
0.3000682997368934
0.30082401770886197
0.30120609145079685
0.3023534598096192
0.30389795416562676
0.3047456659554307
0.30517397128218926
0.3064622138889007
0.3081925092291934
0.3092953134647141
0.30985267633697605
0.3115281296313089
0.31378956693818383
0.3140552820682896
0.31458898722589335
0.316193158256198
0.3183577696358115
0.319353846119196
0.3198573058991597
0.32137066358749367
0.32341078131011586
0.32442559057646053
0.3249387635238264
0.3264808707173385
0.3285607733830597
0.3295662150242185
0.33007472630523177
0.331603053719991
0.333662439843013
0.3347912007447298
0.3353621572521852
0.3370795681599551
0.33939310587992216
0.3407960591059692
0.34150694176934926
0.3436446312142421
0.3465363009860238
0.34710251415483934
0.34907427866748736
0.3517375105050037
0.3530141306573257
0.3536603790494259
0.35560337248262314
0.35822768999815935
0.35947769119692163
0.3601105816019683
0.362013695244566
0.36458054874226237
0.3660640394076637
0.36681590079250276
0.3690772456044974
0.37213535314285545
0.37355487838098655
0.37427415876857156
0.376437537141617
0.379359379605957
0.38094413936753385
0.38174778730404113
0.3841653498929984
0.38743699895890954
0.3889586337402109
0.3897302423937024
0.3920514055920128
0.39518931919811146
0.39683784297289787
0.39767437849486786
0.4001912137656396
0.40359783902505963
0.4052967688011406
0.40615935187736174
0.4087548240955695
0.4122686354696296
0.41409163122313863
0.4150179538246172
0.4178057705777696
0.4215844440890965
0.42345457043560236
0.4244053319294315
0.42726675535667885
0.43114668099415265
0.4330931905172192
0.43408344321390285
0.43706398516771056
0.4411070422464273
0.4431841536590642
0.44424169394098156
0.4474251305505589
0.45174808795156834
0.45388435398893906
0.4549724009882364
0.45824785223182635
0.4626961634591011
0.4649493023961732
0.46609746233331106
0.4695541950316113
0.474251377300707
0.47661617353809105
0.4778216820830227
0.48145139049830915
0.48638528949462356
0.48887534698682544
0.49014509978479537
0.49396859186166225
0.4991675235696006
0.5018017211984662
0.5031452808882192
0.5071916886232718
0.5126951906268645
0.5154849699305223
0.5169081167147611
0.5211946160783848
0.527026863961137
0.529944444967044
0.5314327239442526
0.5359157669044364
0.5420154039347184
0.5450882845715671
0.5466557821763229
0.5513779041698497
0.557803639566379
0.5610408683701944
0.562692130433816
0.5676671750732353
0.5744377556251161
0.577842093798617
0.5795784298468746
0.5848104132245479
0.591930720442496
0.5955264797210362
0.5973603344004614
0.602886890388724
0.6104088526653763
0.6142049137658966
0.6161407728690962
0.621975469447439
0.6299175461508654
0.6339189286787751
0.6359592527464625
0.6421095512453899
0.6504816740926692
0.6546951327196041
0.6568432921777575
0.6633193508846728
0.6721351968499337
0.6765676392283638
0.6788270716835386
0.6856393464182484
0.6949126606276462
0.699586155996685
0.7019680691530016
0.7091504814880759
0.7189279206267664
0.7238420712745196
0.7263460926634688
0.7338974625137321
0.7441767570523478
0.7493401340429601
0.7519705074318467
0.7599037443743566
0.7707016884843275
0.7761462668940454
0.7789192204313573
0.7872834225231434
0.7986677710385122
0.8043815177588558
0.8072906195624814
0.8160663476166294
0.8280087642021112
0.8340247059723487
0.8370866773095664
0.8463246291919099
0.8588945874064038
0.8652175166190166
0.8684345194710861
0.8781411769697345
0.8913466310317358
0.8979916356212609
0.9013711305247583
0.9115691641910187
0.9254403661213271
0.9324179698601011
0.9359650277400064
0.9466697221554938
0.9612268556723098
0.9685458858627058
0.9722647025733467
0.983488883455918
0.9987481871232738
1.0064328291594422
1.0103354233741177
1.0221154781180966
1.0381263323979393
1.0461806649713181
1.0502687559487869
1.0626099451941708
1.0793782071485751
1.087816086672695
1.092096353707539
1.1050189984032492
1.122571307696543
1.1314098265961148
1.135890585488544
1.1494198449677413
1.1677898341183317
1.1770327203955915
1.181715457639364
1.1958559396754076
1.2150482288049524
1.2247156909772028
1.229610209465811
1.2443916788810745
1.264445931545086
1.274544876861365
1.2796541869253106
1.2950858676932686
1.3160129356271726
1.3265608561118971
1.331893261564356
1.3480004056470474
1.369833426459323
1.380834194406433
1.3863910545201588
1.403177866861764
1.4259205578962648
1.437387234200352
1.4431744584271573
1.4606589936584953
1.484334094295008
1.496272380589599
1.5022920872289312
1.5204809221197721
1.5450950698697827
1.5575124399319167
1.5637675278516265
1.5826696067016628
1.6082326626851173
1.6211081907875886
1.6275871471577443
1.647167646060314
1.6736292150329126
1.6870114418075979
1.6937377905265916
1.714068549683615
1.7415242618098714
1.7553855078370684
1.762344140134167
1.7833794945653805
1.8117638239885367
1.8261308035518389
1.8333339342185662
1.8551114579023675
1.8844726264932163
1.8993011045933879
1.9067252268467998
1.9291738264479088
1.9594116447827263
1.9747093359095926
1.982356944796903
2.0054847942655427
2.0366072519225793
2.052348892671643
2.0602059539656716
2.083970982395827
2.115917713506967
2.1320857650428593
2.1401420619783362
2.1645139418134
2.1972406845667014
2.213819398532614
2.222065558421215
2.247016661883774
2.280482904258518
2.2974453772171795
2.3058664681934156
2.3313523502256666
2.3654949869351904
2.3828110077522022
2.3913904470037513
2.4173617626221713
2.452111318712846
2.4697486031294025
2.478468780001158
2.504873186701565
2.5401564266709853
2.558078187046112
2.5669192867901303
2.5936978737248895
2.6294329781897097
2.6475998391501996
2.6565407733504762
2.6836308837711216
2.7197313594585952
2.7381022221476163
2.7471210719748704
2.7744576691651095
2.8108341582328578
2.8293655099418564
2.838439191304455
2.8659538303910397
2.902512753466789
2.9211618633034284
2.9302676486756
2.957893143271054
2.994542902828494
3.0132694133624582
3.022385665336143
3.0500583513863853
3.086712259689065
3.1054826405057447
3.11459085024754
3.1422568851120367
3.178841312849608
3.1976375845908436
3.20672630993799
3.234353858154143
3.2708240370524764
3.2896591849432477
3.2987309096993442
3.326331520870016
3.3626988652756507
3.3816587171053496
3.390748347995588
3.4184346128949548
3.454840686589124
3.4742077371800635
3.4834367407482687
3.5115916258298507
3.5485246458518542
3.56941573291675
3.5792674998400025
3.609408262404518
3.648806191154454
3.6716205261560217
3.6822295869086523
3.714814854430608
3.7572202908912176
3.7700466459500572
3.800468783512237
3.801226538906829
3.807466369581264
3.8264944695679435
3.851389050803903
3.855554015923752
3.860874371907982
3.877075196022516
3.898291493062566
3.907791228062981
3.912341624895046
3.9261793284475184
3.9443144343087733
3.952574013924096
3.95653826690465
3.9685795161909394
3.984364910645918
3.991594231896282
3.995069044125462
4.005611446509992
4.019429031726859
4.025736099679651
4.028770219787393
4.037964044669221
4.050003775910892
4.055457401869584
4.058080895561991
4.066019553220746
4.076397614505504
4.081034553291379
4.083262827655565
4.089995656607807
4.098773225339559
4.100148492885253
4.102009363021889
4.1076245734635775
4.114924689023513
4.115075472658609
4.116560511256401
4.121036498164343
4.126844919043614
4.129967822783941
4.131441854458934
4.1358813843276225
4.141574939234492
4.144565556824947
4.145944793091954
4.150093404062052
4.1553092112478165
4.157980594505777
4.159163036459641
4.162714211433006
4.167016981152256
4.169182714761444
4.170058273259715
4.17268503344591
4.175594116507654
4.176970987487807
4.177370443191309
4.178571763427674
4.179346497024197
4.179404832428785
4.17903396842697
4.177935812461003
4.175328760371246
4.173191203486746
4.171585666015233
4.1667977777402365
4.15887693531949
4.153739138097955
4.150628676537412
4.1413024735163315
4.127249768718554
4.11818195195325
4.113127541217616
4.097879210182207
4.0758841405940025
4.060966144250972
4.053110595202799
4.029193158115347
3.9956703524680472
3.97380478019667
3.9629644524974146
3.929433467807096
3.883755094452924
3.8460060097186544
3.8289366221908905
3.7739283456053583
3.7015078497852105
3.677292694388524
3.6257910883867397
3.5979717640438285
3.585999834342763
3.5468592744556275
3.4962192067300504
3.4600222408984083
3.445743348932359
3.3963300805053835
3.333994825515663
3.2937219000855174
3.279378925321514
3.2265058152389683
3.16149827201098
3.1243520434505934
3.1119772221936715
3.064811757107909
3.0072485848645094
2.9736941008812368
2.9630187547737035
2.9210342431105447
2.8700933299619327
2.839699689758421
2.8304479136390697
2.7928836826774392
2.7475426471334714
2.719895983042004
2.711837614456026
2.6780447535794103
2.63743492135455
2.6121626111787095
2.605099932001
2.5745123563772903
2.537887338759218
2.514654753436602
2.50841899583156
2.480545475896412
2.44727070601645
2.425785079091866
2.4202354766788967
2.394659615477144
2.3642073577199176
2.3442203063440257
2.33924223248097
2.315619718349992
2.2875602004705597
2.26886624717006
2.264368077791996
2.242419597568401
2.2164080202655194
2.198839972036515
2.1947492901625587
2.174250808659464
2.1500126277519893
2.1334354793965264
2.129695272368901
2.110467718218363
2.0877844093608493
2.072089111448633
2.068654370794219
2.050554114412279
2.029250709668053
2.0143485722824868
2.0111834678500773
1.994094249265466
1.974029114383088
1.9598471557430672
1.9569227983240667
1.9407492519364478
1.9218060594861601
1.9082833255258254
1.9055760520999299
1.89023869872385
1.8723203067551129
1.8594050503728963
1.8568951380192047
1.8423266035686663
1.8253504759238857
1.812998038620654
1.8106687532460968
1.796810956695101
1.780705777124124
1.768877017418433
1.7667139158846963
1.7535159962911286
1.7382191810866334
1.7268793157587252
1.7248697358196177
1.7122865299588987
1.6977424043725822
1.6868601554232079
1.684992842944656
1.6729837671189902
1.6591422262345943
1.648689191662008
1.6469540272531031
1.635482253116641
1.622297773719344
1.6122479614068488
1.6106357585847466
1.5996676020647629
1.587098508008656
1.5774279887827791
1.5759303433539518
1.565434808224716
1.5534427189163935
1.5441292693314947
1.5427384511954871
1.5326867824729382
1.5212361144856135
1.5122599803232073
1.510968782055931
1.501335238195663
1.4903936769295039
1.4817358137970893
1.480537588233259
1.4712972265598352
1.4608339042403464
1.4524763521734672
1.4513649110724942
1.442494551835844
1.4324807395237507
1.4244067324845793
1.4233763074878334
1.4148542907663935
1.405263143636471
1.3974569875758094
1.3965021942082743
1.3883082565489626
1.3791146630660243
1.371561654999726
1.3706774621465865
1.3627926313369072
1.3539730838033806
1.3466594411755128
1.3458411447393746
1.3382476476166572
1.3297801285987367
1.3226929263632061
1.3219361261107454
1.3146173065956448
1.3064811874699427
1.2996083014441426
1.298908880358431
1.2918491254407145
1.2840250749821112
1.277355130139802
1.276709235743328
1.2698939082830811
1.262363808908512
1.2558861319761732
1.255290159307375
1.248705535919403
1.2414524069232449
1.2351569823032995
1.2346075582311475
1.2282407721124742
1.2212486983536899
1.2151261275512082
1.2146200962194837
1.2084590838680735
1.201713149973287
1.195754612867263
1.1952890222087262
1.1893224735960064
1.1828087013476098
1.177005921222455
1.1765780102596897
1.170795322588512
1.1645006133930302
1.1588458229740646
1.1584530100785784
1.152844243603349
1.146756323717487
1.1412422343545716
1.1408821060081829
1.135437943676759
1.1295453147694605
1.1241650851730776
1.123835385659813
1.1185470935328043
1.112838982528796
1.107586193117204
1.1072848145596643
1.1021442075714052
1.0966105225101552
1.0914791486601794
1.0912041219466249
1.0862035274149882
1.0808348137681871
1.0758192001735436
1.0755686862842762
1.0707009116366062
1.0654883185069957
1.0605831544279813
1.0603554358588412
1.0556137428304997
1.0505489736095854
1.0457492781769973
1.0455427518088194
1.0409208217119603
1.03599611116407
1.0312972035272565
1.0311103727070163
1.0266022870102522
1.0218103521697695
1.0172078461601775
1.017039314628256
1.0126395230413716
1.007973555441678
1.0034633185379052
1.0033117839624326
0.999015079787693
0.9944686980252084
0.9900468533765145
0.9899111002302846
0.9857126098284829
0.9812798285295632
0.9769427431070276
0.9768216372565803
0.9727167876590785
0.9683920058696922
0.9641362514804311
0.9640287386891856
0.9600132320261006
0.9557912209878819
0.9516135689094196
0.9515186623161711
0.9475884944000996
0.9434642930548331
0.9393617565980714
0.9392785403121977
0.9354299197014518
0.9313989803311584
0.9273686697511501
0.9272962856297644
0.9235256768283759
0.9195836722926064
0.9156229149142131
0.9155605673417123
0.9118646663870966
0.9080074886770653
0.9041138070313476
0.904060754609365
0.900436430673573
0.8966602835884799
0.8928313160120347
0.8927868656077527
0.8892311816978888
0.8855326034027716
0.8817660283502293
0.8817295414253424
0.8782397417630954
0.874615344403336
0.8709090913721895
0.8708799647828395
0.8674535044382149
0.863900045061109
0.8629047374457702
0.8627326996611063
0.8620979260394181
0.8612592392109523