0.235191421887857
0.23520258761259621
0.23520817146947387
0.2352249234517614
0.23524726325637296
0.23525007983387378
0.23525263792376983
0.23525320188829094
0.2352556456712233
0.23525681873486015
0.23525739816920566
0.23525913994820122
0.23526145771070364
0.23526277565468726
0.23526343460454924
0.23526541146074814
0.23526805584432206
0.23526936537910523
0.23527002520865103
0.2352720086450674
0.2352746316495496
0.23527603204011635
0.23527672852877932
0.23527880553518352
0.23528160887155194
0.23528302877471347
0.23528374840156002
0.23528590728990817
0.23528878586882673
0.23529315169720771
0.23529533476269232
0.23530191012420912
0.23531056056205915
0.2353119709411912
0.235315110603272
0.2353166708912635
0.23532129591290832
0.2353276536410634
0.23532905939073995
0.23533080255922856
0.23533168662490855
0.23533433883349258
0.2353378637965211
0.23533993296917408
0.23534096408376157
0.23534405744305031
0.23534820867950104
0.23535021223094355
0.235351222223543
0.23535425221619286
0.23535826629951717
0.23536034467038064
0.2353613782039913
0.2353644726528345
0.23536860697290685
0.23537105167037817
0.2353722741311017
0.23537592694533704
0.23538084734514078
0.23538334404318229
0.23538460580716375
0.23538839112203727
0.23539343839719531
0.23539608572102816
0.2353974130623822
0.2354013951117227
0.23540672184032213
0.23540973681583233
0.2354112428728254
0.2354157791168069
0.23542180354986858
0.23542512844263172
0.23542678209667975
0.2354317233858202
0.23543837938631051
0.2354415645763489
0.2354431705618063
0.23544798855495908
0.235454371509571
0.23545740177765953
0.23545890427787325
0.23546341181104088
0.23546942212304564
0.2354731612135835
0.23547503504878217
0.23548066774618628
0.23548809320695105
0.2354918227009125
0.23549368029325718
0.23549922010675564
0.23550665114964955
0.23551098130612289
0.23551315748147847
0.2355196860745328
0.23552836346243058
0.2355329122067106
0.23553517309453903
0.2355419962509198
0.23555092615771964
0.2355518476774036
0.23555376196303165
0.23555951627577548
0.2355671738562661
0.2355722197934756
0.2355747373505719
0.23558226019802933
0.23559239352835623
0.23559829885971817
0.2356012689766682
0.23561026782321992
0.23562192597281045
0.23562276843472574
0.23563020398599843
0.23564011878497523
0.2356563074986964
0.23566440392974253
0.23568879013347152
0.2357207777876887
0.23573043522739584
0.23573625652987698
0.23573912517354115
0.23574769725810232
0.2357592803011636
0.23576496670536265
0.23576786305723424
0.23577653513250496
0.2357880479301937
0.23579390791605437
0.2357968156551632
0.23580550460958782
0.23581728252791245
0.23581968233759115
0.2358224504011032
0.23583077103239944
0.2358417058954838
0.23584725135259071
0.23584997286992
0.2358581375257082
0.2358690246175822
0.23588923912449658
0.23589937200825312
0.2359294735589814
0.23597090315447683
0.23597603953196827
0.23598080853650305
0.235995228585977
0.2360140684410251
0.23602304251442205
0.2360274105145984
0.23604048903308592
0.23605818190647676
0.2360660187121212
0.2360700239270394
0.236081945866473
0.23609811762789853
0.23610644963464522
0.23611071667767153
0.2361234180788171
0.2361407550049929
0.23614876194384993
0.23615287704704332
0.23616529517442372
0.23618165711957384
0.2361903599998714
0.23619465579524201
0.23620759384069795
0.23622467470953679
0.23623470020537982
0.23623966271273658
0.23625463793991966
0.23627424423228346
0.2362843211943586
0.23628923246019673
0.2363040820058874
0.2363236723438986
0.23633482687484317
0.23634037599642105
0.2363569913995634
0.23637912236375938
0.23639108434818157
0.2363970270062591
0.23641506424567157
0.2364384746412789
0.23645111519237288
0.2364572955384707
0.2364757652316041
0.23650033705917228
0.23651210726702757
0.23651792964790055
0.23653553327055055
0.23655868560470092
0.23657928849050905
0.23658946928021315
0.23662036960348376
0.2366606119673353
0.23668121377412157
0.23669128460908717
0.23672126472452112
0.2367624270551674
0.2367812642120751
0.2368125581121641
0.23682659804592948
0.2368338474330631
0.2368558064892565
0.23688446125459578
0.2369014286978687
0.23690973201851057
0.2369346909119493
0.23696791337216663
0.2369836954694794
0.23699161659769885
0.2370151531857564
0.23704732375674592
0.23706242241795328
0.23707015961540714
0.23709346133749315
0.23712451425953207
0.23714206105856278
0.2371508333275677
0.23717725199624481
0.23721214191017087
0.2372324397911057
0.23724246842607735
0.23727278655527126
0.23731279882640183
0.23733338341367607
0.23734365431028295
0.23737435125009418
0.2374151969122341
0.23743523334308572
0.23744517095084905
0.2374751555598108
0.23751456016422573
0.23753824315940522
0.2375499578668296
0.23758477088626168
0.23763249062379502
0.23765360897212418
0.23766456032765435
0.23769722989406958
0.23774131013302088
0.23776927666496775
0.23778332060328558
0.2378256147655037
0.23788181665822744
0.23792060494003398
0.23793991050439417
0.2379979415199751
0.23807497853904436
0.238114381640305
0.23813399531109639
0.23819284155640924
0.23827087275574424
0.23828356557429706
0.2383003060804642
0.23835090674757153
0.23841672087261082
0.23842566074604962
0.23844066973566752
0.23848569977065479
0.23854576643852618
0.23857667724719925
0.2385921602911541
0.23863878501435384
0.23870001912192065
0.23873138828485108
0.2387468609468686
0.23879336786180003
0.23885474965837766
0.2388895391424939
0.23890678643351793
0.23895862751855776
0.23902685003417207
0.2390603174006966
0.23907680461469727
0.23912590775413697
0.23919246648025083
0.23922746696906663
0.23924532883697847
0.23929882078570555
0.23937031200182116
0.23940692814411035
0.23942528530900517
0.23948006055522097
0.23955373605047067
0.2396011147333033
0.23962489120022976
0.23969635806586395
0.23979126011840854
0.23984899458298423
0.23987776883388112
0.23996379085992073
0.24008032246719888
0.2400941251138365
0.24012129474374844
0.24020266727367062
0.24031113046443636
0.24036945530480036
0.24039854836030605
0.24048615059957734
0.24060131592178305
0.24062471203984911
0.2406548201229496
0.24074435602304325
0.24086658895571178
0.24092071767240666
0.24094859445619646
0.24103267785193583
0.24114274359680557
0.24119943684780606
0.2412274062164687
0.24131029810044533
0.24142381918837857
0.24148315017208757
0.24151361355217907
0.24160453873923796
0.24172717930649826
0.2418005721761701
0.2418376080975549
0.24194892740139473
0.2420972547834474
0.24220298794583722
0.24225599403140674
0.2424136853976672
0.24262953479003543
0.24266404476341186
0.24283240425141053
0.24291115031344973
0.243033705309031
0.243108960038719
0.24314636939525924
0.24325937662180996
0.24340881911271947
0.2435077770506657
0.24355691914272637
0.2437046251425135
0.2439020473663312
0.24401366200323663
0.24406939767508645
0.2442377572716607
0.24446055491608235
0.24458429392660216
0.2446458569087736
0.2448304455263536
0.2450775035527322
0.2452187534615463
0.24528941038759053
0.2455021365122538
0.2457869066104
0.24580801684239026
0.24587159591589447
0.2460642199069046
0.24631490468245776
0.24633944887834994
0.2464951941830949
0.24670095220276073
0.24681078634533501
0.24686520826573918
0.24702851327849026
0.2472465903476066
0.2473651971044208
0.2474246475123572
0.24760221771387952
0.24784163053332744
0.24798138615190082
0.24805198634787812
0.24826352898714055
0.24854690598522586
0.2487071020383461
0.24878775674012982
0.24902980584720075
0.24935172841504075
0.24951748990526168
0.24960008752605445
0.24984723482828283
0.25018083512655465
0.2503343082105209
0.25041203189595757
0.2506457944014808
0.2509567616592227
0.2511260358273516
0.2512102379493309
0.2514634848207095
0.2518012080055643
0.2519807167788495
0.2520704366843225
0.25233932092202854
0.25270084874662574
0.2528826024571603
0.2529743171594479
0.25325033833277644
0.25361706372487164
0.2538141164532234
0.25391225413917345
0.2542067928706506
0.254600138405531
0.2548649703883008
0.25499790849055937
0.2553958841111663
0.25592984037475375
0.2562770629061544
0.256451615388199
0.25697601276489607
0.25767881049886604
0.25804933092082977
0.25823565476242116
0.25879684326043034
0.25954279621049264
0.2596043900092012
0.259774691141726
0.2602862844137161
0.2609704244615727
0.26138105554056773
0.26158704241248626
0.2622066550310116
0.26303511486497244
0.2635187677745364
0.2637618549179843
0.26449187595777796
0.26547236969397625
0.26594071816869364
0.2661770120403949
0.2668854383685936
0.2678381658039228
0.26830612244599367
0.26854232189341526
0.2692508817433943
0.27020554550325276
0.27057524851075193
0.2712791648337474
0.2716084201812797
0.27177156956584725
0.2722613519431447
0.2729176278045554
0.27334393529812334
0.27355880019294376
0.27420303108226163
0.27506656639873045
0.27558567900247866
0.2758468042288537
0.2766295665211618
0.27768586438618464
0.2778584382164566
0.27811846849794813
0.27889957740218213
0.27994526130624636
0.28049685453149675
0.2807737659452472
0.28160527030862015
0.2827216846799301
0.2834661101529679
0.2838417086063662
0.2849716592206299
0.28648859856184683
0.2877059274291308
0.2883231327020474
0.29018057146973114
0.2926882060909246
0.292902430237545
0.2948343931588274
0.29576081950627403
0.2972733810297363
0.2983090191355923
0.29883242343559874
0.30040592600297567
0.30252957608300923
0.30260156717653575
0.30313361580952003
0.30473359295691094
0.30689118058020864
0.3078860610369128
0.3083890096802091
0.3099000368462815
0.31193966866777145
0.3124436905120773
0.313011061975624
0.3147156229326165
0.31702098978472537
0.3171036728120505
0.31860012852747116
0.32061512094382455
0.32178578744343556
0.3223780996427199
0.3241591703661269
0.32656426080395873
0.32679988634134005
0.3273075854857176
0.3288335021400413
0.3308899954800235
0.33201307449377404
0.33258115007978856
0.3342895242474159
0.33659257563390516
0.3378378604367117
0.3384681052009051
0.3403627663855514
0.342922906506446
0.3433090632822681
0.34387310365813006
0.34556927119887393
0.3478550235741436
0.3491848005680198
0.349858140196573
0.3518829125891514
0.3546191696069559
0.3558861505633824
0.356527684151234
0.3584570563401311
0.36106035404166126
0.36248413999083523
0.3632052549777936
0.3653747219487194
0.36830624814941293
0.36973047571851364
0.37045199328574346
0.37262143365940603
0.3755555898306692
0.37692341289045556
0.37761660108564626
0.379701433984626
0.38251681965163226
0.3840440343248842
0.38481829386221367
0.3871478667645538
0.3902969269828259
0.3919604702320476
0.3928044817528305
0.3953441844038861
0.39878270406064
0.40044415274520956
0.40128734417380807
0.4038245219001444
0.40725914750593606
0.40900369596856573
0.4098896554861472
0.4125560290507051
0.41616748303036716
0.41802859538272036
0.4189744656061116
0.42182172490503944
0.4256820326921709
0.4276150284834191
0.4285980606169674
0.4315569818443441
0.4355719618807568
0.43754781563894196
0.4385531731882016
0.44157951574075627
0.445686368310993
0.447770593951846
0.44883173397818016
0.4520264469678737
0.45636438854372224
0.4585705328974491
0.4596944486262481
0.4630784982318421
0.4676769065230603
0.4699802664183752
0.4711541396323353
0.47468903983121
0.47949332097106906
0.481950823754592
0.4832038391105386
0.4869777137436428
0.49211000005500605
0.4946991882315635
0.4960196644340978
0.49999720318446655
0.505407903370398
0.5081489357849471
0.5095471204476038
0.5137592946919234
0.5194912877466725
0.5223628166206535
0.5238275952419832
0.5282406623866025
0.5342466116998802
0.5372667936283905
0.538807432659432
0.543449503097992
0.5497679215642629
0.5529422441792865
0.5545614270703728
0.5594407008703056
0.5660822887825999
0.5694323859412123
0.5711411699935877
0.5762910979047978
0.5833018677040103
0.5868413589662452
0.5886466598259378
0.5940881549596387
0.6014970259109177
0.6052147002339675
0.6071106140503917
0.6128260126180969
0.6206072240434409
0.6245530981425192
0.6265653106499829
0.6326322205737333
0.6408937995532272
0.6450501550366345
0.6471694089958194
0.653559798537547
0.6622623208716332
0.6666320668814149
0.668859739641786
0.6755778559014215
0.6847263328026447
0.6893393632874779
0.6916907283857424
0.6987827935076559
0.7084410506008326
0.7133026312274593
0.7157802384117194
0.7232539790427568
0.7334320514272189
0.7385533816412878
0.7411628090001726
0.7490351769591692
0.7597556714532462
0.7651584832596307
0.7679107064896998
0.7762149366575648
0.7875233443218711
0.7932130879119484
0.7961106814472149
0.8048545664990763
0.8167607376018132
0.8227525999384109
0.8258031203567184
0.8350095664609296
0.8475443107301772
0.8538529369188312
0.8570636331689284
0.8667546291978939
0.8799473705633666
0.8865883967670387
0.8899669972247684
0.9001659799764837
0.9140481139958775
0.9210356635108826
0.9245890937690318
0.935317071338871
0.9499165335768018
0.9572653234308506
0.9610007902715253
0.9722796321061644
0.9876254750894197
0.9953511617969729
0.9992763264383608
1.0111292918115102
1.0272524310299471
1.0353705959299129
1.0394930550428412
1.0519432102690132
1.0688742354678809
1.0774002155109632
1.0817274147078753
1.0947973777942643
1.112566180569149
1.12151552738448
1.1260549922222274
1.139767634611803
1.1584043727610338
1.1677929787917094
1.1725523739217227
1.186931000129277
1.2064663393365531
1.2163099673644098
1.221296850352877
1.23636445019078
1.2568285074842025
1.2671428070310662
1.2723646283358683
1.2881438794078133
1.3095662024500145
1.320366601209691
1.3258306387712286
1.342343709168414
1.3647529787319859
1.3760544714118697
1.3817677121828218
1.399035903012166
1.422459412599643
1.4342762969406213
1.4402452911563965
1.458288596828649
1.4827516203404931
1.4950971932060046
1.501327888615795
1.5201644972000523
1.5456895771592392
1.5585757810240162
1.565073332637174
1.5847190524788664
1.6113252441231736
1.6247770987772372
1.6315531954392701
1.6520437868340425
1.6797771006436053
1.6937347129138358
1.7007578394455727
1.721997453602176
1.7507231050571241
1.7652464436173378
1.7725457680048986
1.794623549355001
1.8244604932173978
1.8395701672039504
1.847154683642664
1.870098384168638
1.9010806339855537
1.9167598677728657
1.9246195241717081
1.9483989084004207
1.9804807288156736
1.9967284373136145
2.0048609087740905
2.0294694030995233
2.0626370843032786
2.0794268927311097
2.0878170062878882
2.1132089559392324
2.147395131456574
2.164711755184359
2.173349686516705
2.199495883299405
2.2346552258261303
2.2524725049138796
2.2613427700845623
2.288196886897802
2.3242602976654427
2.342553478492067
2.3516409791548836
2.379158049979964
2.4160576244505823
2.434777906338703
2.44405532576321
2.4721532793904064
2.5097702902404118
2.5288677710345224
2.5383068691976467
2.566901055190855
2.605112572357954
2.6245235272486673
2.634088845903828
2.6630728410760196
2.7017257823765606
2.7213738653138737
2.731023274996791
2.7602705969591845
2.7991840116775126
2.8189805457843473
2.8286653245617455
2.858029727377406
2.8969951030053154
2.9168338790638386
2.9264961466102974
2.9558038329852026
2.9945746843883723
3.0143338838796576
3.0239074362142593
3.052959692173367
3.0912549491722667
3.1107964093694496
3.120206211086952
3.148777962950795
3.1862797776803555
3.2054495087241004
3.2146116365476853
3.242451448021461
3.278804549645876
3.2974370610402106
3.3062600566365874
3.333094585765915
3.367910488875896
3.385838855378587
3.394226738994201
3.4197706604954643
3.452636345215136
3.469723573875156
3.477585417754818
3.5015726885697918
3.5320783634174457
3.5483367657191844
3.5556222075597828
3.5779223968807283
3.6057615521878215
3.622367500477743
3.629361989676667
3.650951043217452
3.676741891881346
3.6875936392343442
3.6919981639382553
3.705649633506706
3.721359591864812
3.7288082733311576
3.737904360401651
3.7392595826869166
3.74073777604724
3.745345517554651
3.7502684739643457
3.752198601517898
3.752794002183326
3.7546985170067795
3.7562847583238694
3.7567863297415482
3.756743668757686
3.7566980828607335
3.7558652307558127
3.7552907440572163
3.7547713368987945
3.7532684765798914
3.7506395142164166
3.7492697108502
3.7484029753133563
3.745837507492278
3.741914336307694
3.7399865786172914
3.738882609139405
3.7355899080775496
3.7308008796176257
3.7285317625566137
3.727292384875491
3.723582192162181
3.7183268436288524
3.717759817685905
3.716515137958925
3.7127823642796187
3.707577000960708
3.7049602872921263
3.70358535199671
3.69945713661087
3.693743583356159
3.690551773412842
3.6888825333922286
3.683865358750489
3.6769369567616677
3.6731900896302605
3.6712413605358662
3.665377734951871
3.6573029347438393
3.6529921693274106
3.650761440176946
3.644042033428028
3.634811711069382
3.6299035119201024
3.627374370368816
3.619747996812964
3.6092925614858005
3.6037118938370822
3.600846079160949
3.592195446895943
3.580353434542983
3.5740814341347606
3.5708712570512215
3.561172406589361
3.547916268154443
3.540994921537492
3.5374653042694186
3.5267947992118507
3.5122404314628737
3.5042229203361295
3.500146446819834
3.4878121223873966
3.4710135005595197
3.4609983438787997
3.455924162513412
3.440547867554833
3.4196344788248125
3.4068026296882254
3.4003480574748015
3.380748043442234
3.3541751263545083
3.3393049575814344
3.331916015849594
3.30943542889627
3.279161255716229
3.262375563714232
3.254152755492096
3.229062338697347
3.1955353236970407
3.176148043941231
3.1668185680750676
3.138209752278601
3.100307465815195
3.077461987094401
3.0667321234543974
3.0335550435917003
2.990059471325058
2.962539012495418
2.950075268406034
2.910968392686623
2.860436387486022
2.8234967060192178
2.8079737268200318
2.757493444483246
2.694131302341354
2.6551548409607
2.6400604263337883
2.58879134044047
2.526172137502458
2.4928261841988193
2.4806138657373733
2.437862122533225
2.38604054900955
2.3556114297694886
2.34522586227587
2.306994664372015
2.2613558886935317
2.2337116097369294
2.225070896774903
2.191231960411501
2.1514397158489786
2.1277178496591973
2.1208181711621545
2.0924157238049323
2.059109631030663
2.038583064159537
2.032975378957633
2.008672907013789
1.9802291129146627
1.96212732226063
1.957476818328101
1.9362577173330795
1.9114607022741776
1.8952078594078394
1.89127042792237
1.872388996973024
1.8503545901129734
1.8355282180860115
1.8321276451526811
1.8150425643509323
1.795133480971278
1.78142732227969
1.778437667550797
1.7627598841802166
1.7445205129061452
1.731714552656614
1.7290463914381875
1.7144980202576803
1.6976037852800472
1.6855404135715784
1.6831302727478457
1.6695127288224922
1.6537315854022718
1.642297274449168
1.6400997893019627
1.6272699333630207
1.6124341073039807
1.6015459119677253
1.5995282100368742
1.5873811710236259
1.5733671336478896
1.56296312802722
1.5611009231064272
1.5495581220355112
1.5362727735152923
1.526305470798886
1.5245803954446477
1.5135813719384674
1.5009526543352392
1.4913845559483747
1.4897823539451303
1.4792792445903635
1.4672497988326596
1.458050402519208
1.4565597041004996
1.4465135173915304
1.435036389787051
1.426180175027742
1.4247916631854372
1.415169755724206
1.4042054750946955
1.3956705379801624
1.3943763772798579
1.3851507316837737
1.3746653049551312
1.3664324253180633
1.3652258678742957
1.3563719083174075
1.3463354355430992
1.3383874338116395
1.3372625456929603
1.3287583168023955
1.319144027260427
1.3114653172576034
1.3104167873324992
1.3022423806902046
1.2930259573513998
1.2856022329246026
1.2846252384381027
1.2767623891738302
1.2679214919258415
1.260739505978749
1.2598296172911039
1.252261418421813
1.2437753450736924
1.2368168621616522
1.2359705630309712
1.2286752079693037
1.2205203291927262
1.2137838967547703
1.2129962125816025
1.2059713840697712
1.1981385789486507
1.1916114531723812
1.19087930981152
1.184105097394165
1.1765729244047534
1.170242873740356
1.1695629021315805
1.1630261299079954
1.1557784619436213
1.1496357571576012
1.149004776911485
1.1426930763003031
1.1357147376716792
1.129750205261005
1.1291652157968988
1.1230669003981004
1.116343551264107
1.1105485152490626
1.1100066834053284
1.104110704312252
1.097628787448509
1.0919950396812923
1.0914936893872238
1.0857895978627696
1.0795362935317045
1.0740560680191173
1.0735926714677846
1.0680705862352808
1.0620337726521294
1.0566997223667685
1.0562718922367054
1.0509224700761168
1.045090687649223
1.0398958633177606
1.0395013457535394
1.0343157544337647
1.0286781731569283
1.0236160032095334
1.0232526713222059
1.0182225645575136
1.0127689526346797
1.0078332250746436
1.0074990728602506
1.002616566378951
0.9973372619259991
0.9925221058504126
0.9922152424090789
0.9874728913847637
0.9823587739945708
0.9776586431177268
0.9773772871373303
0.9727680644206512
0.9678105290174895
0.9632201851251113
0.9629626595554885
0.9584799349551401
0.9536708661809891
0.9491853633506343
0.948950090256174
0.9445876104409852
0.9399193572431838
0.935534027396227
0.9353195230378389
0.9310713923138035
0.9265367450518114
0.9222471831440603
0.922052053125205
0.9179127146593767
0.9135048827062203
0.9093069319516538
0.9091298666184818
0.9050940850369108
0.9008066723926063
0.8966964123663967
0.8965361825708098
0.8925990258349886
0.8884260123806547
0.8843997458593428
0.8842551981418371
0.8804120223590625
0.8763477433244564
0.8724019823382765
0.8722720355220902
0.868518467317224
0.8645575923481974
0.8606890479323984
0.8605726885532368
0.8569046118822964
0.8530421259961355
0.8492476986777033
0.8491439771700788
0.8455575190047718
0.8417887058450578
0.838065472888513
0.837973500685804
0.834465013260177
0.8307854419445634
0.8271306437594775
0.8270495887385284
0.8236156418026246
0.8200211433999
0.8164321797228817
0.8163612633660088
0.8129986306960701
0.8094852755586103
0.8059597010901987
0.8058981969883237
0.8026038333960384
0.7991679601181042
0.795703445693522
0.7956506726367627
0.7924217257559661
0.7890598550206183
0.7856542296789831
0.7856095521298911
0.7824433276561304
0.7791522113120561
0.7758034098928951
0.7757662352467838
0.7726601979143575
0.7694367837722406
0.7661428581004394
0.7661126309457458
0.7630644099033367
0.7599057963891698
0.7566649352773082
0.7566411371665844
0.7536484812226825
0.7505520059524371
0.7473624408861573
0.7473445868222939
0.7444054035788462
0.7413684174844063
0.7382285984949498
0.7382162465966357
0.7353285096268025
0.732348766039072
0.7292570143543319
0.7292497458583702
0.7264116036906338
0.7234867633595162
0.7204416888888009
0.7204391037080071
0.7176487913335807
0.7147767605214393
0.7137577509586263
0.713576838539016
0.7128206132968226
0.7118316522441901