0.23517537569295588
0.2351865360026211
0.23519211715122257
0.23520886100596744
0.2352311899673245
0.23523400519245088
0.2352365620366766
0.23523712573150873
0.2352395683237285
0.23524074082353955
0.23524131997644987
0.23524306091087352
0.2352453775475276
0.23524669485146676
0.23524735348129874
0.23524932937736964
0.23525197248009938
0.2352532813758189
0.2352539408854774
0.23525592336192477
0.23525854508783614
0.23525994480307447
0.23526064095431615
0.23526271694926695
0.23526551893460954
0.23526693814040364
0.23526765741789374
0.2352698152581272
0.23527269243945145
0.23527705614796007
0.2352792381533956
0.23528581033256432
0.2352944565343129
0.2352958662485212
0.23529900439467433
0.2353005639253028
0.23530518667847183
0.23531154136842627
0.23531294640882164
0.23531468871976963
0.2353155723558079
0.23531822327539859
0.23532174652038745
0.23532381468933936
0.2353248453022912
0.23532793715657999
0.23533208638431719
0.23533408895566485
0.23533509845763192
0.23533812697829617
0.23534213910054358
0.235344216465673
0.23534524949678093
0.23534834243844543
0.23535247474815682
0.23535491825645355
0.2353561401225499
0.2353597911537736
0.23536470917250155
0.23536720464567384
0.23536846579626675
0.23537224927083583
0.23537729409192223
0.23537994012322816
0.23538126681802837
0.2353852469275533
0.23539057106818834
0.23539358457153733
0.23539508989249855
0.23539962392694752
0.23540564541514522
0.23540896869615296
0.23541062154486778
0.23541556041912345
0.23542221319457496
0.2354253968217564
0.23542700202481018
0.23543181767052718
0.23543819749752468
0.23544122629948536
0.2354427280674541
0.23544723340369014
0.23545324078598
0.23545697805213417
0.23545885097477068
0.2354644809334164
0.2354719027476279
0.23547563043607203
0.23547748712607597
0.23548302423452405
0.23549045166692623
0.23549477970148874
0.23549695481502333
0.23550348022220127
0.23551215336319556
0.23551669989422186
0.23551895967624067
0.23552577951196133
0.2355347050017226
0.23553562611352025
0.2355375394624711
0.23554329096407634
0.23555094479666236
0.23555598827328156
0.23555850460031835
0.23556602375910526
0.23557615216283656
0.23558205458739034
0.2355850232495417
0.23559401772482833
0.23560567006775288
0.23560651219389334
0.2356139441078478
0.23562385405577688
0.23564003484615711
0.2356481273139716
0.23567250161563533
0.23570447342364495
0.2357141262170075
0.2357199447006436
0.2357228119376133
0.23573137980372086
0.23574295720988103
0.23574864078483784
0.23575153571822732
0.23576020353850383
0.23577171066464006
0.23577756779241546
0.2357804741038403
0.23578915877685477
0.23580093097156576
0.23580332955211403
0.2358060962571837
0.23581441281134957
0.23582534224776583
0.23583088502017316
0.23583360519854485
0.2358417658368095
0.2358526475704219
0.23587285212447245
0.2358829800277942
0.23591306664898287
0.23595447622760807
0.23595960978643163
0.23596437643301474
0.23597878939877096
0.23599761983117357
0.23600658956954107
0.2360109554100822
0.2360240274497752
0.23604171166310586
0.23604954453308277
0.23605354777376236
0.23606546379563248
0.23608162764446944
0.2360899554557612
0.2360942203936083
0.23610691548460763
0.23612424396548887
0.23613224684022843
0.23613635990318738
0.23614877190328837
0.23616512568895862
0.2361738243032122
0.23617811796905272
0.23619104962075854
0.2362081219727345
0.23621814253257115
0.236223102574906
0.2362380703987163
0.23625766684018087
0.23626773889176303
0.2362726477107497
0.23628748990563703
0.23630707045230093
0.23631821947182252
0.23632376583899492
0.2363403729784838
0.23636249291982375
0.23637444897010168
0.23638038866302746
0.23639841698914307
0.236421815538124
0.23643444992638898
0.23644062720009953
0.23645908767777468
0.23648364721414475
0.23649541158894083
0.23650123105696394
0.23651882592843781
0.23654196660992538
0.23656255927314496
0.23657273495779388
0.2366036199314039
0.23664384187548765
0.2366644335611987
0.2366744993497008
0.23670446433331793
0.23674560638296055
0.23676443376258216
0.23679571224088755
0.23680974490756368
0.2368169906436707
0.2368389387271173
0.23686757889571977
0.23688453795285858
0.2368928370917696
0.23691778343044045
0.23695098914076024
0.23696676327526833
0.2369746804185598
0.23699820506254063
0.237030359638835
0.2370454504943612
0.23705318377420168
0.23707647373167548
0.23710751095629612
0.2371250488780258
0.23713381670675915
0.2371602220404977
0.23719509418266352
0.2372153818490323
0.23722540538312648
0.23725570818400912
0.2372957000260971
0.23731627420359988
0.23732653989453711
0.23735722121638628
0.23739804603890485
0.23741807232738651
0.2374280048675904
0.2374579742526516
0.2374973585796042
0.23752102962225186
0.23753273835955277
0.23756753348047083
0.23761522923036874
0.23763633645975887
0.23764728222467507
0.23767993502204113
0.23772399283953105
0.23775194494716717
0.23776598166449298
0.2378082541342039
0.23786442707616046
0.23790319546395702
0.23792249107944238
0.23798049220660383
0.23805748932113635
0.23809687216309958
0.23811647570209385
0.2381752915171779
0.23825328209414603
0.2382659684996156
0.23828270031950774
0.2383332748745476
0.23839905424704286
0.23840798978657937
0.23842299096441316
0.23846799754352965
0.23852803288752808
0.23855892755432603
0.23857440251989198
0.23862100297323888
0.23868220474006066
0.2387135576983053
0.2387290222684057
0.2387755048793592
0.23883685426721665
0.238871625641098
0.23888886388134103
0.23894067777971925
0.23900886405129404
0.2390423140561535
0.23905879260174287
0.23910786973847353
0.23917439365493623
0.2392093753296807
0.239227227756003
0.23928069135810973
0.23935214469832997
0.23938874138179098
0.23940708880589023
0.2394618348216165
0.23953547122242738
0.23958282453728594
0.2396065883006375
0.2396780169931842
0.23977286805672662
0.23983057166419097
0.2398593304746837
0.23994530612663822
0.24006177558235264
0.2400755702838353
0.24010272528340745
0.2401840538651034
0.24029245830244764
0.24035075162474975
0.24037982890710677
0.2404673837235703
0.24058248576061958
0.24060586954172733
0.24063596124079775
0.2407254479670273
0.240847614914617
0.24090171321872583
0.24092957471418874
0.24101361213686306
0.24112361657739628
0.2411802790494811
0.2412082330405116
0.2412910788000333
0.24140453798022715
0.2414638353728808
0.2414942818720916
0.24158515636714914
0.2417077290294656
0.2417810805594589
0.24181809575137236
0.2419293527201647
0.24207759669362627
0.24218327032711065
0.24223624657074766
0.24239384825442514
0.2426095769895736
0.2426440655111821
0.2428123305202251
0.24289103064693882
0.2430135153124617
0.24308872697011186
0.2431261147750998
0.24323905714706603
0.2433884129525814
0.24348731395312734
0.24353642754659455
0.24368404779382863
0.24388135509387948
0.24399290449045016
0.24404860747282708
0.2442168685999699
0.24443953438665367
0.24456320056264874
0.24462472706154637
0.24480920586732008
0.24505611652727982
0.24519728165337915
0.24526789606207966
0.24548049407490416
0.24576509209121905
0.24577212935935364
0.24582880338298174
0.245998188543887
0.2462270246259983
0.24634354101410816
0.24640270828785135
0.24657955535391873
0.24681696621569363
0.24698545583617126
0.24707000127137724
0.2473253175651721
0.2476606831011651
0.2476915438687769
0.24780178565517877
0.24813369146754113
0.2485762885397307
0.24879519649071818
0.24890462274235378
0.24923454459477162
0.24967175123439717
0.24975688911289262
0.25005717972474983
0.2501912610404658
0.2502600762741878
0.2504655255091454
0.25074393723630667
0.25088059176935545
0.25095020239655974
0.2511587954398207
0.2514384907019567
0.2516205232502597
0.25171216972842686
0.25198623933307013
0.25235595488501955
0.2525390199775785
0.25263201224724313
0.2529105146044173
0.2532827495271808
0.253476331471247
0.2535732635369943
0.2538639809460324
0.2542533378371164
0.25450803767196917
0.2546361850723739
0.2550210980613816
0.25553469098302684
0.255865690404389
0.2560313766109439
0.25653010089093103
0.2571956590381002
0.2576372306058143
0.25785916778429646
0.2585264554347413
0.2594141309431753
0.25974178854114693
0.2603848146146872
0.260521743059517
0.26073005406397515
0.26135290335381794
0.26219784260499307
0.262444309128183
0.26305581847325654
0.2633866100816316
0.263553389844292
0.2640540823216218
0.2647245996912402
0.265161437827242
0.26538123180411394
0.26604269473039
0.26692231505471153
0.26696206617612683
0.2674669880070188
0.26814091053177247
0.2685645475360297
0.2687769961665385
0.2694149097281263
0.2702701051107961
0.27079883993193593
0.27106506901918165
0.2718654547734325
0.27293536732288676
0.27343911711020824
0.2736910328724099
0.2744486736076222
0.2754622647812738
0.27610652752666015
0.2764309269675542
0.2774058842198314
0.27871432059557455
0.2795857227625011
0.2800260849866865
0.2813478362458899
0.28313213106657026
0.2838138414497281
0.2851805923803993
0.2858960579057405
0.2862569728145476
0.287341093889206
0.2888002429265817
0.2895210037698355
0.28988487485857384
0.29097830198493824
0.29244842111705777
0.29331591104292154
0.29375394473091776
0.29507084129347405
0.29684493423768127
0.2976673565893178
0.2980828013056318
0.29933162204669334
0.3010101472013392
0.30219718091318143
0.30279802267857575
0.30460516731027903
0.3070468231447117
0.30743387309633535
0.30916114665148847
0.3100808320755472
0.31054554375898497
0.31194260907501337
0.31382157025859286
0.31516483742719203
0.3158457805826893
0.3178929488440511
0.32066559185233734
0.32105964927956704
0.3229205299282818
0.32405465368305325
0.3246284379033562
0.32635377896167844
0.32868076082279785
0.3298529192754166
0.33044592508028897
0.3322292454890436
0.334633862990872
0.33597619191102723
0.3366559358540185
0.3386998388328485
0.3414646257086123
0.3417560891224507
0.34347810355638986
0.3457983107461933
0.34729045468598285
0.3480470100634358
0.3503226589840092
0.35340237866770896
0.35401296181782527
0.3561652220777842
0.3590753271300427
0.359580409630364
0.36023599181890115
0.36220731784782245
0.3648689743748186
0.36622399249186044
0.3669102136472733
0.3689740711561757
0.3717610915110582
0.373212013537568
0.37394724301100024
0.376158542175696
0.37914722702003506
0.3806546511649046
0.3814187961708582
0.3837175479367372
0.3868250275208984
0.3884271328709405
0.38923967973208284
0.39168438838601427
0.39499199887521486
0.39664277706347023
0.3974803640744189
0.40000051952949406
0.4034119579101886
0.40510567983143103
0.4059655565930613
0.40855290705477304
0.41205643867951747
0.41382618761214796
0.4147252819616503
0.41743047557834323
0.42109698203546175
0.4229109523863324
0.42383302618622926
0.4266079711429528
0.43036879871458467
0.43232649811114626
0.43332244628371974
0.4363204149288367
0.4403879335719007
0.44244828161286065
0.4434971215085965
0.44665464552460477
0.4509413713582516
0.4531163188931341
0.4542242085166138
0.4575599144918029
0.4620916611345669
0.46436121351550014
0.4655177473268896
0.4690001707314504
0.4737330070881848
0.4761087691436304
0.4773198596634742
0.48096678266335463
0.4859247399797356
0.4884305276212958
0.48970828808236827
0.4935565075429024
0.49879000184769995
0.5014215570536787
0.5027636794023042
0.5068059452683118
0.5123048361754884
0.5150640326138144
0.5164713814922473
0.5207104787617112
0.5264776422416737
0.5293960833840854
0.5308847988171701
0.5353695983843451
0.5414723159453384
0.5445558616524441
0.5461288235749853
0.5508680904414456
0.557318100251688
0.5605700181064869
0.5622288053000126
0.5672273367303351
0.5740306331271016
0.5774789022875033
0.5792378224503045
0.5845387870312694
0.5917556725154374
0.5953621107681981
0.5972013787881966
0.6027450686776813
0.610291336871824
0.6141111781274401
0.6160592140851701
0.6219314680427671
0.6299265890840544
0.6339419034292414
0.6359893206419027
0.6421618971709395
0.6505656640893832
0.6548066182102441
0.656968854002464
0.6634883683251704
0.6723655821479602
0.6768137168410633
0.6790811303433412
0.6859184870879648
0.695227535764295
0.6999284897252749
0.7023244408167588
0.7095504292892922
0.719389150559668
0.7243481541828154
0.7268751546076686
0.7344973079776563
0.7448757066328584
0.7500877689537214
0.7527430680189472
0.7607530292527623
0.7716584535326354
0.7771546864371209
0.779954077392142
0.7883997663462767
0.7998980474940036
0.8056781245727443
0.8086211849974073
0.8175012941510932
0.8295895100309513
0.8356761622102773
0.8387743274648225
0.848123479448964
0.8608489030782182
0.8672452081378793
0.8704997758998465
0.8803219378597711
0.8936887764288913
0.9004161405254808
0.9038377932006074
0.9141653514441701
0.9282174286237227
0.9352905108080625
0.9388864430126809
0.949741234211753
0.9645075884491424
0.9719414109431578
0.975718970501439
0.9871232793132898
1.002633595180643
1.0104387642378418
1.0144030212900295
1.0263722507625337
1.0426464855597701
1.0508399509950843
1.0549991982955207
1.0675585102424858
1.0846302071159246
1.0932243155656525
1.0975844701762862
1.110751828684248
1.1286444605545891
1.1376523552280136
1.1422197090236688
1.1560142496796875
1.1747527741727775
1.1841901926097296
1.188972323891244
1.2034170896304606
1.2230318059688374
1.2329133522923672
1.2379172179915308
1.2530333793186506
1.2735518771092054
1.2838917544297397
1.2891240561695865
1.304932010170962
1.3263807091291522
1.337191334283545
1.3426578098987612
1.3591750503189333
1.381576161985973
1.3928709484988706
1.3985777677526139
1.4158231174673719
1.4392005318031114
1.4509912151839448
1.456943619229485
1.4749331031036523
1.4993066490601794
1.511604043765081
1.51780671839841
1.5365547026662731
1.5619417218271807
1.5747627555990233
1.5812233986067379
1.6007534600924715
1.6271837262798385
1.6405517831656782
1.647281240556131
1.667626597893972
1.6951428214333208
1.7089917181827023
1.715955410270454
1.7370109663810913
1.7654660847647745
1.7798729920967955
1.7871087843907196
1.8089902026500295
1.8385396441929178
1.853470285799627
1.860959640642918
1.883610816041668
1.9141744958201334
1.9296282041197237
1.9373694576350595
1.9607857841243848
1.9923541208984272
2.008331086311523
2.0163229255017665
2.0405009684432756
2.0730658675274847
2.0895524694584475
2.0977865850501534
2.122701685887017
2.1562260999288703
2.1732075309950174
2.181674958489158
2.2073005751522943
2.2417449385981363
2.2592037512729757
2.2678941489078857
2.2941996634196484
2.3295189130621745
2.347432550554681
2.356332974474453
2.383279961528159
2.419418501128487
2.4377623948867173
2.4468588262789406
2.474405723376935
2.511303728989603
2.5300435066019853
2.5393170157994165
2.5674074086606224
2.6049850382325705
2.624084937539741
2.633515806270613
2.662091023108348
2.7002653552464033
2.7196858478809687
2.7292523693304136
2.7582478249194993
2.796927817568738
2.8166238162579873
2.8263013744452676
2.855643761255624
2.8947263635957983
2.914647809890751
2.9244091029106403
2.954017085913957
2.9933879920776842
3.013481147556843
3.0232967105526
3.0530825520476905
3.092618097833567
3.112825520180863
3.1226635669445137
3.152532685496372
3.1920988746647447
3.2123628286980677
3.2221906386274424
3.252045945246957
3.2915035969019577
3.3117711708456716
3.321557098407844
3.351305328942639
3.390517422052535
3.410754018974239
3.420473019170314
3.4500420605291495
3.488894545658311
3.5091200578311814
3.518768616239116
3.5481542941006694
3.586612705156851
3.6070177741978666
3.616661653341986
3.646077513676644
3.6843679790914154
3.7059330547813847
3.7159588548764098
3.7466268729912504
3.7861890556387694
3.809074750469896
3.8194410359434343
3.8512863507223845
3.891760391033554
3.902204993552691
3.929908896787169
3.9304161878758554
3.9359192468763413
3.952708644407025
3.974171128766893
3.9774147795513324
3.9818185307470597
3.995237951370746
4.012369414782597
4.015828113139376
4.019381381161717
4.0301986510487
4.043982460165723
4.050143893865177
4.052986615424016
4.061634127150119
4.072616264705814
4.077507748439534
4.07975665213059
4.086592169013244
4.095237820123394
4.09906167464501
4.100811629034604
4.106125746783071
4.11281200771196
4.115730512952388
4.117057946653054
4.121084761386629
4.126116442883932
4.126926086405694
4.127924563554967
4.13094997702305
4.134704210759117
4.134925896632964
4.135647200606546
4.13782993733708
4.140521895908497
4.141850895043884
4.142425677157516
4.144164839922889
4.146234533213776
4.147259897899008
4.1476645163040615
4.148887588141694
4.150208775869464
4.150786360973685
4.150948979672315
4.1514369203603385
4.15171238857162
4.15170065907268
4.151545715651105
4.151069383726954
4.149977498884223
4.149187072751514
4.148610157322427
4.14685523420677
4.143947994045
4.142069311195151
4.140898664126663
4.137349966182224
4.1318910990392945
4.128371612081095
4.1263052166748135
4.120056588500513
4.110760546816568
4.104699149701879
4.1012671348731065
4.090905872855903
4.075819014381247
4.066969389859056
4.062159349873784
4.04764123177156
4.026992256703373
4.014804366696574
4.0083710928001395
3.9889194068516094
3.9617524321056723
3.9452369485128127
3.936747056941575
3.9109866371673063
3.8755519723171896
3.8533508899038362
3.842261622001843
3.808410790070681
3.762542409215847
3.7326794248091155
3.7183041399018752
3.673949134545341
3.614892623285532
3.5745588149584213
3.556201324542141
3.498358575174585
3.4232130184488696
3.377221161610122
3.3576638002663235
3.294183975792831
3.213978384298085
3.1746458028438123
3.1585527665970723
3.105487060262126
3.039013644124571
2.9986554678755324
2.983225157313896
2.930161587479138
2.865126507335631
2.8245438050589224
2.810464279375297
2.7589800492644145
2.6975209938773426
2.662651255380384
2.651380288646595
2.6084224354966663
2.5573893800333036
2.527574930880317
2.5184570662907015
2.482180752846565
2.4392051507280224
2.4133194521948056
2.4058253176608937
2.374659484513989
2.3378115935558026
2.3149657306088565
2.30869828526568
2.281452466635724
2.249289643708926
2.2288070886719558
2.223471083151225
2.199253101365155
2.170704086253605
2.152076730530833
2.1474545166811474
2.125601984640298
2.0998772553016427
2.082727660352091
2.0786601914033747
2.058685667310728
2.035207519085624
2.0192576585425415
2.0156294463618334
1.9971763960207773
1.9755237517207527
1.9605695572952795
1.9572968707689449
1.940104707079417
1.919970081749417
1.905861274539816
1.9028831170170697
1.886760206414401
1.8679171033947215
1.8545417965336257
1.8518132313485371
1.8366167750220348
1.818895796859754
1.8061691823217323
1.8036565427998204
1.7892780706079832
1.7725499124839923
1.7604062091263166
1.758083736437853
1.7444389061992067
1.7286024866078111
1.7169893324158683
1.7148368455622942
1.7018583775147211
1.68683264012375
1.6757072310861105
1.6737085198151151
1.661341333241476
1.6470596003619913
1.6363860400838213
1.634527755568199
1.6227256205154363
1.6091316952169499
1.5988791707654448
1.5971500568225638
1.5858732791496997
1.572918740639827
1.5630602594385914
1.5614506167869247
1.550664427368608
1.5383067419452985
1.528818250315579
1.5273195608653776
1.516992986360666
1.5051941782597933
1.4960539409993445
1.4946586025449293
1.4847636673282456
1.4734893760327328
1.4646775358633966
1.463378673247964
1.4538898305399772
1.4431086362875771
1.4346068984274098
1.4333982278344353
1.4242919506185256
1.4139748870452524
1.4057672271227912
1.4046428843167902
1.3958983412798656
1.3860192654405
1.378088475559196
1.3770432111218567
1.3686383133143065
1.3591708362725838
1.351502808728758
1.3505315272291507
1.3424485331571114
1.3333701671781848
1.3259513968683614
1.3250494116980773
1.3172704870543532
1.3085592282957361
1.3013766583784827
1.3005395795376007
1.2930479602801779
1.2846831305812902
1.2777244731230921
1.2769481807918275
1.2697281027728262
1.2616902576185105
1.254943942845185
1.2542245666280532
1.2472611942927696
1.2395320359224975
1.2329871647509834
1.2323210662751456
1.2256004312251485
1.2181627339103438
1.2118090361029825
1.2111927939963318
1.2047017412464986
1.1975392851271258
1.1913670819512294
1.1907974786530362
1.184523618145013
1.1776211302321478
1.1716213001789963
1.1710953100236279
1.165026972839537
1.1583700728061292
1.1525340202699705
1.152048798635114
1.1461749963216619
1.139750146547855
1.1340697724251652
1.1336226456688572
1.1279330324644954
1.1217274913964081
1.1161951657416311
1.1157836217843198
1.1102684592655483
1.1042702376681048
1.0988787734598724
1.0985004529909113
1.0931505761825075
1.087348395643734
1.0820910244278439
1.0817437124108396
1.076550498715281
1.0709337519037936
1.0658041005407821
1.065485718441489
1.0604410564404085
1.0549997711164503
1.0499918389859906
1.0497004369934422
1.0447966993739088
1.039521500325698
1.0346296402370119
1.034363390266863
1.0295934048582143
1.0244754836447618
1.01969437870583
1.0194515674157805
1.0148085924541812
1.0098396725810082
1.005164319656344
1.0049433419699596
1.0004210406749887
0.995593349254277
0.9910190389805679
0.9908183916846752
0.9864108099010128
0.9817170439726305
0.9772393463759979
0.9770576227104595
0.9727591643542866
0.9681924708788953
0.9638072151231383
0.9636430982472723
0.9594485077304649
0.9550024499216115
0.9507057131400677
0.950557971517127
0.9464623117181536
0.9421308438606567
0.9379189361011011
0.937786418470597
0.9337850490408872
0.9295625037207762
0.9254319463486229
0.9253135761663684
0.9214021408993864
0.9172831896330547
0.9132307162703198
0.9131254878634751
0.9092998917926677
0.9052795489087
0.9013020701141646
0.9012090447637096
0.8974654421613768
0.8935390059720915
0.8896336340326695
0.8895519332679805
0.8858867130457663
0.8820497940230383
0.8782137912652068
0.8781425969820154
0.8745523610949179
0.8708008456395325
0.8670316247450082
0.8669701735038996
0.8634517365823314
0.8597817154922494
0.8560768782050399
0.856024455598073
0.8525748254191968
0.8489826598547563
0.8453399189039026
0.8452958597502448
0.8419122189372948
0.8383944626435211
0.8348116944984367
0.8347753791379434
0.8314550557247217
0.8280086389373789
0.8244837040329644
0.8244545558197064
0.8211950591883025
0.8178169322957795
0.8143479577137935
0.8143254337044762
0.8111244837329278
0.8078116038926738
0.804396931176686
0.80438053253939
0.8012358532408392
0.7979858579715501
0.7956872319092453
0.7954686255159348
0.7933799841610277
0.7908970452131318