-0.33694739000954E-09
-0.14560222987604E-09
-0.72431291955460E-10
-0.18292884655367E-10
-0.27341506093794E-10
-0.33231606154309E-10
-0.34026303772388E-10
-0.24143429877837E-10
-0.36833709589151E-10
-0.37875322768614E-10
-0.13458661043480E-10
-0.13570128234715E-10
-0.15805059979621E-10
-0.16009503086271E-10
-0.16882203167813E-10
-0.20106688661171E-10
-0.20142137306760E-10
-0.37212600877367E-11
-0.11578481672880E-10
-0.10575292330443E-10
-0.10564059353406E-10
-0.71125777118886E-11
-0.14006568166734E-10
-0.88479876491601E-11
-0.81421495815009E-11
-0.12249884477645E-10
-0.49074609046909E-11
-0.34938095411657E-11
-0.73400484697394E-11
-0.32618708848381E-11
-0.44825246846502E-11
-0.99084079263429E-11
-0.40454603916911E-11
-0.79320666723468E-11
-0.90629621926116E-11
-0.10548041832370E-10
-0.51829052215908E-11
-0.61198843751712E-11
-0.51548358464720E-11
-0.45651810885318E-11
-0.27828847722792E-11
-0.89016061696245E-11
-0.42276511051500E-11
-0.76952154684835E-11
-0.79101258618999E-11
-0.60725166190458E-11
-0.55389155682524E-11
-0.45531355362495E-11
-0.63688482937930E-11
-0.34371594973885E-11
-0.68429624756252E-11
-0.50966925444462E-11
-0.51533790118619E-11
-0.33608803263793E-11
-0.48646734180944E-11
-0.26983028574198E-11
-0.23381076161981E-12
-0.19689199099206E-11
-0.46463622572872E-11
-0.43549725386888E-11
-0.41115653504749E-11
-0.35738262298468E-11
-0.34765420095145E-11
-0.46476883592353E-11
-0.48395227095130E-11
-0.27492941325376E-11
-0.57370265554127E-11
-0.49613857078237E-11
-0.26981735337295E-11
-0.34084325789959E-11
-0.46703821795047E-11
-0.26308203316406E-11
-0.11183567427338E-11
-0.39767528222300E-11
-0.16491068464258E-11
-0.29113866600701E-11
-0.33327611804697E-11
-0.37649942396240E-11
-0.16226306423951E-11
-0.37436346098894E-11
-0.35147923180998E-11
-0.30860627536615E-11
-0.26408541765433E-11
-0.50869896435531E-12
-0.10149425014186E-11
-0.36996173100066E-11
-0.11770297040981E-11
-0.27252981461375E-11
-0.33445826173668E-11
-0.24390049030024E-11
-0.27054939664098E-11
-0.37633440006720E-11
-0.30485668651157E-11
-0.17218020112136E-11
-0.27885419315097E-11
-0.23786400785815E-11
-0.16751148795095E-11
-0.26574235737668E-11
-0.25991134521483E-11
-0.16427544232381E-11
-0.30476424272514E-11
-0.20826344213277E-11
-0.18712487753473E-11
-0.26269510704857E-11
-0.17589429763445E-11
-0.28915948089906E-11
-0.30404161550767E-11
-0.17869274665197E-11
-0.78930234202190E-12
-0.99895607959045E-12
-0.19122063705478E-11
-0.22877516576266E-11
-0.18984420031380E-11
-0.17964398963843E-11
-0.55556068212057E-12
-0.79678041719655E-12
-0.21275976718601E-11
-0.15118454369353E-11
-0.42953385642722E-12
-0.26628604959421E-11
-0.50957080894994E-12
-0.15755849821943E-11
-0.22621395887073E-11
-0.18351638302115E-11
-0.21207005095381E-11
-0.10803570418550E-11
-0.21080438622978E-11
-0.16276802676254E-11
-0.29966528255726E-11
-0.18941128448687E-11
-0.13340216285611E-11
-0.13703468072339E-11
-0.23460320884232E-11
-0.11252535460250E-11
-0.27589687827008E-11
-0.17395366878232E-11
-0.15945727312841E-11
-0.26458254710585E-11
-0.20882941618049E-11
-0.15465251564780E-11
-0.16159215803077E-11
-0.17032072906522E-11
-0.21159539574692E-11
-0.16563048140133E-11
-0.16444092748289E-11
-0.12680994047019E-11
-0.16129851103892E-11
-0.19639606775642E-11
-0.17051796818894E-11
-0.66084247402479E-12
-0.95219143224491E-12
-0.22620707730353E-11
-0.16296497307723E-11
-0.14699243633673E-11
-0.20316154563217E-11
-0.22925977300486E-11
-0.22403854982432E-11
-0.87693673651391E-12
-0.50296122966307E-12
-0.15869375708934E-11
-0.15837142931219E-11
-0.70935179445742E-12
-0.11811400248465E-11
-0.25198089149548E-11
-0.18573836031443E-11
-0.63224013067157E-12
-0.14975303088977E-11
-0.16593881606621E-11
-0.80344344532443E-12
-0.15766243128012E-11
-0.20607665748065E-11
-0.16320890863376E-12
-0.48782115310944E-12
-0.12744831585648E-11
-0.22816107510759E-11
-0.14021695833486E-11
-0.18093134261198E-11
-0.15084604407623E-11
-0.14068988308286E-11
-0.13367094106457E-11
-0.85334304842774E-12
-0.10540812543779E-11
-0.93293795443278E-12
-0.94085705977575E-12
-0.56647518867761E-12
-0.35559891739256E-12
-0.93544200649421E-12
-0.99217973222877E-12
-0.10441324065263E-11
-0.32687367359792E-12
-0.13937709936281E-11
-0.41727333530184E-12
-0.11741751292749E-11
-0.55193920556047E-12
-0.15077036179910E-11
-0.86817245574418E-12
-0.10148020439999E-11
-0.12982470701119E-11
-0.13844974328522E-11
-0.70204994032010E-12
