0.23519271082876794
0.23520387698848325
0.23520946106290833
0.23522621369805605
0.2352485543736725
0.23525137105980526
0.2352539292497622
0.2352544932359466
0.23525693711452514
0.23525811022345242
0.23525868968040473
0.23526043152724205
0.23526274938018044
0.23526406737557679
0.23526472635114587
0.2352667032844689
0.23526934777092892
0.23527065735704614
0.2352713172122875
0.23527330072581523
0.23527592383300092
0.23527732427781478
0.2352780207935818
0.23528009788123283
0.23528290132612498
0.23528432128530385
0.2352850409402132
0.23528719991275313
0.235290078603936
0.2352944446025997
0.23529662775323484
0.23530320337037977
0.23531185414850267
0.23531326458104598
0.23531640436489656
0.2353179647137247
0.23532258991758903
0.23532894788979325
0.23533035369644426
0.23533209693381635
0.23533298103400815
0.23533563334613303
0.23533915844716635
0.23534122770044347
0.23534225885532584
0.23534535233550646
0.2353495037333109
0.23535150736348148
0.23535251739549184
0.23535554750638174
0.2353595617472333
0.23536164019888414
0.23536267377285935
0.2353657683427696
0.23536990282432782
0.2353723476173219
0.23537357012581
0.23537722308326914
0.2353821436743373
0.2353846404707687
0.23538590228402176
0.23538968774672117
0.2353947352190072
0.23539738264666468
0.23539871003995444
0.2354026922451142
0.23540801918159684
0.23541103427536117
0.23541254039147733
0.23541707681294374
0.23542310148255718
0.23542642650478762
0.2354280802235256
0.2354330217066462
0.23543967796619392
0.23544286328177172
0.23544446933007715
0.23544928751179212
0.23545567071763548
0.23545870110349362
0.23546020366252618
0.23546471137216665
0.23547072191950624
0.23547446115659104
0.23547633506509316
0.23548196798249318
0.23548939373617414
0.2354931233751672
0.2354949810399941
0.2355005210707809
0.23550795240369432
0.23551228273061414
0.2355144589912625
0.23552098784022843
0.23552966556926666
0.23553421449133047
0.2355364754679852
0.23554329889110426
0.2355522291527111
0.23555315070515923
0.2355550650660277
0.23556081960458153
0.2355684774861297
0.23557352362099068
0.23557604127689385
0.23558356442065068
0.2355936981467157
0.23559960371157254
0.23560257394538203
0.23561157314306394
0.23562323175908584
0.2356240742479728
0.23563151009142003
0.23564142528006635
0.23565761463024487
0.235665711379645
0.2356900985394299
0.2357220874665237
0.23573174527945714
0.23573756680836738
0.23574043556502697
0.2357490079884434
0.23576059148429937
0.23576627811576262
0.23576917458157642
0.23577784699863766
0.23578936025190447
0.23579522046734627
0.23579812832113667
0.23580681761947353
0.23581859599755825
0.2358209959059692
0.23582376407860065
0.2358320850374
0.23584302033639193
0.23584856600915236
0.23585128763403593
0.23585945261253927
0.2358703401348257
0.23589055544122273
0.2359006887250421
0.23593079147501375
0.2359722226784022
0.23597735928230842
0.2359821284762501
0.23599654909473708
0.23601538970667696
0.23602436412829333
0.2360287323019465
0.23604181134085533
0.23605950490988192
0.23606734203166638
0.2360713474051689
0.23608326981994202
0.2360994422169612
0.23610777456071572
0.2361120417728445
0.23612474368086445
0.23614208128542458
0.23615008855073946
0.23615420381781863
0.23616662243738423
0.23618298503796006
0.2361916882609356
0.23619598422736468
0.23620892278641067
0.23622600433938265
0.23623603023171968
0.23624099293708403
0.23625596875895694
0.2362755758426128
0.23628565319913258
0.23629056466151876
0.23630541479767653
0.23632500592219619
0.23633616089585616
0.23634171023868697
0.23635832630562292
0.23638045815525063
0.23639242061634405
0.23639836351260307
0.23641640146799295
0.236439812815203
0.23645245386133776
0.23645863445423085
0.23647710488761334
0.23650167770249528
0.23651344837890198
0.23651927099375517
0.23653687531935996
0.23656002858953243
0.2365806322964893
0.23659081349626668
0.23662171505252774
0.2366619590566357
0.23668256167641638
0.23669263291674872
0.23672261424767446
0.2367637782074307
0.23678261614971735
0.23681391128859025
0.23682795180609822
0.2368352014865075
0.23685716142410748
0.2368858173619572
0.23690278547886215
0.23691108913540948
0.23693604903733367
0.2369692728430181
0.23698505557995828
0.2369929770282746
0.23701651457576264
0.23704868643155622
0.23706378571976966
0.23707152323191324
0.23709482589901398
0.2371258800819777
0.23714342759409432
0.23715220021977243
0.2371786199596037
0.23721351130107998
0.2372338100025191
0.23724383904722834
0.2372741584076978
0.2373141723198298
0.23733475774328863
0.23734502905805077
0.23737572725240424
0.2374165745885261
0.2374366118340828
0.23744654984890737
0.23747653568075772
0.2375159419139981
0.23753962586928726
0.23755134105627304
0.2375861555134371
0.23763387717782258
0.23765499641930157
0.23766594822390838
0.2376986191373291
0.23774270117732663
0.2377706688679335
0.2377847133862912
0.23782700929100092
0.23788321350924968
0.23792200338908015
0.23794130975260255
0.23799934316902716
0.2380763833935037
0.23811578812213063
0.2381354026067778
0.23819425129645627
0.23827228575885956
0.23828497909255547
0.23830172029646401
0.23835232306107243
0.23841813997767547
0.23842708019924316
0.23844208981635745
0.23848712173548184
0.23854719091950252
0.23857810302480212
0.2385935867176688
0.23864021339039027
0.23870145009578853
0.23873282056039097
0.23874829387240698
0.23879480273960138
0.23885618713947063
0.23889097807832566
0.2389082260963708
0.23896006936523068
0.23902829479221577
0.23906176355334888
0.2390782514636561
0.2391273566918125
0.2391939182140773
0.23922892021416894
0.23924678284049422
0.2393002770662172
0.23937177132478563
0.23940838903014203
0.23942674697748462
0.23948152457169467
0.2395552032072789
0.23960258392784206
0.2396263614152071
0.23969783134716663
0.23979273749549926
0.23985047443873064
0.23987924992990714
0.23996527568103274
0.24008181228075257
0.24009561556559975
0.24012278637072143
0.24020416243086787
0.24031263034111316
0.24037095771322503
0.24040005203573858
0.24048765808433648
0.24060282849004191
0.2406262255990975
0.2406563349982761
0.24074587484835328
0.24086811308139783
0.24092224424104122
0.24095012225289478
0.24103420934150732
0.24114428001076368
0.24120097573413876
0.24122894633803868
0.24131184192704933
0.24142536798783865
0.2414847016698126
0.2415151664058927
0.24160609566488234
0.24172874168673542
0.24180213787709515
0.24183917546361383
0.241950499774634
0.24209883385663936
0.24220457179859445
0.24225758028087838
0.24241527884270525
0.2426311379399368
0.24269596239733768
0.24284485949989087
0.24292617321026316
0.24296744662968192
0.24309128972363142
0.24325661072397983
0.24333988527104475
0.24338159738582257
0.24350781024462168
0.2436731375258832
0.24375980032660977
0.24380233273321117
0.24393059256898098
0.24410007708430254
0.24420985456735303
0.24426423842894635
0.24442823957466747
0.24464502407644495
0.2447635260788413
0.24482229835558436
0.24499794194721103
0.24523683824512052
0.2452556181435892
0.24540371735558852
0.245597313878373
0.24570082844155
0.24575153503601263
0.24590344549955656
0.24610659295532478
0.24622967023727577
0.24629121938534873
0.24647665071094826
0.24672178841330283
0.24684486194797062
0.2469058221219191
0.24708775129175914
0.2473350972626137
0.24744325040131498
0.24749877065104547
0.24766498565067285
0.24788856302048784
0.24802382065836137
0.24809196421588006
0.24829645633084538
0.24856930000314945
0.2487166750492548
0.24879038237434895
0.24901157611478833
0.2493074737354159
0.24948840303506445
0.24957922139396616
0.24985219004153686
0.2502170024540632
0.25041700773347675
0.25051746728538216
0.2508191976307436
0.2512200085726848
0.25140862862575625
0.25150269124179264
0.2517827777321005
0.25216395518157825
0.2523318881717459
0.2524177533346413
0.25267526394251166
0.2530188901797036
0.2532168488668049
0.25331556466719424
0.25361307278439227
0.2540083292241652
0.2542398743656151
0.2543554369434421
0.25470112394983885
0.25516753568176276
0.2553893528193851
0.25550164002335574
0.2558382187312644
0.25629037605655436
0.25653702995203015
0.2566612231737786
0.25703497338985826
0.2575321611157129
0.2578230135817434
0.2579684250380931
0.25840604051532534
0.2589880357714552
0.2592965801220475
0.25945064623299596
0.25991257884554875
0.2605305704537675
0.26087373502395317
0.26104588150076785
0.26156115297554927
0.2622559851827891
0.26257090805931643
0.26273048877660393
0.2632073269624815
0.26385285292775146
0.26404441122676764
0.2642311561631973
0.26479406734796546
0.2655399703140331
0.26561894207677444
0.2658136814343054
0.2664009714973921
0.2671805035992139
0.2675510572296334
0.2677353016331672
0.26828728383339195
0.269032081562851
0.26937159082224366
0.2695438483395647
0.2700612628446548
0.27075214468145986
0.2711554640768671
0.2713578255180055
0.2719648123389809
0.2727791128355163
0.27329469453952043
0.27355453586797623
0.2743356680163368
0.27538141018806217
0.2760171567237351
0.2763371312372442
0.27729744931845934
0.2785935468217828
0.27864002385281134
0.27947570914229314
0.28059735066629665
0.2813532948506051
0.28173460385011057
0.28288181676019936
0.2844210999079883
0.2851983458949414
0.2855892703131587
0.28676441050707446
0.28834680478011965
0.28858201620778035
0.2889382579421776
0.2900066795700342
0.2914473456340743
0.2921154332411737
0.29245320404933073
0.2934682662072036
0.2948305254677194
0.29570257811596623
0.29614244221273656
0.2974650361102503
0.2992434620812327
0.3005352753019086
0.3011899046129161
0.3031597081081815
0.30582415358886433
0.3061538430899128
0.3079014956510824
0.3089560722408974
0.30948941247829
0.3110923418080642
0.31325637439519954
0.3132839193465924
0.3139703602695926
0.31603471657821225
0.3188297689794452
0.3199283162931076
0.3222557869893375
0.3233118994461718
0.3238459271388778
0.3254507504951794
0.3276161155811996
0.32865890383401597
0.32918630449268477
0.33077162401718874
0.33291015799573703
0.3339365961165724
0.3344558706950081
0.3360165802825041
0.3381197490980496
0.3393062047408199
0.33990661577065384
0.3417119432736893
0.3441467024321988
0.3455621261725469
0.3462793449934779
0.3484366779730682
0.3513538612581045
0.3515599339880418
0.35217393425820864
0.35402013266071575
0.35651141715672996
0.3578132122471295
0.35847239263437103
0.360454393367712
0.3631311352818228
0.3644777217966477
0.36515976257072713
0.3672109773369917
0.3699810004862048
0.3714253576295563
0.37215714956769463
0.3743585224363626
0.37733348894181734
0.3788193977736889
0.37957242190874185
0.3818378640151386
0.38489983058866545
0.3864805690606851
0.38728215244812275
0.38969378629934626
0.3929568817447897
0.3945559149979824
0.39536709654637703
0.39780761985129176
0.40111003198119566
0.40278087079576447
0.40362896316522257
0.40618091607585555
0.409635911443615
0.41139254413375387
0.4122847271852058
0.41496978133456097
0.41860779934947445
0.42042294485700316
0.42134537557777163
0.4241218913078975
0.4278842313608802
0.42986675367871974
0.4308752669895275
0.43391160159438746
0.43803203295591736
0.4400817449656732
0.4411249512625853
0.4442655782314464
0.4485302277256605
0.4506314138594943
0.4517012941300086
0.4549221843585055
0.4592965344937019
0.46150180038106403
0.4626252745715507
0.46600812025791155
0.47060373192951244
0.47296457958780586
0.4741679812046469
0.4777920403858411
0.48271947768154644
0.48518810089023967
0.48644674430602824
0.49023754180141327
0.49539255095101037
0.4980021138557102
0.4993329667946382
0.5033416796421781
0.5087952560644627
0.5115307105022059
0.5129259086036356
0.5171288325956382
0.522846986310333
0.5257563025355042
0.5272404323640144
0.5317118981879673
0.5377978866354697
0.540847891010736
0.5424037024038616
0.5470916385688206
0.5534723701642632
0.5566829795807283
0.558320629258855
0.5632557560514141
0.5699732123834154
0.5733791990011307
0.5751165322246066
0.5803528080169398
0.5874820108546238
0.5910600134212028
0.5928848609259327
0.5983855549938157
0.6058745231377378
0.6096623026640202
0.6115940253410274
0.6174177804153872
0.625347727753448
0.6293435277931893
0.6313811109028792
0.6375247623753076
0.6458910153340994
0.6500978722633077
0.6522427735868692
0.6587107948160298
0.6675188766648114
0.6719554059094929
0.6742170930985706
0.6810381498415788
0.6903273910756272
0.6950035668622839
0.6973870336998332
0.7045762472731688
0.7143670225335619
0.7192958255367785
0.721807584889649
0.7293847211913385
0.7397037448315893
0.7448983911661919
0.7475450574626885
0.7555301456588849
0.7664044798077169
0.7718778169463102
0.7746657913356277
0.783078230111231
0.7945339638892942
0.8002988777330182
0.8032345527337252
0.8120937233383441
0.8241567961273509
0.8302290949050567
0.8333203374296928
0.8426500868762631
0.8553526073348414
0.8617461013395806
0.8649997225890378
0.8748207087250721
0.8881902424809354
0.8949199698158827
0.898343385031792
0.9086780960689685
0.9227447004046745
0.9298248134153348
0.933424957986113
0.9442944359616098
0.9590860579788646
0.966532532543791
0.970317250565251
0.9817453023036806
0.9972936767416262
1.0051216389078765
1.009098313142948
1.021107352022103
1.0374422014177345
1.0456674604108076
1.0498437975937562
1.0624572285528708
1.079609588523089
1.0882477577189162
1.0926313365686373
1.105872186202828
1.1238724861344633
1.1329395805826736
1.1375381536277165
1.1514299854873005
1.1703093180835318
1.1798212698867663
1.1846425111546721
1.1992086611871715
1.218997701432668
1.2289705117409309
1.234022086789376
1.249285877049343
1.2700151594814673
1.2804647096499628
1.2857541700928372
1.3017385897754736
1.323438041481563
1.3343799466582533
1.3399146447850663
1.3566420925394271
1.379340649131839
1.390790038157608
1.3965770029064895
1.414068912576798
1.4377939718055508
1.449765210214839
1.455810993589295
1.4740873708295907
1.498864124171467
1.5113704777889223
1.517680971099884
1.5367598390774064
1.5626104805330425
1.5756637208529864
1.5822439418107288
1.6021406990705467
1.6290835697656822
1.6427489447339332
1.6496309095163055
1.6704432790598343
1.6986092466274088
1.712778830857527
1.719906560683348
1.7414641352945077
1.7706156716760746
1.7853383147762938
1.7927352597487598
1.815109784047208
1.8453417552442821
1.8606246876968289
1.8682930271269993
1.891491488856778
1.9228093218130542
1.9387041223537047
1.946668048275361
1.9707646775530676
2.003264964703038
2.019709023029109
2.027935127388569
2.052828580709607
2.0863676196374943
2.1033399809272986
2.111815605732089
2.1374679446803966
2.1719884301862753
2.1894877183690333
2.1982097084516
2.2246121519670066
2.2600957561747728
2.278078429318034
2.2870223421985445
2.3141013111694226
2.350441094587926
2.368870408676765
2.3780148438667723
2.405706248226999
2.442807518593711
2.461640626039005
2.4709607537873404
2.499190280633393
2.5369436485529806
2.5561192427606447
2.56558068758792
2.5942451546853365
2.6325014050570688
2.6519409598185364
2.661500420703659
2.690469703449627
2.729042531017167
2.7486589394480507
2.758268337955432
2.7873981080318457
2.8260810762639177
2.84577042069737
2.855372836908821
2.8844922059173226
2.9230421417530494
2.942682330147172
2.952211268308785
2.981120621167803
3.0192546789357535
3.038706234001193
3.0480858608594703
3.076557696044599
3.113954240183187
3.13306023973297
3.1422050864582647
3.169983267347386
3.206280329471235
3.2248678217168014
3.233682894975907
3.260483264353455
3.2952780593720026
3.313164654404674
3.321547196528098
3.347063529032687
3.379916922229275
3.396929293809216
3.404773765412342
3.4286944489985
3.4591433135516994
3.4751811829887154
3.4823963703194085
3.504461567135837
3.5320604027228453
3.547469419958953
3.554077804791873
3.5744113668760544
3.598974827775332
3.612931424620215
3.618345149845666
3.635233259284535
3.6540427213711237
3.6576095064571734
3.667788392870993
3.6686547963286773
3.67024185020102
3.6752128850629258
3.6803611010915107
3.681393534829787
3.6820264204037514
3.684072316227803
3.685634363945044
3.686073470231845
3.6859387583606473
3.685636332055987
3.6843039890542775
3.6834600775007678
3.682757106814092
3.6807175683246576
3.677245353315192
3.6754463662796253
3.6743259068174625
3.671009083995776
3.6659800944293908
3.663498731480516
3.6620868095968717
3.6578766055384873
3.6517795349591156
3.648856112914676
3.6472646611362105
3.6425016917415713
3.6357726101398344
3.63264330501112
3.6309842689022194
3.626008622229808
3.6190885627636646
3.618808796434138
3.6172454499369886
3.612551920773468
3.6060930883498203
3.6025329566186826
3.6006854628075655
3.5951340540925156
3.587511553039618
3.5833174076269865
3.5811499966548324
3.5746311142712277
3.5656979874344197
3.560897641365232
3.558428324649379
3.550994105596031
3.5408295853728062
3.535425215527599
3.532657116340535
3.5243150900557625
3.5129326687792046
3.5068996880382106
3.503821295928906
3.4945348596501016
3.481885345509783
3.4751587469637095
3.471737730790737
3.4614071245603477
3.4473546722357797
3.4401937691667075
3.4365654503478456
3.4256011408258575
3.4107173500237176
3.403179382204807
3.399373405758577
3.3878661515451656
3.3722780891485873
3.3641352601854515
3.3600372827618035
3.347638918123256
3.330874192575496
3.3216436397416467
3.317015138067877
3.3029962868727987
3.2840722563353064
3.272367733361571
3.2665301150471002
3.248805650931792
3.2249200115489467
3.208397097019738
3.200250207740734
3.1753932983538764
3.1420260384452883
3.1234873833822827
3.1144926414492895
3.086950642353815
3.0502828337480175
3.0304820953675073
3.0210385930444583
2.991991992906621
2.9536543496610297
2.9310075218093146
2.920469254130338
2.8877709217689493
2.845060152108248
2.8171270470980256
2.804668416094115
2.765307886395633
2.7147335966635673
2.6795199312082563
2.664945060294241
2.6171711116742316
2.5575037913220617
2.5252838930539125
2.5126272083407097
2.4700302057764962
2.4174937511168633
2.3864746669555266
2.3751113038707636
2.335144020700841
2.2867612838946596
2.2569360176825244
2.2470088859462365
2.209791084657719
2.1657632090765264
2.1396986385193073
2.1317270706289895
2.1001460617898875
2.0631127595747185
2.040869438083984
2.034515162523406
2.0080139515083695
1.9770139338845405
1.9577451659583822
1.9525818147124687
1.9298745899860683
1.9033581904602186
1.8863323788644837
1.8820469212821074
1.8621786246774914
1.83900971326406
1.8236867127473355
1.8200527156345137
1.8023289618386074
1.7816885017812805
1.767675906735315
1.7645313179209905
1.7484527418532383
1.729755669764438
1.7167717894888672
1.714001709512389
1.6992125039937573
1.6820437444165397
1.669887869856545
1.6674112090751796
1.6536589157131312
1.6377243512388235
1.6262535033231855
1.6240129133646248
1.6111178281425442
1.5962077579295806
1.58531921565075
1.583273761737465
1.571106521888794
1.5570693825894675
1.5466880947292847
1.5448080993635693
1.53327385091956
1.5199979030983144
1.5100677308606936
1.508331232387645
1.4973587485140487
1.484759583802851
1.475237350391823
1.4736277023726496
1.4631620227422122
1.451174129843731
1.4420256242660088
1.4405298740995338
1.430527353887396
1.4190984335307544
1.4102957322371887
1.4089035231402398
1.3993284967855646
1.3884156138537669
1.3799352777678435
1.378638100764602
1.3694606202045199
1.3590275814459927
1.3508494329152032
1.349640113726174
1.3408344031219952
1.3308499565177043
1.322956242345519
1.321828587046204
1.31337197861612
1.3038085679152307
1.2961833816442134
1.2951319304733095
1.2870041261635377
1.2778370236146332
1.2704659035642187
1.2694857588929043
1.2616683145687364
1.2528750131331525
1.2457446607613647
1.2448313661641
1.2373073289261451
1.2288671135954854
1.2219651950982657
1.221114649716812
1.2138683013686837
1.2057619447325907
1.1990687789227092
1.1982780327523677
1.1912863332930035
1.1834899601815958
1.1770086955087187
1.176272525616522
1.1695388682306636
1.162047875357953
1.1557657051776604
1.1550815401073715
1.1485845352154864
1.1413769387212491
1.1352814734273968
1.1346461808154167
1.1283734834387342
1.1214342073264307
1.1155163239137382
1.1149269401493962
1.1088669833139566
1.1021818506110548
1.096432951173927
1.0958866775137994
1.090028523433492
1.083584126986309
1.077996073960875
1.0774902655815248
1.071823565254085
1.065607219829929
1.0601723092229385
1.0597044660463713
1.0542194257974529
1.0482191278725452
1.0429300660378797
1.0424978248754808
1.0371851769917941
1.0313895693011261
1.0262394520017764
1.025840579616832
1.0206915558715497
1.0150898951780432
1.01007218840027
1.0097045752144989
1.0047108824111968
0.9992930100231483
0.9944015318242757
0.9940631860756721
0.9892169832487416
0.9839732970817033
0.9792022005964532
0.9788912428494715
0.9741851196126192
0.9691065475599158
0.9644503048726766
0.9641649627870957
0.9595919186105398
0.9546698936309543
0.9501232798867013
0.9498618831761066
0.9454153074682203
0.9406417431486791
0.9361998215630021
0.935960797142887
0.9316344502205978
0.9270017170974945
0.9226598247975796
0.9224416920931958
0.9182296867986306
0.9137305895859504
0.9094843236626877
0.9092856900440268
0.9051824737906308
0.9008102295278528
0.896655433659625
0.8964749900148127
0.8924753274069762
0.8882235458544606
0.8841562958426792
0.8839928123636558
0.8800917695537739
0.8759544277802181
0.8719710233183221
0.8718233454561715
0.8680162724331333
0.8639877023265783
0.8600846502478993
0.8599516943906652
0.8562342120547493
0.8523090773291272
0.8484830821482733
0.848363832270939
0.8447318149361307
0.8409050924736414
0.8371530458623339
0.8370465495414303
0.833496113090959
0.8297630781776819
0.826082047338673
0.8259874121775654
0.8225148991542235
0.8188711067384925
0.8152583258557626
0.8151747162589047
0.8117766858993105
0.8082179484639062
0.8046708142587284
0.8045974477481257
0.8012706595489142
0.7977930490900589
0.7943090959186749
0.7942452413708438
0.7909866427294826
0.7875864618974305
0.784163367872434
0.7841083403771166
0.7809150609447235
0.7775888376818243
0.7742244089257424
0.7741775687994981
0.7710469101054023
0.7677913631860097
0.7644835375918119
0.7644442886832059
0.7613736958581048
0.7581857723758995
0.7549325803743555
0.7549003635598366
0.7518874512907103
0.7487642449062849
0.7455638609039995
0.745538154238212
0.7425806666825069
0.7395194465003099
0.7363701425902606
0.7363504562971506
0.7334462830212235
0.7304444876994209
0.727344606933038
0.727330494356969
0.7244776071303558
0.7215328430849092
0.7184808412611718
0.7184718756473703
0.7156683999936172
0.7127784717990197
0.7097728232347612
0.7097686086770312
0.7070127749437016
0.7041754739645545
0.7012148549758148
0.7012150253048262
0.6985051056112853
0.6957187087268386
0.6951724501561639
0.6951222353232943
0.6949618849333915
0.6947483345188207