0.9990774730494365
0.9990528269562386
0.9990405033310527
0.999003532349293
0.998954235743777
0.998951133444334
0.9989487652903416
0.9989475812076163
0.9989440289573404
0.9989392926072771
0.9989386665424822
0.9989359555182089
0.998932340810012
0.9989301230488432
0.9989290141633516
0.998925687504926
0.9989212519461869
0.99891854883778
0.9989171972763355
0.9989131425894529
0.9989077363186966
0.9989052639223792
0.9989040277179965
0.9989003191026277
0.998895374263961
0.9988928484727956
0.9988915855706837
0.9988877968620148
0.9988827452317349
0.9988801613231885
0.9988788693621892
0.9988749934768308
0.9988698256098989
0.9988670374552685
0.9988656433701292
0.9988614611120568
0.9988558847448675
0.9988525898371711
0.9988509423725639
0.9988459999753553
0.9988394100797706
0.9988354412436254
0.9988334568100773
0.9988275035049077
0.9988195657165538
0.9988158709623524
0.9988140235715534
0.9988084813950946
0.9988010917848664
0.9987972081853437
0.9987952663705579
0.9987894409217307
0.9987816736112316
0.9987779334922009
0.9987760634189286
0.9987704531949159
0.998762972853946
0.9987585300164632
0.9987563085784201
0.9987496442588679
0.9987407584384781
0.9987360784857826
0.9987337384876541
0.9987267184873799
0.9987173584198761
0.9987130760243098
0.9987109348083493
0.9987045111553379
0.9986959462285296
0.9986916003395725
0.9986894273764053
0.9986829084816152
0.9986742165648376
0.9986694800634307
0.9986671117909495
0.998660006967501
0.9986505338009399
0.9986460716909699
0.9986438406163759
0.9986371473871407
0.9986282230206056
0.9986233683464006
0.9986209409861959
0.998613658899315
0.9986039493777645
0.9985979638112091
0.9985949709930946
0.9985859925299565
0.9985740211347597
0.9985673475393747
0.9985640106983994
0.998554000164767
0.998540652648654
0.9985331389257764
0.9985293820097882
0.9985181112489102
0.998503083391566
0.9985009403479156
0.9984911391878041
0.9984780708419294
0.9984716183747215
0.998468392100577
0.998458713268105
0.9984458080294569
0.9984387117223115
0.9984351635200758
0.9984245189015042
0.9984103259208639
0.9984035833425684
0.9984002120094239
0.9983900979990861
0.9983766125115591
0.9983682020672258
0.9983639967770717
0.9983513808909699
0.998334559489436
0.9983329041966887
0.9983294583095871
0.9983191206371576
0.9983053369257091
0.9982947654579255
0.9982894796165368
0.9982736220690179
0.9982524783216257
0.9982447063159621
0.9982381166316252
0.9982183475434352
0.9981919882140842
0.9981796762172827
0.9981735200738877
0.998155051613099
0.9981304265190152
0.9981191560431882
0.9981135206820132
0.9980966145721203
0.9980740726928373
0.9980635869539995
0.9980583439784366
0.9980426150285288
0.9980216427511467
0.9980104526440831
0.9980048574704645
0.9979880719239621
0.9979656908002758
0.9979549103159101
0.997949519961223
0.9979333488727606
0.997911787057289
0.9979000458402479
0.997894175099599
0.9978765628497165
0.9978530794134086
0.9978407595818429
0.9978345995192526
0.9978161193005172
0.9977914785323198
0.9977785176799392
0.9977720370928738
0.9977525952985739
0.997726672373758
0.9977127174057876
0.9977057397341312
0.9976848066806581
0.9976568953235252
0.997644144980486
0.9976377696507596
0.9976186436293771
0.997593141749578
0.9975739655904488
0.9975643771577931
0.9975356117895472
0.9974972568017798
0.9974905229868929
0.9974812871753159
0.9974535796755346
0.99741663527129
0.9974085432302244
0.9973968812795917
0.9973618953279837
0.9973152456669996
0.9972933507367651
0.9972824028144769
0.9972495589582269
0.997205765633427
0.997184101323645
0.9971732687218727
0.9971407708295806
0.9970974388190524
0.9970762737800778
0.9970656908329799
0.9970339419076222
0.9969916085946467
0.9969711024592461
0.9969608489929446
0.9969300885140596
0.9968890732153141
0.9968705711151006
0.9968613197394356
0.9968335655496798
0.9967965588609536
0.9967723119438758
0.9967601879186152
0.9967238157331476
0.9966753176173684
0.9966510192312273
0.9966388694737125
0.9966024200890394
0.9965538190610685
0.9965286481267708
0.9965160620649961
0.9964783037627736
0.996427957336916
0.996402368874507
0.9963895740142945
0.9963511893140268
0.9963000076368528
0.9962687699896923
0.9962531502383909
0.9962062908111713
0.9961438084524419
0.9961361980005513
0.9961225092473158
0.9960814428526011
0.9960266852704438
0.995998647923825
0.9959846284992636
0.9959425700841446
0.9958864896916783
0.9958749964710956
0.9958621851672286
0.9958237511352143
0.9957725036773424
0.995748505454254
0.9957365057948392
0.9957005067100466
0.9956525061158038
0.9956253371795519
0.9956117520140736
0.9955709963816635
0.995516653200925
0.9954882091139302
0.9954739863029134
0.9954313177200846
0.9953744237181956
0.9953402834943703
0.9953232122789418
0.9952719984239237
0.9952037095699946
0.9951983193484683
0.9951844135732003
0.9951426961060436
0.9950870703560863
0.9950545555023039
0.9950382970694823
0.9949895215804494
0.9949244842299461
0.9948907117994276
0.9948738244991322
0.99482316239307
0.994755609275953
0.9947203458126416
0.9947027128934507
0.9946498139127422
0.9945792779781872
0.994539833621731
0.9945201099653661
0.9944609387190917
0.9943820387947551
0.9943432886489518
0.9943239121600932
0.9942657824252423
0.9941882713025837
0.9941474860228969
0.9941270917922876
0.9940659088039289
0.9939843261559508
0.993941582044236
0.9939202082411598
0.993856086509675
0.9937705850355439
0.9937230161099757
0.9936992294989367
0.9936278692652838
0.9935327150942982
0.9934726002548159
0.9934425394201815
0.9933523562837518
0.9932321006044005
0.9931538352750637
0.9931146968249801
0.9929972804317947
0.9928407054532492
0.992840312807387
0.9927473861933663
0.9926234717902718
0.9925825686671175
0.9925428135907297
0.992423547271094
0.9922645052579464
0.9921902642758453
0.9921531385419264
0.9920417603577845
0.9918932386353407
0.9918785060714586
0.9918456121396381
0.9917469295870516
0.9916153390676216
0.9915418710587839
0.9915051319634944
0.9913949137269271
0.9912479387776261
0.9911623379404332
0.9911195305675911
0.9909911071734647
0.9908198525728066
0.990795352566913
0.9907579612789934
0.9906457864422281
0.9904962020714247
0.9904276702635741
0.9903933998878823
0.9902905879235657
0.990153490384142
0.9900767799648208
0.9900384192289501
0.9899233359654431
0.9897698728511524
0.9896905336976044
0.9896508581825874
0.9895318305060516
0.9893731069788517
0.9892901865169625
0.9892487198477857
0.9891243186126866
0.9889584284055005
0.9888798119726702
0.9888404979351512
0.9887225547316699
0.9885652772899738
0.9884780644821385
0.9884344508709751
0.9883036086843783
0.9881291280633399
0.9880239182675354
0.9879713029132872
0.9878134548699606
0.987602955659788
0.9874505547963747
0.9873743326243717
0.9871456619745549
0.9868406939655545
0.9866937864020183
0.9864732633651467
0.9863682586768855
0.9863157458811788
0.9861582055101157
0.9859481163935894
0.9858373936387419
0.9857820207044312
0.9856158996539943
0.9853943660164192
0.9852545439575859
0.9851846146833384
0.9849748233100787
0.9846950393102268
0.9845324198688584
0.9844510854562483
0.984207077517486
0.9838816487347471
0.98373389309672
0.9836599946277683
0.9834382952117775
0.9831426270079553
0.9829589216180648
0.9828670376781794
0.9825913796985122
0.9822237281270297
0.9820436128769083
0.9819535249322093
0.9816832550384458
0.9813227928827036
0.981116880751797
0.9810138856149621
0.9807048921887739
0.9802927671661157
0.9800693484948556
0.9799575931734484
0.9796223178439267
0.9791751250660302
0.9791583173404924
0.9790618016209318
0.9787722475033225
0.9783860569210223
0.9781628980707064
0.9780512724908982
0.9777163862929871
0.9772697130084859
0.9770110059720899
0.9768815905180489
0.9764933311378703
0.9759754414849999
0.9757121817344474
0.9755804886028362
0.9751853957267113
0.9746583865217451
0.9743992337599486
0.9742695958497629
0.9738806689967804
0.9733618876077231
0.973091602619955
0.9729563931607353
0.9725507504569405
0.972009662043059
0.97175507619953
0.9716277236941132
0.9712456531890502
0.9707360220652241
0.970479249508953
0.9703508033441217
0.9699654514603918
0.9694514415538927
0.969192479653959
0.9690629377594294
0.9686742983164125
0.9681559020898699
0.9678773036824603
0.9677379343090354
0.9673198102054072
0.9667620676674901
0.9664658233462915
0.9663176218628626
0.9658729990980012
0.9652798933298079
0.9648330168488116
0.964609398595993
0.9639385022579443
0.9630433436261366
0.9625451940491365
0.9618160404338186
0.9614296380831767
0.9612363033900876
0.960656267079888
0.9598824178012642
0.9594153957975772
0.9591816898849161
0.9584805247988641
0.9575449544264854
0.9570461753365375
0.9567965639104556
0.9560476738293323
0.9550483810008191
0.9548429193623306
0.9545635729170502
0.9537254626069385
0.9526070130253679
0.9518884135125477
0.951528659736823
0.9504492793476526
0.9490084975048526
0.9481960687679413
0.94778927665467
0.9465687432859816
0.9449393177073098
0.9440694197648626
0.9436338145335725
0.9423268133425511
0.9405818025400032
0.9397197062668341
0.9392880186543023
0.9379927673599666
0.9362634676684657
0.9360005291374549
0.9354852149784609
0.9339389970026938
0.9318741090426138
0.9305417777634007
0.9295661413230497
0.9290775203014853
0.9276113952710336
0.9256536464166225
0.9246529691247897
0.9241517960583481
0.9226479913921593
0.9206398529549916
0.9196324380996344
0.9191278908772318
0.9176139489070123
0.9155922536656886
0.9146607364029492
0.9141942635416008
0.9127945773838039
0.9109256856769491
0.9099709548312637
0.9094928494074853
0.90805824114872
0.9061426636025723
0.9051990863696675
0.9047265833944657
0.9033087782633933
0.9014156748631628
0.9004201434971333
0.8999215905566605
0.8984255900877227
0.8964279209935021
0.8953909647224675
0.8948716394155908
0.8933132790231378
0.8912322062214281
0.890167347757695
0.8896340322207568
0.8880336640775777
0.8858964026559952
0.8846467832518243
0.8840207654776461
0.8821421086893889
0.8796324825876952
0.8782667453366223
0.8775824441754422
0.8755287868991659
0.8727848749494471
0.8714536942663673
0.8707867500696712
0.8687851633778894
0.8661109447607692
0.8647822683163606
0.8641165923371662
0.8621187753891275
0.8594495755264583
0.8576519485930468
0.8567507092208992
0.8540454758725334
0.8504283767899664
0.8502523850296253
0.8494839318803847
0.8471774084537018
0.8440946213289879
0.8439402204746688
0.8431462736672951
0.8407631349250835
0.8375775933352777
0.8371602497830525
0.8364016660782922
0.834124672241431
0.8310812538389594
0.8296254635028276
0.8288959595535477
0.826706237739861
0.8237796139688485
0.8223139555402695
0.8215794822385715
0.8193747750945747
0.8164279209399359
0.8144440341858047
0.8134490448017195
0.8104615928158801
0.8064645605304451
0.8060570175329818
0.8037201189800858
0.8005956503812006
0.7989753050369078
0.798163004591345
0.7957242810192363
0.7924629683643939
0.7909195654634219
0.7901458733245189
0.7878230642445418
0.7847169030502331
0.7831513148783742
0.7823664113891772
0.7800098382160623
0.7768580496166816
0.775279785786689
0.7744884334767628
0.7721124015340786
0.768934127155667
0.7673803830828811
0.7666012751406629
0.7642619588583638
0.7611325652615659
0.7595321081185276
0.7587294145849482
0.7563191374446395
0.7530940501316209
0.7514008212060168
0.7505513302801872
0.7480003044739715
0.7445856372095997
0.7429516678854137
0.7421318771857666
0.7396700433845865
0.7363747089720458
0.7346934184260673
0.7338496791842458
0.7313157695496567
0.7279230188917352
0.7262019401565197
0.7253380181610007
0.7227433449965291
0.7192683073851612
0.717585901882023
0.7167413300987584
0.7142047617402344
0.7108073642623934
0.7090885103634695
0.7082254415129048
0.7056331850356578
0.7021603409350285
0.7004438148438089
0.6995817962944785
0.696992635248169
0.6935234969086256
0.6917620126880689
0.6908772066596469
0.6882194592112304
0.6846575349961838
0.682876076417909
0.6819810929610959
0.6792926864860757
0.6756891100372574
0.6738885056569134
0.6729837866364863
0.6702660575514381
0.6666227175967665
0.6648033864771805
0.6638891728033173
0.6611428541775426
0.6574608524461957
0.6556237823764135
0.6547006098957927
0.6519273226954442
0.6482089834913735
0.6463575333725643
0.6454271429982379
0.6426321336300622
0.6388846932946717
0.637013995416569
0.6360739809311975
0.6332500203165009
0.6294639156905029
0.627578513290342
0.6266312265454497
0.6237853982199688
0.6199703818748211
0.6180686783354915
0.6171133775883385
0.6142434578250986
0.6103967499056285
0.6084809349553111
0.6075187938739672
0.6046283195599664
0.60075491531236
0.5988263882075721
0.5978581846111687
0.5949494999524407
0.5910527910516302
0.589112913512775
0.5881394077140925
0.5852148020380505
0.5812981056021344
0.5793494203920115
0.5783719671633265
0.5754355154973206
0.5715045432075235
0.5695494492837707
0.5685693280676819
0.5656248760257128
0.5616850148159807
0.559726235907417
0.5587448847192746
0.5557967519707327
0.5518540038913371
0.5498944727480302
0.5489134279630046
0.5459662270452237
0.5420269594802184
0.5400697993951634
0.5390906846705603
0.5361492877075418
0.5322201834120152
0.5302686762472126
0.5292931849426786
0.5263626709000583
0.5224506530130876
0.5205081698000011
0.5195380290688686
0.5166235759678542
0.5127356609099682
0.5108056374210203
0.5098425952729649
0.5069494415798447
0.503092686183543
0.501178535377149
0.5002243168079553
0.49735762984225157
0.49353895637165857
0.4916440468328431
0.4907003435205317
0.48786518886708224
0.4840913469791602
0.4822189385539671
0.4812873779398407
0.47848862685670873
0.4747660752068604
0.47291929456547105
0.4720014295241505
0.46924372824338884
0.46557860070794677
0.4637604074908556
0.46285770204382065
0.4601454290757051
0.45654348705698994
0.4547566615016568
0.4538704878241759
0.45120774507591704
0.4476743763082098
0.44592152071366953
0.44505316346766965
0.4424437891818653
0.43898403636393063
0.4372675905179861
0.4364182583415835
0.4338658612920691
0.43048447892078856
0.4288067505882513
0.42797759499506843
0.42548561066825336
0.4221871500404142
0.42055035783915196
0.41974249790550056
0.4173142617769603
0.4141031767389103
0.41250950247604834
0.41172405360104974
0.40936288636135265
0.4062436522373641
0.40469529904276963
0.4039334037811616
0.4016427025244965
0.3986199398575212
0.39711919167467946
0.39638205037838475
0.39416537898123916
0.3912439730885159
0.38979325209400995
0.3890821517307083
0.3869433255420783
0.38412853580136425
0.38272873057536627
0.38204424622565986
0.3799849204783434
0.3772792607938509
0.3759356888395133
0.3752805405757626
0.37330882502808244
0.37072321150923065
0.3694378731578996
0.36881321303686126
0.36693246987693623
0.3644717109155419
0.36324975668856824
0.36265825264095397
0.3608764011636763
0.3585511945859459
0.35739510820962017
0.35683819410080253
0.3551593988218781
0.3529756713573842
0.3518897689053292
0.3513697766906759
0.3498008832378025
0.34776804765313507
0.3467571654270682
0.34627670584925924
0.34482536460142227
0.34295391082695487
0.3420223378605671
0.34158383708408824
0.34025707905618985
0.338556846035295
0.33771121190558456
0.33731822928806093
0.33612646062006035
0.33461161850761767
0.3338578379499196
0.3335137350019381
0.33246665174817736
0.33115073885435015
0.3304970142085159
0.33020631350595453
0.3293170195200125
0.32821803477513345
0.32767335584517504
0.3274411717171577
0.32672436463235344
0.3258627498343128
0.32543835749356803
0.3252711476294322
0.32474531743398444
0.32414684515364994
0.3238570827046476
0.32376322904783356
0.32345224914440485
0.32315036750588244
0.3230144496489907
0.3230054505507273
0.3229418530536285
0.3229824876813466
0.3230283191458333
0.32312140190300226
0.3233535302905821
0.3238056062939766
0.3240797253574814
0.3243050522893549
0.32491658899033377
0.3259012985445964
0.3265113758858987
0.32694520570236074
0.3281439276304144
0.32997057669693924
0.3311987861106415
0.3320451389998252
0.334379398646058
0.33785491759122793
0.3386551801218865
0.3414836983282504
0.3427899352390622
0.3435470993653313
0.34570575643904233
0.3487226115586095
0.35019458311505414
0.3510314332578824
0.35342384421252426
0.3567322706857137
0.3583708720066149
0.3592912447456292
0.36192490854758413
0.3655397660683695
0.3673394494371488
0.36834204107559343
0.37121085998970554
0.37512515216152914
0.37707825861245525
0.3781601291911607
0.38125354920894383
0.3854531275378608
0.38754818770289423
0.3887039828971866
0.39200472113627377
0.39646576427533675
0.3986804886225222
0.3998983736127563
0.40337132018547506
0.40804582222696173
0.41031175980125856
0.4115523698953839
0.41508758111499955
0.41982792090372373
0.4230781400394851
0.4249237678421012
0.43007093369998395
0.4369345397220713
0.4413829896218794
0.4440092832042544
0.451136357438991
0.4605291007448385
0.461543901356043
0.4673932528771939
0.47510422638700944
0.47849334599415916
0.48040992992841003
0.48568496048056475
0.49262773384694164
0.49626231332767534
0.49835997236603224
0.5040623455148071
0.5115202412425899
0.5154798673876007
0.5178145445863417
0.5240541377172113
0.5321392863506864
0.5364141850240192
0.5390028271925269
0.5457736879589986
0.5544374231816058
0.5590521050759921
0.5619585355199428
0.5693375207917097
0.5786061350291636
0.5836849333208788
0.5871106550244446
0.5954105596734193
0.6054989467561627
0.6108697577647066
0.6148408629722303
0.6238877954833766
0.6343457021139774
0.638999230623819
0.6424457054082274
0.6500650025425365
0.6587636389429364
0.6627627680251492
0.6660012894785018
0.6728421078008339
0.6804398906394109
0.6839881398842798
0.6872454276499742
0.6937065907756574
0.7005378447884008
0.7036981731415572
0.7070902484214934
0.7133285747933064
0.7194554139593439
0.7222101481941197
0.7253737021234362
0.7308702125380883
0.7360380041248731
0.7383502971156066
0.7413225698378708
0.7462200076890207
0.7506318856739124
0.7525949163857384
0.7554225227596447
0.7598596354264312
0.7636889145822564
0.7653814216007876
0.7680996033425761
0.7721815592140389
0.7755589744835335
0.7770400589500479
0.7796745951101406
0.7834792088505955
0.786501665960977
0.787814926693753
0.7903843087790932
0.7939683480669915
0.7967069307902177
0.7978841969010363
0.80040153916168
0.8038060901029211
0.806312623682806
0.807376955414136
0.8098516410639773
0.8131064818916058
0.8154186493891731
0.8163866481267966
0.8188257378041836
0.8219528076729798
0.8240979800905036
0.8249815544644792
0.8273908763837218
0.8304068575183859
0.8324048568439986
0.8332126031670855
0.8355973466829214
0.8385153066057319
0.840380362904093
0.8411186282664948
0.843483378686082
0.8463135561255876
0.8480557387603088
0.8487293398397139
0.8510777999003862
0.8538279075784568
0.8554542516336721
0.8560668687974021
0.8584016604693965
0.861077163532999
0.8625925880197247
0.8631469811376069
0.8654697208589803
0.868074292838978
0.8694823168244507
0.869980517248085
0.8722920757615382
0.8748281407824026
0.8761313999545502
0.8765749208964042
0.8788756995473151
0.8813449050969783
0.8825455038000052
0.8829355336563087
0.8852256698264088
0.8876292246169306
0.8887289709789974
0.8890665193219602
0.891346015396763
0.8936849065453537
0.894685469115507
0.894971464162017
0.8972402627908723
0.8995153892232559
0.9004184006145733
0.9006543900562792
0.9029114454199153
0.9051228832294791
0.9059303705564324
0.9061154453023925
0.9083625657951196
0.9105128334337884
0.9112258591846609
0.9113627715427306
0.9135989718789083
0.9156882668417222
0.9163089931577771
0.9163981661109991
0.9186234235542242
0.9206528206462379
0.9211831923307945
0.9212256806446131
0.9234400186524955
0.9254106891758855
0.9258527532442746
0.925849671412007
0.928053148250253
0.9299663485386888
0.9303222542734676
0.9302747657285272
0.9324674735916519
0.9343245398791843
0.9345965302311949
0.934505842277117
0.9366879055408065
0.9384902465017692
0.9386806468064712
0.9385480044644476
0.9407195773439304
0.9424686651772402
0.942579870297699
0.9424065496153163
0.9445678133773103
0.9462651740456804
0.946299634812213
0.9460869358520444
0.9482380958626547
0.9498852990645463
0.9498455084981356
0.9495947483929382
0.9517360311054391
0.9533346802855176
0.9532231601420731
0.9529356663373726
0.9550673162664801
0.956619038903711
0.9564383267825682
0.9561154305864736
0.9582377074127629
0.9597441458760952
0.9594967829680304
0.9591398136900721
0.9612529894030756
0.9627157922667664
0.9624043121996779
0.9620145915031515
0.9641189478672244
0.965539762015537
0.9651666805772748
0.9647455175404458
0.9668413435921155
0.9682218070053066
0.9677896127880273
0.9673382994571186
0.9694258893421047
0.9707676245858707
0.9702787709004134
0.9697985782933753
0.9718782291293738
0.9731828376054634
0.9726397350018061
0.9721319097609707
0.9742039198675718
0.9754729767163047
0.9748779870404812
0.9743437483040513
0.9764084155706709
0.9776434653350854
0.9769988961112052
0.9764394333205213
0.9784970535205454
0.9796996063234554
0.9790077063828786
0.9784241768361384
0.9804750427891628
0.9816465713165627
0.980909527262546
0.9803030547815482
0.9823474547965837
0.9834893914748548
0.9827093245910548
0.9820809973964254
0.9841192152654654
0.9852329508802067
0.9844119148422784
0.9837627871103012
0.9857950988475925
0.986881979292736
0.9860219596791477
0.9853530451021268
0.9873797232052712
0.9884410519690221
0.9875439606670838
0.9868562424150223
0.9888775483481902
0.9899145803968531
0.9889822632243082
0.9882766812888332
0.9902928715868425
0.9913068170094266
0.9903410477044884
0.9896185081600075
0.9916298292721502
0.9926218520368224
0.9916243317165916
0.9908857054983958
0.9928923951854853
0.9938636125868053
0.9928359748015662
0.9920820907169178
0.9940843830395836
0.9950358681005783
0.9939796755470862
0.9932113321785521
0.9952094479108373
0.9961422260920384
0.995058975201872
0.9942769355288983
0.9962710871111409
0.9971861420090067
0.9960772598133738
0.9952822391815247
0.9972726451587743
0.9981709207172944
0.9970377667103025
0.9962304861095547
0.9982173204164118
0.9990997060847379
0.9979435894638602
0.9971246983763661
0.9991081550970848
0.9999755014081406
0.9987976712551754
0.9989573090735417
0.9999692481156682
1.0003625738965862
0.9999999997292552