20000.
19997.098478896
19995.647876092
19991.296699233
19985.496603496
19984.774934645
19984.108749496
19983.964961173
19983.328198506
19983.027379827
19982.876972175
19982.425756033
19981.824150419
19981.482179951
19981.311196898
19980.798256546
19980.114356627
19979.772745247
19979.601941734
19979.089539982
19978.406358156
19978.046177611
19977.866089761
19977.325835976
19976.605520394
19976.232595941
19976.046136311
19975.486767892
19974.740967773
19973.609914362
19973.044411632
19971.347999588
19969.086341217
19968.733654319
19967.926447694
19967.522856588
19966.312132273
19964.697947542
19964.317845802
19963.860177308
19963.631346979
19962.944871762
19962.029608283
19961.495388224
19961.228283536
19960.426990955
19959.35865099
19958.836530087
19958.575474738
19957.792329217
19956.748183094
19956.213610635
19955.946329756
19955.144508636
19954.07546403
19953.443162127
19953.127018665
19952.178618381
19950.914154917
19950.262344811
19949.936447719
19948.958788433
19947.655317377
19946.968454773
19946.625032315
19945.594800467
19944.221240912
19943.439405638
19943.048499465
19941.875826976
19940.312371075
19939.458036597
19939.030883053
19937.749477389
19936.041064773
19935.211650782
19934.796956695
19933.552926256
19931.894339932
19931.118635242
19930.730794189
19929.567316369
19928.016118414
19927.050229852
19926.567303092
19925.118593101
19923.18714381
19922.233318954
19921.756423614
19920.32580616
19918.418476221
19917.296265923
19916.735184443
19915.052034919
19912.808057039
19911.640108137
19911.056159332
19909.304415754
19906.968997615
19906.75748426
19906.263254663
19904.780639568
19902.803991409
19901.507447715
19900.859207493
19898.91461361
19896.322117597
19894.789953861
19894.023916183
19891.725980231
19888.662478822
19888.492491775
19886.580048507
19884.030410463
19879.868360769
19877.787662473
19871.546874443
19863.228872325
19860.804043495
19859.331888791
19858.595852305
19856.387906629
19853.444361217
19851.962191368
19851.221147883
19848.998183506
19846.034618519
19844.544246183
19843.799101931
19841.563837159
19838.583876088
19837.938701204
19837.230612176
19835.106496842
19832.274697143
19830.879995392
19830.182681246
19828.090886027
19825.302169247
19820.125645203
19817.537889869
19809.776651254
19799.433062144
19797.948840326
19796.727345052
19793.063311577
19788.178988973
19785.94621591
19784.829923771
19781.481425385
19777.017642859
19774.981693338
19773.9637971
19770.910422896
19766.839991102
19764.672824124
19763.589329656
19760.339202781
19756.006532117
19753.90869942
19752.859866531
19749.713702135
19745.51959618
19743.334277514
19742.241708798
19738.964365566
19734.595421326
19732.07025801
19730.807797427
19727.020900479
19721.972835622
19719.470904282
19718.220057544
19714.46799356
19709.466352657
19706.658345378
19705.254491659
19701.043530725
19695.43031647
19692.412859167
19690.904303768
19686.379331144
19680.347652399
19677.231766546
19675.674008504
19671.001474496
19664.773155805
19661.82442809
19660.350229937
19655.928298856
19650.033938395
19644.880402586
19642.304141361
19634.577385022
19624.279772163
19619.210239866
19616.675964653
19609.075103385
19598.945203772
19594.026833686
19586.343627816
19582.697728185
19580.875032741
19575.407964522
19568.120915327
19563.959679028
19561.879392574
19555.639860641
19547.32358129
19543.37412001
19541.399688474
19535.477590917
19527.584253309
19523.711642367
19521.77562476
19515.968724032
19508.228877329
19503.856162862
19501.670173029
19495.113673779
19486.375104441
19481.369005066
19478.866437493
19471.360663853
19461.357465433
19456.275517459
19453.735040949
19446.115601937
19435.960992979
19431.032330734
19428.568468136
19421.178755062
19411.330177288
19405.552118084
19402.66373327
19394.0011585
19382.457075797
19377.073773393
19374.382682703
19366.311653261
19355.555511663
19348.631424153
19345.170309057
19334.790678621
19320.959835398
19311.483515115
19306.747097702
19292.544815073
19273.624690257
19264.056797769
19259.274632466
19244.935258922
19225.832702284
19222.838396504
19218.767239981
19206.558943607
19190.293279282
19188.297847289
19184.658571098
19173.74488392
19159.202959567
19151.723211055
19147.984431626
19136.772472611
19121.833407088
19114.391561847
19110.671725104
19099.516558349
19084.653132383
19076.385275038
19072.252689331
19059.86030359
19043.349648788
19035.490564836
19031.562238927
19019.78212521
19004.086650232
18995.584574164
18991.334962296
18978.591830706
18961.614290221
18948.356474261
18941.731042355
18921.868644166
18895.417844253
18883.221912108
18877.12689782
18858.853657199
18834.516851541
18819.501390249
18811.998148688
18789.50636938
18759.559158717
18745.876852883
18722.986780639
18710.205948601
18703.818804185
18684.670451274
18659.16980738
18645.831546662
18639.165991737
18619.183621455
18592.573783438
18578.415401514
18571.34025368
18550.130973539
18521.889609918
18504.700509476
18496.111941622
18470.370149157
18436.103483165
18419.40316848
18411.058684356
18386.047908025
18352.753053538
18336.775022865
18328.791224159
18304.860679963
18273.001886116
18258.291499932
18245.164496288
18205.84008701
18153.539359452
18129.448523757
18117.415096411
18081.362718105
18033.404458623
18010.325808357
17998.79756051
17964.257074559
17918.306185415
17916.035022694
17888.504031823
17851.861845697
17829.306479413
17818.039484479
17784.28120353
17739.369637333
17717.833262616
17707.07488123
17674.838918157
17631.948909169
17612.17240269
17602.292468485
17572.685909097
17533.287948628
17510.889948026
17499.701678848
17466.179745975
17421.58370656
17393.837020907
17379.980253104
17338.476150394
17283.291487873
17256.883338035
17243.694397447
17204.188026404
17151.653630101
17123.665596127
17109.688709316
17067.826464029
17012.169425828
16981.088691907
16965.569624125
16919.097468782
16857.332557929
16827.004124952
16811.860375206
16766.510852423
16706.235060626
16676.935745474
16662.305361818
16618.491177873
16560.251436619
16527.93512086
16511.800618217
16463.49155381
16399.299263865
16366.407968887
16349.98706664
16300.823149703
16235.501154698
16200.12151578
16182.460617131
16129.59336024
16059.37226089
16024.761267354
16007.483751827
15955.762896725
15887.061622435
15834.547484546
15808.355543438
15730.039382162
15626.221045406
15577.984864139
15553.922637611
15481.958735502
15386.524543697
15326.666211291
15296.824424845
15207.647238335
15089.552518392
15030.933810783
15001.709904178
14914.378658666
14798.727329104
14788.027586858
14716.444855101
14621.539935801
14573.262069704
14549.182944822
14477.184023797
14381.739408195
14332.112406739
14307.363159023
14233.371552228
14135.310982144
14115.693001819
14093.528249912
14027.242600266
13939.346447928
13895.579530168
13873.74762911
13808.457519531
13721.881753025
13678.511440617
13656.877714597
13592.181616807
13506.396659976
13448.001126489
13418.898104341
13331.966391027
13216.932862498
13163.048782851
13136.18917704
13055.938763569
12949.700328984
12881.692392802
12847.822473622
12746.746111511
12613.213517918
12550.684788365
12519.536759937
12426.555727511
12303.654344313
12235.058058358
12200.903462629
12099.010679149
11964.476089845
11903.075966347
11872.494165103
11781.219389961
11660.610321771
11602.330854361
11573.300439454
11486.644297836
11372.111261866
11299.93406317
11264.01743027
11156.951048736
11015.777276678
10938.82989696
10900.557999268
10786.543855327
10636.377896097
10627.456253918
10575.961141364
10422.968091776
10222.414610084
10214.832185529
10071.349640823
10006.420322018
9974.1128024059
9877.8147659454
9750.8621016742
9691.9452132391
9662.6203974594
9575.177248109
9459.8161091195
9397.0705784525
9365.8540518655
9272.8252969191
9150.2227632779
9058.2343225737
9012.5874717249
8877.0224547403
8699.4357877838
8691.362371
8554.7644531547
8375.9676001671
8299.5456750065
8138.8307233084
8033.7022214575
7885.8187228023
7799.2469051018
7682.6010704068
7605.415773247
7567.1144090846
7453.3637703439
7304.3516981504
7231.3221740382
7120.1982245539
7067.906796978
7041.905270514
6964.4732175977
6862.5533233248
6812.3539012035
6787.3920594943
6713.0539900806
6615.20152964
6561.8547744372
6535.3429382928
6456.4483983934
6352.7352295197
6305.5942206249
6282.1550573173
6212.3590450914
6120.5024648026
6074.8709825953
6052.1829760561
5984.6260966819
5895.7218481853
5851.3363648071
5829.2690863975
5763.5653371416
5677.1108992134
5633.9645679765
5612.5145248348
5548.6531531111
5464.6335621326
5421.8486600209
5400.581989622
5337.2811726551
5254.0327390689
5213.4830310252
5193.3256852411
5133.3200633548
5054.3896971872
5016.7496173099
4998.0348215495
4942.308285276
4868.9715634276
4831.5839896068
4812.9979980604
4757.6679032864
4684.8826317937
4649.4280641301
4631.8015245519
4579.3218419706
4510.2727214427
4476.6042171738
4459.864330244
4410.0193209205
4344.4248139815
4311.8176543422
4295.6059635563
4247.3356967202
4183.8180547466
4152.2020579496
4136.4837641608
4089.6849975955
4028.109223609
3997.7201817246
3982.6117414553
3937.6281532322
3878.4394091041
3849.3953194521
3834.9549379992
3791.9580081519
3735.3777324674
3707.6350342701
3693.8410470723
3652.7662416683
3598.7094509508
3572.1919258938
3559.0065267168
3519.7416267842
3468.0614582872
3442.5825909381
3429.9134372731
3392.1850372851
3342.5252821635
3318.1950782467
3306.0964684084
3270.064677371
3222.6324129506
3199.2888677417
3187.6805805052
3153.1078265381
3107.593403702
3085.1539415638
3073.9950449753
3040.7599415277
2997.0047563624
2975.6603621292
2965.0452368783
2933.4265279598
2891.792127287
2871.3057230263
2861.1170092234
2830.7672820686
2790.8011862695
2771.1919585117
2761.4390727763
2732.3858790704
2694.1232205076
2675.3311277513
2665.9842925653
2638.1392633057
2601.4644360431
2583.483403939
2574.5395471341
2547.8933280515
2512.7935450622
2495.571466669
2487.0047410104
2461.4806074945
2427.8554516704
2411.3528800022
2403.1437054414
2378.6834858843
2346.4567055153
2330.6412015134
2322.7734686086
2299.3292711476
2268.4380168493
2253.2790336907
2245.7375717966
2223.2642919571
2193.6493640574
2179.1149655484
2171.8839182861
2150.334429831
2121.9340145387
2107.9928839927
2101.056703427
2080.3848002669
2053.1382987217
2039.7619502493
2033.1064915548
2013.2701282596
1987.1223770837
1974.2810846658
1967.8915904714
1948.8469137627
1923.7404077287
1911.4073450281
1905.270495114
1886.9779129076
1862.8607126482
1851.009099666
1845.1115979972
1827.5315947933
1804.351872357
1792.9566665173
1787.2860786346
1770.3816953997
1748.0909663773
1737.1278377987
1731.6720832836
1715.4074139734
1693.9585769242
1683.4043890569
1678.1519795502
1662.4928760547
1641.8411314361
1631.6736921724
1626.6136080762
1611.5273148652
1591.6296883508
1581.8278545054
1576.9495967275
1562.4049041179
1543.2204464154
1533.7640517204
1529.0576060037
1515.0247444611
1496.5143934025
1487.3842338174
1482.8400634683
1469.2906820812
1451.417234579
1442.5950169641
1438.2040374358
1425.1111286388
1407.8391425557
1399.3074453619
1395.061004795
1382.398846765
1365.6945658854
1357.4367739819
1353.3266209355
1341.0706820418
1324.9019115597
1316.8859945917
1312.8962408939
1300.9993602652
1285.3043806811
1277.5654662371
1273.7135000233
1262.2271459792
1247.0729777082
1239.5667084729
1235.8305335098
1224.6894406788
1209.9907313435
1202.6747996948
1199.0334381423
1188.1753707212
1173.8507482326
1166.7382380762
1163.1981599414
1152.6422429157
1138.7165506371
1131.7913189954
1128.3445126764
1118.066948772
1104.5090050261
1097.7561125899
1094.3951644553
1084.3739349638
1071.1548940198
1064.559572082
1061.2771548172
1051.4905039645
1038.5818797266
1032.133790234
1028.9247733064
1019.3574621215
1006.7392879306
1000.4222935747
997.27867572811
987.90696755897
975.54821018368
969.34853065891
966.26348113322
957.06711900573
944.9413112171
938.84249784945
935.80786790233
926.76270497683
914.83834034616
908.82083192022
905.82693675025
896.90429790237
885.14401577117
879.18523319859
876.2209015418
867.3877409992
855.74855668859
849.81927749777
846.87006148463
838.08368174667
826.51015021658
820.56909815319
817.61460550678
808.81480156394
797.22888146299
791.2102192669
788.21794860674
779.3088646835
767.58653113166
761.36155220442
758.26801944463
749.06263462543
736.96239321338
730.16694020538
726.79274724748
716.76343639233
703.60597902202
694.82114545072
690.46994529266
677.57915590074
660.76502824718
658.61663694408
647.07011416232
646.34903153249
643.86880100255
636.48506805932
626.77164008157
622.34834207442
620.14841286932
613.59517468642
604.9651192763
600.93996421053
598.93744075602
592.96982009229
585.10538324217
581.4236249304
579.59144252925
574.12946432267
566.92681228419
563.57869796413
561.91206288666
556.94167143971
550.3828070813
547.40689981204
545.92498551431
541.50327004087
535.66330990891
532.83023997648
531.41932880247
527.20897213006
521.64700831574
518.51391682451
516.95443472726
512.3040740654
506.16860250298
502.82375287607
501.15962584466
496.2002173481
489.66393224836
486.12062382062
484.35859614271
479.11074148371
472.20194274743
468.83989701015
467.16786127422
462.18744746728
455.62939139728
451.90026448473
450.04716202762
444.53332439328
437.28648197286
432.85005100456
430.64874245993
424.11175974524
415.54987632953
409.73692421229
406.86101250989
398.35382689249
387.2869700592
386.94815235589
380.43075025994
371.91131945058
367.67957383916
365.58179165866
359.35998557342
351.22864785015
346.63789425139
344.36506793037
337.63561354278
328.86712548794
323.76488437601
321.24352554732
313.79665131611
304.1353261986
299.87539198001
297.76785259269
291.53369043281
283.42403277627
279.16044547012
277.05276395764
270.8247189368
262.73789795747
258.1304581634
255.85712621171
249.15655313613
240.49462685595
235.75585887583
233.42160577597
226.55660442538
217.71630822592
213.16805427098
210.92968330993
204.35461019786
195.9055593438
191.62339251277
189.51753824183
183.33781553494
175.41049832383
171.15042200643
169.05934028339
162.93814116126
155.11990960785
150.69504684015
148.53017569462
142.22038388009
134.22231284944
130.01747683606
127.96471713819
121.99885760146
114.47477465445
110.89176726927
109.14254037308
104.05868153089
97.646647226927
94.598118076108
93.109731974619
88.783613514533
83.326499986385
80.732233682568
79.465547929728
75.783493952149
71.138103508673
68.929490358764
67.851032253885
64.715846372774
60.759781908592
58.878122660123
57.959259381734
55.287817739913
51.91644491759
50.311714352626
49.528046719853
47.249525959988
44.373715899719
43.003615457051
42.334511694747
40.389019582739
37.933389947635
36.762440993321
36.190591592337
34.527863753051
32.429113831726
31.427660149771
30.938590992379
29.516576295011
27.721703688273
26.864885127806
26.446458486928
25.229876719182
23.694375788462
22.961215099692
22.603186272706
21.562248958988
20.248518269486
19.621197831643
19.314863809711
18.424259939547
17.300338114953
16.76365370751
16.501587451588
15.739714831761
14.778319157188
14.319262246417
14.095109144396
13.443484315048
12.621269775884
12.22869586319
12.037011916333
11.479800245676
10.776767701622
10.441123936712
10.277242757358
9.8008718029407
9.1998801431011
8.9129767106274
8.772897847063
8.3657325354087
7.8520884348495
7.6069043791053
7.4871984437822
7.1392650505278
6.7003741973011
6.4908914859584
6.3886190739422
6.091369298207
5.7164382228294
5.5374995197266
5.4501417102255
5.1962504454107
4.8760309210285
4.7233146220829
4.6487595828747
4.4320813402083
4.1588051437645
4.028321223975
3.9646226248982
3.7795068570168
3.5460608501136
3.4346784151525
3.3803060976371
3.2222992770574
3.0230523647235
2.9279962738635
2.881595014145
2.7467568615223
2.5767359670311
2.4956299900821
2.4560394230693
2.3409964097411
2.1959442110313
2.12675510549
2.0929823902081
1.9948481676881
1.8711224580265
1.8121109301736
1.7833067920702
1.6996124978361
1.5940981401262
1.5437767397084
1.5192149012853
1.4478493250765
1.3578826712663
1.3149796581191
1.2940391877192
1.2331974291941
1.1565014720148
1.1199298151419
1.1020799835896
1.0502194070819
0.98484815389405
0.95367894158344
0.93846623408231
0.89426869414367
0.83855946503999
0.81199910438202
0.79903608386103
0.76137553737054
0.71390806953893
0.69127874088325
0.68023450159216
0.64814924624003
0.60771064345093
0.58843355092228
0.57902553801185
0.55169442444855
0.51724912640271
0.5008301478648
0.49281714915046
0.46953920287088
0.44020326164896
0.42622065828293
0.41939680212708
0.39957377184245
0.37459282461706
0.36268671823001
0.35687633491169
0.33999775236005
0.3187281657531
0.30859153196097
0.30364475547829
0.28927514865721
0.27116788235702
0.26253884232732
0.25832784647188
0.24609579749174
0.23068259707401
0.22333782544355
0.21975360500163
0.20934239307059
0.19622398385245
0.18997307007165
0.18692268768176
0.1780622861905
0.16689827658658
0.1615789043843
0.15898313693482
0.1514433722539
0.14194362347656
0.1374174510504
0.1352087782694
0.12879348345029
0.12071073486387
0.1168598748181
0.11498076073281
0.10952278066738
0.10264634966205
0.099370361645662
0.097771786400949
0.09312871083585
0.087279111207747
0.084492432955614
0.083132638706493
0.079183157604049
0.074207503255555
0.071837257587133
0.070680677954343
0.067321470429764
0.063089552217569
0.061073677505574
0.060090024935495
0.057233107064958
0.05363404828187
0.051919699631039
0.05108318496705
0.048653642042156
0.045593039212029
0.044135226517491
0.043423894192664
0.041357948920374
0.038755436106046
0.037515859711187
0.036911019441094
0.035154380728753
0.032941547999047
0.031887610554134
0.031373354987924
0.0298798163106
0.027998442458664
0.027102400252434
0.02666519078625
0.02539542693194
0.023795963004655
0.023034208321642
0.022662524800426
0.021583073995764
0.020223359969206
0.019575805108388
0.019259845206228
0.01834223580714
0.017186399996794
0.016635953462218
0.01636737704047
0.015587384864478
0.014604907932267
0.014137035269872
0.013908749964241
0.013245775082251
0.012410703903409
0.012013035394302
0.011819005297563
0.0112555167951
0.010545765919166
0.010434280314443
0.010378980257695
0.010214832380628
0.0099999997764826