20000.
19997.098478896
19995.647876092
19991.296699233
19985.496603496
19984.774934645
19984.108749496
19983.964961173
19983.328198506
19983.027379827
19982.876972175
19982.425756033
19981.824150419
19981.482179951
19981.311196898
19980.798256546
19980.114356627
19979.772745247
19979.601941734
19979.089539982
19978.406358156
19978.046177611
19977.866089761
19977.325835976
19976.605520394
19976.232595941
19976.046136311
19975.486767892
19974.740967773
19973.609914362
19973.044411632
19971.347999588
19969.086341217
19968.733654319
19967.926447694
19967.522856588
19966.312132273
19964.697947542
19964.317845802
19963.860177308
19963.631346979
19962.944871762
19962.029608283
19961.495388224
19961.228283536
19960.426990955
19959.35865099
19958.836530087
19958.575474738
19957.792329217
19956.748183094
19956.213610635
19955.946329756
19955.144508636
19954.07546403
19953.443162127
19953.127018665
19952.178618381
19950.914154917
19950.262344811
19949.936447719
19948.958788433
19947.655317377
19946.968454773
19946.625032315
19945.594800467
19944.221240912
19943.439405638
19943.048499465
19941.875826976
19940.312371075
19939.458036597
19939.030883053
19937.749477389
19936.041064773
19935.211650782
19934.796956695
19933.552926256
19931.894339932
19931.118635242
19930.730794189
19929.567316369
19928.016118414
19927.050229852
19926.567303092
19925.118593101
19923.18714381
19922.233318954
19921.756423614
19920.32580616
19918.418476221
19917.296265923
19916.735184443
19915.052034919
19912.808057039
19911.640108137
19911.056159332
19909.304415754
19906.968997615
19906.75748426
19906.263254663
19904.780639568
19902.803991409
19901.507447715
19900.859207493
19898.91461361
19896.322117597
19894.789953861
19894.023916183
19891.725980231
19888.662478822
19888.492491775
19886.580048507
19884.030410463
19879.868360769
19877.787662473
19871.546874443
19863.228872325
19860.804043495
19859.331888791
19858.595852305
19856.387906629
19853.444361217
19851.962191368
19851.221147883
19848.998183506
19846.034618519
19844.544246183
19843.799101931
19841.563837159
19838.583876088
19837.938701204
19837.230612176
19835.106496842
19832.274697143
19830.879995392
19830.182681246
19828.090886027
19825.302169247
19820.125645203
19817.537889869
19809.776651254
19799.433062144
19797.948840326
19796.727345052
19793.063311577
19788.178988973
19785.94621591
19784.829923771
19781.481425385
19777.017642859
19774.981693338
19773.9637971
19770.910422896
19766.839991102
19764.672824124
19763.589329656
19760.339202781
19756.006532117
19753.90869942
19752.859866531
19749.713702135
19745.51959618
19743.334277514
19742.241708798
19738.964365566
19734.595421326
19732.07025801
19730.807797427
19727.020900479
19721.972835622
19719.470904282
19718.220057544
19714.46799356
19709.466352657
19706.658345378
19705.254491659
19701.043530725
19695.43031647
19692.412859167
19690.904303768
19686.379331144
19680.347652399
19677.231766546
19675.674008504
19671.001474496
19664.773155805
19661.82442809
19660.350229937
19655.928298856
19650.033938395
19644.880402586
19642.304141361
19634.577385022
19624.279772163
19619.210239866
19616.675964653
19609.075103385
19598.945203772
19594.026833686
19586.343627816
19582.697728185
19580.875032741
19575.407964522
19568.120915327
19563.959679028
19561.879392574
19555.639860641
19547.32358129
19543.37412001
19541.399688474
19535.477590917
19527.584253309
19523.711642367
19521.77562476
19515.968724032
19508.228877329
19503.856162862
19501.670173029
19495.113673779
19486.375104441
19481.369005066
19478.866437493
19471.360663853
19461.357465433
19456.275517459
19453.735040949
19446.115601937
19435.960992979
19431.032330734
19428.568468136
19421.178755062
19411.330177288
19405.552118084
19402.66373327
19394.0011585
19382.457075797
19377.073773393
19374.382682703
19366.311653261
19355.555511663
19348.631424153
19345.170309057
19334.790678621
19320.959835398
19311.483515115
19306.747097702
19292.544815073
19273.624690257
19264.056797769
19259.274632466
19244.935258922
19225.832702284
19222.838396504
19218.767239981
19206.558943607
19190.293279282
19188.297847289
19184.658571098
19173.74488392
19159.202959567
19151.723211055
19147.984431626
19136.772472611
19121.833407088
19114.391561847
19110.671725104
19099.516558349
19084.653132383
19076.385275038
19072.252689331
19059.86030359
19043.349648788
19035.490564836
19031.562238927
19019.78212521
19004.086650232
18995.584575496
18991.334964293
18978.591834698
18961.614296869
18952.909194029
18948.558141062
18935.510975164
18918.128729299
18906.863891405
18901.233987665
18884.354333796
18861.871577441
18848.325038394
18841.555417209
18821.261139553
18794.236104193
18790.748758492
18784.401858133
18765.374017755
18740.033545512
18726.49677431
18719.732055479
18699.452558497
18672.447402103
18667.236262209
18660.286561484
18639.452980483
18611.711052954
18598.890460928
18592.483476595
18573.275764057
18547.696347023
18534.957360401
18528.591148029
18509.505628494
18484.088849095
18470.264667898
18463.356454414
18442.647313905
18415.071257377
18398.308975707
18389.933556804
18364.830170732
18331.412289782
18307.692987785
18295.844847428
18260.346414648
18213.122292466
18204.628107497
18167.999827974
18150.172825067
18123.076254549
18106.562129283
18098.310709898
18073.579007858
18040.655972541
18019.180189576
18008.45188607
17976.305286598
17933.532405095
17909.39992239
17897.345860689
17861.232334023
17813.194298438
17786.886488028
17773.74715541
17734.38736769
17682.043207667
17652.152934975
17637.22675065
17592.523884285
17533.096267421
17531.455401345
17519.65392992
17484.297161674
17437.265779217
17412.904125372
17400.736063918
17364.282875531
17315.797393977
17281.320897462
17264.108398041
17212.57369776
17144.09999043
17138.459346844
17116.331720931
17050.120114094
16962.236230788
16919.172211257
16897.681216636
16833.371886472
16748.006680891
16731.76595221
16674.789953284
16648.499467359
16635.369771697
16596.042781732
16543.751384335
16517.489222064
16504.373777663
16465.089897975
16412.856808922
16378.802594943
16361.801992376
16310.905990004
16243.290850846
16209.359093992
16192.419804481
16141.708077024
16074.339414334
16036.102581102
16017.018285048
15959.901563032
15884.06264858
15848.592291073
15830.886825098
15777.889020821
15707.501177752
15674.314569968
15657.747567699
15608.151552523
15542.267823848
15497.603718372
15475.31981908
15408.66019149
15320.227137315
15272.273875274
15248.353558128
15176.817167898
15081.957106735
15039.04176329
15017.629904677
14953.577069459
14868.598068561
14821.052029033
14797.336053032
14726.415581126
14632.383423153
14586.677640651
14563.878313158
14495.693926722
14405.277729491
14355.481407645
14330.647833288
14256.404574643
14158.011548464
14106.315756005
14080.538685692
14003.489755649
13901.413302295
13846.207558113
13818.686951537
13736.45289958
13627.568244826
13577.597626149
13552.681070552
13478.205421561
13379.540809569
13330.157048347
13305.533561137
13231.935674498
13134.438041784
13081.916551787
13055.734615256
12977.502790888
12873.922423495
12825.022278508
12800.641901494
12727.778504493
12631.272077297
12579.759971104
12554.082747332
12477.365119078
12375.803736684
12310.137514838
12277.435177036
12179.84849578
12050.938454405
11976.253012006
11939.084040803
11828.267837619
11682.111265736
11616.758788548
11584.219774551
11487.148575505
11358.98446056
11282.595593374
11244.59401583
11131.355537975
10982.142830012
10909.872367404
10873.915676536
10766.755083287
10625.515248089
10556.953978318
10522.839416905
10421.155756554
10287.104375235
10192.939022489
10146.180073978
10007.186311963
9824.818716882
9794.6904904496
9678.4551525526
9618.6295469568
9588.8555605442
9500.0854487329
9383.0023516044
9317.1316418161
9284.3698979136
9186.7742510524
9058.2407244217
8985.5907900831
8949.4846164188
8842.0342687052
8700.7712654756
8645.8498405979
8598.2392605302
8456.9748391017
8272.2259725023
8152.4665298603
7981.1350884857
7879.9733859311
7705.6472987305
7692.8935207585
7576.4678480787
7515.2158402609
7484.7757821706
7394.193393637
7275.1198639967
7217.8301598624
7189.3547065259
7104.6006199891
6993.1473782014
6940.2192360143
6913.9055744258
6835.5616873001
6732.4823714162
6683.708241264
6659.4538406795
6587.2174644568
6492.1197078401
6442.6171775369
6418.0076375879
6344.7416082597
6248.352965129
6198.2916656549
6173.4116231747
6099.3691108424
6002.0253360016
5955.2298914534
5931.9691629249
5862.7306917257
5771.6682395694
5727.3789123046
5705.3618570486
5639.8172189975
5553.5942017268
5512.1221955692
5491.5024719998
5430.1049562828
5349.3080957729
5307.4237761565
5286.6047563539
5224.6364108264
5143.1404056943
5104.3910974189
5085.1260587041
5027.7661104259
4952.2913941018
4914.6768327086
4895.9768230408
4840.3026284563
4767.0539432101
4730.8973534898
4712.9220262562
4659.4048001508
4588.9926384894
4554.006145327
4536.6130513394
4484.8313342159
4416.7072878043
4383.4455127256
4366.9086763389
4317.6715468877
4252.8845320837
4220.7346934331
4204.7510272867
4157.1622902271
4094.5474169431
4063.9915590128
4048.7992450623
4003.5622151997
3944.0314294609
3914.5218477674
3899.8499568286
3856.1634098984
3798.6749971217
3770.6185028862
3756.6680586903
3715.1256461468
3660.4494936211
3633.410767829
3619.9663942375
3579.9310216532
3527.238443423
3501.2756516613
3488.3660066796
3449.921969196
3399.3215037347
3374.5336805275
3362.2076328339
3325.4989720351
3277.176782947
3253.460836844
3241.6673001994
3206.5425764832
3160.3009309513
3137.429802932
3126.0563826111
3092.1829030762
3047.58854291
3025.7335211662
3014.8648528622
2982.4925356704
2939.8695150824
2918.9872083212
2908.6017439308
2877.6665295501
2836.9307836912
2816.8717300592
2806.8954520901
2777.1781124364
2738.0438371137
2718.892954009
2709.3678010709
2680.992094421
2643.6195698791
2625.2715464402
2616.1453435497
2588.956647378
2553.1440896183
2535.5759734793
2526.8372990341
2500.8015653141
2466.5040780252
2449.6523855997
2441.2697634646
2416.2936161769
2383.3891220017
2367.273279033
2359.2562672621
2335.367768206
2303.8922752823
2288.4407403112
2280.7538766571
2257.847861072
2227.6639642074
2212.8461246532
2205.4742070581
2183.5054820439
2154.5538770687
2140.3444109402
2133.2748583129
2112.2059975133
2084.4375137596
2070.8087409857
2064.0278067081
2043.8179406876
2017.1789398633
2004.1005731582
1997.5932213303
1978.1976695509
1952.629562567
1940.072065453
1933.8236332728
1915.1988253666
1890.6444823835
1878.5819506349
1872.5795752097
1854.6872763048
1831.0965335559
1819.5044972691
1813.7360272353
1796.5401147384
1773.8655734514
1762.7183727406
1757.1710684696
1740.6336816486
1718.825686969
1708.1001132791
1702.7624502803
1686.8493321144
1665.8629380765
1655.5366062159
1650.3974687902
1635.0755771866
1614.8674313755
1604.9187576701
1599.9674280584
1585.2049035798
1565.7332047464
1556.1415490879
1551.3677778237
1537.1341520854
1518.3589218715
1509.1048495852
1504.4989852288
1490.7655653411
1472.6491498946
1463.7139608896
1459.2667167593
1446.0058940679
1428.512062051
1419.8779591214
1415.5804966885
1402.7659939585
1385.8602592088
1377.5102776958
1373.3541717496
1360.960939986
1344.6104269855
1336.528375922
1332.5055854285
1320.5097175832
1304.6830490064
1296.872257035
1292.984413725
1281.3906760028
1266.0939100545
1258.5149811256
1254.7425463967
1243.4929551713
1228.6502384363
1221.2865493596
1217.6212709605
1206.691304909
1192.2704856308
1185.1024930413
1181.5346730907
1170.8955312912
1156.8588835952
1149.892640769
1146.4252656231
1136.085747619
1122.4446369379
1115.6702689607
1112.2984323587
1102.243943187
1088.9791955003
1082.3681731836
1079.0777274741
1069.2662878613
1056.3230001025
1049.8751514654
1046.6660012047
1037.0972874504
1024.4749421946
1018.1731897041
1015.0368644203
1005.6857358805
993.3514366474
987.18696626725
984.11909135965
974.97255276264
962.90926890723
956.86834711766
953.86211280032
944.89996058347
933.08127440523
927.14954555862
924.19783674694
915.39897421281
903.79732935042
897.96319727754
895.06026879306
886.40766990062
875.0008472264
869.24882930461
866.38701528106
857.85798108308
846.61640255708
840.92936690312
838.10019066585
829.66964433078
818.56068637009
812.91689533325
810.10960866706
801.74578254541
790.72818453341
785.0985971862
782.29885112385
773.95937623093
762.97820319547
757.31853871997
754.50446926279
746.12484570764
735.0966044614
729.32806572404
726.46079374942
717.92643531759
706.70304854339
700.64357876196
697.63335492631
688.68006004626
676.92082022111
669.7771964089
666.23370446914
655.71531516151
641.94866272284
635.64928448626
632.52281387645
623.23536648119
611.06388753827
604.43041409477
595.06055234774
593.49430730554
591.41840449916
585.23416098922
577.08897879775
573.34635330694
571.48415237759
565.93376137442
558.61700502998
555.23595377698
553.55310976339
548.53511899853
541.91515361393
538.86347878244
537.34409162564
532.81158660989
526.82766296489
524.10364354987
522.74692011584
518.69778620339
513.34768806744
512.53987214692
511.35791624865
507.82837768132
503.16019388767
500.81979743952
499.65368458891
496.17161205525
491.56656770499
489.0415282485
487.78387650585
484.03029378082
479.07041024988
476.43309852437
475.1198920301
471.20195063801
466.02824036933
463.30732375375
461.95282845527
457.91305597424
452.58159402108
449.981926053
448.68769711462
444.82730230662
439.73172626683
437.21789594498
435.96637492604
432.23326567713
427.30546468947
424.46437662723
423.05092409384
418.83874456582
413.28767234832
410.0909143813
408.50181979993
403.77138720754
397.54924504101
393.43113619968
391.38810625839
385.32245157383
377.38088923667
377.00653799198
375.30855021615
370.26033459866
363.63484936876
360.63370537007
359.14243444451
354.70551967896
348.8747836109
345.9079945706
344.43407434888
340.04988937488
334.2909944251
331.21403889685
329.68619796783
325.14483172785
319.18683812422
315.96909410915
314.37240685921
309.63059371512
303.41924754317
300.00987159979
298.31957658888
293.30561754658
286.75118269584
283.05566386281
281.2258026708
275.80689064402
268.74375205628
264.65932455848
262.64044847884
256.67575394543
248.93301227488
248.1237277064
246.45730981921
241.52490698338
235.10158181278
232.13279027253
230.6624824967
226.30720057812
220.6278101377
217.91065174994
216.56464709649
212.57631276291
207.37255618369
204.7968338584
203.5209947025
199.74096884837
194.80991964714
192.25248612636
190.98638704734
187.23789888864
182.35410938064
179.62457619712
178.27516913243
174.28746759337
169.10893879672
165.72561221554
164.05941764429
159.16067305075
152.85579351156
149.76261089145
148.23957180187
143.76275928554
138.00327684466
135.15255796918
133.74935767158
129.62656457569
124.3265134939
121.24487677469
119.73282153161
115.30886010589
109.66346494145
106.33803238494
104.71332444047
99.986630198395
94.014587848028
91.153689468991
89.756054490634
85.690417860983
80.554586508618
78.101109675556
76.902537441563
73.416058864859
69.012050646944
66.907796548269
65.879853506063
62.889815000339
59.113123764259
57.308376330057
56.426771282917
53.862498116531
50.623816433933
49.076093477787
48.320067875419
46.121156482387
43.344140482549
42.017048170421
41.368817755883
39.483516421522
37.102751090962
35.965060169918
35.409364292913
33.793264455088
31.752615596515
30.777506240988
30.301239123519
28.916203442511
27.167465122452
26.331896209844
25.923798809595
24.737064782866
23.238826914247
22.523001558484
22.173400387825
21.156820289297
19.873507832496
19.260416986567
18.961001052667
18.090392695112
16.991444701523
16.466475943848
16.210105535062
15.464695679132
14.523861386087
14.074462962181
13.855005437247
13.216951784601
12.411686056733
12.027078108221
11.839266748683
11.293247066175
10.604190730898
10.275116964632
10.114429594129
9.6472883797258
9.0578213423494
8.7763354168106
8.638889990687
8.2393345430938
7.735191394579
7.4944731379003
7.3769379153411
7.0352768575236
6.6042161871869
6.3984134659066
6.2979297210536
6.0058480290642
5.637367918727
5.4614605711931
5.3755760903237
5.1259415243888
4.8110347690184
4.6607182278988
4.5873304226607
4.3740279206011
4.1049725493845
3.9765566177166
3.9138630595474
3.7316507880634
3.5018280994513
3.3921498494811
3.3386057078707
3.182991213753
2.9867292391105
2.8930761472895
2.8473566559826
2.7144877480701
2.5469235553294
2.4669721299189
2.4279425666794
2.3145198428743
2.1714887153691
2.103249300985
2.0699380169331
1.9731363850154
1.8510726331081
1.7928419390012
1.7644171633863
1.6818183526514
1.5776700276762
1.5279903318059
1.5037402395649
1.4332748093195
1.3444304266593
1.3020545274364
1.2813701157879
1.2212676394971
1.1454932389786
1.1093543537033
1.0917147362157
1.040461021257
0.97584612247486
0.9450320411493
0.92999182134692
0.88629218055271
0.83120338860376
0.80493428985264
0.79211272433837
0.75486045492754
0.70790164823002
0.68551106395149
0.67458276411288
0.64283210354994
0.60281027988242
0.58372876792097
0.57441572479712
0.54735865645582
0.51325464396458
0.49699578582427
0.48906053097839
0.46600689496611
0.436950239645
0.42309863956331
0.41633838372
0.39669883211281
0.37194627875716
0.36014727901581
0.35438888915489
0.33766028033966
0.31657733483965
0.30652820518941
0.30162390176734
0.28737678950844
0.26942192707064
0.26086432076514
0.25668799364763
0.24455591569417
0.22926706173189
0.22198055627252
0.21842461052272
0.20809491830882
0.19507787558387
0.18887444574333
0.18584710276192
0.1770531153347
0.16597166309494
0.16069095142903
0.15811393961352
0.15062823034922
0.14119565377107
0.13670092587557
0.13450750570226
0.12813616146839
0.12010800870158
0.11628269596379
0.11441597197258
0.10899368646562
0.10216157852936
0.098906322238061
0.097317799865567
0.092703678887979
0.086890018222334
0.084120142035853
0.082768493649168
0.078842468687519
0.073895915571636
0.071539269695116
0.070389282092222
0.067049051292358
0.062840665426587
0.060835782007471
0.059857455924735
0.057015867121384
0.05343580734713
0.051730327043858
0.050898109050013
0.048480927555521
0.04543563684977
0.043984966422553
0.043277093600965
0.041221097807859
0.03863090176051
0.037397067656762
0.036795007988781
0.035046363175462
0.032843419489756
0.031794086984186
0.031282060592791
0.029794927876992
0.027921472759378
0.027029117376351
0.026593692013516
0.025329052697344
0.023735918057169
0.022977105493051
0.022606845161578
0.021531480136081
0.020176807751416
0.01953159357248
0.019216765449059
0.018302403376879
0.017150570462176
0.0166019828638
0.01633430483704
0.015556888623488
0.014577583134958
0.014111176963294
0.013883600021057
0.013222654795394
0.0123900792658
0.011993566801882
0.011800094754535
0.011238203826537
0.010530414200482
0.010422127003349
0.010368401699583
0.010208881792986
0.0099999997764826