20000.
19997.098478896
19995.647876092
19991.296699233
19985.496603496
19984.774934645
19984.108749496
19983.964961173
19983.328198506
19983.027379827
19982.876972175
19982.425756033
19981.824150419
19981.482179951
19981.311196898
19980.798256546
19980.114356627
19979.772745247
19979.601941734
19979.089539982
19978.406358156
19978.046177611
19977.866089761
19977.325835976
19976.605520394
19976.232595941
19976.046136311
19975.486767892
19974.740967773
19973.609914362
19973.044411632
19971.347999588
19969.086341217
19968.733654319
19967.926447694
19967.522856588
19966.312132273
19964.697947542
19964.317845802
19963.860177308
19963.631346979
19962.944871762
19962.029608283
19961.495388224
19961.228283536
19960.426990955
19959.35865099
19958.836530087
19958.575474738
19957.792329217
19956.748183094
19956.213610635
19955.946329756
19955.144508636
19954.07546403
19953.443162127
19953.127018665
19952.178618381
19950.914154917
19950.262344811
19949.936447719
19948.958788433
19947.655317377
19946.968454773
19946.625032315
19945.594800467
19944.221240912
19943.439405638
19943.048499465
19941.875826976
19940.312371075
19939.458036597
19939.030883053
19937.749477389
19936.041064773
19935.211650782
19934.796956695
19933.552926256
19931.894339932
19931.118635242
19930.730794189
19929.567316369
19928.016118414
19927.050229852
19926.567303092
19925.118593101
19923.18714381
19922.233318954
19921.756423614
19920.32580616
19918.418476221
19917.296265923
19916.735184443
19915.052034919
19912.808057039
19911.640108137
19911.056159332
19909.304415754
19906.968997615
19906.75748426
19906.263254663
19904.780639568
19902.803991409
19901.507447715
19900.859207493
19898.91461361
19896.322117597
19894.789953861
19894.023916183
19891.725980231
19888.662478822
19888.492491775
19886.580048507
19884.030410463
19879.868360769
19877.787662473
19871.546874443
19863.228872325
19860.804043495
19859.331888791
19858.595852305
19856.387906629
19853.444361217
19851.962191368
19851.221147883
19848.998183506
19846.034618519
19844.544246183
19843.799101931
19841.563837159
19838.583876088
19837.938701204
19837.230612176
19835.106496842
19832.274697143
19830.879995392
19830.182681246
19828.090886027
19825.302169247
19820.125645203
19817.537889869
19809.776651254
19799.433062144
19797.948840326
19796.727345052
19793.063311577
19788.178988973
19785.94621591
19784.829923771
19781.481425385
19777.017642859
19774.981693338
19773.9637971
19770.910422896
19766.839991102
19764.672824124
19763.589329656
19760.339202781
19756.006532117
19753.90869942
19752.859866531
19749.713702135
19745.51959618
19743.334277514
19742.241708798
19738.964365566
19734.595421326
19732.07025801
19730.807797427
19727.020900479
19721.972835622
19719.470904282
19718.220057544
19714.46799356
19709.466352657
19706.658345378
19705.254491659
19701.043530725
19695.43031647
19692.412859167
19690.904303768
19686.379331144
19680.347652399
19677.231766546
19675.674008504
19671.001474496
19664.773155805
19661.82442809
19660.350229937
19655.928298856
19650.033938395
19644.880402586
19642.304141361
19634.577385022
19624.279772163
19619.210239866
19616.675964653
19609.075103385
19598.945203772
19594.026833686
19586.343627816
19582.697728185
19580.875032741
19575.407964522
19568.120915327
19563.959679028
19561.879392574
19555.639860641
19547.32358129
19543.37412001
19541.399688474
19535.477590917
19527.584253309
19523.711642367
19521.77562476
19515.968724032
19508.228877329
19503.856162862
19501.670173029
19495.113673779
19486.375104441
19481.369005066
19478.866437493
19471.360663853
19461.357465433
19456.275517459
19453.735040949
19446.115601937
19435.960992979
19431.032330734
19428.568468136
19421.178755062
19411.330177288
19405.552118084
19402.66373327
19394.0011585
19382.457075797
19377.073773393
19374.382682703
19366.311653261
19355.555511663
19348.631424153
19345.170309057
19334.790678621
19320.959835398
19311.483515115
19306.747097702
19292.544815073
19273.624690257
19264.056797769
19259.274632466
19244.935258922
19225.832702284
19222.838396504
19218.767239981
19206.558943607
19190.293279282
19188.297847289
19184.658571098
19173.74488392
19159.202959567
19151.723211055
19147.984431626
19136.772472611
19121.833407088
19114.391561847
19110.671725104
19099.516558349
19084.653132383
19076.385275038
19072.252689331
19059.86030359
19043.349648788
19035.490564836
19031.562238927
19019.78212521
19004.086650232
18995.584575496
18991.334964293
18978.591834698
18961.614296869
18952.909194029
18948.558141062
18935.510975164
18918.128729299
18906.863891405
18901.233987665
18884.354333796
18861.871577441
18848.325038394
18841.555417209
18821.261139553
18794.236104193
18790.748758492
18784.401858133
18765.374017755
18740.033545512
18726.49677431
18719.732055479
18699.452558497
18672.447402103
18667.236262209
18660.286561484
18639.452980483
18611.711052954
18598.890460928
18592.483476595
18573.275764057
18547.696347023
18534.957360401
18528.591148029
18509.505628494
18484.088849095
18470.264667898
18463.356454414
18442.647313905
18415.071257377
18398.308975707
18389.933556804
18364.830170732
18331.412289782
18307.692987785
18295.844847428
18260.346414648
18213.122292466
18204.628107497
18167.999827974
18150.172825067
18123.076254549
18106.562129283
18098.310709898
18073.579007858
18040.655972541
18019.180189576
18008.45188607
17976.305286598
17933.532405095
17909.39992239
17897.345860689
17861.232334023
17813.194298438
17786.886488028
17773.74715541
17734.38736769
17682.043207667
17652.152934975
17637.22675065
17592.523884285
17533.096267421
17531.455401345
17519.65392992
17484.297161674
17437.265779217
17412.904125372
17400.736063918
17364.282875531
17315.797393977
17281.320897462
17264.108398041
17212.57369776
17144.09999043
17138.459346844
17116.331720931
17050.120114094
16962.236230788
16919.172211257
16897.681216636
16833.371886472
16748.006680891
16731.76595221
16674.789953284
16648.499467359
16635.369771697
16596.042781732
16543.751384335
16517.489222064
16504.373777663
16465.089897975
16412.856808922
16378.802594943
16361.801992376
16310.905990004
16243.290850846
16209.359098115
16192.419810659
16141.708089342
16074.339434779
16039.555759404
16022.192156595
15970.214051063
15901.172126336
15856.099730101
15833.611462664
15766.337849735
15677.08412415
15620.19850678
15591.8331482
15507.045761579
15394.712707571
15321.150494304
15284.501306452
15175.078913428
15030.399992541
14978.387292259
14876.985760042
14854.783258403
14822.143928775
14724.655610841
14595.667893601
14557.26051621
14464.982980786
14415.144711033
14390.290004419
14315.982720917
14217.502878542
14153.858837432
14122.14373179
14027.424174631
13902.118950908
13897.125275257
13826.637483748
13733.209602708
13675.262158927
13646.380190697
13560.099765195
13445.907192046
13376.02565702
13341.221201649
13237.350266451
13100.112602494
13036.858986778
13005.34680094
12911.266532208
12786.884004431
12709.046319626
12670.305338221
12554.789525589
12402.40504935
12302.725402564
12253.186405701
12105.763075422
11911.954067678
11886.253162006
11769.727949749
11616.136047534
11598.916414296
11488.40429762
11342.690988342
11270.363462054
11234.372831207
11127.0890691
10985.63606627
10919.647404052
10886.801862732
10788.856838458
10659.632837072
10588.036815402
10552.419333804
10446.28417305
10306.429330673
10243.845079782
10212.695609145
10119.814366227
9997.2854088192
9930.9320640548
9897.9207209286
9799.5436352517
9669.8935188295
9588.937766019
9548.7144010903
9429.0538500807
9271.8358220926
9253.5139235975
9217.392822541
9109.8733178034
8968.4624345669
8904.5671157752
8872.7903642689
8778.1388864192
8653.5057157243
8592.5463941052
8562.2279552962
8471.9129988256
8352.9732259951
8296.3801465262
8268.2275535507
8184.3416742367
8073.8162378538
8014.2639064564
7984.6526629839
7896.4737703076
7780.4148747965
7711.516302337
7677.2961486499
7575.5441197622
7441.969461592
7416.3003776091
7328.3085925248
7212.6080653846
7158.2445344128
7131.2166181634
7050.7436414345
6944.857184231
6895.3336345163
6870.7044471996
6797.3434656015
6700.7458539755
6646.0253399788
6618.8328844411
6537.9212563579
6431.5756028723
6383.234910547
6359.200984736
6287.640799279
6193.4782976737
6143.4778284008
6118.6291679504
6044.6846013741
5947.4800783647
5903.2167321423
5881.2087451266
5815.6758573396
5729.4331664903
5685.0699016857
5663.0172494157
5597.3712294518
5511.0254186039
5468.8935727161
5447.9485894583
5385.5937105983
5303.5626456676
5261.9541813749
5241.272521056
5179.7139913898
5098.7591596288
5059.6092675676
5040.1471917547
4982.2089883536
4905.9927622297
4868.6267452254
4850.0505941931
4794.7463248075
4721.9870328093
4685.8192551852
4667.8393823842
4614.3126502349
4543.8972591931
4509.0156018798
4491.6753154075
4440.0535461543
4372.1462215512
4339.0455545414
4322.5893132401
4273.5941169663
4209.1299752492
4177.5597359343
4161.8635226855
4115.1278490597
4053.6289875018
4023.3761761462
4008.3345428528
3963.546209326
3904.6059557907
3875.4296166884
3860.9233034114
3817.7293492875
3760.8881725221
3732.7648086032
3718.7820875476
3677.1474131311
3622.3587110063
3595.6282096896
3582.3370189975
3542.7575073355
3490.664230172
3464.9539398646
3452.1698940599
3414.1000656675
3363.9925609246
3339.3416748231
3327.0840532144
3290.58049228
3242.5313275401
3218.9564192885
3207.233318134
3172.3195608267
3126.3583912212
3103.986965048
3092.8613545122
3059.7232182644
3016.0906900808
2994.5747193552
2983.874360221
2952.0021486309
2910.0348183473
2889.4015821127
2879.13988975
2848.5729629371
2808.3212760438
2788.5932382599
2778.7812495911
2749.5519472605
2711.0572524065
2692.1623353954
2682.7643172835
2654.7666507967
2617.8904178767
2599.7515520861
2590.7293033721
2563.8499906328
2528.4442197596
2511.0677025613
2502.4242767324
2476.672102094
2442.7476425621
2426.1187034839
2417.8467320125
2393.1996566669
2360.7272790035
2344.790239485
2336.8621106713
2313.2382011514
2282.110737779
2266.8320187769
2259.2310607234
2236.5807676384
2206.7332278022
2192.0974329721
2184.8159764155
2163.1164069408
2134.5185330527
2120.4613447069
2113.4675040996
2092.6240844097
2065.1522726647
2051.6884288694
2044.9894591061
2025.0235022422
1998.7051313091
1985.7760515075
1979.3429080362
1960.1682540471
1934.8906876134
1922.4887753248
1916.3176599678
1897.922914929
1873.6709636088
1861.7451080246
1855.8106754434
1838.1206358966
1814.7959472905
1803.3400471115
1797.6392434619
1780.6447355468
1758.2350504537
1747.2094424815
1741.7225926764
1725.3652115834
1703.7940873877
1693.1844619748
1687.9044496827
1672.1629992429
1651.402527448
1641.1856570499
1636.100949559
1620.9411531449
1600.9463733227
1591.1122893754
1586.2179231044
1571.6249722691
1552.3763302911
1542.8889424156
1538.1670137307
1524.0877588526
1505.5156829567
1496.3666980893
1491.8130757974
1478.2351843385
1460.3233725957
1451.4896388428
1447.0928306481
1433.982157521
1416.6858486959
1408.1510934911
1403.9030164336
1391.2355243511
1374.5231571934
1366.2712578434
1362.1639039837
1349.9157810514
1333.7560955945
1325.7767113034
1321.8049384251
1309.9608699191
1294.3337052087
1286.6115954257
1282.7678340129
1271.3053128079
1256.1811243434
1248.6760181847
1244.9402964464
1233.8000561233
1219.1013188048
1211.8339285601
1208.2164954202
1197.428857871
1183.1950218478
1176.1348281564
1172.6205450163
1162.140574634
1148.3128334312
1141.451523278
1138.0362572308
1127.8516490162
1114.413812546
1107.7379931632
1104.4150948701
1094.5060874563
1081.4322380213
1074.9299646662
1071.6935034328
1062.0424700871
1049.309487004
1042.9718871534
1039.8174556195
1030.4112889498
1018.0019604659
1011.8162069431
1008.7374393505
999.55723177761
987.44678539845
981.40464311076
978.3974502634
969.43104665194
957.60353499359
951.69313323202
948.75162603045
939.98154246732
928.41407650101
922.62676890093
919.74665725756
911.16015466353
899.83605135999
894.1614656627
891.33760623764
882.91942414697
871.81872690136
866.24808968651
863.47613307976
855.21337107356
844.31921965406
838.84290741293
836.11808542478
827.99661135375
817.2905598318
811.89917448675
809.21683323388
801.2228641474
790.6869463047
785.37056054197
782.72578730303
774.84478651435
764.46008324975
759.20754212169
756.59482056513
748.81048082004
738.55580449459
733.35376699304
730.76650448127
723.05935559901
712.90945254015
707.73998149578
705.16931970261
697.5132223006
687.43423968691
682.27030147485
679.70289706449
672.05850626275
661.99955593112
656.79346507654
654.20579277428
646.50378609009
636.3753118611
631.02257483433
628.36311365019
620.45179194874
610.05809017258
604.21296695701
601.31144015114
592.69019439501
581.38717058172
574.89779520557
571.68032063956
562.13553642669
549.65659068763
545.85273089199
536.74198664281
536.52543186123
534.57965219205
528.78455094365
521.155354744
519.89481451874
518.20080363673
513.15181766686
506.49627771868
503.51498573667
502.0309266831
497.60494288623
491.76427023174
489.10184783303
487.77604682713
483.82016803738
478.59552426731
476.19888531836
475.00507009186
471.44155173284
466.73174549973
464.57484896483
463.50014135722
460.29091252009
456.04647957163
454.11257162308
453.14869509847
450.26932356178
446.45860212309
444.7396559545
443.88266624615
441.32159276767
437.92979961035
437.39542695645
436.64328523801
434.39461156331
431.41438403563
431.35653685617
430.72288749281
428.8275188968
426.31332870088
424.936098312
424.24915242489
422.19497073132
419.47152559599
417.99597545451
417.26014789239
415.06042817044
412.14549728954
410.5705355238
409.78531296575
407.43864442724
404.33064419244
402.61249174636
401.75615530437
399.1980589236
395.81258323313
393.8646879376
392.89433795629
389.99760830543
386.16849722708
383.88697628225
382.75127550642
379.36429292845
374.89489311017
372.13884780105
370.76843229503
366.68739135403
361.31579380732
358.24972974982
356.72646823677
352.19543491238
346.24345619471
342.67568583247
340.90561045299
335.65005535577
328.76846703455
324.3578393801
322.17476446889
315.71330364137
307.29915635014
302.06686232843
299.48421882698
291.86802330238
282.01353401291
274.68960507924
271.09927839607
260.6074173146
247.24716590292
241.49225708629
232.14154879774
227.59900774763
225.36117970379
218.77885100927
210.30050321412
204.70645829363
201.96548663094
193.96081876486
183.77925032868
178.00616248835
175.18798528118
166.99834247876
156.67124216239
151.80312020369
149.42608002402
142.51596580948
133.79699064588
129.69130187984
127.68594692103
121.85401900609
114.49034620017
111.00774141355
109.30636825439
104.35711426774
98.104936059473
95.138742977294
93.689448709974
89.472692732378
84.144088403905
81.609792022822
80.371412553351
76.767888016256
72.213254374083
70.042679285621
68.981981688561
65.895296354194
61.993489619674
60.131185700721
59.22111898483
56.572729738743
53.224857195417
51.625268989877
50.843593562249
48.56886692682
45.693415197639
44.318649880657
43.64685666266
41.69196126599
39.220952144399
38.039119311209
37.461625115209
35.78121589465
33.657335996154
32.641349624992
32.144915708456
30.700457279858
28.874972832864
28.001681021394
27.57498999026
26.333533796351
24.764763459517
24.014297125261
23.647635743018
22.580901172289
21.233063728669
20.588330499009
20.27334284062
19.357000722339
18.199313420053
17.645590501962
17.375079163688
16.588173903956
15.59412337817
15.118721185425
14.886482921095
14.210954241281
13.357692054007
12.949671137784
12.750358477122
12.170638508346
11.438471382932
11.088401412198
10.917404804464
10.420074822444
9.7920300702895
9.491783158388
9.3451298969728
8.9186258788432
8.3800785156116
8.1226512693611
7.9969184581161
7.6312775240257
7.1696291178355
6.948989065501
6.8412285074675
6.5278700923258
6.1322715920739
5.943224490008
5.8508977887594
5.5824345710253
5.2435468339265
5.0816219500353
5.0025444050244
4.7726188621647
4.4824056545631
4.3439060002068
4.2762693168887
4.0796127525736
3.8313997418284
3.7127074336406
3.6547473346248
3.4862397504816
3.2735861633483
3.1720224169624
3.1224283616892
2.9782502697008
2.7963152731916
2.7094347267247
2.6670120098089
2.5436878053977
2.3880803007193
2.313781132256
2.2775029562271
2.1720457700107
2.0389927096307
1.9754703314547
1.9444551504525
1.8543008095433
1.7405634809332
1.6862691207893
1.6597603926612
1.582708468392
1.4855079078307
1.4391128541833
1.4164615627777
1.3506244889376
1.2675771172169
1.2279418800738
1.208591461361
1.1523506543584
1.0814127782249
1.0475605017045
1.0310338489572
0.98300188336995
0.92242186299096
0.89351541465901
0.87940368140204
0.8383917011202
0.78666874457642
0.76199098179595
0.74994393806365
0.7149335906834
0.67078227293988
0.64971905357067
0.63943678383733
0.60955606165947
0.57187578679353
0.55390135053336
0.54512711052046
0.51962956552254
0.48747829741258
0.47214269095204
0.46465676349605
0.44290363080491
0.41547530299821
0.40239356947619
0.3960079827485
0.3774528143282
0.35405791461462
0.34290080430127
0.33745479351661
0.32163025586163
0.30167914722965
0.29216513777103
0.28752124690521
0.27402778143959
0.25701637817377
0.24890482334375
0.24494555833186
0.23344164668737
0.21893911924508
0.21202436966015
0.20864932653708
0.19884313782976
0.18648136442513
0.18058772312657
0.17771112410965
0.16935334921896
0.15881786757703
0.15379526568569
0.15134384706034
0.1442215563807
0.13524380858891
0.13096409722075
0.12887529832307
0.1228066755229
0.11515735977596
0.11151113373283
0.10973154570892
0.10456137711993
0.098044753899079
0.094938629087373
0.093422665324911
0.089018474210198
0.083467487195758
0.080821775067431
0.079530535493974
0.075779279914391
0.071051388080707
0.068798095942754
0.067698390609129
0.064503624979998
0.060477221186375
0.058558350084702
0.057621867980815
0.054901326556759
0.051472687926739
0.04983877264601
0.049041368817359
0.046724893382357
0.043805566658732
0.042414425739938
0.041735510991517
0.039763276920783
0.037277840623818
0.036093510548687
0.035515531054291
0.033836534653308
0.031720690733653
0.030712516791188
0.030220510195191
0.028791278352861
0.026990224240241
0.026132076545907
0.025713289268826
0.024496767390192
0.022963793782286
0.022233406452153
0.021876971023387
0.020841585048866
0.019536892442555
0.018915290401152
0.018611945691379
0.017730789245905
0.016620463280629
0.016091479597949
0.015833335170626
0.015083484641343
0.014138632136691
0.013688499317486
0.013468835847177
0.012830770142709
0.012026786854224
0.011643776786484
0.01145687037321
0.010913960672916
0.010229888516061
0.010183491816133
0.010160372434654
0.010091328742127
0.0099999997764826