0.9992349067281797
0.9992103024048371
0.9991979996686053
0.9991610913701656
0.9991118783804855
0.9991057540037744
0.9991001002305496
0.9990988799016058
0.9990934755825305
0.9990909224148672
0.9990896458244788
0.9990858160511213
0.9990807096678587
0.9990778069734747
0.9990763556179385
0.9990720015487355
0.99906619609824
0.9990632961660961
0.9990618461915006
0.999057496265152
0.999051696338477
0.9990486384701298
0.9990471095265522
0.9990425226929919
0.9990364068874416
0.9990332404952528
0.9990316572891772
0.9990269076679734
0.9990205748103939
0.9990109701462673
0.9990061677264457
0.9989917604496098
0.9989725504653096
0.9989695545996395
0.9989626976528564
0.998959269134071
0.99894898356795
0.998935269335862
0.9989320397789374
0.9989281510832545
0.9989262067205259
0.998920373628306
0.9989125961272621
0.9989080563826545
0.9989057864903746
0.9988989768084631
0.9988898971700754
0.9988854595603827
0.9988832407359607
0.9988765842577431
0.9988677088946875
0.9988631647691592
0.9988608926862876
0.998854076432604
0.9988449880323351
0.99883961231545
0.9988369244290063
0.9988288607629908
0.9988181091205723
0.9988125665336405
0.9988097952101492
0.9988014812326782
0.9987903958366122
0.9987845540789638
0.9987816331671078
0.9987728704238793
0.9987611866631287
0.9987545358274128
0.9987512103669838
0.998741233976321
0.9987279319875887
0.9987206627669702
0.9987170281057991
0.9987061241114044
0.9986915852905495
0.9986845263706199
0.9986809968623612
0.9986704083272521
0.9986562901285415
0.9986496867389447
0.9986463850019494
0.9986364797817266
0.9986232726882063
0.9986150484231037
0.9986109362254568
0.9985985996192487
0.9985821506029274
0.9985740267898767
0.9985699648194689
0.998557778895183
0.9985415307947932
0.9985319701458866
0.9985271897341306
0.9985128484817531
0.9984937265287441
0.9984837729683566
0.9984787960923545
0.9984638654458221
0.998443957613348
0.9984421545046567
0.9984379411117805
0.998425300919233
0.9984084471103173
0.9983973911892265
0.9983918631113787
0.9983752788554315
0.9983531661392715
0.9983400960427852
0.9983335608322645
0.9983139551711957
0.9982878137623303
0.9982863630983521
0.9982700413542848
0.998248278664756
0.9982127466730377
0.9981949794796189
0.9981416777126368
0.9980706047371825
0.9980498793792977
0.9980372953059264
0.9980310031185923
0.9980121265286426
0.9979869572501012
0.997974282150469
0.9979679444460576
0.9979489313045167
0.9979235799512696
0.9979108292145554
0.9979044536903116
0.9978853270897441
0.9978598244461484
0.9978543024967164
0.997848241703559
0.9978300592983983
0.9978058156350263
0.9977938738811395
0.9977879028669002
0.9977699897986726
0.9977461052676779
0.9977017604029276
0.9976795861063359
0.9976130629367822
0.9975243591568268
0.9975116267242321
0.9975011469095076
0.9974697073955441
0.9974277866665663
0.9974086196091272
0.9973990357272723
0.9973702840230384
0.9973319472655372
0.9973144585364511
0.9973057138774899
0.9972794798514497
0.9972445001878439
0.9972258731901514
0.9972165593570046
0.9971886178012574
0.9971513613115938
0.9971333188716887
0.9971242973409012
0.9970972326954064
0.9970611454866903
0.9970423390680435
0.9970329355211026
0.9970047248234626
0.9969671094513287
0.9969453643366839
0.9969344913270116
0.9969018722229623
0.9968583786070415
0.996836817657822
0.9968260367399905
0.9967936939125928
0.9967505686990595
0.9967263521655135
0.9967142433438914
0.9966779167891773
0.996629479543458
0.9966034351733272
0.9965904123416204
0.9965513437390758
0.9964992501732832
0.9964723323819887
0.9964588728068466
0.9964184939682073
0.9963646532796407
0.996339156386589
0.9963264073329583
0.9962881600718039
0.9962371616875001
0.9961925593282427
0.9961702562635019
0.9961033467796137
0.9960141278616897
0.9959701862348126
0.9959482135787613
0.9958822953254517
0.9957943982964573
0.9957517027133269
0.9956849813418253
0.9956533100059428
0.9956374733877874
0.9955899633753359
0.9955266135860109
0.9954904262741423
0.9954723313884545
0.9954180465318595
0.9953456626389496
0.995311275038067
0.9952940801215225
0.9952424951981197
0.995173711546434
0.9951399538798771
0.9951230739469078
0.9950724339709011
0.9950049104588495
0.9949667491989552
0.9949476671975888
0.9948904209764126
0.9948140880992182
0.9947703420037654
0.9947484671378637
0.9946828422548037
0.9945953363787333
0.9945508615557305
0.9945286222564328
0.9944619040728843
0.9943729402635976
0.9943297420827852
0.9943081412153908
0.9942433383307157
0.9941569286626321
0.9941062104892119
0.9940808489825829
0.9940047640772918
0.9939033094430796
0.9938559756775632
0.9938323066640449
0.9937612992784296
0.9936666157807991
0.9936056342222854
0.9935751399472599
0.9934836565519611
0.9933616671742044
0.9932780296217157
0.9932362043007845
0.99311072734553
0.9929434026460207
0.9928587176250805
0.9928163683094092
0.9926893193082982
0.9925198980541267
0.992493326097647
0.9924571852027378
0.9923487617665238
0.9922041807565073
0.9921864359140031
0.9921540624894477
0.9920569415880737
0.991927434017954
0.9918607783632574
0.9918274463907522
0.9917274498139825
0.9915941071292846
0.9915276398807472
0.9914944021007912
0.9913946881171181
0.9912617222610244
0.991187709901604
0.9911506985548738
0.9910396637186715
0.9908916000134301
0.9908210717196181
0.9907858028544905
0.99067999553978
0.9905389034312678
0.9904624216989277
0.9904241752988839
0.9903094352360094
0.9901564301521084
0.9900779192115355
0.990038657949113
0.9899208732230061
0.9897638078543217
0.9896619341673674
0.989610987681957
0.9894581467196856
0.9892543259994643
0.9891313890042194
0.989069906253942
0.9888854557923634
0.9886394742000408
0.9886077084227977
0.9885498622200507
0.9883763215820434
0.988144892562026
0.9880211219896026
0.9879592225168891
0.9877735218598196
0.9875258726768357
0.9874780436250168
0.9874142180540328
0.9872227389760377
0.986967382106281
0.9868492299249816
0.9867901406129989
0.9866128705924324
0.986376466879011
0.9862585992131825
0.9861996523911325
0.9860228097993115
0.9857869764897591
0.9856585561432006
0.9855943306856875
0.9854016517847526
0.9851446952066208
0.9849882952579624
0.9849100725680655
0.9846754008555262
0.9843624282756808
0.9841399080593959
0.9840286017548653
0.9836946754111804
0.983249285497092
0.9831690325960425
0.9828224714158985
0.9826535093438094
0.9823963236016069
0.982239372851717
0.982160874690534
0.9819253763477026
0.9816113018395636
0.9814060906020271
0.9813034460500022
0.9809955057972992
0.9805847882574554
0.9803525832758452
0.980236431216636
0.9798879665451581
0.979423179562969
0.9791680537051708
0.979040430917862
0.9786575521817682
0.9781468453820209
0.9778544653578178
0.9777081969470537
0.9772693779307203
0.9766840228392535
0.9766678474001275
0.9765512979599071
0.9762016408987233
0.9757352632158842
0.9754931380304316
0.9753720218002738
0.9750086634733915
0.9745240045768792
0.9741784721323858
0.9740055970905125
0.9734869526709604
0.9727950557429842
0.9727379967763559
0.972513563138014
0.9718402293964381
0.9709418280399014
0.9704997179384145
0.970278485219024
0.9696147541855459
0.9687291774127716
0.9685601072703534
0.9679654725436801
0.967690328843433
0.9675526886376278
0.9671397549889273
0.9665889447768975
0.9663115841018319
0.9661728348066392
0.9657565735288768
0.9652013225515215
0.9648382696139681
0.9646566250652698
0.9641116680969798
0.9633846555378428
0.9630185485959031
0.9628353755670344
0.9622858325680756
0.9615526978898286
0.961172834811774
0.9609827744943658
0.9604125675073724
0.9596518507819337
0.9591532713902285
0.9589037612683737
0.9581551854453378
0.9571563283643867
0.9565164335721271
0.956196125740349
0.9552351266482758
0.9539525421953329
0.9531070458924862
0.9526836686492541
0.9514134026456466
0.9497175344069757
0.9491032736188078
0.9478986173047265
0.9476338141654999
0.9472431519018222
0.946071043315773
0.9445063978074656
0.9440374276732703
0.9429048294061156
0.9422897921538392
0.9419819493704586
0.9410583418648839
0.9398257284265206
0.9390241212428774
0.9386227698623782
0.9374185786351383
0.9358110667763503
0.9356396162064959
0.934524747660484
0.9330366123919968
0.9322255691047606
0.931819495083717
0.9306011250997467
0.9289746728507821
0.9280744237423866
0.9276236238802115
0.9262710360936777
0.9244651819276798
0.9235324317677531
0.9230653392413989
0.9216638526797383
0.9197926264731665
0.9193782195253066
0.9180672971641585
0.9163171548682723
0.9152358031155883
0.9146941789565337
0.9130690074698995
0.9108986710185027
0.9096679842628164
0.909051425569599
0.907201346523868
0.9047301238223645
0.9043235888664382
0.9025418213338908
0.9001620200365327
0.8990869008618031
0.8985484313873512
0.896932687668673
0.8947749897152841
0.893289539477699
0.8925451012641582
0.8903111234571088
0.8873260239848783
0.8870253691573698
0.8849742936858472
0.8839177115188994
0.8833885683145787
0.8818007738631931
0.8796804707658905
0.8782949133954425
0.8776006833430735
0.8755173423524731
0.872733945422822
0.8714719873059901
0.8708398065484284
0.8689426943080568
0.8664085578500105
0.8649455055261707
0.8642123854127117
0.862012222719218
0.85907237210395
0.8585664053621328
0.8577751830401332
0.8554005376578939
0.8522269517297499
0.8506685764749857
0.8498875889418892
0.8475436155649694
0.8444110389100512
0.8428281075283617
0.8420347858037484
0.8396537166564281
0.8364713428681122
0.8348009720399784
0.8339637137361411
0.8314506372422437
0.8280912263073831
0.8280801608809358
0.8274281450522579
0.8254712682162274
0.8228567945459448
0.8213589602449877
0.8206083541693173
0.818355386167667
0.815344236310368
0.8139089007415788
0.8131896515668385
0.811030794137585
0.8081455521079897
0.8065669540964541
0.8057757110209021
0.8034005726534653
0.8002252841722337
0.7987442881329293
0.7980020290054918
0.7957739485726238
0.7927955178537639
0.7912756853150476
0.7905138670310722
0.7882269751787794
0.7851694388416026
0.7836238904043915
0.7828490837489028
0.7805231085793952
0.7774128473205086
0.7758478869971627
0.7750632454395918
0.7727076540494205
0.7695573057427242
0.7679035501167626
0.7670741621158966
0.7645840535596403
0.7612527577416656
0.7596547497542616
0.7588532910496071
0.7564470220953884
0.7532278004522622
0.7516364009869917
0.7508381605194827
0.7484414884570358
0.7452346859685228
0.7436057027868322
0.7427884305168608
0.7403344941549668
0.7370502862350858
0.7353171620587068
0.7344473094160756
0.7318352656600029
0.7283379935290565
0.726658756064638
0.7258158958273134
0.723284905400137
0.7198960365674908
0.7182099900646884
0.7173635642210773
0.714821786430057
0.7114178705458973
0.7096953753208811
0.7088304385880919
0.7062329497400411
0.7027535514152159
0.7010530160733219
0.7001990226711987
0.6976343717792017
0.694198693684602
0.6924921276241772
0.6916349844905083
0.6890608124777766
0.6856119131260239
0.6838757872684594
0.6830036373054844
0.6803843016866915
0.6768742510392003
0.6751052745494508
0.6742164716951979
0.6715470264169782
0.6679692284395614
0.6661891865644181
0.665294755878498
0.6626083567753239
0.6590075891137777
0.6572053420207253
0.6562996987278145
0.6535795601695178
0.649933341504322
0.6481113071300546
0.6471957162072667
0.6444456489834224
0.6407592764863939
0.6389386943320589
0.6380239328357376
0.635276352127584
0.6315936902335296
0.629743346740504
0.6288137161858122
0.6260214211979233
0.6222790690939343
0.6204163453251779
0.6194806833856705
0.6166702558492227
0.6129042516270317
0.6110338370863713
0.6100945800240448
0.6072733504225039
0.6034937889740934
0.6016138588674784
0.6006701570563201
0.5978355727550158
0.5940392434574341
0.5921429854825454
0.5911914825359
0.5883334506901975
0.5845070204596715
0.5826082808055791
0.5816560250075427
0.5787957388446653
0.5749679343593084
0.5730649127730992
0.5721110699360892
0.5692460162922074
0.5654136711812815
0.56350970919015
0.5625560272893804
0.5596914551966735
0.5558618145866743
0.5539615454172273
0.5530104123491187
0.5501534923983284
0.5463363420370808
0.5444367878718659
0.543486771988975
0.5406331865270867
0.5368229095131797
0.5349330079081616
0.5339886352275915
0.5311519790113621
0.5273668922091843
0.525488335900726
0.524550495010697
0.5217334225013264
0.5179771679917246
0.5161138848839948
0.5151845700852158
0.512393058597215
0.5086736788925305
0.506828494007302
0.5059091391230156
0.5031474786582928
0.49947072986272506
0.49764821536561604
0.4967411105983986
0.4940161651473162
0.4903911868029344
0.4885946735879492
0.4877014803727969
0.4850182220185389
0.4814515993183602
0.47968407700771387
0.4788062783731763
0.47616914182769965
0.4726667177461038
0.470931492021287
0.47007071876560796
0.4674845827886629
0.46405276259966044
0.4623524832542205
0.46151003632497506
0.4589787871676734
0.4556226454374876
0.4539602652158284
0.4531375901793048
0.4506655490656089
0.4473907221614885
0.4457684669212724
0.44496665059250323
0.44255705900615167
0.4393677563084692
0.4377879171010802
0.43700807903752364
0.43466427637905775
0.43156483926361566
0.43002937348360276
0.42927247295532983
0.426997315072135
0.4239914581923853
0.4225022396473643
0.42176919974581145
0.41956543180424877
0.4166567369440834
0.41521550251170564
0.41450718535881936
0.41237736640327166
0.4095691854840279
0.4081775764337905
0.40749480401411986
0.4054413687811701
0.40273690491624065
0.4013964981781692
0.40074006762448167
0.3987653716333466
0.3961677362999078
0.3948774487694276
0.3942468927589001
0.39234946969637785
0.3898568425662796
0.3886264527264539
0.38802649335817063
0.38622053543874635
0.3838513343218454
0.38267161162860763
0.38209791330950543
0.38037025834363103
0.37810758455505983
0.37698719031116845
0.37644393663095455
0.37480714284957467
0.37266726388005295
0.37160645807098774
0.37109383615597447
0.36954838323652484
0.3675319851246823
0.36653149893014475
0.3660499320277845
0.36459699875018947
0.3627056806633822
0.36176727226079175
0.3613176700881419
0.35995989597624584
0.35819711989869074
0.35732225202474255
0.35690539295719265
0.35564500540922167
0.3540137075313255
0.35320422981703326
0.3528210767200652
0.35166084911343154
0.35016465319099815
0.3494223616477139
0.34907386075825025
0.3480164995585051
0.3466589459995396
0.34598561493524954
0.3456727164087208
0.34472091908359964
0.34350555030185487
0.3429029355679894
0.34262660440278697
0.34178308503929505
0.3407134968925589
0.34018363124096634
0.3399449829560549
0.3392128834763156
0.3382932419826907
0.3378383134295375
0.3376385702405569
0.3370213165186093
0.3362561985648604
0.3358786841104015
0.33571924299226297
0.33522074412775676
0.33461539778297067
0.3343180608432362
0.3342005145203966
0.3338252051642247
0.33338564033070517
0.33317177330714326
0.3330980288407171
0.33285121784927774
0.332584649086771
0.33245815821657465
0.33243051160576226
0.33231857037389295
0.33223370675991476
0.33219939473291515
0.33222069853264435
0.33225152405592007
0.33235919880527764
0.3324231573775367
0.3324970771183847
0.3326807822451399
0.33299492218146254
0.33316527787922146
0.3332967831932988
0.33364701665696966
0.3341865022923222
0.3344750272473668
0.33467147475164527
0.33520832028534264
0.33600110053317084
0.3364275498482157
0.33670167284801394
0.3374596135469669
0.33855409717002805
0.33916310600510735
0.3395450697761604
0.3406048506398534
0.3421158479463448
0.3430626334427048
0.34366436864882555
0.34532014726757143
0.347669992916055
0.3489162529900221
0.3509759630803155
0.35121462750603866
0.35257083914864384
0.3544366601123026
0.3546410391779547
0.3550966179162504
0.35639856465637243
0.35817728720559694
0.3584949942549154
0.3589315724149683
0.36018530943787297
0.36188967562007535
0.36266608403540224
0.36308802610140173
0.36430421052667006
0.36595102634111387
0.36670211589287366
0.3671065173333197
0.36827580486951367
0.36985424953283724
0.37057185846552637
0.37095514494227727
0.37206656759155565
0.3735632040704546
0.3742385653360862
0.37459667974699973
0.3756380257985164
0.3770375066186705
0.377287292205418
0.37761582749930167
0.37857387188093405
0.3798594774270983
0.37998052754373934
0.3802727601484365
0.38112768319413376
0.3822734824447426
0.3828313249089161
0.38312289076778056
0.38397610559717427
0.38511887648975723
0.385733788193992
0.3860563237204096
0.386998025894694
0.38825899633625194
0.38891801881251786
0.38926444867417326
0.39027419136479863
0.3916257959533322
0.3923266815727212
0.39269591129110876
0.3937703565535573
0.39520811266812733
0.3959577711522056
0.3963538140942933
0.3975040498475294
0.3990428851403248
0.3998609666088738
0.40029507510147616
0.40155237146138967
0.40323427097320624
0.4041597161631774
0.40465441868069696
0.4060809447777612
0.4079892216105256
0.4090856715129534
0.4096787890398542
0.4113772658267431
0.4136492629935397
0.4149457718270372
0.41565653900346067
0.41767567922124943
0.4203756341956775
0.4218249177977132
0.42262659695285704
0.42489026616877246
0.4279145087571437
0.4295885095687488
0.4305277223407388
0.4331559756709084
0.4366607600515942
0.43866829699623455
0.43981844175896534
0.44299376068456103
0.4472123685682804
0.4496885293750474
0.45114952781339246
0.45510523506201483
0.4603236870048929
0.46347492190605244
0.4654190398314412
0.47053026429695805
0.4771809041048302
0.48135434002316935
0.48413197818371884
0.4910928822642127
0.4998841245495888
0.5045793124515273
0.5078391426365907
0.5156947616692197
0.5253135973990313
0.5296924338743082
0.5327015450075959
0.539837876150839
0.5484924694444233
0.5528855734628803
0.5562054834752497
0.5637174837580844
0.5725009790951621
0.5768792708651809
0.5805094605939468
0.5882715423484247
0.5969152732426075
0.6009011748281361
0.6043087075191872
0.6113182808001947
0.6189398372005114
0.6224381602629224
0.6256436016823518
0.6319849102241766
0.6387194307604671
0.6418016003150063
0.6448421902644464
0.6506291119384463
0.6566293861598669
0.6593674251870324
0.6622770200132307
0.6676123223846964
0.6730126003218988
0.6754690920354871
0.6782764805401441
0.683247230825011
0.6881593884658902
0.6903859923703869
0.6931145875362947
0.6977914644096562
0.7023053143476764
0.7043431708954937
0.7070113774027476
0.7114499582385638
0.7156355980445106
0.7175166078322399
0.720138504020463
0.7243814264848207
0.7282923800127552
0.730040773237271
0.7326268785625546
0.736706204100727
0.7403826233625981
0.7420165005813042
0.7445745045545016
0.7485139306621785
0.751985493176568
0.7535181898350964
0.7560535874013035
0.7598703581988002
0.7631587205781064
0.7645999466641096
0.767116564588723
0.770823042984221
0.7739438344046098
0.7753005916493161
0.7778010105362319
0.7814059317062982
0.784370329125588
0.7856476308427831
0.7881335159512823
0.791642965045808
0.7944589135552959
0.7956603394372139
0.7981326958164875
0.8015508583352984
0.8042240025802639
0.8053521203576921
0.8078114871558602
0.8111412175508486
0.8136756040465214
0.8147322862312196
0.817178883129318
0.8204221309472547
0.8228207319241837
0.8238073911740423
0.8262412276461725
0.8293993535260694
0.8316644534503155
0.8325822155193849
0.8350031714703053
0.8380771787627587
0.8402106561290946
0.8410604853547669
0.8434683697866804
0.8464590719212829
0.8484626017291033
0.849245390681695
0.8516399834625555
0.8545481225527715
0.8564233190881125
0.8571399513798882
0.859521031836856
0.8623473602703434
0.8640958752692518
0.8647430460740643
0.8671187370710299
0.8698720167570367
0.8714944935627684
0.8720864501713628
0.8744398629048352
0.8771049111972853
0.8786052074476187
0.8791291485153515
0.8814682597467663
0.884054010220727
0.8854334038171776
0.885895216479232
0.8882200528759467
0.8907277897292599
0.8919885186070834
0.8923894922750134
0.8947000321215479
0.8971310796360628
0.8982755639766512
0.8986170119416529
0.9009132834650017
0.9032690956950417
0.9042999160211406
0.904583228070125
0.9068653089787867
0.9091474625780371
0.9100673462203065
0.9102939819008566
0.912561996651649
0.914772179893415
0.9155839846728665
0.9157554645719739
0.9180095809623308
0.9201495811125321
0.9208562772775775
0.9209741736498613
0.9232145989363559
0.9252862887015219
0.9258909400306109
0.9259568671106231
0.928183843954718
0.9301891676305167
0.930694912379341
0.9307105167763376
0.93292431909752
0.9348652788094366
0.9352753110215507
0.9352422624462488
0.9374431912086507
0.9393218334395524
0.9396393850622359
0.9395593672663523
0.9417477465818213
0.9435661495113116
0.9437944733583891
0.9436691758997574
0.9458453491395299
0.947605610584329
0.9477479645878933
0.9475790750767558
0.9497434011702325
0.9514476274311198
0.9515072600973195
0.9512964570758267
0.9534493071724568
0.9550996028690165
0.9550797399740968
0.9548286866034893
0.9569704409498707
0.9585688996800517
0.9584727326796807
0.95818307087326
0.9603141158787936
0.9618628120110797
0.9616934872297254
0.9613668326634822
0.96348755846341
0.9649885397703161
0.9647491491999385
0.9643870872939642
0.9664978849795377
0.9679531657997738
0.9676467397888199
0.9672508208706937
0.9693520809463239
0.9707636374206002
0.9703931363240449
0.9699648741274618
0.9720569841848589
0.9734267486804729
0.9729950585251033
0.9725359259009072
0.9746192695658391
0.9759491269319955
0.9754590548060971
0.9749704822582091
0.9770454371705692
0.9783372216036059
0.9777914910547393
0.977274865462025
0.9793418020811143
0.9805972940821934
0.9799985426233692
0.9794552053712127
0.9815144865371869
0.9827354116313283
0.9820861882219236
0.9815174349244923
0.9835694147700146
0.9847574415441922
0.9840602055935936
0.9834672864931968
0.9855123083319282
0.9866690467975302
0.985926167708715
0.9853102830112875
0.9873486833024052
0.9884756849001015
0.9876894435973841
0.9870517491818251
0.9890838503959509
0.9901826089678428
0.989355192677209
0.9886967989133859
0.9907229143160681
0.9917948616291902
0.9909283767122624
0.9902503428946571
0.9922707734114773
0.993317287065556
0.9924137403318835
0.9917170867641645
0.9937321246511955
0.9947545235001047
0.9938158417675548
0.9931015384919127
0.9951114664051816
0.9961110143507809
0.995139033596523
0.9944080142009523
0.9964131006422262
0.9973910032314578
0.9963874805432517
0.9956406263347438
0.9976411337420944
0.9985985460504923
0.9975651584420558
0.996803337194087
0.9987994918204299
0.9997375026585729
0.9986758634669609
0.9995860673183558
0.999809596975899
0.999928238172208
0.9999999996734924