20000.
19997.098478896
19995.647876092
19991.296699233
19985.496603496
19985.144271528
19983.656529941
19983.445878964
19983.032605874
19982.825972519
19982.206085305
19981.379599013
19980.964734969
19980.757306162
19980.135032692
19979.30536496
19978.854084754
19978.628448456
19977.951554887
19977.049065893
19976.620396619
19976.406065415
19975.763085633
19974.905811535
19974.406577727
19974.156965484
19973.408147506
19972.409767303
19971.44683539
19970.817505449
19968.929634705
19966.412751569
19965.774585541
19964.024331036
19963.743806705
19963.346274771
19962.153726523
19960.563773165
19960.390383397
19959.972842686
19958.72027302
19957.050302571
19956.298675459
19955.92287249
19954.795506102
19953.292450136
19953.260475095
19952.914352845
19951.876022171
19950.491665461
19949.753391681
19949.384265009
19948.276926026
19946.800569807
19946.106587126
19945.759604814
19944.718694145
19943.330897892
19942.581150684
19942.206287622
19941.081740769
19939.582443756
19938.787393866
19938.38988078
19937.197389128
19935.607511362
19934.642661298
19934.160253742
19932.713101187
19930.783728062
19929.835080505
19929.360773624
19927.937920777
19926.040941856
19925.112265649
19924.647943743
19923.255043012
19921.397993693
19920.41341218
19919.921139634
19918.444395061
19916.475572787
19915.219559892
19914.591583102
19912.707771631
19910.196300448
19908.971844909
19908.359645332
19906.523159642
19904.074775823
19902.855829609
19902.24638445
19900.418161032
19897.98079129
19896.74194689
19896.122553567
19894.264489383
19891.787340635
19890.470179629
19889.811631783
19887.836119165
19885.20240782
19883.787578477
19883.080201502
19880.958221673
19878.129267787
19877.840638173
19876.209848842
19874.0356714
19872.809841896
19872.196955452
19870.35840962
19867.907280016
19866.708543907
19866.10920293
19864.311288574
19861.914322778
19860.559564664
19859.882220209
19857.850325547
19855.141456309
19853.640191398
19852.889601453
19850.638001989
19847.636266896
19846.122726074
19845.365998889
19843.095990567
19840.069717006
19838.508416923
19837.727812898
19835.386185226
19832.264445263
19830.800325776
19830.068306511
19827.872410951
19824.944928745
19823.419823831
19822.657315315
19820.369965854
19817.320577441
19815.838753376
19815.09788284
19812.875437533
19809.912565164
19808.118429737
19807.221422892
19804.530646207
19800.943512921
19798.866306665
19797.827785176
19794.712547699
19790.559660648
19788.183512791
19786.99554576
19783.43207274
19778.681774113
19775.355629089
19773.692766216
19768.705016754
19762.056641817
19757.953894888
19755.902840692
19749.750955828
19741.55142331
19740.279915638
19735.303116419
19728.669336518
19722.55279395
19719.4952336
19710.325396765
19698.105581569
19691.365395241
19681.223486049
19678.622522511
19671.685761632
19668.552400977
19666.985907696
19662.287176625
19656.023948698
19652.208013492
19650.30032356
19644.57836508
19636.951679606
19634.964523216
19628.837228878
19620.670478157
19616.280424401
19614.085765721
19607.503263119
19598.730030094
19597.873453693
19592.614665635
19585.605143924
19581.850410781
19579.973314009
19574.343103524
19566.838675263
19562.839055053
19560.839551392
19554.842266832
19546.848748387
19542.702815694
19540.630178966
19534.4135879
19526.127876988
19520.710120654
19518.001806019
19509.879116827
19499.054123758
19498.566625182
19492.316644074
19483.986452953
19479.284793138
19476.934388529
19469.88487654
19460.489497012
19454.318007421
19451.232996369
19441.980898637
19429.651614905
19429.231101447
19426.79062082
19419.471018423
19409.71583937
19404.453950395
19401.823540664
19393.934451093
19383.420655773
19378.232690237
19375.639228008
19367.86092408
19357.494710336
19351.619935961
19348.683217185
19339.875735009
19328.138662743
19322.426258203
19319.570688862
19311.00651308
19299.593518414
19293.975495063
19291.167096476
19282.74435361
19271.519751127
19264.178355583
19260.508706355
19249.503952894
19234.840730004
19228.159679461
19224.820024217
19214.804538881
19201.45867576
19194.736118836
19191.375722779
19181.298064498
19167.869419516
19160.103573988
19156.221830886
19144.581320056
19129.071642964
19121.251848389
19117.34314964
19105.621847337
19090.004624229
19082.112928713
19078.168304138
19066.339322887
19050.578757558
19042.756822869
19038.847059663
19027.122586363
19011.50118742
19002.137275659
18997.457049108
18983.423285453
18964.727727549
18963.043338513
18959.005802519
18946.898352343
18930.767113689
18923.004911737
18919.125004083
18907.490054182
18891.987918896
18879.749366407
18873.633063156
18855.296040412
18830.874389448
18818.75964619
18812.705197157
18794.553535626
18770.378563491
18758.621983141
18752.746454159
18735.130907695
18711.669252308
18698.798511457
18692.366460839
18673.083581958
18647.404018968
18634.708703924
18628.364287452
18609.34399625
18584.013816677
18571.054848989
18564.578753751
18545.164015911
18519.309281422
18507.043667388
18500.913906638
18482.536804123
18458.062395363
18444.330048718
18437.467706558
18416.895996394
18389.502752474
18376.181220415
18369.524073168
18349.567099051
18322.99152574
18309.57269109
18302.866958944
18282.764495427
18255.995554317
18241.123304518
18233.691723063
18211.415140987
18181.755364573
18161.888872917
18151.963768084
18122.220986421
18082.639744077
18050.876075144
18035.015168954
17987.516023535
17924.378377933
17898.65534477
17851.914342908
17828.975470845
17817.517089594
17783.186113265
17737.514359534
17712.222998669
17699.590843818
17661.748410096
17611.417664764
17581.805450292
17567.018018669
17522.730307264
17463.853664215
17428.259636141
17410.489834824
17357.289067856
17286.607510582
17277.763288253
17263.575469731
17221.081880877
17164.586428754
17133.949184227
17118.651073702
17072.838649479
17011.946080468
16974.944704004
16956.474204914
16901.18320984
16827.742240847
16788.978891316
16769.630712799
16711.719862279
16634.816370143
16625.506210463
16609.818905828
16562.84575068
16500.421461088
16467.555893127
16451.147664215
16402.021009467
16336.746938091
16300.371527432
16282.214204598
16227.863503613
16155.678021198
16118.88275539
16100.51655912
16045.543438683
15972.537816728
15925.452154004
15901.961398172
15831.696829298
15738.493465454
15720.131000262
15660.674127407
15581.747968681
15544.872027542
15526.466795155
15471.381749056
15398.23891298
15356.601296229
15335.824726687
15273.663525861
15191.173694123
15144.193751629
15120.75829024
15050.669281751
14957.722391863
14883.153719341
14846.008901449
14735.129756239
14588.578017143
14543.427191322
14420.241171918
14367.342197284
14280.335780716
14235.817010513
14213.609695849
14147.195394295
14059.125480206
14000.620046884
13971.458690335
13884.338553672
13769.022843783
13717.308498779
13691.524206706
13614.461768975
13512.38615296
13455.945483366
13427.813614482
13343.770406218
13232.530485543
13171.212215321
13140.65971398
13049.426782526
12928.76743199
12845.484731745
12804.044774558
12680.525305393
12517.684276686
12430.359898127
12386.926415145
12257.534430708
12087.111860513
12009.275227984
11970.545075985
11855.102448775
11702.908927127
11623.627247371
11584.188043524
11466.671531268
11311.835230737
11276.641353828
11171.278754684
11032.325075563
10948.689035724
10907.109080748
10783.314277319
10620.43744432
10543.197620651
10504.788616823
10390.399120815
10239.815087456
10217.08646356
10182.093865751
10077.833515938
9940.4785202665
9868.5396702522
9832.7657106869
9726.2200531034
9585.952920687
9515.1875033366
9480.0009354073
9375.220020263
9237.3114605558
9141.8774854176
9094.5308694297
8953.9572296756
8769.899879412
8758.2559642027
8644.5830690473
8580.1140498911
8548.0600600092
8452.6148000307
8327.0101844565
8262.6996569125
8230.7308855079
8135.5647956464
8010.3861216219
7948.6251659805
7901.5765912949
7762.0951969751
7579.942537065
7487.7072614655
7433.011880614
7405.814195873
7324.8167948622
7218.1966110063
7153.1458183704
7120.8405914962
7024.7976692936
6898.7524716237
6878.0624596264
6850.8149329368
6769.7182965385
6663.0807970737
6612.0936706231
6586.7466037456
6511.2869171582
6412.0170557647
6359.7816148288
6333.8236855956
6256.5838692123
6155.0606852261
6106.8492781523
6082.8853697541
6011.5563946237
5917.7504967333
5871.0952060121
5847.905676327
5778.8852061431
5688.1234442706
5644.2121191269
5622.3837393917
5557.4038121161
5471.9306313383
5429.4978263747
5408.4049763045
5345.6168139619
5263.0316992898
5223.0843987757
5203.2245938267
5144.0971137332
5066.3043405513
5027.9211366442
5008.838720549
4952.024916399
4877.2743541258
4840.718459191
4822.5433860309
4768.4265886083
4697.2143413981
4661.5848582064
4643.8715905578
4591.1346134508
4521.7490865991
4487.3626927603
4470.2676806094
4419.3724051439
4352.4122799751
4319.6518624949
4303.3642387128
4254.868927798
4191.0575665832
4159.3240733806
4143.5475434987
4096.5760962409
4034.7747481871
4004.7308532874
3989.7929018849
3945.3125374802
3886.7758195597
3857.8874267498
3843.5238464727
3800.7531805829
3744.4650830491
3716.6488226446
3702.8182764274
3661.6346752205
3607.4348578304
3580.8190452395
3567.5848685014
3528.1750871629
3476.3050880301
3450.8087871124
3438.1308458364
3400.3758052749
3350.679898378
3326.2584263731
3314.1145193485
3277.9481718542
3230.3395760646
3206.9432561893
3195.3087168337
3160.6577437013
3115.0402707532
3092.6375172537
3081.4966308557
3048.3141984162
3004.6261210426
2983.1708047422
2972.5006670884
2940.7186983967
2898.8707127347
2878.3257917093
2868.10799746
2837.6717350509
2797.5918889732
2777.9161962758
2768.1303029718
2738.9789784683
2700.58753622
2681.743617347
2672.3710224877
2644.4493229899
2607.6736745346
2589.6238627447
2580.6458618593
2553.8981849484
2518.6653718491
2501.3729791899
2492.771354919
2467.143550452
2433.3825297343
2416.812177529
2408.5693629871
2384.0092157452
2351.6514863183
2335.768743775
2327.8676435382
2304.3243428541
2273.3032536994
2258.074846152
2250.4989391629
2227.9233828269
2198.1745271475
2183.568393427
2176.3017612578
2154.6466386361
2126.1079608401
2112.093288804
2105.1206331287
2084.3404764229
2056.9523378095
2043.4995252431
2036.806148382
2016.857274634
1990.5623769235
1977.6430432169
1971.2148538313
1952.0553814397
1926.7987874877
1914.3857646091
1908.2092731608
1889.799108149
1865.5282233825
1853.5955281494
1847.6578331107
1829.9586280531
1806.6231463844
1795.1459592646
1789.4347365728
1772.4098591682
1749.9617215742
1738.9163434568
1733.4198250665
1717.0342944591
1695.4276055974
1684.7914149074
1679.4983675213
1663.7187911736
1642.9097367817
1632.6611337199
1627.5608311475
1612.3553228642
1592.3020626342
1582.4204030898
1577.5025934966
1562.8406763297
1543.5032171098
1533.9687362686
1529.2236043249
1515.0760983856
1496.4161477385
1487.2098731121
1482.6279969064
1468.966891685
1450.9476912816
1442.0513450099
1437.6236476555
1424.4219586391
1407.0080972246
1398.403988632
1394.1216850523
1381.3532960947
1364.5105039456
1356.181414362
1352.0359542576
1339.6754486825
1323.3703774824
1315.322511835
1311.3169505366
1299.3733077477
1283.6175006491
1275.7957669473
1271.9027911743
1260.2949939363
1244.9825552497
1237.3616982987
1233.5687808853
1222.2596459351
1207.3419164223
1199.9487486951
1196.2691589695
1185.2979518364
1170.8260357654
1163.6252196621
1160.0414358328
1149.3561739677
1135.2621051328
1128.2308880064
1124.7316264537
1114.2988265226
1100.5388078924
1093.6647949027
1090.2439057222
1080.0453063902
1066.5954238684
1059.8580339654
1056.5053149457
1046.5106595528
1033.3313774216
1026.7168897483
1023.4255402181
1013.6146634627
1000.6796398501
994.16413052441
990.92230156248
981.26010426371
968.52357076855
962.08335085519
958.87931764912
949.33109896917
936.74787741921
930.36064961201
927.18338585346
917.71655076617
905.2442933709
898.88133224288
895.71664311133
886.28927088736
873.87360795281
867.501605347
864.3330485062
854.89664860133
842.47484555717
836.0521636601
832.85920732856
823.35331777557
810.84735680111
804.31799484901
801.07305684717
791.41658047468
778.72210866015
772.00190880976
768.66358770799
758.73498966751
745.69606511539
738.63493355145
735.12948089809
724.71262618486
711.0527377082
703.28326519236
699.43042242565
687.99807647358
673.04509835634
662.77330996263
657.69635250195
642.69763371095
623.2300600953
611.98998524859
597.10284392037
594.72754280151
591.46157608426
581.77089399442
569.09651827778
563.08605542148
560.10467045604
551.25489577067
539.67232522717
533.96277159329
531.13068660851
522.72424037767
511.72225230736
506.20333196146
503.46623243618
495.34341346414
484.71648123344
479.32171956097
476.64689629955
468.71165423108
458.33645002118
453.00524760681
450.36294545716
442.5281529136
432.29337335009
426.95990725098
424.3179008114
416.48956946462
406.27599689868
400.85383939766
398.16995764562
390.22565049802
379.87925721936
374.22620546947
371.43130459961
363.17122194672
352.442813904
346.22711761652
343.1604984862
334.12265217408
322.44137290103
312.93700220331
308.29039596182
294.76046261429
277.63968559134
272.09085067096
260.54124395868
255.42162343305
252.89966254585
245.48220598021
235.92956974536
231.25214083113
228.94831666186
222.17364173077
213.4515474038
209.027677223
206.8502441101
200.45309583756
192.23025559477
187.99272661527
185.90912132223
179.79584578852
171.95636717387
167.87150468356
165.86560747245
159.99058478821
152.47964451548
148.52711556425
146.58943964518
140.92677015198
133.71534609426
129.88169830444
128.00629018394
122.54098579757
115.61515974851
111.93327248524
110.13653503259
104.91752444378
98.341509817749
95.211379855338
93.683876415934
89.246837033327
83.655945225692
80.997795599758
79.700563756563
75.932198793245
71.18340459142
68.924765860249
67.822465104425
64.620213085388
60.584492630168
58.664627644688
57.727631543936
55.005485710926
51.574579121126
49.942336255581
49.145689759422
46.831188214972
43.913848846951
42.52597077266
41.848568102204
39.880418095632
37.39944626782
36.219245566406
35.643185696991
33.969398304255
31.859306050641
30.855591656185
30.365655538432
28.942031405613
27.147143934575
26.293338455807
25.876558999166
24.665442053537
23.138333576944
22.411760270104
22.057074652712
21.026343172791
19.726567884206
19.107898694287
18.805878631124
17.92816029451
16.821260096537
16.294092298102
16.036736542552
15.28880223356
14.345535248239
13.896029609246
13.676586521109
13.038831638738
12.234511331209
11.851033488459
11.663825771563
11.11976015604
10.433610446583
10.106371145381
9.9466206620854
9.4823611732432
8.8968802715465
8.6176084934216
8.481277360961
8.0850886465897
7.5854755921095
7.3471503942758
7.2308106099677
6.8927282729126
6.4664122596728
6.2630532878033
6.1637847659348
5.8753202108231
5.5115909509303
5.3380940895554
5.2534045620996
5.0073127230951
4.6970286520763
4.5489300937325
4.4766412169003
4.266594493945
4.0017824699487
3.8755767287719
3.8139743677054
3.6349803085874
3.4093201768829
3.3017046874292
3.2491775554953
3.0965571549184
2.9041562435689
2.8124072588305
2.7676255159679
2.6375133960505
2.4734955943592
2.3952868628465
2.3571147620336
2.2462097826521
2.1064109281341
2.0397550908446
2.0072223700076
1.9127044912493
1.7935675285531
1.7367670712641
1.7090449986877
1.6285056241487
1.5269926697943
1.4785979450425
1.4549788179343
1.3863611807139
1.2998782689171
1.2586515569744
1.2385311498914
1.1800792781382
1.10641194142
1.0712966843744
1.0541592245157
1.0043742561251
0.94163238657658
0.91172685558998
0.89713216347177
0.85473495836486
0.801305621132
0.7758403816577
0.76341286685371
0.72731201417817
0.68181907295955
0.66013770562162
0.64955695262277
0.61882140209007
0.58009098282027
0.56163359208622
0.55262630773381
0.52646196035445
0.49349291354513
0.47778202463881
0.47011515194271
0.44784484238781
0.41978348694763
0.40641198850503
0.39988681953368
0.38093320344617
0.35705173725683
0.34567257455134
0.34011971822101
0.32399064519753
0.30366869304479
0.29398606093246
0.28926114315077
0.27553715892783
0.25824600751177
0.25000782453289
0.24598781397005
0.23431148153958
0.21960061002771
0.2125920912104
0.20917216155112
0.19923894183377
0.1867245202059
0.18076268795766
0.17785353821072
0.16940400231953
0.15875906988472
0.15368806822919
0.15121363527391
0.14402681692047
0.13497289920923
0.13065999259303
0.1285554979851
0.12244321755717
0.11474316917556
0.11107532896616
0.10928561265971
0.10408763519626
0.097539534478661
0.09442052738611
0.092898626492835
0.088478531811563
0.08291047365563
0.080258374598058
0.078964309403373
0.07520596475483
0.070471613761551
0.068216689665636
0.067116430668457
0.06392098924988
0.059895795536407
0.057978696369075
0.057043281359229
0.054326617070314
0.050904582693218
0.04927480315317
0.048479586365321
0.046170112194353
0.043261040920187
0.041875604423586
0.041199614262369
0.039236416398292
0.036763562082779
0.035585905625906
0.035011300366178
0.033342556702495
0.031240629569366
0.030239645986715
0.029751246395162
0.028332868903948
0.026546324865186
0.025695555462472
0.025280450712192
0.024074940371491
0.022556537411975
0.021833476179917
0.021480684327001
0.020456144962715
0.019165700703575
0.01855120751252
0.018251389092961
0.017380695283451
0.016284038143214
0.015761834542059
0.015507046541386
0.014767129032852
0.013835197982805
0.013391441775923
0.013174929999649
0.012546172502292
0.011754256803569
0.011380363595194
0.011197900871657
0.010667878541957
0.0099999997764826