0.9991568573784566
0.9991322323454842
0.9991199192524407
0.9990829798754101
0.999033725428705
0.9990275958914047
0.9990219373538891
0.9990207159965703
0.9990153071231149
0.9990127518037357
0.9990114741374673
0.9990076411363833
0.9990025304492817
0.998999625308306
0.9989981727294461
0.9989938149901588
0.9989880046459544
0.9989851022692033
0.9989836510722762
0.9989792974788199
0.9989734926624053
0.9989704322159478
0.9989689019832845
0.9989643112823405
0.9989581903199867
0.9989550212577935
0.9989534367166826
0.9989486830902381
0.9989423448920245
0.9989327321274186
0.9989279256570526
0.9989135062273389
0.9988942800363174
0.9988912816428807
0.9988844189102396
0.9988809874983694
0.9988706932523611
0.9988569674456191
0.9988537351627605
0.998849843184674
0.9988478971806933
0.9988420591645137
0.9988342750977172
0.998829731520428
0.9988274597117393
0.9988206442803225
0.9988115569752837
0.9988071156183138
0.9988048949201882
0.9987982328205939
0.9987893499617536
0.9987848019981762
0.9987825279962116
0.9987757059849706
0.9987666099073124
0.9987612296489816
0.9987585394917196
0.9987504690128588
0.9987397082857421
0.9987341610151678
0.9987313873497535
0.9987230663460988
0.998711971580826
0.9987061248853946
0.9987032015045341
0.998694431353831
0.9986827377153791
0.9986760812563873
0.9986727529841736
0.9986627681575595
0.9986494549195064
0.9986421795507675
0.9986385418153613
0.9986276285975464
0.9986130774771423
0.9986060125848634
0.9986024800902648
0.9985918825954623
0.9985777524489319
0.9985711434705001
0.9985678389389427
0.9985579253344444
0.9985447070605225
0.9985364758324575
0.9985323601531052
0.9985200131008655
0.9985035501543803
0.998495419460677
0.9984913540497237
0.9984791578029091
0.9984628959370764
0.9984533271873095
0.99844854272482
0.9984341893190044
0.9984150511585421
0.9984050891604508
0.9984001080652679
0.998385164759851
0.9983652400457524
0.998363435407856
0.9983592184416159
0.9983465675280139
0.9983296994221282
0.9983186341210588
0.9983131013528157
0.9982965030240252
0.998274371540232
0.9982612903488639
0.9982547495903344
0.9982351272829219
0.9982089636735587
0.9982075117774427
0.9981911761691546
0.9981693949902737
0.9981338328020987
0.9981160505062527
0.9980627034148298
0.9979915699670099
0.9979708269671438
0.997958232180083
0.997951934635376
0.9979330419711544
0.9979078512552574
0.9978951653578564
0.9978888222540253
0.9978697929120383
0.9978444199531282
0.9978316583475437
0.9978252773883226
0.9978061344806088
0.9977806100890203
0.9977750834298421
0.9977690174671862
0.9977508195515276
0.9977265552028526
0.997714603258118
0.9977086271479788
0.9976906987901076
0.9976667938684162
0.9976224111323335
0.9976002178935076
0.9975336378704038
0.997444858223478
0.997432114895472
0.9974216261122809
0.9973901596869141
0.997348203062149
0.9973290195873842
0.9973194274956364
0.9972906511566975
0.9972522815412757
0.9972347778186594
0.9972260256619083
0.9971997691383109
0.9971647594682584
0.9971461164875629
0.9971367946617511
0.9971088291232553
0.9970715406455753
0.9970534827103558
0.9970444534308186
0.9970173655346106
0.9969812473145985
0.9969624247303545
0.9969530130994269
0.9969247781449735
0.9968871304191731
0.9968653665955993
0.9968544842298732
0.9968218370511673
0.996778305987318
0.9967567264681364
0.9967459362637595
0.9967135655703351
0.9966704031872857
0.9966461657745547
0.9966340465113642
0.9965976886238757
0.9965492095824188
0.9965231427306496
0.9965101086558367
0.9964710063146297
0.9964188677422922
0.9963919266860781
0.9963784554760298
0.9963380417226788
0.9962841544579882
0.9962586355061014
0.9962458754208506
0.9962075950527032
0.9961565525327459
0.9961238795405709
0.9961075420386619
0.9960585293567258
0.995993175741411
0.9959615521802974
0.9959457394476109
0.9958983010853837
0.9958350467807845
0.9958054809660246
0.9957906972286976
0.9957463458706094
0.9956872079682659
0.995653231554289
0.9956362422502902
0.9955852741477603
0.9955173130524052
0.9954854799187468
0.9954695623971823
0.9954218096623358
0.9953581361464128
0.9953265602042373
0.9953107712822347
0.995263404353259
0.9952002452718633
0.9951660849411106
0.9951490036567406
0.9950977596085289
0.9950294305433558
0.9948929823801637
0.9948247407005342
0.9946200127644356
0.9943469831672435
0.9942237685308125
0.9941621468653368
0.9939772795580194
0.9937307412129678
0.99366503436504
0.9935674885418488
0.9935047143129657
0.9934733234569211
0.9933791502617136
0.993253573477938
0.993193184635338
0.9931629867421158
0.9930723924794833
0.9929515885442608
0.9928944004996832
0.992865803365021
0.9927800114302455
0.9926656118176252
0.9925982056982875
0.9925644983336059
0.9924633755139045
0.9923285306546709
0.9922642679616314
0.9922321326882897
0.9921357261860333
0.9920071712470906
0.9919097330091148
0.9918610049826894
0.991714819387764
0.9915198752117974
0.9914116666414242
0.991357551315871
0.9911952034872878
0.9909787024066937
0.9909445036303045
0.9908050131467617
0.9906189986008932
0.9906163807201428
0.9905781107182089
0.9904632997494225
0.9903102000910011
0.9902237469759324
0.990180513440493
0.9900508116303084
0.9898778521771737
0.9897998738877473
0.9897608789899741
0.9896438932728334
0.9894878932183674
0.9893862899435218
0.989335478646952
0.9891830430617737
0.9889797631530423
0.9889381559895872
0.9888873671639046
0.9887349990021416
0.9885318088966095
0.9884255402782576
0.988372395383961
0.9882129588348696
0.9880003411842553
0.9878965485814397
0.9878446422054256
0.9876889212562509
0.9874812596009379
0.9873824010262217
0.98733296266885
0.9871846459784777
0.9869868597444488
0.9868885977072366
0.9868394577191323
0.986692036191632
0.9864954433533475
0.9863946252819468
0.9863442066089833
0.9861929488946
0.9859912397740352
0.9858806660680638
0.9858253677418719
0.985659470703733
0.9854382363072398
0.9853364516951609
0.9852855497774847
0.985132842281765
0.9849291996098504
0.9848243840262685
0.9847719659655718
0.9846147098982271
0.9844050006875613
0.9842691091367146
0.9842011462134402
0.9839972543113394
0.9837253407335731
0.9835839669346155
0.9835132615982111
0.9833011421838077
0.9830182535266002
0.9828710625068784
0.9827974469087287
0.9825765963750895
0.9822820610982509
0.982117178463982
0.9820347119999155
0.9817873079007001
0.9814573508100252
0.9812368576196778
0.9811265661886626
0.9807956835412982
0.9803543537482714
0.9801553929550127
0.9800558758212192
0.9797573175421278
0.9793591160723162
0.9791177027523235
0.9789969425018851
0.9786346516208099
0.9781514145810672
0.9779326208490738
0.9778231799918795
0.9774948491280627
0.9770569234177211
0.9768315745008481
0.9767188529110944
0.9763806790351544
0.9759296229028347
0.9756887162286721
0.9755682101825274
0.975206681631362
0.9747244627059279
0.9744565697193635
0.9743225577964902
0.9739205090037278
0.9733842200496214
0.973296453053397
0.9731713399340987
0.972795989339269
0.9722953257452516
0.971714253636521
0.9714234098992601
0.970550817914074
0.9693863036718516
0.969249639565972
0.9684532891710154
0.9679675413637763
0.9677244543793749
0.9669951491356301
0.966022009198854
0.9660159289446631
0.965453379017149
0.9647028758314353
0.9642261155027825
0.9639875310145694
0.9632717337975589
0.9623166307782626
0.9618503893689486
0.9616170734835557
0.9609170827669378
0.9599830901714025
0.9595200400998115
0.9592883244312982
0.9585931343723637
0.9576655511935023
0.9569815236384147
0.956639094970415
0.955611714148492
0.9542404266907691
0.953462766584493
0.9530734029414087
0.9519051859788036
0.9503456956706271
0.9501684376553908
0.9490976074698638
0.9476682739299652
0.9476426720363661
0.9473039346086581
0.9462876216727375
0.9449311336932693
0.9447037580374045
0.9436884840052298
0.9423333852847121
0.9420721281259986
0.9417697444100153
0.9408625094699927
0.939651749060166
0.9390298765657601
0.9387186082665706
0.9377847126020337
0.936538342563723
0.9359454146154426
0.9356486512092764
0.9347582760200585
0.9335700418937533
0.9329575767908327
0.9326510261839775
0.9317312818827833
0.9305038233348624
0.9298887538889793
0.9295809018287557
0.9286572500707002
0.9274245730161008
0.9264778879739856
0.9260037989435258
0.9245813007523551
0.9226819272944018
0.921786008339091
0.92133738158995
0.9199912859087364
0.9181940824319987
0.9171975599829782
0.916698486548068
0.9152009907890062
0.9132013544203413
0.9126747232586969
0.9121221836975458
0.9104642159546531
0.9082499514369027
0.9070071143738564
0.9063844562401251
0.904516020960417
0.9020201566378959
0.9006262442690413
0.8999277465506246
0.8978316453437138
0.8950310421197692
0.8933336998640697
0.8924827739684471
0.8899290478494069
0.8865154549980379
0.8859229961261454
0.883183434656434
0.8817418058349138
0.8810193945064974
0.8788514089466647
0.8759545522040919
0.875846226970137
0.8740487681044811
0.8716478893101797
0.8702590400154931
0.8695631597209555
0.8674747573386913
0.8646844312900925
0.8643966523331968
0.8636510131456179
0.8614131839232381
0.8584227285456815
0.8576906551398182
0.8569248080359845
0.8546262572997958
0.8515544097384544
0.8500060421167526
0.8492300674917916
0.846901047163485
0.8437883051666618
0.8422893397742619
0.8415381786013365
0.8392836094333175
0.8362705035943637
0.8346794084667225
0.8338819659716973
0.8314883487677365
0.8282888080429562
0.8279611955837776
0.8272643511623026
0.8251727852743347
0.8223777931208642
0.8203742795188006
0.8193694772777291
0.8163528160717602
0.8123172031358242
0.8104686654927988
0.8072475261445378
0.8055994552649619
0.8047732757670063
0.802293058087593
0.7989765994083784
0.7973291588889575
0.7965032371138315
0.7940237054446796
0.790707835052199
0.7890884834237889
0.78827661308389
0.7858392096891872
0.7825794887608069
0.78107086280052
0.7803145770176884
0.7780440925153168
0.7750079192722046
0.7734104949463972
0.7726094984179895
0.7702046053760203
0.7669877397716938
0.7653726892283708
0.7645627301282055
0.7621308240910617
0.7588772639472409
0.7572240287168589
0.7563947506171412
0.7539047034366516
0.7505725875861384
0.7489604752740935
0.7481517718506927
0.745723477541921
0.7424738068832784
0.7408330784399915
0.7400098539046244
0.7375378381782072
0.7342289212740346
0.7325498416491151
0.7317071732838125
0.7291766339172874
0.7257885131949825
0.7240827517105675
0.7232265006942479
0.7206550519711342
0.7172113576518104
0.7155123640828837
0.7146593844295032
0.7120976977703406
0.7086665976194996
0.7069390309735333
0.7060715146680323
0.7034660552445765
0.6999755345364824
0.6982348872604165
0.6973606475002465
0.694734910425202
0.6912166197374859
0.6894651996910856
0.6885854151932196
0.6859429511773403
0.6824017319047727
0.6806462620350352
0.6797643463598678
0.6771154282171002
0.6735652033310949
0.6717750572803721
0.6708755772322255
0.6681738009440901
0.6645521407722839
0.6627609536630891
0.6618609179392361
0.6591574422061649
0.6555334094986603
0.653708868354145
0.6527920038442029
0.6500378959578144
0.6463456804073744
0.6444973343782279
0.6435685064466974
0.6407784063936671
0.6370379092680425
0.6351877427616993
0.6342581078842273
0.6314655790441684
0.6277222316854516
0.6258502187530709
0.6249097277952705
0.6220845527155383
0.6182978330887298
0.6164147661259011
0.6154689310943443
0.6126276945363256
0.6088201730295473
0.6069222097282738
0.6059691629765401
0.6031062521826689
0.5992705987716986
0.5973613327505661
0.5964029599448051
0.593524049219216
0.5896681413736737
0.5877494088334304
0.5867867101801344
0.5838948083168232
0.5800229291600397
0.5780960306927697
0.5771297360767697
0.5742270363232235
0.5703423651526894
0.5684121255835962
0.5674447340354313
0.5645387477917417
0.5606515899186669
0.5587201700910469
0.5577528347423003
0.5548470225692449
0.5509622157152313
0.5490321692286152
0.5480662342842553
0.5451646285670948
0.541287752802636
0.5393623865129445
0.5383995657760333
0.5355073076654882
0.5316453968396899
0.529728202317631
0.5287702919170257
0.5258927674845892
0.5220531454028181
0.5201478060589617
0.5191966865675097
0.5163395334093606
0.5125298189940954
0.5106399373099608
0.5096974368313076
0.5068661325993765
0.5030936892528194
0.5012227694587142
0.5002906551580619
0.49749049241942056
0.4937623961551669
0.4919139273057104
0.49099394710221766
0.4882301591015484
0.48455336821787187
0.4827307278487034
0.48182456325617545
0.47910218245637554
0.47548335282454596
0.4736896769923986
0.4727988802399974
0.47012254951421606
0.4665677899193739
0.4648060963425062
0.4639321531741892
0.4613063149917371
0.4578214447352041
0.456094497335588
0.45523876239950006
0.4526674646299811
0.449257764364736
0.44756810430030447
0.4467318191976654
0.4442187694195353
0.4408890618398543
0.43923900892855317
0.43842330577570515
0.43597188182963953
0.4327265543895105
0.43111821962865277
0.43032413008734
0.42793740688301357
0.42478045545455584
0.42321576949274425
0.4224442414305968
0.4201250405187092
0.41706014190303586
0.41554089036437486
0.41479280750392966
0.41254375546384253
0.4095743499044806
0.40810221444682715
0.40737841833956856
0.40520201201309725
0.4023313928690966
0.40090799472842664
0.40020930741899874
0.39810798110037177
0.3953393852313153
0.39396632938345655
0.3932935758752889
0.3912697678129032
0.38860646337324756
0.38728132245948205
0.38663341206050694
0.38468377194900116
0.38212156579689954
0.38085094156891525
0.38023112611404647
0.3783653967497034
0.3759170952862305
0.37470457480396013
0.3741146517063313
0.37233818754317954
0.3700108795353194
0.3688566587142322
0.36829682508074646
0.3666101364231044
0.36440468692061756
0.363310963600972
0.36278238415010183
0.36118889090720546
0.3591099426895217
0.35807670849636325
0.35757954157351185
0.3560795948670144
0.35412792858097203
0.35315957115334456
0.35269604773526153
0.35129625862405855
0.34948066121078336
0.34857902087817666
0.34815021244609407
0.34685365127588036
0.34517845468410124
0.34434722636859194
0.3439550848609179
0.3427674682660054
0.3412403856632437
0.34048278098019885
0.34012907364028183
0.3390555190453794
0.33768357108842867
0.3370034332796776
0.3366902593345454
0.3357368484043105
0.3345283366401371
0.3339300002691767
0.3336597369812205
0.33283333988760905
0.33179764083862073
0.3312860842252626
0.33106146630676103
0.3303699702491654
0.32951783273749635
0.32909870878208186
0.3289228641156544
0.3283752586481809
0.3277189440674535
0.32739883567201644
0.32727542035960555
0.32688218325486357
0.3264359686712407
0.3262225542340284
0.32615586994757895
0.32592927771962815
0.3257099064249399
0.3256123471438689
0.3256075696004558
0.32556232993001794
0.3255898704107929
0.32561934200577924
0.3256828599150045
0.3258370329056339
0.3261361676597159
0.3263068264243085
0.32644686292533637
0.3268235501504389
0.3274259502944017
0.3277569147243712
0.3279848270244275
0.3286156968324626
0.32956502102796215
0.33008532976270744
0.33041892786871224
0.33135319522723644
0.33271792443703285
0.33348356916808386
0.33395884839514733
0.33529486325215535
0.33721383737695226
0.33843614565228497
0.3392013761742692
0.3413366327627853
0.34438439401993715
0.34463798116215394
0.3454306568234329
0.34766560268600727
0.35079159021543976
0.35092434316749804
0.35293776458602694
0.35571351541119955
0.3561486939889604
0.35683521092149867
0.35880359841155646
0.36149549870738495
0.3627229308769411
0.36339564799859464
0.3653317061836026
0.3679634652132041
0.3691874269890709
0.36985177766265065
0.37176832089927897
0.37436248931611715
0.37557322343301774
0.3762253554058602
0.37811023882488676
0.3806531204514003
0.3818376531121774
0.3824715165819504
0.38430677678501246
0.3867761269170545
0.38792052837356866
0.3885293563932067
0.39029517969421473
0.39266598201579506
0.3937536792454492
0.3943291368167862
0.396001361220125
0.39824260414611745
0.399249413953215
0.39977896216837433
0.40132147328837803
0.40338602863262446
0.4034699357715554
0.403930178874847
0.4052756108723136
0.40707466562492256
0.40806144580234804
0.4085794228220235
0.41008890073811083
0.41210630451171043
0.41318591188790044
0.4137547264363021
0.4154076566325982
0.4176154303539319
0.4187709063025299
0.4193815665058528
0.4211517229615267
0.4235145895477425
0.4247378344277586
0.42538625482509496
0.42726143676267975
0.42976305752161115
0.43105229285805613
0.4317379245310656
0.43371589152997553
0.4363532712841846
0.4377129904620245
0.4384388452526077
0.44052720025708664
0.4433103460346046
0.4447164044143221
0.44546903827139284
0.4476298605629974
0.4505081358160906
0.4519076490429243
0.4526568989674578
0.45480667360156024
0.45766900646778497
0.45907788640746183
0.45983315706115807
0.46199763809318595
0.4648779656634052
0.46632104490502657
0.46709667662026916
0.4693148858679994
0.47226450866818626
0.47378721403228313
0.47460982022663833
0.47695355788342475
0.480066643760671
0.4817864490527345
0.4827264425908184
0.48538320921881273
0.48890468870821746
0.49169960704317195
0.4933245823061865
0.49774412467008183
0.5035350716214925
0.5066831485675114
0.508545978550699
0.5135210926190108
0.5199829331533689
0.5238975832491615
0.5263550415992115
0.5326681306244745
0.5406964353307979
0.5449865058681801
0.547792561394232
0.5547553580754917
0.5634152206914994
0.5672315898615257
0.5696942832089453
0.5757570088197941
0.5832826875196109
0.5869493507890035
0.5894529110980921
0.5954376813279945
0.6027477233143219
0.6064286514272905
0.6091440730463487
0.6153437303612429
0.6226973345002188
0.6264168127134476
0.629486092947158
0.6360619967301443
0.6434894257846571
0.6471289609615908
0.6505712647144457
0.6574161750614667
0.6646309070466894
0.6679064149732934
0.6711102714531172
0.6771862029609708
0.6833999680256901
0.6862087070717433
0.6892177605573887
0.6946677560689131
0.7000746403179505
0.702508961774672
0.7053696127314196
0.7103292790229142
0.7150997744545328
0.7172380837579299
0.7199868630720708
0.7245634787147162
0.7288314636344523
0.7307349819946509
0.7333998422181712
0.7376759749718428
0.7415441008292394
0.74325948851571
0.7458614191107392
0.7498994048353478
0.7534450092374209
0.7550072295469059
0.7575617485554504
0.7614079472376689
0.7646885021436036
0.7661234227716074
0.7686418416513104
0.7723303096254729
0.7753880538326425
0.7767146220045705
0.7792050684355396
0.7827605540910054
0.785626241882583
0.7868582202390484
0.7893264414706825
0.7927667464845773
0.7954625879549347
0.7966099024728381
0.7990598845718145
0.8023976853325178
0.8049396072208477
0.8060093763347296
0.8084438156532853
0.8116880488016351
0.8140874100204089
0.8150847215779039
0.817505380638188
0.8206622868846086
0.8229271679632115
0.8238556609672313
0.8262636353286492
0.8293375399604673
0.8314737048710165
0.8323360020293584
0.8347319192527974
0.8377258119086903
0.8397374205579353
0.8405354477489161
0.8429196148812547
0.8458355773696478
0.8477257096579489
0.8484609301693802
0.850833442358523
0.8536729620062493
0.8554440002005343
0.856117585019553
0.8584784048478239
0.861242601923072
0.8628965069187085
0.8635094572204529
0.8658584719853616
0.8685482627760379
0.8700867711825201
0.8706400052318322
0.8729770675538444
0.8755932793235555
0.8770180416900085
0.8775124553910105
0.8798374110895919
0.8823808610270246
0.8836935365491791
0.8841294210247941
0.8864431934050092
0.8889156947738474
0.8901177402491812
0.8904979998624465
0.8927982350764141
0.8951987079472749
0.8962925101841824
0.8966162066352147
0.8989038641082331
0.9012342984438888
0.9022216039717331
0.902490451748104
0.9047655082440137
0.9070270694015964
0.9079099931515255
0.9081251573262628
0.9103876192323519
0.912581571247246
0.9133623684344503
0.9135250729842106
0.9157749893216777
0.9179027032152953
0.9185837589405004
0.9186952900779076
0.9209327512849979
0.9229956982143153
0.923579516136457
0.9236412160305425
0.9258663516337057
0.9278660934821854
0.9283552818397565
0.9283685411173633
0.9305815167796879
0.932519695264854
0.9329169513393196
0.9328832009689814
0.9350842151633577
0.9369625401469541
0.9372706339926722
0.9371913369348104
0.939380617448239
0.941200855018328
0.9414226130536516
0.9412992560685817
0.9434770563378515
0.9452410168888378
0.9453793059205668
0.9452133914583534
0.9473799870719225
0.9490895138594493
0.9491472256767431
0.9489402643163276
0.9510959495567609
0.9527529077772068
0.952732944721145
0.9524864480946008
0.9546315325527559
0.956237799028517
0.9561430606551893
0.9558585346941125
0.9579933403096972
0.9595507942008228
0.959384164770704
0.9590631040359303
0.9611879620903573
0.9626984760637737
0.9624628137961828
0.9621066956857277
0.9642219442609384
0.9656873769836597
0.9653855035431498
0.9649957841098751
0.9671017655444737
0.968523954415034
0.968158646917487
0.9677367560320295
0.9698338147813954
0.971214569976247
0.9707885528702173
0.9703358910784938
0.9724243716510694
0.9737654707753389
0.9732814093023091
0.9727993447071929
0.9748795899408534
0.9761827733455821
0.9756432683047276
0.975133133171827
0.977205483349634
0.9784724509124325
0.9778800330163887
0.9773431242054037
0.9794079138821782
0.9806403202805911
0.9799974485175675
0.9794350217253287
0.9814925812793418
0.9826920351388322
0.9820010919656779
0.9814143641862021
0.9834650164327946
0.9846330769992632
0.9838963675249676
0.9832865153128922
0.9853305743247535
0.986468749845143
0.9856884997346479
0.985056653835114
0.9870944301299797
0.9882041794888552
0.9873825323649315
0.9867297889779407
0.9887615779572658
0.9898443042447891
0.9889833265701925
0.988310731426331
0.9903368254882811
0.9913938831237327
0.990495556199174
0.989804121673031
0.9918247985769225
0.9928574876605549
0.9919237153780773
0.9912144083792326
0.9932299384377403
0.9942395047850412
0.993272114216157
0.9925458570474628
0.9945565031419761
0.9955441452790796
0.9945448798419168
0.993802564018823
0.995808573810377
0.9967754322685255
0.9957459699197309
0.9949884236119613
0.9969900505781378
0.9979372308945964
0.9968791511346632
0.9961072215591217
0.9981046703438146
0.9990332026962168
0.9979480506142103
0.9971624578304442
0.9991559832906841
1.000066880395246
0.9989560856513034
0.9983743783874747
1.0001540603679098
1.000938453889234
0.9999999997037401