0.23515300507155987
0.23516415783186093
0.2351697352047495
0.2351864677285725
0.2352087815729289
0.23521159491265795
0.23521415002024637
0.23521471333909458
0.23521715427129583
0.2352183259850554
0.23521890474560606
0.2352206445025793
0.23522295956964465
0.2352242759812732
0.2352249341649389
0.2352269087224582
0.2352295500395135
0.23523085804428956
0.23523151710798085
0.2352334982460982
0.2352361181895048
0.23523751696324144
0.2352382126440711
0.23524028722891574
0.23524308733074062
0.23524450556430776
0.23524522435474648
0.23524738073376278
0.23525025596664687
0.2352546167197593
0.2352567972473392
0.23526336498987352
0.23527200528590908
0.23527341407312122
0.23527655010586093
0.2352781085806202
0.23528272817121948
0.23528907862550097
0.23529048267705988
0.23529222379247736
0.23529310682953544
0.2352957559520908
0.2352992768018939
0.2353013435715473
0.23530237348514935
0.2353054632412595
0.23530960966857153
0.2353116108735309
0.23531261969148856
0.23531564616000056
0.23531965554823467
0.23532173151123142
0.23532276384178077
0.2353258546822292
0.23532998418921852
0.23533242603964105
0.23533364707674453
0.23533729562220262
0.23534221032138067
0.2353447040869155
0.23534596438235955
0.23534974529128905
0.2353547866910591
0.23535743092040334
0.23535875671381773
0.23536273411897093
0.23536805465162447
0.23537106610257655
0.2353725703974074
0.2353771013514613
0.23538311873411016
0.2353864397681075
0.23538809149407608
0.23539302700164727
0.2353996752809473
0.2354028567292894
0.23540446084156402
0.23540927321463018
0.23541564868129938
0.23541867543927422
0.23542017618639205
0.23542467845980067
0.23543068175766138
0.2354344164803718
0.23543628813077
0.23544191427120661
0.23544933100161708
0.23545305617291967
0.23545491160493556
0.23546044494216814
0.23546786734104405
0.23547219241736872
0.23547436605057756
0.23548088701620173
0.23548955423642368
0.23549409768186721
0.23549635592223397
0.23550317112849378
0.23551209046029076
0.23551301100343816
0.23551492304653102
0.2355206706290192
0.23552831923650647
0.2355333592827212
0.23553587389488467
0.23554338791115337
0.23555350944652673
0.23555940781858684
0.23556237445254707
0.23557136283368388
0.23558300708131052
0.23558384873933444
0.23559127558236279
0.23560117876725836
0.23561734851140242
0.2356254354539224
0.23564979316245613
0.23568174287865443
0.23569138919436824
0.2356972037481434
0.2357000690239858
0.2357086310089839
0.23572020055652199
0.23572588018712273
0.23572877314295143
0.23573743503117572
0.23574893425038118
0.2357547873935892
0.23575769171462446
0.23576637041875945
0.2357781346339591
0.23578053150092892
0.2357832963121417
0.23579160718222233
0.23580252905311047
0.23580806808267415
0.2358107863943532
0.2358189414316328
0.23582981569508546
0.23585000637346307
0.23586012733336797
0.23589019314070767
0.23593157481303917
0.2359367044422489
0.23594146780152034
0.23595587089159145
0.2359746881875193
0.23598365188225445
0.23598801471196454
0.23600107771931947
0.23601874985932494
0.23602657724243525
0.23603057773075256
0.23604248550271825
0.23605863832030913
0.23606696028255497
0.2360712222854903
0.23608390857927034
0.23610122528623947
0.23610922249503577
0.23611333271362478
0.2361257361714484
0.23614207858167197
0.23615077124846862
0.2361550619454487
0.23616798468338002
0.23618504516166786
0.23619505884002695
0.2362000154457793
0.23621497294826094
0.23623455565620574
0.23624462086187956
0.23624952626961598
0.23626435821646377
0.2362839251126314
0.23629506644846485
0.23630060897561395
0.23631720459442362
0.23633930916837342
0.23635125694563125
0.23635719250472415
0.2363752084044675
0.23639859043760802
0.23641121623403472
0.2364173892244112
0.23643583685445937
0.2364603792551943
0.23647213549789686
0.23647795090500326
0.2364955335761237
0.23651865801218291
0.23653923642369631
0.23654940499119018
0.2365802685652442
0.23662046204133927
0.23664103961686767
0.2366510983698996
0.23668104225766515
0.2367221560327756
0.23674096978150427
0.23677222675970425
0.2367862492950498
0.23679348994111946
0.2368154227270351
0.23684404254576177
0.23686098991146634
0.2368692832204646
0.23689421205604763
0.23692739441468696
0.23694315744794073
0.23695106903568994
0.23697457702797106
0.23700670930544201
0.2370217892787659
0.23702951709690986
0.23705279065288234
0.2370838059931246
0.23710133153866522
0.2371100931770442
0.23713647992002876
0.23717132728589577
0.23719160071174247
0.23720161713450613
0.23723189856559682
0.23727186192676564
0.23729242159160324
0.23730268002511481
0.23733333957335861
0.23737413534255447
0.23739414749116558
0.2374040729664886
0.23743402112732084
0.23747337718467823
0.23749703156383892
0.23750873197795966
0.23754350214586625
0.23759116445367331
0.23761225618172002
0.23762319415254493
0.23765582357153048
0.23769985013039321
0.23772778212853943
0.23774180877880083
0.23778405100614788
0.23784018358671918
0.2378789242395066
0.23789820598488043
0.2379561654434393
0.23803310692551252
0.2380724615232053
0.23809205093706895
0.2381508243281933
0.2382287582719474
0.23824143573668935
0.23825815544670925
0.2383086935979054
0.2383744245205338
0.23838335401800928
0.23839834430513251
0.23844331818351158
0.23850330985768628
0.23853418202047144
0.2385496457236428
0.23859621234144845
0.23865736902078574
0.23868869938745066
0.23870415267629644
0.2387506014041334
0.2388119056097397
0.2388466517354417
0.23886387735764059
0.23891565335404139
0.238983789096398
0.23901721489668803
0.23903368135730976
0.2390827222426573
0.239149197629638
0.23918415307495736
0.2392019923383942
0.2392554164213802
0.2393268169573489
0.23936338651250416
0.23938172035658342
0.2394364256209529
0.23951000751869336
0.2395573254670774
0.23958107151988345
0.23965244699385152
0.2397472269716521
0.23980488756002333
0.23983362484445084
0.2399195358444985
0.24003591865231236
0.24004970227714698
0.2400768368799961
0.24015810419176875
0.24026642671869403
0.24032467610044614
0.24035373139284605
0.24044122009533775
0.24055623390410094
0.2405796004857775
0.24060966934323763
0.2406990875142798
0.24082116246951707
0.24087521837426237
0.2409030585556771
0.24098703188552226
0.2410969508593071
0.24115357042131413
0.24118150297379243
0.24126428442942638
0.24137765730164437
0.24143690786370758
0.24146733082862915
0.24155813465200554
0.24168061264541166
0.2417539065421589
0.24179089283431413
0.2419020628994039
0.2420501905897201
0.2421557812316533
0.24220871587149728
0.24236619252521432
0.24258175304746257
0.24261621166233122
0.24278434495460502
0.24286298104110365
0.24298536765676987
0.243060519266025
0.2430978770251598
0.24321072898083942
0.2433599639348917
0.2434587855568039
0.2435078594192788
0.24365536011555966
0.24385250719593893
0.2439639656384338
0.24401962304715116
0.2441877468942485
0.24441022885295588
0.24453379348752102
0.24459526912367469
0.24477959483655887
0.24502630004728987
0.24516734697452494
0.24523790210815094
0.24545032151331375
0.24573467962688506
0.24574171033633838
0.24579833638073859
0.24596757723876742
0.24619621950282689
0.24631263510122456
0.24637175174498788
0.24654844651665023
0.2467856529741639
0.24695399619284777
0.24703846813799277
0.24729356273732644
0.24762863096359036
0.2476594666544158
0.24776961122049446
0.24810122348577665
0.24854342507875893
0.24876213660950483
0.24887146422486667
0.2492010882188025
0.24963789400774591
0.24972295462950614
0.2500229721137105
0.2501569270223975
0.25022567863747436
0.25043093646219805
0.2507090907331108
0.2508456154385353
0.25091516079549003
0.2511235573466416
0.2514029887219466
0.2515848478431401
0.2516764072080484
0.2519502143485859
0.25231957640064534
0.25250246270121013
0.25259536504136637
0.2528735963808671
0.25324546676713505
0.25343885840084374
0.2535356949350458
0.2538261243318834
0.25421509358931993
0.2544695374186517
0.25459755606845347
0.25498208020600405
0.2554951486506835
0.25582580829648993
0.2559913235189121
0.2564895302780159
0.2571543881377202
0.2575954914085253
0.25781719231031164
0.25848376302859044
0.25937046435771755
0.2596977630298945
0.2603400772335761
0.2604768484307219
0.2606849257088468
0.2613070670415643
0.2621510428909669
0.2623972182627764
0.26300801460303014
0.2633384150361798
0.26350499778824765
0.2640050944457561
0.26467480570178675
0.2651111127853188
0.26533063890749337
0.2659912895039235
0.2668698073822233
0.2669095129945203
0.2674137980564724
0.2680868597113019
0.26850995228843677
0.2687221265773276
0.2693592089157322
0.2702132759219924
0.2707413040495459
0.2710071761903913
0.27180647775226435
0.27287491331064145
0.27337796340966275
0.27362952636965343
0.27438609634061817
0.27539823078070014
0.2760415565128911
0.27636548192008975
0.27733899652045774
0.2786454586442289
0.2795156240878434
0.279955030010099
0.2812753277883815
0.2830544366988639
0.28329485220793416
0.28439213106593386
0.2858748571532589
0.28603948504152915
0.287128302245979
0.2885883812221572
0.289328104960846
0.28970022567938697
0.2908176048109359
0.29232266892896136
0.2930334109528129
0.2933926302929107
0.2944712293411732
0.2959221043743492
0.29673741146124066
0.29714911540625916
0.2983855917248576
0.30005280525013867
0.3008082942985736
0.30119025213159867
0.3023372677155687
0.30388127904363904
0.30472872072465823
0.30515688916427575
0.3064447144680617
0.30817443728983307
0.3092768702118833
0.30983404431235056
0.3115089198075589
0.3137695579520896
0.3140351770035591
0.31456869033572554
0.31617227502030204
0.3183360773471007
0.31933177360404963
0.31983504048837325
0.3213478094671067
0.32338711720072166
0.32440151541057577
0.32491447982439914
0.32645595071859257
0.3285349780701032
0.3295399879352159
0.33004828026093846
0.33157593996713425
0.3336344086957738
0.3347626569502221
0.33533335319665025
0.3370499691516172
0.33936241190052807
0.3407646875110752
0.34147522512229894
0.34361185691112595
0.3465020595491844
0.3470679800855335
0.3490387135304925
0.35170052096353543
0.3529764437691036
0.3536223379227979
0.35556424892174177
0.35818707337015804
0.35943634853903417
0.36006887036996
0.36197085879757523
0.36453616316218573
0.3660187407327522
0.36677013759762717
0.36903006063758376
0.37208620100693784
0.3735047934820253
0.3742235998871522
0.376385529729656
0.3793053738004223
0.3808890278084151
0.3816921131633526
0.3841079540078018
0.38737722093575533
0.38889772443766063
0.3896687581376239
0.3919881643286923
0.3951236537325457
0.39677087888999196
0.39760675390466405
0.40012156909895624
0.40352540258295705
0.4052229122544493
0.40608477301260454
0.4086780364753875
0.41218879604712094
0.41401017763049075
0.4149356786815884
0.4177209817634267
0.4214961778033424
0.4233645494381912
0.42431441792251506
0.42717310997715063
0.43104925870893057
0.4329938378639344
0.4339831080045647
0.43696057368980207
0.4409996999914086
0.4430551259013575
0.4441015201945396
0.44725142007653734
0.45152732643146265
0.453697121820047
0.4548024003055942
0.45812994247008626
0.46265019162528986
0.46490779183897246
0.4660582413695399
0.46952182394664305
0.4742284941517717
0.47659005731879434
0.4777939209695968
0.48141855030842984
0.4863455271537106
0.48882891366768055
0.49009523736315835
0.4939083678206142
0.4990928259512041
0.501723187029388
0.5030647924132747
0.5071051565935015
0.5126003437494606
0.5153880437005417
0.5168101399259696
0.5210933708340462
0.5269211200171513
0.5298365513442235
0.5313237582840848
0.5358034785517759
0.5418983082034644
0.5449827333423143
0.5465562049756378
0.5512964783916603
0.5577469205951764
0.5610014371075424
0.5626616262720701
0.5676636552289853
0.5744712438350055
0.5778968672910483
0.5796441898772903
0.5849092393123693
0.592075655134808
0.5956525594568322
0.59747670976781
0.6029737186135444
0.6104546831208968
0.6142371965736733
0.6161660960362124
0.6219795316514566
0.6298921281052557
0.6338814279098235
0.6359155646450685
0.6420468903197355
0.6503928441642168
0.6545874751036196
0.6567259839951837
0.6631725957651532
0.6719476505621574
0.6763643117221178
0.6786156584829621
0.6854032414268633
0.6946423180644131
0.6993024961521498
0.7016776043617903
0.7088392238699667
0.7185877227459143
0.7234938822246231
0.7259938401078454
0.7335327194376777
0.7437945647272768
0.7489522700311152
0.751579774652796
0.7595040589451222
0.7702897469953087
0.7757124971973155
0.7784742672818059
0.7868043963188195
0.798141242272838
0.8038496030257004
0.806755983221944
0.8155232225721191
0.8274539322084091
0.833448961490349
0.8365002386006368
0.8457055115606185
0.8582300517665348
0.864540424694318
0.8677510367646178
0.8774380363337168
0.8906162629368342
0.8972397280954103
0.900608227517258
0.9107725823465332
0.9245971696435543
0.931550739283204
0.9350855342681577
0.9457527335384978
0.9602578834199637
0.9675528348324227
0.9712593699715706
0.9824459432002347
0.9976532297078
1.005307903163267
1.0091952127135597
1.0209285463367523
1.0368747445115376
1.044896408888929
1.0489678440922967
1.0612581333272975
1.077955931222993
1.0863616929684357
1.090625598098972
1.103498186396603
1.120981291216437
1.1297831135149297
1.134245180027364
1.1477173266508003
1.1660082786689758
1.1752136182898147
1.1798772349258633
1.193959241138078
1.2130707224793542
1.2226957486636272
1.2275686690157777
1.2422841280047692
1.2622471457647653
1.2723014404814266
1.2773880238157942
1.2927502277680478
1.3135813996706365
1.3240759942236282
1.3293812835439391
1.345405602346933
1.3671242710863891
1.3780707355054442
1.383599970433119
1.4003023951573617
1.422928643352656
1.434333971262522
1.4400900092274667
1.457479307509048
1.4810230387609287
1.492896030925319
1.4988825518704745
1.5169700346478843
1.5414444982499178
1.553755094656534
1.5599559811347783
1.5786927580334382
1.6040284779135257
1.6168423194654669
1.6232899536780114
1.6427747530863583
1.6691044785753832
1.6824137274850388
1.6891030405848193
1.7093207086853566
1.7366206843076608
1.7503994213589895
1.757316189467666
1.778223729926373
1.806432203305872
1.8206785975205713
1.8278207155048438
1.8494121208727876
1.8785178834515446
1.8932267405420253
1.9005903374738353
1.922854305183014
1.95283883109165
1.9680018122996579
1.9755813578137948
1.9985016155275432
2.0293396378833557
2.044944476510561
2.0527324285428894
2.0762866916972738
2.107944735366239
2.123968182499482
2.1319514725073585
2.1561007332434956
2.188522732306461
2.204943261921934
2.2131096479692407
2.237817534166466
2.270951172154741
2.287742112712605
2.296076786184018
2.321299234458384
2.35508196658681
2.3722132972579346
2.3806997765457663
2.4063877554212896
2.440750575570285
2.458188796895778
2.46680888337686
2.4929082730840624
2.5277755559351376
2.545482659021296
2.554215938588835
2.580665996962929
2.6159535610363664
2.6338898909053436
2.642715158623917
2.6694528858705384
2.705073807197469
2.7231965165891885
2.7320910114377326
2.7590488046545256
2.7949103582437673
2.813175098517076
2.8221153406617976
2.8492235653400306
2.885230624983936
2.90359418471007
2.9125572174303267
2.9397479979730057
2.975808106183774
2.9942286205149204
3.0031920918934625
3.0303995946535767
3.0664232297367944
3.084865992484137
3.0938108304843728
3.1209795077411284
3.1568908278846495
3.1753362248840147
3.184250201756044
3.2113458349065542
3.247096949721164
3.265555530197676
3.2744399509361264
3.3014705005477767
3.337068069976327
3.355621720248889
3.3645095564355803
3.3915817051130923
3.427159400912529
3.4460821616005513
3.4550906933927323
3.482574610524168
3.518603335995877
3.5389906732127137
3.548592248234645
3.577971463302157
3.6163425408270737
3.638511773937171
3.6488042691501614
3.6804234777831315
3.721532028861364
3.733776157030252
3.763187635275156
3.7639807004854893
3.7700084126908617
3.788393416867218
3.812430024354315
3.8164667620760757
3.8215975037339818
3.8372244339230983
3.8576759399451928
3.8668301031038252
3.8712099432897435
3.88453216513376
3.901981055503821
3.9099262031506927
3.913735174808754
3.9253076537898286
3.940469548276908
3.9474108639146457
3.9507434096351877
3.9608567426152432
3.974104139342987
3.9801489336543736
3.9830534634355526
3.9918568022873195
4.003378068392621
4.008595301153963
4.011101959760202
4.018688875153849
4.02860030754712
4.033027589532758
4.035152203176459
4.041573215738285
4.049937440268297
4.051260245444565
4.053030764573282
4.058374382221282
4.065314582334714
4.0654685603981005
4.066878112803712
4.0711273188713895
4.076635146652164
4.0795944590231645
4.0809876191015295
4.085184265844239
4.090556448260782
4.093374573786433
4.094668682186155
4.098561756842759
4.103440153253291
4.105931100542151
4.10702468337596
4.110309317815854
4.114261084936571
4.116234895303222
4.117016230206856
4.119360651835022
4.121899304045834
4.123065351454844
4.123361819158803
4.124254976290576
4.124627657255517
4.1244489431189635
4.123963401145102
4.1225227415907035
4.119473230719246
4.117064567139675
4.115328557112732
4.110152096199239
4.101733834448904
4.096316186783685
4.09307299407798
4.083352796754078
4.068804318710783
4.059427869229655
4.05422820323552
4.038550925874137
4.01602468087115
4.000750258309683
3.9927344416636386
3.9683467720256362
3.934275548397916
3.911970293273984
3.900951410115617
3.866888639251645
3.8206570432598843
3.783748541250555
3.7671266622860378
3.7136688704639305
3.643742233630344
3.6129688392056285
3.562463411417559
3.5361294541566477
3.5248774753939136
3.488105848322282
3.4408174776861937
3.4060952285663
3.392651120308085
3.3458068734694417
3.287387473937124
3.2494530375364743
3.236375557121535
3.187364498793607
3.1279188172876573
3.093426077125808
3.082406013079009
3.0393276692793187
2.987311590666833
2.956364336418005
2.946953623675122
2.9087553241831734
2.862717771535951
2.8346186510035687
2.8264335471130546
2.792043390368165
2.7506448307562152
2.724826700685126
2.7175862650312546
2.686208956168645
2.6484741145373665
2.6245161543795943
2.6180195631349994
2.589084352406674
2.554330512378614
2.531932463305043
2.5260427995537835
2.499156401805675
2.466924440300324
2.4458793642936683
2.4405058403652937
2.415401831800355
2.385381279277391
2.3655452413641687
2.3606251902326623
2.33711505943256
2.309079597642131
2.2903445860026026
2.285830094590959
2.2637667821684953
2.237532690543708
2.219808647072709
2.215659272723795
2.194916664443343
2.170322692231548
2.1535288308744542
2.1497086983156097
2.1301731997570066
2.107073625255391
2.0911356694471057
2.0876126858902753
2.0691810324085744
2.047444310374541
2.0322942213565662
2.029039928837604
2.0116190204986273
1.9911276607522208
1.9767038416377858
1.9736932707154793
1.957200056474595
1.9378500929815987
1.924097316640083
1.9213086948984035
1.905669580327692
1.8873694115110775
1.8742383896813002
1.8716527465014978
1.8568026153480073
1.839471476257941
1.8269182112030802
1.8245189537352176
1.8104000311972326
1.7939663920130502
1.7819514639655445
1.7797239790245218
1.7662847178744043
1.7506848014600123
1.7391726930110076
1.7371040022008146
1.7242980913484964
1.709474598475077
1.6984331047692272
1.6965115802108262
1.6842971117188412
1.670198172906079
1.6595979114195143
1.6578130483628468
1.6461518415770322
1.63273017780472
1.6225441928723277
1.6208864307323059
1.6097434949146383
1.5969557550602453
1.5871592048205063
1.5856197870860174
1.5749628989362332
1.5627691397076426
1.5533511464193583
1.5519213216895282
1.5417334083068814
1.5301065751383642
1.5210256909248885
1.5196992123187847
1.5099275798181908
1.4988136674802355
1.4900551288721713
1.488824525619756
1.4794562505841407
1.4688335055266217
1.46038239803889
1.459241224032001
1.450252401459628
1.4400911072338334
1.4319301093062289
1.4308723682617586
1.4222405442839419
1.4125128520386498
1.404625724842717
1.4036458250911108
1.3953500119906597
1.3860298950564753
1.37840143908871
1.3774941611021703
1.3695147273685753
1.3605778449122374
1.3531938253849949
1.3523542936999096
1.3446728658394056
1.3360964416658985
1.3289435215106293
1.3281671799777683
1.3207665550570729
1.3125292692901127
1.3055949487616882
1.3048775384236282
1.2977416051311599
1.2898234962887605
1.2830960578974804
1.2824335970252025
1.2755472637160659
1.2679296395544384
1.261398097360529
1.2607868631965362
1.254135991869035
1.2468013471323307
1.2404554001080306
1.2398919121164842
1.233463257398292
1.2263951979068028
1.2202251866547194
1.2197061909956932
1.2134873434632876
1.20667051598901
1.2006673820527844
1.2001898372119932
1.1941691707415734
1.1875891973256993
1.1817444453177883
1.1813055086298705
1.1754721310625318
1.1691155463672627
1.1634212096535312
1.1630182247615195
1.1573619318561341
1.151216127345632
1.1456647338767538
1.1452952190309686
1.1398064508906458
1.1338596214605725
1.1284441620651842
1.1281057989716778
1.1227756004151896
1.1170166899941545
1.1117305923784027
1.1114212160018109
1.1062411967743977
1.100659857749972
1.0954969534673153
1.09521454222414
1.0901768429908831
1.0847633834707797
1.0797178884836016
1.0794605551192615
1.0745578134860516
1.0693031605040013
1.064369648593679
1.0641356315957735
1.0593609505408326
1.0542566116509502
1.0494299891108794
1.0492176448152022
1.0445645612873296
1.039602584819655
1.0348780711640813
1.0346858661253804
1.0301483259781028
1.0253212639531168
1.0206943774834347
1.0205208807630022
1.016093212320961
1.011394099144945
1.0068606242897167
1.0067045019935896
1.002381387056491
0.997803694997502
0.993359675921659
0.9932196846824523
0.9889961420446105
0.9845337644930346
0.9801754860059135
0.9800504653477188
0.9759218281738823
0.9715690315731695
0.967293010433775
0.9671818795575405
0.963143772032272
0.9588951894850466
0.9546981540815311
0.954599905053663
0.9506482240910108
0.946498833006742
0.942377702966949
0.9422913996220494
0.9384222847616408
0.9343674177461996
0.9303192757744555
0.930244040737318
0.9264538868249546
0.9224891493528641
0.9185112456269645
0.9184462651788605
0.9147316929825502
0.9108528924827987
0.9069427146630311
0.90688722916593
0.9032450760509885
0.8994482991443188
0.8956034742159039
0.895556778379276
0.891984047560792
0.8882657128012437
0.8844839239829396
0.8844453643756298
0.8809392406114178
0.8772960593673887
0.873575069018844
0.8735440409806382
0.8701018618370389
0.8665305538671322
0.8657351957931635
0.8656249606269617
0.8652544101581313
0.8647619740778186