0.9993393039460362
0.9993147273290012
0.9993024384485956
0.999265571728551
0.9992164142020314
0.9992102967294008
0.9992046493300696
0.9992034303769349
0.9991980321509242
0.9991954818619292
0.9991942067109033
0.9991903812557518
0.999185280630369
0.9991823812091515
0.9991809314902356
0.9991765823310459
0.9991707834275863
0.9991678867659547
0.9991664384266524
0.9991620934063351
0.9991563000213864
0.9991532456021576
0.9991517183831805
0.9991471367235907
0.9991410278170582
0.9991378649969281
0.9991362835769265
0.999131539314125
0.9991252136015012
0.9991156197745831
0.9991108227737738
0.9990964317556409
0.9990772434534709
0.9990742509695686
0.9990674017633849
0.9990639771151073
0.9990537031613589
0.9990400044144016
0.9990367785043629
0.9990328942000388
0.9990309520330563
0.9990251255283483
0.9990173568112859
0.9990128221942256
0.9990105548658109
0.9990037528758661
0.998994683494297
0.9989902508978937
0.9989880345802036
0.998981385622537
0.9989725202877076
0.9989679812969086
0.9989657117814931
0.998958903230551
0.9989498251014686
0.9989444554603513
0.9989417706119194
0.998933716060462
0.9989229765719981
0.9989174402510732
0.9989146720607216
0.9989063674832243
0.9988952946217436
0.9988894594701044
0.9988865418614044
0.9988777890282604
0.9988661184823863
0.9988594751697669
0.9988561534710823
0.9988461883664528
0.9988329014276193
0.9988256404322611
0.9988220098839546
0.9988111182291096
0.9987965958632038
0.998789544933381
0.9987860194203967
0.9987754428720127
0.9987613406576925
0.9987547447451186
0.9987514467468285
0.9987415527435102
0.998728360607692
0.9987201456579905
0.9987160381183443
0.9987037154873635
0.9986872851075177
0.9986791704997516
0.9986751131322792
0.9986629410179952
0.9986467113337125
0.9986371615225479
0.9986323865300688
0.998618061537179
0.9985989612673273
0.9985890189953307
0.9985840477639644
0.9985691340531355
0.9985492488057639
0.9985474477429217
0.9985432391306756
0.9985306132813061
0.9985137785996128
0.9985027352275411
0.9984972134247464
0.9984806479961766
0.9984585603883289
0.9984455051351516
0.9984389773470455
0.9984193939563222
0.9983932822484417
0.9983918332328815
0.9983755300370944
0.9983537920835917
0.9983183004902825
0.9983005535016884
0.9982473123721465
0.998176320299852
0.9981556185443569
0.9981430488043365
0.998136763784384
0.9981179086994622
0.9980927681009736
0.9980801074471813
0.9980737769664069
0.9980547854987027
0.998029463050688
0.9980167268549416
0.9980103586019077
0.9979912538179324
0.9979657802699943
0.9979602646215191
0.9979542107444014
0.9979360490900384
0.9979118331006064
0.9978999049805991
0.9978939407839368
0.9978760481710416
0.997852190919854
0.9978078967214834
0.997785747766873
0.9977193006591958
0.9976306983783766
0.9976179805222843
0.9976075127060865
0.9975761091957387
0.997534236490208
0.9975150913968138
0.9975055184986279
0.9974767997521273
0.9974385069538607
0.9974210382839922
0.9974123036560119
0.9973860997285178
0.9973511602092957
0.9973325545946041
0.9973232514545152
0.9972953419843038
0.9972581282901017
0.9972401065807478
0.9972310954166987
0.9972040618773926
0.9971680161574416
0.9971492313660992
0.9971398386344008
0.9971116603889844
0.9970740883015373
0.9970523682168301
0.9970415077242542
0.9970089261801861
0.9969654826643881
0.9969439465592003
0.9969331780654784
0.996900872518963
0.9968577970331001
0.9968336084330203
0.9968215135807752
0.996785228944994
0.9967368476162214
0.9967108333234345
0.9966978255334604
0.9966588020686215
0.9966067687154294
0.9965798820494206
0.9965664380401956
0.9965261059126831
0.9964723275366257
0.9964468601640117
0.9964341258735417
0.9963959229138829
0.9963449836260857
0.9963004329765904
0.9962781557757385
0.9962113239203393
0.9961222085924305
0.9960783180190367
0.9960563708984854
0.9959905292874824
0.9959027345312448
0.9958600886579223
0.9957934450101953
0.9957618105863311
0.9957459924287477
0.9956985378166603
0.9956352619377166
0.9955991168666196
0.9955810431072843
0.9955268216541269
0.9954545223556521
0.9954201749645818
0.995403000158339
0.9953514755878904
0.9952827724579146
0.9952490543300743
0.9952321941716676
0.9951816135406278
0.995114169204527
0.9950760527148855
0.9950569931053098
0.9949998140867405
0.9949235708761538
0.9948798761991251
0.9948580270512054
0.9947924793579429
0.9947050764847158
0.9946606540472973
0.9946384409498721
0.9945718014090684
0.9944829425428416
0.9944397953527712
0.9944182199893308
0.9943534936516073
0.9942671861274794
0.9942165279484358
0.9941911964508515
0.9941152016211625
0.9940138672001229
0.9939665895616567
0.9939429486220104
0.9938720255003121
0.9937774544526509
0.9937165453745583
0.993686087356956
0.9935947128043018
0.993472868713275
0.9933893308734568
0.9933475554413305
0.9932222282852816
0.9930551036260256
0.9929705199747298
0.9929282213772763
0.992801324667439
0.9926321067851803
0.9926055667585001
0.9925694692981175
0.9924611762652839
0.9923167693578787
0.9922990459024588
0.9922667114992048
0.9921697077420145
0.9920403565503098
0.9919737814594676
0.9919404897897621
0.9918406142067331
0.991707433044921
0.9916410463903182
0.9916078489281385
0.9915082559828954
0.9913754517087059
0.9913015293825989
0.9912645630783984
0.9911536634756175
0.9910057803270236
0.9909353381322913
0.9909001123402676
0.9907944343412673
0.9906535148772285
0.9905771268313255
0.9905389273022956
0.9904243279661719
0.9902715107816434
0.990193096367723
0.9901538833980157
0.9900362436702662
0.9898793719115545
0.9897776239626329
0.9897267403959049
0.989574088392853
0.9893705200895618
0.9892477355900318
0.9891863291602344
0.9890021079573666
0.9887564327331105
0.9887247065803404
0.9886669325442238
0.9884936086703955
0.9882624692825691
0.9881388538797551
0.9880770320661743
0.9878915646906558
0.9876442272554777
0.9875964585069289
0.9875327134291313
0.9873414761555642
0.9870864424455363
0.9869684400641513
0.9869094257204916
0.9867323808847902
0.9864962780672966
0.9863785606860601
0.9863196890746988
0.9861430723948742
0.9859075409508722
0.9857792852767437
0.9857151422370559
0.9855227109236111
0.9852660852372734
0.9851098871012424
0.9850317654393761
0.9847973973092998
0.9844848306629329
0.9842625998276424
0.9841514384617105
0.9838179479505484
0.9833731415088224
0.9832929940051359
0.9829468888905498
0.9827781497154564
0.9825213039427484
0.9823645610864545
0.9822861669974897
0.9820509813848775
0.9817373250425733
0.9815323877270424
0.9814298803519151
0.981122352514432
0.9807121869163073
0.9804802949665786
0.9803642997021949
0.9800163065580408
0.9795521509346623
0.9792973728574443
0.9791699243003957
0.9787875696486873
0.9782775648675134
0.9779855883292917
0.9778395221129179
0.9774013115308677
0.9768167719902953
0.976800619181478
0.9766842326556484
0.9763350655241432
0.975869343837889
0.9756275603960098
0.9755066153532971
0.9751437718826614
0.9746598024681432
0.9743147635806071
0.9741421359670983
0.9736242364994269
0.9729333390461351
0.9728763629204455
0.9726522549371992
0.9719799027123844
0.9710828206505917
0.9706413640036743
0.9704204591081131
0.9697577160507767
0.9688734670753368
0.9687046516831774
0.9681109161418832
0.9678361902479643
0.9676987593799352
0.9672864555269969
0.966736489186368
0.966459555137114
0.9663210196015225
0.9659054014344325
0.9653510121966002
0.9649885252123535
0.9648071644148681
0.9642630618795844
0.9635371959640864
0.9631716694753625
0.9629887874725145
0.9624401208331451
0.9617081622716097
0.9613289118344921
0.961139158711082
0.960569876892794
0.959810402074547
0.9593126415657227
0.9590635424150444
0.9583162057938048
0.9573190156422071
0.9566801971156627
0.9563604299908625
0.9554010636157012
0.9541206808647469
0.9532766507464824
0.9528540112138151
0.9515859773941788
0.9498931300128259
0.9492799750597261
0.9480775055205044
0.9478131867628672
0.9474232401264961
0.9462532953632631
0.9446915745856443
0.9442234892191975
0.9430930433514778
0.9424791845193671
0.9421719336100235
0.9412501126910973
0.9400199069622642
0.9392198812141448
0.9388193251955131
0.937617539479732
0.9360132741123052
0.9359490039504826
0.9350388703423291
0.9338242848436022
0.9330663787769888
0.9326869453485516
0.9315485338095139
0.9300289719626194
0.9290920437906197
0.9286228496058121
0.9272150927073146
0.9253355293657545
0.9244618721058556
0.9240244147568023
0.9227118849031425
0.9209596334672755
0.9198535285686741
0.9192994794056275
0.9176370715681792
0.9154169940337948
0.9139484991855706
0.9132125163518054
0.9110040922484478
0.9080533117423882
0.9076579117231882
0.9058526834525644
0.9034415858304841
0.9031690117853045
0.90140845106021
0.8990571303043633
0.8978775583442546
0.8972866889939412
0.8955137284890233
0.8931458268873388
0.892029602737904
0.8914705279648317
0.8897929724581428
0.8875527093003908
0.8862985361350246
0.8856702530783851
0.8837849685376773
0.8812668070683269
0.8801276234934318
0.8795570500861979
0.8778449513847588
0.8755584911508121
0.87430730613021
0.8736805444738475
0.8717997829855568
0.8692876767558128
0.8677001168059838
0.8669044723235214
0.8645167361688866
0.8613259216077201
0.8609506975939939
0.8602064811345567
0.8579730903981432
0.854988943596682
0.8536233142511896
0.852939128602362
0.8508859076722987
0.8481429299653145
0.8467852005671112
0.8461049873338818
0.8440636568370137
0.8413365463801321
0.8400236427845487
0.8393659288472559
0.8373921081928468
0.8347552979479997
0.8333177451283031
0.8325974517208192
0.8304357177005641
0.8275472509921933
0.8258095711419348
0.8249384972768157
0.8223239608393901
0.8188286886082196
0.8181486687187096
0.8157963588353039
0.8126523407168944
0.8111552706878289
0.8104050200892867
0.8081531868820607
0.8051435874007362
0.8037179898486766
0.8030036020098948
0.800859408027928
0.7979938100499298
0.7963495254959531
0.7955252230432225
0.7930508764136077
0.7897425354027492
0.7882177965724395
0.7874534960998253
0.7851592929506128
0.782092143924512
0.7804414983319619
0.7796138404203083
0.7771292662349852
0.773806459820718
0.7722723082980906
0.7715031219460098
0.7691941150697116
0.7661064064004223
0.764496781156054
0.7636895550166302
0.7612662121854162
0.7580246935571117
0.7564211259743853
0.7556168322186461
0.753202228559861
0.7499719700923132
0.7483106429770123
0.7474771604335066
0.7449747885197877
0.7416261675773588
0.7399837260623802
0.7391596120541308
0.7366853176089873
0.7333738696813441
0.7317274828249909
0.7309012469893718
0.7284205090309179
0.7250998663973415
0.723425803345078
0.7225854855240559
0.720062364901886
0.716684208922438
0.7149867069886325
0.7141344322128222
0.7115753137977403
0.7081482056229697
0.7064535196427457
0.7056025262150167
0.7030471994914876
0.6996246838677135
0.6979087804085822
0.6970469616424226
0.6944590442763139
0.6909922113894096
0.6892632602610229
0.6883947476288392
0.6857866615046813
0.6822922840580429
0.680565014438823
0.6796972638705976
0.6770914269081368
0.6735997785979279
0.6718390856103403
0.6709544073053152
0.6682976502760902
0.6647372277070652
0.6629590397491255
0.6620655036739764
0.6593820904019816
0.6557856953973038
0.6540069639953497
0.6531131738156524
0.6504289756952674
0.6468316146656565
0.6450322340262135
0.6441280887473507
0.6414127460378202
0.6377736902081973
0.6359724670487298
0.6350675152297323
0.6323497397381527
0.6287078551389667
0.6268804526996075
0.6259624735206626
0.6232055300800569
0.6195115495407537
0.6176708209603559
0.6167463692624634
0.6139699678093021
0.610250665593591
0.6084011802599528
0.6074726343245194
0.6046839271968324
0.6009491626566008
0.5990984466100614
0.5981696710356226
0.5953802770530133
0.5916458998511891
0.5897790772315806
0.5888426554533301
0.58603027591573
0.582266547151956
0.5803964102174457
0.5794588582792355
0.5766430788155661
0.5728765495727274
0.5710035149897327
0.570065116125564
0.5672467816881992
0.5634788000019564
0.5616088449461302
0.5606726679684751
0.5578609953700613
0.5541041104127815
0.5522407927090633
0.5513086808310391
0.5485091998192116
0.5447709759605024
0.5429178136770584
0.5419915793421392
0.5392097248506029
0.5354975609531704
0.5336524331837758
0.5327310656927261
0.529963782754115
0.5262737203257417
0.5244443416711082
0.5235317321724864
0.5207907007611201
0.5171384123805602
0.5153263675671366
0.514423337491443
0.511711006779743
0.5080998139332783
0.5063121178693892
0.5054221748209405
0.5027490691850441
0.49919298856258354
0.4974293334844193
0.4965523394568081
0.49391802048051303
0.4904164719177833
0.4886811712925562
0.48781927203176106
0.4852301672234009
0.48179165807240903
0.48008787094667793
0.4792426308259018
0.4767034190215493
0.4733341081811588
0.47166604113923627
0.47083953127368017
0.46835641551531343
0.4650644471244234
0.46343381633427094
0.46262687725786117
0.4602023589109183
0.4569909786067451
0.4554007373429279
0.45461481544302024
0.45225321807474594
0.44912806820638307
0.4475806672645144
0.4468169615297102
0.4445218640990568
0.4414876054447268
0.43998506762984424
0.4392445702229697
0.43701892834872536
0.43407941072729833
0.4326235604538333
0.43190717178322063
0.42975366318106134
0.42691238603894377
0.4255054344732585
0.4248142477645136
0.4227361286645767
0.4199973602992442
0.41864080417660726
0.4179755731691373
0.41597507414650386
0.413341760304754
0.4120376374408709
0.41139938353176725
0.4094795377146936
0.4069556816628397
0.40570636236828395
0.4050962695282691
0.4032605965990393
0.40085083437650526
0.39965444008760354
0.3990716766076665
0.397317605568148
0.3950187317823644
0.3938799675286699
0.3933268476111073
0.3916612935475806
0.38948235091595806
0.38840375740089916
0.3878815554135101
0.3863082923831057
0.3842542397011412
0.3832368917048024
0.38274619391769804
0.38126690744649183
0.3793400215805445
0.37838573945557974
0.3779274879001851
0.37654492852699845
0.374748845288315
0.373859162150122
0.3734341705877056
0.372150687576831
0.3704885296177521
0.3696652039148428
0.36927439779296223
0.3680926639385795
0.36656796229666544
0.36581312080509465
0.3654575981257707
0.3643807959135209
0.36299771089232713
0.3623132934916338
0.3619940739745162
0.3610251298043199
0.3597874940923133
0.3591756681911379
0.35889388009827006
0.35803603232108117
0.3569480555324164
0.3564108549492964
0.35616758007223054
0.35542389926200046
0.35448958535208186
0.35402921953713473
0.3538256304730073
0.3531994369972639
0.3524230950895344
0.3520418068240353
0.35187911076447215
0.35137379484001474
0.3507598275489387
0.3504599717901252
0.3503394492636182
0.34995858284228887
0.3495116255494254
0.34929567883546697
0.34921869609373685
0.3489660594857322
0.34869102175477473
0.3485616329753368
0.3485296736622611
0.34840933856413475
0.34831151370657654
0.3482715659121977
0.34828627089138914
0.3483027032571383
0.3483879044809336
0.34844060764670065
0.3485038472644563
0.3486620894237287
0.34893691341318467
0.34908601293555963
0.3492000126724835
0.349506019711156
0.3499782911266214
0.3502284484197686
0.35039604926778245
0.3508573725323385
0.3515371031191919
0.35189475625489075
0.3521199749219838
0.352747253107449
0.35364870169024404
0.354124190688006
0.3544136172196533
0.355224294451014
0.3563711268464619
0.35698531032597397
0.35735251948196955
0.3583825453131743
0.3598241202744286
0.3606408272390611
0.3611286776205932
0.3624911267333628
0.3643844210594216
0.3654724753249161
0.36612572430121376
0.36793593015874865
0.3704324280910149
0.37123203037049846
0.3731998742888175
0.37322572281673344
0.37368908905164433
0.3750071581279615
0.3767920785841008
0.37707322670616145
0.37750570904637937
0.378741717135755
0.38040819030272743
0.3811533363949688
0.3815570683533701
0.38271527490106505
0.38427127243641857
0.3849777333723057
0.3853574635799572
0.3864497696365444
0.3879132928846819
0.388580830273914
0.38893729866802057
0.3899650127868961
0.39133908169122084
0.39196407331951955
0.3922958826487202
0.39325458997455315
0.39453426810628917
0.3951129026717997
0.39541845683229554
0.3963032846639428
0.39748287730186793
0.39801066696167126
0.39828793161916365
0.39909281682361886
0.4001649205205765
0.40032656434709174
0.4005730954666888
0.4012908467628608
0.4022465047942973
0.4022668334243501
0.40247677908847573
0.40309033729802224
0.4039072123553674
0.4043501399614138
0.4045812255388165
0.4052545067506998
0.4061503199313127
0.4066300874441019
0.406881414741953
0.4076113867394277
0.4085820145728619
0.4090998867169281
0.40937244532044226
0.4101613637503393
0.41120977255780555
0.41178113946749323
0.4120839378292062
0.41295621922471437
0.4141147553847771
0.4147700799148637
0.41512124130103534
0.4161255119563005
0.4174584999415457
0.4182361239403489
0.41865985592861693
0.41985893275107183
0.42144934166413855
0.42240402330199917
0.42293753148544394
0.42442434928465655
0.42639436746778026
0.427486421538852
0.42811013053004915
0.42982580984412216
0.4320975438327217
0.4334120304657443
0.4341892921565384
0.436285038451712
0.43905204690698313
0.4407392698834211
0.44179433890626
0.4445489251547534
0.44815510340381753
0.4502695615147086
0.45167743052270615
0.45521672349421644
0.4597793910066987
0.4627844856339067
0.46511532032075986
0.47053930905705843
0.4771991518187498
0.4806480921487107
0.4857283920356016
0.4881583405139074
0.48989230814465595
0.49400816571112377
0.499158750208308
0.5021444164756834
0.5046525281358306
0.5102090529361611
0.5168163683146055
0.5202358427865185
0.5233586315309177
0.5299217882056048
0.5373372804346455
0.5408192755989061
0.5439065237812356
0.5502757781552093
0.5573804238704743
0.5607089620862751
0.5637381206277858
0.5698741487051551
0.5766308361281746
0.5797916785783745
0.5827638072453003
0.5886638045842344
0.5950664724315227
0.598052830539613
0.6009676603485437
0.606627796895344
0.6126743949763669
0.6154842513420467
0.6183431146993722
0.6237667802556881
0.6294666437680857
0.6321049298200332
0.6349117062238716
0.6401110092878678
0.6454843084075534
0.6479614696281403
0.6507219068802506
0.6557149266723126
0.6607882240378861
0.6631175453794188
0.6658381377613114
0.6706452781289463
0.6754468412872051
0.6776420756950887
0.6803291222936507
0.6849702169891214
0.6895266380343343
0.6916004545859874
0.694259480699883
0.6987520660410215
0.7030864147415063
0.7050496308504637
0.7076851365538585
0.7120437221656349
0.7161748986825675
0.7180362713600253
0.7206517040569701
0.7248877101730927
0.7288305538504991
0.7305968997290646
0.733194752424674
0.7373168143388057
0.7410826032245039
0.7427590753304993
0.7453410398146393
0.7493554685583128
0.7529525646642637
0.7545429775015409
0.75711010911884
0.7610213811484478
0.7644558795485606
0.7659630229754069
0.7685158940511727
0.7723271035616137
0.7756034149498169
0.7770293292891768
0.7795681612808849
0.7832814070761268
0.7864027470390801
0.7877489504953221
0.7902737223377925
0.7938904227979012
0.7968592049148174
0.7981268741262671
0.8006374079720743
0.8041585484782021
0.8069766898152502
0.8081667987880288
0.8106628259071347
0.8140891475663412
0.8167582994998142
0.8178717236287872
0.8203529335955694
0.8236850731747429
0.8262067911168658
0.8272443829875878
0.8297104590212787
0.8329490493609868
0.8353249138761553
0.8362875568918471
0.8387381996487515
0.8418839384613556
0.8441156385727381
0.845004722609435
0.8474386237642674
0.8504912576597116
0.8525806429937595
0.8533958676562222
0.8558146334464802
0.8587769976015922
0.8607261688859491
0.8614701356717268
0.8638725879258125
0.8667447529825804
0.8685559562800443
0.86922934816922
0.8716153752094543
0.8743986231512089
0.8760743580321658
0.8766785300668336
0.87904809446625
0.8817438842884183
0.8832868558082053
0.8838232700475778
0.8861763955812655
0.8887863436474573
0.8901994492575469
0.890669660396815
0.8930064293051588
0.895532297902878
0.8968186100555587
0.8972242558935423
0.899544805286483
0.9019884888364668
0.9031512348258663
0.9034940256620825
0.9057985433287916
0.9081620531256095
0.9092045934041519
0.9094863008887024
0.9117750206589699
0.9140604687985039
0.9149862746472669
0.9152087204379172
0.9174819173662659
0.9196915005032726
0.920504131726111
0.920669176332046
0.9229271618007158
0.9250631450458632
0.9257662283357924
0.9258757601582246
0.9281188771709208
0.9301835787090244
0.9307807867121157
0.9308367120229304
0.9330653303512002
0.9350611064822922
0.9355561383594503
0.9355603712660587
0.9377748833161674
0.9397041148508124
0.9401006778872592
0.9400551318100474
0.9422559481465262
0.9441210273926826
0.9444228202595444
0.9443293996265038
0.9465169451343175
0.9483202640823462
0.9485309618596034
0.948391554498142
0.9505662648715725
0.9523102046942209
0.9524334448186481
0.9522499158580455
0.954412234003209
0.9560991552720493
0.956138525538267
0.9559127109318365
0.9580630846093828
0.9596953189848544
0.9596543470866132
0.9593880490529407
0.9615269274250493
0.9631067702521829
0.9629889136773804
0.9626838966663007
0.9648117280638362
0.966341431283764
0.9661500709149702
0.9658080563978152
0.9679252867190173
0.969407054391236
0.9691454861100103
0.9687681518386343
0.9708752215018548
0.9723112035999814
0.9719826349176661
0.971571609939963
0.9736689532837225
0.9750612431628417
0.9746687869991246
0.9742256504335258
0.976313695063422
0.9776643268559873
0.9772109978363659
0.9767372806937473
0.9788164430913888
0.9801273867883376
0.9796161009170805
0.9791132790447353
0.9811839677927591
0.9824571300580656
0.9818907020933355
0.981360199068166
0.9834228116961137
0.9846600344610288
0.9840411737056427
0.9834843642232868
0.985539284910878
0.9867423409264796
0.9860736608296288
0.9854918610411927
0.9875394626858329
0.9887100600168265
0.9879940658564915
0.9873885428996354
0.9894291867719263
0.9905689652257105
0.9898080662309005
0.9891800289750673
0.9912140662715672
0.9923246036994584
0.9915210984831495
0.9908717084090304
0.9928994817353145
0.993982292101713
0.9931383839385488
0.9924687673328294
0.994490588204722
0.9955471053741929
0.9946649202862218
0.9939761228775567
0.9959923053075879
0.9970239159900566
0.996105464470118
0.9953984946724994
0.9974093484492376
0.9984173821316723
0.9974645666696905
0.9967404296244332
0.9987462158337181
0.9997319242355044
0.9987465930617662
0.9997541742474578
0.9998482759962857
0.9999220063305112
0.9999999996218613