20000.
19997.098478896
19995.647876092
19991.296699233
19985.496603496
19985.12856654
19983.992658809
19983.881878511
19983.168025544
19982.738209849
19982.523305452
19981.878606161
19981.019039546
19980.619497027
19980.419728749
19979.820435927
19979.021406871
19978.565183726
19978.337076043
19977.652768656
19976.740395357
19976.325723655
19976.118391016
19975.496406042
19974.66712295
19974.523781566
19974.331351163
19973.754071106
19972.984390391
19972.578853494
19972.376088119
19971.767804373
19970.956788277
19970.508431267
19970.28425652
19969.611747412
19968.715103918
19968.220744937
19967.973570018
19967.232063654
19966.243431434
19966.136846227
19965.571780192
19964.818383763
19964.431208164
19964.237623166
19963.656879463
19962.882580881
19962.36856488
19962.111561823
19961.340572545
19960.312633262
19959.71094579
19959.410108833
19958.507625211
19957.304377312
19956.683186779
19956.37259874
19955.440863672
19954.198618039
19953.591129222
19953.287391727
19952.376207027
19951.161358941
19950.450439156
19950.094988737
19949.02867553
19947.607013384
19946.853547893
19946.476825791
19945.346702233
19943.839970573
19943.014110322
19942.60119299
19941.362492352
19939.711011349
19939.593867405
19938.511482537
19937.068394254
19936.29598403
19935.909790112
19934.7512533
19933.206642433
19932.38398134
19931.972663495
19930.738760948
19929.093676537
19928.265052536
19927.850753425
19926.607907831
19924.950901112
19924.059690768
19923.614100511
19922.277389598
19920.495248063
19919.942978654
19919.395219359
19917.752031927
19915.561326422
19914.395544332
19913.812678834
19912.064184782
19909.733098424
19908.676020713
19908.147502865
19906.562033581
19904.448271158
19903.273514228
19902.686161719
19900.924208278
19898.575179894
19897.495923875
19896.956317776
19895.337587362
19893.179485211
19892.141575
19891.622640163
19890.065916954
19887.990475725
19886.704380942
19886.061364691
19884.132440777
19881.560833528
19880.247541815
19879.590928441
19877.621218537
19874.995242509
19874.874277211
19874.250323715
19872.378580849
19869.883198152
19868.670485418
19868.064156761
19866.2452819
19863.820374677
19862.520231838
19861.870192282
19859.920201351
19857.320511503
19855.837207361
19855.095596786
19852.87093136
19849.905098824
19848.287429613
19847.478644385
19845.052486556
19841.818071103
19840.176613161
19839.355935051
19836.894104521
19833.612139332
19833.307818059
19831.473957683
19829.029074523
19827.305584477
19826.443895566
19823.859053647
19820.413122305
19818.137516595
19816.999811632
19813.587088772
19809.037706278
19808.480858891
19805.711193869
19802.018909935
19800.337649995
19799.497073493
19796.975558213
19793.614037688
19791.882559297
19791.016876837
19788.420056765
19784.958160369
19782.898573702
19781.868860693
19778.780043392
19774.662370963
19772.631801394
19771.616594726
19768.571287611
19764.511608151
19762.176350165
19761.008824558
19757.506661749
19752.838077275
19750.678713343
19749.59911982
19746.36069347
19742.043618113
19739.924434934
19738.864928573
19735.686750838
19731.449976943
19728.949198972
19727.698928751
19723.948593653
19718.949256373
19716.390643439
19715.111461376
19711.274413308
19706.159511366
19703.145802667
19701.639121045
19697.119767655
19691.095576326
19688.226496912
19686.792113865
19682.48959192
19676.754359233
19671.790425813
19669.30892854
19661.866315103
19651.947212059
19651.860600626
19645.654522022
19641.852317656
19639.951491293
19634.250116123
19626.650857804
19622.991384788
19621.161904024
19615.67448533
19608.36031497
19607.504304709
19605.871389782
19600.973461136
19594.444793578
19591.17682668
19589.543047502
19584.642527648
19578.110408748
19573.261616503
19570.837670545
19563.567633967
19553.87845362
19549.185463559
19546.839390746
19539.802861814
19530.424764283
19524.266098812
19521.187494156
19511.954592964
19499.650851813
19491.555385809
19487.508912933
19475.374534531
19459.207117541
19452.281227218
19441.154137812
19435.135849728
19432.127404141
19423.104861677
19411.081322546
19402.84920158
19398.734450079
19386.395431129
19369.955615444
19360.553411768
19347.786972069
19341.569615219
19338.461685826
19329.140894203
19316.72016116
19309.820436281
19306.37149783
19296.028378651
19282.246173552
19275.036927133
19271.433314491
19260.626518931
19246.226885851
19239.426728148
19236.027550095
19225.833619369
19212.25011596
19205.04680485
19201.446161875
19190.648283364
19176.26055843
19168.774509998
19165.032581478
19153.811178669
19138.859529532
19129.467752157
19124.773591528
19110.698020581
19091.946707861
19083.35606799
19079.06219739
19066.186382241
19049.032146326
19040.568082441
19036.337460603
19023.651234893
19006.749419232
18995.877177047
18990.44338795
18974.151345733
18952.450364958
18941.668520295
18936.279897908
18920.123227701
18898.602444309
18897.671546142
18893.014009324
18879.048285835
18860.44338044
18850.931733038
18846.177707968
18831.922825772
18812.933088834
18801.878535657
18796.353694783
18779.788911761
18757.725242601
18746.229525442
18740.484308646
18723.259221485
18700.317066276
18689.340845825
18683.855151377
18667.407727924
18645.500352364
18631.818760685
18624.981729497
18604.485686549
18577.192713369
18561.351207291
18553.435520137
18529.708708473
18498.120155792
18495.857588193
18488.669372065
18467.121482145
18438.43002518
18420.301222085
18411.243505099
18384.09707015
18347.964079642
18343.928260937
18335.244385092
18309.217416348
18274.572256364
18253.925895346
18243.611462957
18212.703123349
18171.573449173
18150.787800232
18140.403892603
18109.287800926
18067.882691929
18044.53010355
18032.865129567
17997.915435128
17951.421192173
17929.435934174
17918.453403494
17885.546160165
17841.763829575
17821.592180428
17811.514908886
17781.317272208
17741.133385495
17719.93518268
17709.345580722
17677.614731981
17635.395359758
17616.256084334
17606.694236594
17578.039823722
17539.906472756
17516.781112764
17505.229867968
17470.621819242
17424.584167383
17388.634542029
17370.687551211
17316.957644626
17245.576211253
17207.089169639
17187.877868791
17130.372567064
17053.998008607
17015.928012724
16996.924894401
16940.042781764
16864.495981458
16854.535440577
16806.980025674
16743.781468826
16713.201202208
16697.932018172
16652.208116941
16591.437626359
16558.018975958
16541.33490007
16491.383473702
16425.016144391
16386.497800655
16367.272514152
16309.73188687
16233.32560729
16194.283668812
16174.79792391
16116.481256425
16039.052639835
16001.843638919
15983.271520042
15927.684397575
15853.868849427
15813.644385172
15793.570439343
15733.501367492
15653.764520817
15615.360460072
15596.193774614
15538.834759642
15462.684094767
15421.729864449
15401.293442274
15340.146525746
15258.994784581
15210.082314209
15185.684904217
15112.727231757
15015.995300171
14959.522187908
14931.365325053
14847.212323493
14735.745647192
14679.911943848
14596.594457046
14551.772527203
14529.413200268
14462.541147206
14373.856943365
14322.894827713
14297.481564881
14221.512006383
14120.846821896
14059.61392971
14029.097126077
13937.943570617
13817.326146907
13749.649759891
13715.935968527
13615.28978129
13482.242767571
13414.2620123
13380.400281201
13279.327095028
13145.74951155
13070.962957173
13033.729377405
12922.663811157
12776.047238165
12759.116732402
12722.033364125
12611.428691999
12465.450171517
12395.419878593
12360.552403013
12256.537357691
12119.210939282
12050.712061873
12016.607943386
11914.87359932
11780.566354812
11696.868786772
11655.243257178
11531.253361899
11367.982896294
11367.738562984
11250.213817017
11095.402032197
10992.385430886
10941.236359682
10789.212750566
10589.795340745
10581.889207107
10436.503929413
10368.814184819
10335.134123346
10234.748922626
10102.417093646
10029.877606418
9993.8034182003
9886.3574762175
9744.8910286256
9672.5409151762
9636.5675396984
9529.4481666735
9388.4723061854
9291.9479389742
9244.0585353099
9101.8661415167
8915.6727947182
8807.401823146
8626.4723944959
8603.8800748794
8475.9505535305
8412.1355858878
8380.4084987063
8285.9434067764
8161.6442763306
8105.2769177827
8077.2393901466
7993.7073899363
7883.6736342361
7815.2033545591
7781.1915370568
7680.041633564
7547.2175108367
7525.77161737
7438.3156772887
7323.2866549714
7259.3734379421
7227.6263057886
7133.2155188362
7009.2500644633
7000.0224512679
6972.1695856656
6889.274184791
6780.2780931398
6724.4378969243
6696.690489934
6614.1333588288
6505.6382168752
6455.2278189185
6430.1692889085
6355.575841394
6257.4622428603
6208.0470498359
6183.4859816318
6110.3842741781
6014.2579050323
5967.7075702899
5944.5676882849
5875.685006962
5785.0814495122
5739.2591670306
5716.4843096679
5648.7005667715
5559.5708820847
5518.1257918003
5497.5192501888
5436.160190634
5355.4121059676
5314.5083986306
5294.1738487939
5233.6358410253
5153.9939555771
5115.6852654039
5096.6378295938
5039.919990193
4965.2768362596
4928.0554053171
4909.5494538332
4854.4475231701
4781.9390929374
4746.0408712741
4728.1929444723
4675.0508707181
4605.122727219
4570.2191815369
4552.866737072
4501.2037145109
4433.2304664583
4399.6902412609
4383.0154052262
4333.369128404
4268.0477499931
4235.7372425052
4219.6738290162
4171.8481765611
4108.9227781146
4077.9330598732
4062.5259573932
4016.6530367521
3956.2938891037
3926.6326238381
3911.885486158
3867.9755563559
3810.1947299334
3781.8230970827
3767.7166014719
3725.7120423488
3670.4335156238
3643.2035524269
3629.6644181766
3589.3481607822
3536.2888884348
3510.3201875074
3497.4074366836
3458.9534860043
3408.3384417841
3383.4185349646
3371.0269893961
3334.1239895439
3285.5476439015
3261.642284647
3249.7549084415
3214.3520988174
3167.7475732611
3144.8752875896
3133.5011484587
3099.6249607363
3055.0257273145
3033.1347133069
3022.2480990664
2989.8221447515
2947.1280759136
2926.1796077091
2915.7612780537
2884.7283224913
2843.8642269012
2823.7921986402
2813.8093721592
2784.072146608
2744.9108094861
2725.6899296982
2716.1300200407
2687.6510013626
2650.1429373043
2631.7418056368
2622.5892074568
2595.3219557527
2559.4061127408
2541.7803261681
2533.0130032295
2506.8920647606
2472.4826804923
2455.5967314001
2447.1970518816
2422.1700147746
2389.1983217109
2373.0191177123
2364.9706475569
2340.9886542196
2309.3905340262
2293.8830573946
2286.1684118793
2263.1798002405
2232.8875046261
2218.0197024081
2210.6229663256
2188.5804318944
2159.5319053403
2145.2725402968
2138.1782041108
2117.0356507486
2089.170428927
2075.4892987304
2068.6823669509
2048.395227158
2021.6548528446
2008.5228423369
2001.9888592835
1982.5141700405
1956.8422909064
1944.2313155093
1937.9563371995
1919.2526563559
1894.5949151567
1882.4781594309
1876.448871633
1858.4766272117
1834.7811163396
1823.1328712116
1817.3365087869
1800.0577598918
1777.274709224
1766.0703600718
1760.4947010273
1743.8731200414
1721.9548732918
1711.1709228203
1705.8042996045
1689.8052055142
1668.7062633616
1658.3203061992
1653.151593097
1637.7419140585
1617.4188851093
1607.409570634
1602.4281653393
1587.5763840232
1567.98791338
1558.334921153
1553.5307325918
1539.2068500737
1520.3135721499
1510.9975662357
1506.3609919354
1492.5364606301
1474.3009116291
1465.3034889787
1460.8253894993
1447.4730374057
1429.8595564961
1421.1631810354
1416.8348473233
1403.9287813055
1386.9033844724
1378.4913121841
1374.304428466
1361.8199243343
1345.3501610376
1337.2063528773
1333.1529535314
1321.0663282924
1305.1211148985
1297.2389854037
1293.3157895805
1281.6172479964
1266.1836339083
1258.5291134951
1254.7192233681
1243.358615077
1228.3709857837
1220.9263918464
1217.221031084
1206.1722848068
1191.5964732425
1184.377967756
1180.7851295569
1170.0718770918
1155.9385911361
1148.9107669215
1145.4128936223
1134.9830405668
1121.2241552769
1114.3833542157
1110.9786207675
1100.8267080169
1087.4349820075
1080.7586800932
1077.4359155749
1067.5287914938
1054.4608553491
1047.9364518651
1044.6894040147
1035.0085025197
1022.2400412427
1015.8534520105
1012.6751356949
1003.1997271483
990.70362163803
984.43815528595
981.32029673956
972.02584482412
959.77003661692
953.61107650556
950.54643315785
941.41147057892
929.36793630845
923.29686985173
920.27622477357
911.27345456689
899.40661268366
893.40419850055
890.41802991527
881.51927817441
869.79246376992
863.83647516633
860.87379222327
852.04657088511
840.41758011234
834.48076854134
831.52810798505
822.73266377504
811.14995411834
805.19821205077
802.23873727462
793.42541821816
781.82475555624
775.81050318416
772.82074851127
763.92043752132
752.21260020958
746.06065072078
743.00356912565
733.90728044126
721.95189057749
715.5163812698
712.32017084561
702.81695001539
690.34291757363
683.20358590784
679.66165507786
669.14565735934
655.37699309392
646.61449128547
642.27727200521
629.4393890561
612.72048651382
607.2959975352
595.2043372384
593.47515474867
590.82227553436
582.9345779174
572.5812110133
567.82249946672
565.45799521081
558.42339601395
549.17987591249
544.77944800656
542.59247388577
536.08408761939
527.52751699258
523.42030677172
521.37870879536
515.30157049407
507.30876426118
503.45722644642
501.54243678105
495.84165228963
488.34127637709
484.72341709977
482.92455081641
477.56790806506
470.51802976081
467.12529001867
465.43810502116
460.41302543883
453.79721215298
450.63932593251
449.0686329557
444.38932568127
438.22600852475
435.35108944498
433.92071023686
429.65770883001
424.03878502749
421.29046571042
419.92299293114
415.84714940832
410.47416449539
407.34251093762
405.78565515599
401.15069880902
395.05300603178
391.58123876852
389.85681316773
384.7289666265
377.99660300126
374.06334176976
372.11208563038
366.31917634384
358.73533780694
353.70485712864
351.2161318264
343.85453077802
334.2785272151
329.52864046427
327.17906700962
320.2303862623
311.19450033009
306.25578789475
299.46866416393
295.98783706487
294.2626249759
289.1470888931
282.46444199499
278.89061023516
277.12068663058
271.87802619052
265.04177129987
261.36217773898
259.54158190209
254.15553331791
247.14760137356
243.32864327416
241.44135055365
235.86684812313
228.63387346678
224.61945172147
222.63875097246
216.8008295664
209.25436121654
204.88800431907
202.73911155501
196.42671777617
188.3148589709
183.23563389865
180.74762827702
173.48447863488
164.25224652428
159.01726158044
156.46267310381
149.04251596444
139.69346160949
135.44473915708
133.36908498169
127.33103342072
119.70337338179
115.91727891366
114.06937747099
108.70055295033
101.9331234077
98.717692773923
97.148215661755
92.587919321525
86.838768460057
84.107821911107
82.774725904171
78.900879987285
74.016289636059
71.695425941773
70.562428313228
67.269736350494
63.117240764615
61.143804552429
60.180346578756
57.380108358121
53.848086207059
52.168957578051
51.349131370651
48.966146770408
45.959966574596
44.530005186074
43.831795981195
41.80217006509
39.241437929192
38.022396499215
37.427151279635
35.696746266951
33.513345300624
32.473025711858
31.965039354948
30.488264653912
28.62481298807
27.736259544985
27.302380154342
26.041042168656
24.449435256746
23.690094381084
23.319313975547
22.241430060848
20.881352631296
20.232268553936
19.915332297244
18.994002328911
17.831521267885
17.276658397488
17.005735537456
16.218192313784
15.22457397338
14.750292222239
14.518721065677
13.845593430167
12.996383793707
12.591039805122
12.393133582707
11.817884300492
11.092204654308
10.7458407371
10.576735944918
10.08522171515
9.4652154497127
9.1693080293252
9.0248416643844
8.6049564851353
8.0753396439438
7.8225902673337
7.6991977724231
7.340576242306
6.8882631085909
6.6724220119829
6.5670510962562
6.2608177737946
5.8746043648312
5.6903202654417
5.6003575243689
5.3389134745003
5.0092079112616
4.8518995824028
4.7751077560939
4.5519480297566
4.2705399527494
4.1362897286814
4.0707556299285
3.8803176136839
3.6401862244215
3.5256336418185
3.4697163369565
3.3072295527563
3.1023550669189
3.0046312976949
2.9569298997597
2.8183216438783
2.6435646035076
2.5602132742622
2.5195283699255
2.4013119249806
2.2522729103529
2.1811934868539
2.1464994479451
2.0456934232303
1.9186109059402
1.8580075946981
1.8284276170925
1.7424833459436
1.6341419923887
1.5824798940394
1.5572645800507
1.4840038280491
1.3916558344739
1.3476233510227
1.3261323472795
1.2636939097559
1.1849915689117
1.14746818041
1.1291544390104
1.0759483700866
1.0088862795348
0.97691492992398
0.96131122135549
0.91597961341106
0.85884515890152
0.83160859694531
0.81831595516
0.77969933873285
0.73103027726336
0.70783079128921
0.69650861667322
0.66361718274669
0.62216531666988
0.60240738108322
0.59276496578271
0.56475392511443
0.52945400114341
0.5126294208892
0.5044186942895
0.48056718543866
0.45051027501859
0.43618546970762
0.42919478904185
0.40888782599482
0.38329854400326
0.37110366970403
0.36515250820123
0.34786553805568
0.32608255676321
0.31570219929355
0.31063660187492
0.29592229459385
0.27738167572754
0.26854689189389
0.2642355891868
0.2517125416081
0.23593348489116
0.22841499980838
0.22474608673106
0.21408916807305
0.20066183156291
0.19426422309181
0.19114231950869
0.18207441855083
0.17064950819611
0.16520623634725
0.1625500603599
0.15483503235556
0.14511490575856
0.14048406982611
0.13822436637862
0.13166101277396
0.12339208589117
0.11945279783408
0.11753056826289
0.11194749141675
0.10491374963688
0.10156303823176
0.099928028966876
0.0951792401641
0.089196699721294
0.086346869677793
0.084956283058321
0.080917456067743
0.075829439659253
0.073405815244459
0.072223208096905
0.068788478607363
0.064461579885921
0.062400580730177
0.061394925111292
0.058474161447669
0.054794803859717
0.053042302632524
0.052187184192941
0.049703658050508
0.046575158297073
0.045085083534959
0.044358019519333
0.042246424223129
0.039586493639921
0.038319632561531
0.037701487509143
0.035906240480178
0.033644845438514
0.032567830278945
0.032042321224296
0.030516126201777
0.028593675328037
0.027678112683165
0.027231384248402
0.025933996926831
0.024299785508941
0.023521516054676
0.023141779160784
0.022038957608471
0.020649844800521
0.019988317447364
0.019665543822451
0.018728160795813
0.017547450417979
0.016985182412133
0.016710841134049
0.01591411884665
0.014910595268495
0.014432716225633
0.01419955118313
0.013522414777656
0.012669528028658
0.012263391570587
0.012065231920856
0.011489758811439
0.01076493054524
0.010607400915027
0.010529502673435
0.010299223583835
0.0099999997764826