0.9992054768559414
0.9991808647232554
0.9991685580815989
0.9991316380638089
0.9990824094411994
0.999076283118494
0.9990706275487143
0.9990694068319831
0.9990640007955075
0.9990614468164588
0.9990601698203694
0.9990563388298763
0.9990512308236893
0.9990483272067259
0.9990468753898895
0.9990425199367431
0.9990367126408904
0.9990338117869156
0.9990323613513941
0.9990280100422246
0.9990222082716893
0.9990191494311687
0.9990176200014925
0.9990130317095898
0.9990069139594727
0.9990037465604582
0.9990021628509573
0.9989974117194269
0.9989910768479603
0.9989814691292431
0.9989766651820112
0.9989622533224751
0.9989430372268204
0.9989400404079607
0.9989331812794021
0.9989297516696699
0.9989194628304707
0.9989057442337232
0.9989025136488825
0.9988986237154458
0.9988966787338212
0.9988908437848368
0.9988830638079282
0.9988785226180635
0.9988762520031297
0.9988694401531504
0.9988603576237629
0.9988559186010183
0.9988536990700455
0.998847040472076
0.9988381622824519
0.9988336167096425
0.9988313439031046
0.9988245254783168
0.998815434182999
0.9988100567535902
0.9988073680108487
0.998799301775793
0.9987885467076464
0.9987830023545705
0.9987802301479689
0.99877191352101
0.9987608245919312
0.998754980972305
0.9987520591294178
0.9987432935929214
0.9987316061074107
0.9987249531512261
0.9987216266305076
0.9987116470587508
0.9986983408280373
0.9986910692890376
0.9986874334686101
0.9986765259961764
0.9986619825373116
0.9986549213652822
0.998651390730911
0.9986407988172109
0.9986266761131234
0.9986200706160451
0.9986167678252543
0.9986068594434234
0.9985936481339098
0.998585421243159
0.9985813077326035
0.998568967187324
0.9985525129181073
0.9985443865104463
0.9985403232426506
0.9985281334258647
0.9985118801346934
0.9985023164310508
0.9984975344918123
0.9984831886565209
0.9984640605918778
0.9984541038497342
0.9984491253827301
0.9984341899626858
0.9984142757643555
0.9984124720790195
0.998408257338671
0.9983956131033433
0.9983787539032132
0.9983676944450457
0.9983621645985065
0.9983455750358599
0.998323455242652
0.9983103809624194
0.9983038436598115
0.9982842317216069
0.9982580819412008
0.9982566308125983
0.9982403038405
0.9982185341788588
0.9981829908004188
0.9981652179120557
0.9981118990537697
0.9980408032749085
0.998020071264443
0.998007483151067
0.9980011889435314
0.997982306292165
0.9979571289298517
0.9979444497585094
0.9979381100180409
0.9979190907675041
0.997893731267018
0.9978809764317815
0.9978745988580722
0.997855466108273
0.9978299552637666
0.9978244315383449
0.9978183687958309
0.9978001805418447
0.9977759290782892
0.9977639834815542
0.997758010545711
0.997740091711939
0.9977161994918529
0.9976718403462685
0.997649658906783
0.9975831142984225
0.9974943819099198
0.9974816453687926
0.997471162172164
0.997439712510224
0.9973977782453626
0.9973786049971406
0.9973690180194307
0.9973402570257354
0.9973019078778933
0.9972844134949205
0.9972756660086298
0.9972494234990208
0.9972144325203306
0.9971957994956319
0.9971864826485433
0.9971585320491781
0.9971212634972018
0.9971032152141914
0.9970941907614397
0.9970671173483678
0.9970310184456475
0.9970122059311392
0.9970027993358194
0.9969745794912126
0.9969369519188805
0.9969151997493121
0.9969043232115786
0.996871693520896
0.9968281857837872
0.9968066178320459
0.9967958334123638
0.9967634800770032
0.9967203408472662
0.9966961164404158
0.9966840036813961
0.9966476653114464
0.9965992123050255
0.9965731594573216
0.996560132385966
0.9965210510609505
0.9964689405236943
0.9964420139594589
0.9964285499969237
0.9963881579923363
0.9963342997404363
0.996308794526788
0.9962960413120304
0.99625778156411
0.9962067665229385
0.9961621495888349
0.9961398392341324
0.9960729078699846
0.995983659754329
0.9959397037375942
0.9959177238841461
0.9958517840285576
0.9957638581731342
0.9957211485788829
0.9956544053002964
0.9956227235604599
0.9956068817390415
0.9955593561115477
0.9954959854899855
0.9954597862722165
0.9954416854318978
0.9953873827045394
0.9953149749680203
0.9952805760336867
0.9952633754488965
0.9952117735145442
0.9951429671671925
0.9951091983563448
0.9950923128497641
0.9950416561469265
0.9949741103185349
0.9949359364398085
0.9949168481271485
0.9948595829644179
0.994783224814029
0.9947394642259173
0.9947175821112152
0.9946519354716519
0.9945644005634922
0.9945199109752405
0.99449766429076
0.994430923941202
0.9943419305529848
0.9942987180000812
0.994277109944223
0.9942122854842682
0.9941258470262236
0.9940751119429888
0.9940497419781117
0.9939736316844203
0.9938721431673457
0.9938247935820602
0.9938011166557424
0.993730085519809
0.9936353703274521
0.9935743683398848
0.9935438638454824
0.9934523497722245
0.9933303194445379
0.9932466537874496
0.9932048144050697
0.9930792952280546
0.992911914146088
0.992827200553563
0.99278483694269
0.9926577450174787
0.9924882664418898
0.992461685485835
0.9924255323486877
0.9923170721576379
0.9921724420759643
0.9921546912054098
0.9921223067825174
0.992025152863513
0.9918956012174313
0.9918289228554568
0.9917955795234316
0.9916955488440568
0.9915621606334588
0.9914956706691925
0.9914624215255092
0.9913626734266758
0.9912296620281027
0.9911556242924572
0.9911186002503244
0.9910075272980958
0.9908594127023379
0.9907888601412118
0.9907535791357877
0.9906477353730273
0.9905065946041355
0.9904300864659932
0.9903918268552172
0.9902770471281073
0.9901239890842592
0.9900454509373993
0.9900061760635531
0.9898883504693046
0.9897312305312034
0.9896293214047114
0.9895783571855394
0.989425462964737
0.9892215711003504
0.9890985911239406
0.989037086862619
0.988852571784152
0.9886065038416302
0.9885747268961884
0.9885168603532064
0.9883432586200289
0.9881117479669921
0.9879879336599435
0.9879260122989756
0.9877402458914484
0.9874925088423465
0.9874446627940608
0.98738081453609
0.9871892673056033
0.9869338193534698
0.986815624951184
0.9867565145094463
0.9865791810207554
0.9863426925001901
0.9862247824768651
0.9861658144567971
0.9859889081920543
0.9857529898022643
0.9856245230431236
0.9855602743563262
0.9853675256734323
0.9851104758342984
0.9849540190053147
0.9848757678409628
0.9846410105646457
0.984327923573828
0.984105321796578
0.9839939746416652
0.9836599254603804
0.9832143710972653
0.9831340884904802
0.9827873987705794
0.9826183738761706
0.9823610923154756
0.9822040829719918
0.982125555478677
0.9818899689947601
0.9815757766292871
0.9813704881886868
0.9812678049743059
0.9809597484853333
0.9805488753849044
0.9803165821777494
0.9802003859271982
0.9798517883597176
0.979386823434666
0.9791315995581512
0.9790039276657062
0.978620901221585
0.9781099965651786
0.9778175028228244
0.9776711774258153
0.9772321869292426
0.9766466019845881
0.9766304201673903
0.9765138248117846
0.9761640296701798
0.9756974671034064
0.975455245602208
0.975334081125251
0.9749705776934526
0.9744857244765959
0.9741400529305949
0.9739671081548867
0.9734482537825553
0.9727560751693677
0.9726989928554451
0.9724744674368752
0.9718008570724127
0.9709020838976378
0.9704597896329126
0.9702384645230036
0.9695744550489857
0.9686885040654646
0.9685193621274111
0.9679244739859986
0.967649212536876
0.9675115133342054
0.967098402192801
0.9665473541565662
0.9662698732478422
0.9661310637099906
0.9657146211882254
0.965159127352581
0.9647959149165425
0.9646141904004191
0.9640689926342594
0.9633416569269402
0.9629753863567613
0.9627921312886824
0.9622423411715255
0.9615088750826932
0.9610910649507816
0.9608820041558586
0.9602547887494737
0.9594179671177918
0.9590250540978958
0.9588284608982072
0.9582386519889545
0.9574517667169304
0.9570794054070698
0.9568931018301532
0.956334164172481
0.9555884905580369
0.9550810002216497
0.9548270284265669
0.9540650619985327
0.9530483225468033
0.9524942682814445
0.9522169727198824
0.951385024827986
0.9502748229930776
0.9497700097396972
0.949517379585194
0.9487594370525718
0.9477480709040206
0.9471794171678389
0.9468948090414634
0.9460409173588207
0.9449014130940272
0.9443446015942044
0.9440659276070879
0.9432298392925896
0.9421141169560139
0.9414963235286967
0.9411870992326373
0.9402593431335452
0.9390211823600507
0.9383668255359295
0.9380392816413292
0.9370565537929633
0.9357449651540565
0.9350311653527825
0.9346738354086817
0.9336017291684461
0.932170721519259
0.9315097278029146
0.9311788618843402
0.9301861612521947
0.9288612539083858
0.9281940293574155
0.9278600456404339
0.926857986523019
0.925520580497071
0.9247955573044578
0.9244326103141773
0.9233436388250045
0.9218901135574135
0.9211993790020777
0.9208536194091959
0.9198162182696771
0.9184316027688847
0.9176877247558344
0.9173153345265913
0.9161980190458141
0.9147066240448767
0.9137351275028606
0.9132486146282383
0.9117888220120477
0.909839639523976
0.9086997633687919
0.9081287832190572
0.9064154804988752
0.9041272356556683
0.9030937287957701
0.9025761241937552
0.9010229982104776
0.8989490206546891
0.8977005059632732
0.8970750255914347
0.8951981120600161
0.8926909714550756
0.8914629748388399
0.890847802544152
0.8890018058771366
0.886536044313727
0.885325895178651
0.8847196928397115
0.8829005972854456
0.8804708338329322
0.8787429699948263
0.8778767704940617
0.8752771331162581
0.8718021141891467
0.8712209126394296
0.8689588306243387
0.8677826818131883
0.8671935709850941
0.8654257106174229
0.8630644784590942
0.8617215357481092
0.8610487220524724
0.8590295624615959
0.8563319868053627
0.8547882363202074
0.8540145945150177
0.8516926723196425
0.8485896071242487
0.8473686245867809
0.8463004537183338
0.8430939471688594
0.8388046838346533
0.8359642812369732
0.8318144380812112
0.8293150994778072
0.8249181531143889
0.8245920221353685
0.8215839932499537
0.8199802922707133
0.8191764905671745
0.8167637102629258
0.8135382829574173
0.811964859165874
0.8111762322691778
0.8088089554414235
0.8056442892588892
0.8041210504525427
0.803357597016263
0.8010658604818466
0.7980022035466343
0.7965336156036112
0.7957975741889259
0.7935881091010254
0.7906344761320422
0.7890770441114288
0.7882963100437251
0.7859525297087304
0.7828185356918405
0.781168480314601
0.7803411074981668
0.7778571331726112
0.7745347017163638
0.7729274988475395
0.7721215782493044
0.769701974117144
0.7664654930136555
0.764813959153526
0.7639856438874384
0.7614986672160355
0.7581712944512866
0.756543425314861
0.7557269005088404
0.7532752711576626
0.7499948668613281
0.7483108596130553
0.7474659607275254
0.74492897834547
0.7415333970321666
0.7398920058125567
0.7390684260542658
0.7365954366409772
0.7332853005331834
0.7316191189416195
0.7307829265826702
0.7282719536185446
0.7249102300699101
0.7232428507868114
0.7224059187736626
0.719892650480971
0.7165273064613376
0.7148469886797578
0.7140034040466469
0.7114700704428866
0.7080772216604597
0.7063738575991036
0.7055185253383289
0.7029498125140474
0.6995088651871005
0.6977789378559588
0.6969100858201627
0.6943006677927938
0.6908044687372447
0.6890418841428683
0.6881564440929195
0.68549709776199
0.681933258241625
0.6801803526387931
0.6792997077460606
0.6766547346765883
0.6731099479115987
0.6713353341049754
0.6704436746192675
0.6677655448150233
0.6641758863664706
0.6623822228334003
0.6614809197210001
0.6587737624379509
0.6551449152376732
0.6533327509597365
0.6524221216754176
0.6496868989702869
0.6460203054063909
0.6441997499403523
0.6432849470423787
0.6405371618399496
0.6368538846198576
0.6350104966646177
0.634084283671005
0.6313021809596062
0.6275730905627649
0.6257059661276118
0.6247679486585748
0.6219503485740369
0.6181740722858643
0.6163032172013584
0.6153635596155034
0.6125410359471876
0.6087589853201518
0.6068698861927458
0.6059213383208439
0.6030720907607939
0.5992551365228914
0.5973595960516114
0.5964081819752802
0.5935503292631129
0.5897230973395733
0.5878198604745752
0.5868650212418399
0.583996882037319
0.5801573359604832
0.5782452724063558
0.5772865138769868
0.5744065994168245
0.570552968478321
0.568639887356213
0.567681208397223
0.5648015390822262
0.5609501785896374
0.559033732117167
0.5580740221020873
0.5551912498382413
0.551337864513367
0.5494263066845487
0.5484697686265319
0.5455965220175392
0.5417582081830198
0.5398514996426508
0.5388981689051365
0.5360345407202308
0.5322115651605378
0.5303141143847442
0.5293662448999875
0.5265189971007681
0.522720519865877
0.5208355840158811
0.5198948426278397
0.517068969336665
0.5133017461967163
0.5114329465592118
0.5105011702808253
0.5077021753095592
0.5039736023524205
0.5021248772985084
0.5012040484188202
0.4984378708213621
0.49475588119873776
0.49293054002166237
0.49202231626192694
0.48929391764595825
0.4856651053360477
0.4838666739165012
0.4829728095692157
0.4802874410433626
0.47671874962131916
0.474950361799652
0.47407240740732465
0.47143470662836084
0.46793223620626406
0.4661967829503335
0.4653361616327413
0.4627503825528733
0.45931970293370017
0.4576200466082983
0.4567781617178729
0.45424849861194855
0.4508950844954845
0.4492337816514059
0.44841188264926946
0.44594206659415386
0.44267077231469754
0.44105011239314024
0.4402493168510985
0.43784268164773793
0.43465783694541127
0.43307996587223985
0.43230132251482783
0.429960994014835
0.42686666001846807
0.4253335147473441
0.42457797359363625
0.42230677924846477
0.4193066350159272
0.41782000218746196
0.41708844498613334
0.41488900471340556
0.41198647031834384
0.41054801529562485
0.40984127085413896
0.4077160423379989
0.4049143399680763
0.4035256483003871
0.40284451322264214
0.40079585345889446
0.3980980877435645
0.39676068962952277
0.39610594027658425
0.39413614066769914
0.39154534287506165
0.39025563025025484
0.3896255974542164
0.38772956090985194
0.38523922515571724
0.3840070954088435
0.3834065731812218
0.3815987023115395
0.37922755734658975
0.37805645352146766
0.3774871190162652
0.3757724186696886
0.37352695082475007
0.3724086205636915
0.37186664051550306
0.37023344032691546
0.36809875269928644
0.36704109291621845
0.36653028105681007
0.3649900200367401
0.3629809144695113
0.3619836862197148
0.3615040211163578
0.36005652780265174
0.35817291282240843
0.35723799192972494
0.35679045785124514
0.35543859098616515
0.35368426602228176
0.3528133108998977
0.3523988041968049
0.35114513942509124
0.3495235625909394
0.3487187679678345
0.34833844574312456
0.3471863337494369
0.34570196103705025
0.3449654810590984
0.34462049996050065
0.3435732689100472
0.3422305552195031
0.3415644704841156
0.3412559848972935
0.34031692465565283
0.33912033131657016
0.3385270884585411
0.33825645629726886
0.3374294393546021
0.3363842223024694
0.335866701415988
0.3356355193580662
0.3349251021457085
0.3340374437134743
0.33359889839471957
0.33340898826077187
0.33282035568600404
0.33209731693725836
0.3317415087957847
0.3315949919619524
0.3311341685161433
0.3305839714450469
0.33031529033054163
0.3302146633341434
0.32988871924587515
0.32952103388615106
0.3293447082664812
0.3292929617273608
0.329110345443583
0.3289367330841618
0.328859058723804
0.32885982525222013
0.3288307619240067
0.32886523213726715
0.3288939721616278
0.3289517785738732
0.32908895485772577
0.3293489155376623
0.32949400001401524
0.3296147244446049
0.3299345219172133
0.3304425164135935
0.3307175065202866
0.3309093511841361
0.3314344676333108
0.33222189579406586
0.33264770363609536
0.3329237198754365
0.3336899540448664
0.33480678279100545
0.3354245507958743
0.33581163080263876
0.33689191341187347
0.33844134084010963
0.3394080532157402
0.3400179632017473
0.34170954133392456
0.34412148540718324
0.3443226256221225
0.34495471524348226
0.346728633420464
0.34921059748554245
0.3507253078559676
0.3528879526951239
0.35310351845163074
0.3536303308488686
0.3551388499326036
0.357203142220413
0.35758361243789505
0.35809124246498125
0.35955148784463686
0.36153877399196227
0.3624468579321759
0.3629398332080801
0.3643627807920769
0.36629099145297805
0.3671752689830115
0.36765097522138646
0.3690279362043361
0.3708876772344714
0.3717384653297199
0.37219262298344813
0.37351056463733917
0.3752859198071974
0.3760928423875309
0.37652061019410765
0.3777650552538322
0.37943785909963523
0.38018792963650794
0.3805829358698037
0.38173510061083765
0.38328119790236803
0.38344083494164677
0.38379331019182106
0.3848245778485665
0.3862066372097641
0.38686327780877183
0.3872060369030243
0.3882097034995534
0.389553691677411
0.39028182382136756
0.39066335411750014
0.3917778415806585
0.3932697567082543
0.39405079116078545
0.3944609303016653
0.3956568637979881
0.39725709295412076
0.39808448399584767
0.39851979829194667
0.39978713269808835
0.40148216244841994
0.4023568255829295
0.4028180113344629
0.4041584394572722
0.40595058843663506
0.4068824528825872
0.4073752709101843
0.4088047051673646
0.4107153605767417
0.41172738311962587
0.4122650392276945
0.41382002073281926
0.41589809874035366
0.41701219442896936
0.41760759021190164
0.4193231899599384
0.42161543069915247
0.42293414032727744
0.42364757279203324
0.42568823872700223
0.4284134738545878
0.42995056385945013
0.43079239150859766
0.43318129533888095
0.4363681607715355
0.4380653955699775
0.4390024879887989
0.4416453991805787
0.44516531996009
0.44706964206916133
0.4481332379344861
0.4511082768911711
0.45506015896270297
0.4572765249140361
0.4585371447648845
0.46201866536484154
0.4666229858244248
0.46927127778963806
0.4708178404154599
0.4750105546294842
0.48051435183796093
0.48379178781529486
0.4857882928266785
0.4910467695861973
0.49785527535862273
0.5019715195038893
0.504647447283543
0.5113956183253864
0.5199080956603421
0.5250144883381952
0.5286866520983574
0.5373730823681451
0.5477930332042444
0.552443770662365
0.5556925672388658
0.5632434135983585
0.5722322236780235
0.5765831919013442
0.5799004422506896
0.5872903911996661
0.5958270553420838
0.5999869549167159
0.6034913617565993
0.6108739260747995
0.6190221408221768
0.6227931051589706
0.6261544422036304
0.6329204145722664
0.6401583524904838
0.6434644341097905
0.6466213564312919
0.652715926193023
0.6590702302228244
0.6619636004799339
0.6649565816386439
0.6705038626452797
0.6761384514505718
0.6786958963354172
0.6815608576278152
0.6866690634620483
0.6917232239977896
0.6940091286466629
0.696775506823992
0.7015331552676956
0.7061194782142555
0.7081854735769469
0.710876577402106
0.7153537287553324
0.7195606061098456
0.721446954365028
0.7240807487234097
0.7283314743921104
0.7322267542162167
0.7339641906068505
0.7365542127363456
0.7406194130250031
0.7442542477429962
0.7458658422149423
0.7484220886786757
0.7523321849245284
0.755744572898083
0.7572474031958768
0.7597771113371662
0.7635543971019824
0.7667722106994392
0.7681787712520061
0.7706870706319301
0.7743476590369216
0.7773911189780708
0.7787104603043605
0.7812008969051144
0.7847562793550175
0.7876399169241993
0.7888785426210666
0.7913534906969719
0.7948117557842362
0.7975459367089179
0.7987084963091068
0.8011694765052411
0.8045362472940139
0.8071283371303859
0.8082181537279596
0.8106660756785248
0.8139452212318234
0.8164004658960256
0.8174199333732652
0.8198552788181088
0.8230494486486114
0.8253716329127397
0.8263225119960956
0.8287454717507031
0.8318564934094509
0.8340484286003432
0.8349320653477936
0.8373426408229729
0.8403718127680472
0.8424356943059157
0.843253179635448
0.8456512572803779
0.8485995621775977
0.8505372286150542
0.8512895133228762
0.8536749184180362
0.8565431762484342
0.8583562941948546
0.8590442705872323
0.8614168052095577
0.8642057809344644
0.8658959745215296
0.8665205331914145
0.868880001870177
0.8715904787560287
0.8731594179010609
0.8737223095697751
0.8760670071614868
0.878698413978258
0.880148152698087
0.8806479272362066
0.8829805815622073
0.88553656485025
0.8868685429153057
0.8873087636405957
0.8896277873982468
0.8921080153911473
0.8933245399124236
0.8937054674332136
0.8960107918422043
0.8984164528689708
0.8995197703463681
0.8998426165131882
0.9021342400091144
0.9044666660358833
0.9054591760567431
0.9057252402043152
0.9080032095066011
0.9102638539588264
0.9111481032168979
0.9113587554523803
0.9136231634507652
0.9158135923941955
0.9165922612903644
0.9167489348828445
0.918999917874726
0.9211217991254677
0.9217976857299163
0.9219018686362931
0.9241396029256034
0.9261946937180903
0.9267706963206778
0.9268239221049482
0.9290486202749336
0.9310387542522294
0.9315178532589913
0.9315216918999571
0.9337335988709787
0.935660672845625
0.9360459126998472
0.9360019614656417
0.938201350541265
0.9400673114414683
0.9403617829830158
0.9402716575881322
0.9424588266058294
0.9442656589180887
0.9444724825222484
0.9443378089231366
0.946513076297861
0.9482627899749291
0.9483850997104999
0.9482075061536567
0.9503712074144817
0.9520658267318838
0.9521067557425469
0.9518878655568473
0.9540403499272755
0.9556819031887578
0.9556445700749573
0.9553859952931911
0.957527622482276
0.9591181324903443
0.9590056292424027
0.958708964675805
0.960840101850274
0.9623815773101181
0.9621969584172471
0.9618637760333838
0.9639847956439164
0.9654792238185907
0.965225496475566
0.964857341625205
0.9669686182414455
0.9684179577783318
0.9680980738619784
0.9676964603359818
0.969798369157246
0.9712045446983297
0.9708213930247044
0.9703878005226791
0.9724807150130473
0.9738456117235219
0.9734020122253674
0.9729378825827257
0.9750221735402729
0.9763476331425004
0.9758463323271989
0.9753530686762555
0.9774291007193879
0.978716917149034
0.9781605834461602
0.9776395459805555
0.9797076790720131
0.9809595972752604
0.9803508161808685
0.9798033229512256
0.9818639105817045
0.983081622567537
0.9824228981528305
0.9818502251520497
0.9839036088553562
0.9850887510479921
0.9843825020565996
0.9837858736523598
0.9858323932913963
0.9869865508440687
0.9862351047082915
0.9856157108940088
0.9876556896679628
0.9887803866903365
0.9879859908883815
0.987344969056422
0.989378722641341
0.9904754290770612
0.9896402397546169
0.988978680803607
0.9910065196300979
0.9920766501065815
0.9912027362201375
0.9905216935482186
0.9925439110969996
0.9935888204380096
0.9926781704777902
0.9919786434795097
0.99399552902774
0.9950165223054621
0.9940710306499195
0.9933539893241765
0.995365814135208
0.9963641355123607
0.9953856218857717
0.9946519846701053
0.9966590132102116
0.997635852219791
0.9966260570086736
0.9958766913947015
0.9978791845488278
0.9988356888562627
0.9977962576788161
0.9970320351236439
0.9990302107821778
0.999967447922008
0.9988999959470225
0.998264822069103
1.0001193492074214
1.000964186457868
0.9999999996855959