0.9992885405737049
0.9992639504836276
0.9992516548654012
0.9992147679265851
0.9991655834293992
0.9991594625994467
0.999153812100614
0.9991525924784497
0.9991471912894988
0.9991446396006628
0.9991433637497026
0.9991395361946905
0.9991344327693615
0.999131531756466
0.999130081241693
0.9991257296948582
0.9991199276077011
0.9991170293556823
0.9991155802211681
0.9991112328151422
0.9991054362490774
0.9991023801526088
0.9991008520949916
0.9990962679193991
0.9990901556580069
0.9990869911008532
0.9990854088123179
0.9990806619438284
0.9990743327567496
0.999064733659905
0.9990599340239339
0.9990455350995052
0.9990263362537308
0.9990233421253398
0.9990164891550508
0.9990130626246192
0.9990027830239965
0.9989890767469162
0.9989858490634669
0.9989819626237089
0.9989800193889773
0.9989741896808881
0.9989664166923432
0.9989618795818547
0.9989596110066814
0.9989528052762804
0.998943730907016
0.998939295872746
0.99893707833608
0.9989304257213131
0.9989215555099485
0.9989170140222289
0.9989147432583084
0.9989079309616701
0.9988988478379058
0.9988934752422584
0.9988907889164992
0.9988827299328058
0.9988719845341055
0.998866445166141
0.9988636754522032
0.9988553663036777
0.9988442873468669
0.998838448982851
0.998835529767889
0.9988267721156596
0.9988150951436424
0.9988084481726844
0.9988051246447349
0.998795154051922
0.9987818597946087
0.9987745947994625
0.9987709622511481
0.9987600645958142
0.998745534228179
0.9987384794129189
0.9987349519571084
0.9987243695798073
0.998710259592581
0.9987036600440725
0.9987003602277208
0.9986904607698344
0.9986772613603687
0.9986690418807638
0.9986649320760203
0.9986526026491508
0.9986361632067392
0.9986280441226172
0.9986239845168241
0.9986118056869973
0.9985955670473092
0.9985860119659552
0.9985812343381838
0.9985669014386119
0.9985477906246495
0.9985378428633209
0.9985328688870746
0.9985179469407321
0.99849805071065
0.99849624865295
0.9984920377159735
0.9984794048917861
0.9984625609088839
0.9984515114344599
0.9984459865802249
0.9984294119962548
0.9984073121787059
0.9983942497075056
0.9983877183100182
0.998368124089643
0.9983419979387294
0.9983405481215744
0.9983242359061056
0.9983024859239356
0.9982669746856342
0.9982492178718109
0.9981959472554114
0.9981249158414143
0.9981042026085151
0.9980916258984518
0.9980853373931345
0.9980664718507161
0.9980413173056492
0.9980286496271122
0.9980223156336167
0.9980033136263264
0.9979779771222315
0.9979652338554807
0.9979588620665918
0.9979397466736101
0.9979142589769902
0.9979087402644756
0.9979026830242151
0.9978845112791214
0.9978602818323618
0.9978483470824493
0.9978423795705248
0.9978244770105772
0.9978006064937202
0.9977562876572181
0.9977341263792664
0.9976676422840894
0.997578990646091
0.997566265701711
0.997555792050848
0.9975243710325963
0.9974824749741352
0.9974633192000244
0.9974537409606793
0.9974250061874298
0.9973866920125829
0.9973692135882791
0.997360474082414
0.9973342555185405
0.9972992964778283
0.9972806804649684
0.9972713721250381
0.9972434470522079
0.997206212547342
0.9971881807570931
0.9971791645518853
0.9971521158861972
0.9971160499910029
0.9970972546826893
0.9970878566917319
0.9970596626653789
0.9970220695293612
0.9970003372730416
0.9969894706936246
0.9969568708848066
0.9969134030062095
0.9968918548198101
0.9968810802844643
0.9968487566089167
0.9968056569413682
0.9967814547577378
0.9967693531124313
0.9967330480922132
0.996684639572015
0.9966586106531452
0.9966455955486412
0.9966065501341289
0.9965544875006054
0.9965275856989155
0.9965141341202574
0.9964737792779405
0.9964199706003974
0.996394488872509
0.996381747402971
0.9963435229002655
0.9962925548748632
0.996247979079807
0.9962256893017937
0.9961588196970017
0.9960696539950531
0.9960257385952277
0.9960037790572009
0.9959379001763574
0.9958500556866249
0.9958073856402697
0.9957407041967923
0.9957090518232398
0.9956932246885932
0.9956457431362464
0.9955824313159328
0.9955462657038607
0.995528181671136
0.9954739293859528
0.995401588950623
0.995367222006194
0.9953500374206478
0.995298483501565
0.9952297412152228
0.9951960038603618
0.9951791340859135
0.9951285245964001
0.9950610417583442
0.9950229034976674
0.995003832999333
0.994946621301242
0.9948703344872556
0.994826614806289
0.9948047531521351
0.9947391679227338
0.9946517149608995
0.9946072670492212
0.9945850412102498
0.994518363426751
0.9944294535284054
0.9943862815423568
0.9943646937767527
0.9942999302154729
0.9942135730203701
0.9941628856670165
0.9941375395765105
0.9940615009444848
0.9939601080656785
0.9939128031335117
0.9938891485419826
0.9938181844440638
0.9937235587137402
0.9936626143895482
0.9936321387405246
0.9935407112593799
0.9934187965176584
0.9933352101891002
0.9932934104968122
0.9931680104956955
0.9930007885598964
0.9929161556140703
0.9928738323531096
0.9927468615863051
0.992577544807308
0.9925509892536387
0.9925148706716875
0.9924065142256099
0.9922620226546526
0.9922442887990054
0.9922119354202606
0.9921148746975543
0.9919854474612836
0.9919188331933962
0.9918855219250169
0.9917855875044602
0.9916523277963625
0.9915859019500683
0.9915526848819222
0.9914530330773912
0.9913201502281783
0.991246184120122
0.9912091959123633
0.9910982305474361
0.9909502595966198
0.9908797755330788
0.9908445287951904
0.9907387879117117
0.9905977844929886
0.9905213508886246
0.990483128566846
0.9903684607971726
0.9902155522396572
0.9901370908860906
0.9900978544322666
0.9899801441937018
0.9898231782849594
0.9897213691912436
0.9896704550279632
0.9895177111364399
0.989314020085965
0.9891911614296658
0.9891297178861633
0.9889453851976003
0.9886995609902686
0.9886678155685935
0.9886100064387102
0.9884365771550429
0.988205296922488
0.9880816060624977
0.9880197464841786
0.9878341656665178
0.9875866766319082
0.9875388785585547
0.987475094337819
0.9872837394774349
0.987028548618354
0.986910473390883
0.9868514225909298
0.9866742682502179
0.9864380191101807
0.9863202286470987
0.9862613204615508
0.9860845939230197
0.9858489156848236
0.9857205799321191
0.9856563968134511
0.9854638451006137
0.9852070585047529
0.9850507622291346
0.9849725914382761
0.9847380756788334
0.984425311630656
0.9842029400719235
0.9840917082236026
0.9837580057707738
0.9833129155912017
0.9832327168336168
0.9828863899379058
0.9827175423696968
0.9824605312723499
0.9823036873189117
0.9822252426203743
0.9819899049292629
0.9816760452357732
0.981470974713789
0.98136840063043
0.9810606722380455
0.9806502382340118
0.9804181940586988
0.9803021225458809
0.9799539001005773
0.9794894374506685
0.9792344902494494
0.9791069569650471
0.9787243474534668
0.9782140012835734
0.9779218285316611
0.9777756639888918
0.9773371575273196
0.9767522213867773
0.9767360575729028
0.9766195918222409
0.9762701864391492
0.975804145743161
0.9755621961120129
0.9754411678211353
0.9750780739766738
0.9745937692678416
0.974248490363942
0.9740757424261575
0.9735574806885824
0.9728660971904945
0.9728090807792089
0.9725848144296606
0.9719119848921733
0.9710142612549996
0.9705724868315775
0.970351422514415
0.9696881990012614
0.9688033043129985
0.968634365034712
0.968040192215458
0.967765263140247
0.9676277304701781
0.9672151203441558
0.9666647436239283
0.9663876021038837
0.9662489626156247
0.9658330316995175
0.9652782233916063
0.9649154611799851
0.9647339623920651
0.964189444339034
0.9634630208006795
0.9630972120321643
0.9629141885005816
0.9623650956788617
0.9616325651593873
0.9612530167882006
0.9610631142728631
0.9604933825341886
0.9597333037611006
0.9592351450188825
0.9589858460074222
0.9582379067451485
0.9572399059411949
0.9566005640098447
0.9562805339305382
0.9553203735377844
0.954038920059681
0.9531941769079258
0.9527711786120572
0.9515020592352926
0.9498077427438144
0.949194049997113
0.947990516975628
0.9477259626509433
0.9473356679865995
0.9461646708987357
0.9446015277421292
0.9441330120871386
0.9430015194423239
0.942387087507545
0.942079548750975
0.9411568589566467
0.9399254822769343
0.9391246877360037
0.9387237450622132
0.937520790066986
0.9359149438684063
0.935850609888204
0.9349395686555491
0.9337237602419374
0.9329650840233563
0.9325852633907341
0.9314456814672524
0.9299245385973829
0.928986624421461
0.9285169338796129
0.9271076740565639
0.9252260743517817
0.9243514585110728
0.9239135188471034
0.9225995295676641
0.9208453030090702
0.9197379348392529
0.9191832490162122
0.9175189104203547
0.9152962097558229
0.9138259503289864
0.9130890759385648
0.9108779387109156
0.907923450025445
0.907527545737126
0.9057199930871643
0.9033057333275065
0.9030327975742062
0.9012698799493041
0.8989153547335015
0.8977341497302745
0.8971424571051545
0.8953669988310362
0.8929957012328422
0.891877851375859
0.8913179574330466
0.889637918294882
0.8873942823258595
0.8861381917043106
0.8855089416010006
0.8836207214773458
0.8810985649479648
0.8799575450937133
0.8793860463682682
0.8776711421539368
0.8753808703259633
0.8738111288522766
0.8730244134179889
0.8706634639916492
0.8675084225358928
0.8658510503236959
0.8650203167189932
0.8625271640803996
0.8591950020610045
0.8591532376886002
0.8583209317787305
0.8558230091344127
0.8524844067856796
0.8521655044856027
0.8514378783492258
0.8492541878275222
0.8463364185795329
0.8449038063066474
0.8441859885045576
0.8420317011220558
0.8391532355905892
0.8377355258391402
0.8370251884040609
0.8348933154139109
0.8320447793327939
0.8306070306295894
0.8298866240616531
0.8277244731417982
0.8248352861405006
0.8233200378704296
0.8225606964288936
0.8202815836412158
0.8172355934577207
0.8157595330035846
0.8150198467074194
0.8127996999893915
0.8098325309391142
0.8083033050996425
0.8075368834290201
0.8052363908806967
0.8021613659313955
0.8006330523461654
0.7998670439601344
0.7975677300325092
0.7944940388364585
0.7929288121515382
0.7921442019544691
0.789788951920968
0.786639990532498
0.7851261954447233
0.7843673649282453
0.7820894817020814
0.7790439339195165
0.7774648356826063
0.776673110773308
0.774296351705279
0.7711178549878576
0.7694587809387471
0.7686267422434561
0.7661287961248016
0.7627872574757633
0.7612040654600887
0.7604100818607984
0.7580263917938767
0.7548377377430509
0.7532545052317117
0.7524603976687354
0.7500762657513352
0.7468865636621369
0.7452236386269698
0.7443893040517813
0.7418842267831277
0.7385315910956203
0.736886675007921
0.7360612680874911
0.7335829448990988
0.7302657132622811
0.7285695985811678
0.7277182658135319
0.7251619564257
0.7217393433093899
0.7200684606172789
0.7192296951762933
0.7167110875935429
0.7133386204045059
0.7116396248499711
0.7107865548052476
0.7082248890765447
0.7047939825593675
0.703081487722239
0.7022214772947535
0.6996388901557534
0.69617933856484
0.6944624663466561
0.6936001287596935
0.6910104926289066
0.6875410194770776
0.6858077209125732
0.684936995778354
0.6823220985024412
0.6788182545657861
0.6770536354103647
0.6761670244011428
0.6735043282991592
0.6699358365461653
0.6681687315018666
0.6672808177231903
0.6646141716854814
0.6610402094168882
0.6592625668600243
0.658369326115052
0.6556866391667007
0.6520910551027165
0.6502945831335208
0.6493918717997229
0.6466806926296265
0.6430468663115038
0.6412376273477859
0.6403285565955763
0.6375982459512936
0.6339389673770266
0.6321059044668804
0.6311849511847403
0.6284189084189269
0.6247120131549979
0.6228596054215859
0.6219290967861358
0.6191343240514584
0.615389470758646
0.6135344910297196
0.6126029601139398
0.609805118582663
0.6060570877172868
0.6041833589696861
0.6032427212926005
0.6004175046631787
0.5966338150862681
0.5947550792126364
0.5938123366652776
0.5909807983672518
0.5871900154281311
0.5853025416757477
0.5843558916670115
0.58151260954966
0.5777076751786804
0.5758174011703937
0.5748699054900979
0.5720240809673616
0.5682175791557286
0.5663319411988186
0.5653874029576531
0.5625504636639925
0.5587579165403084
0.5568699543348943
0.5559249452017262
0.5530865732984833
0.5492943332813169
0.5474140218123781
0.5464736018451735
0.5436489990085486
0.5398775839787284
0.5380036222765617
0.5370671936259532
0.5342545473169826
0.5305016679207345
0.5286417053020671
0.5277131341925467
0.5249240519361231
0.5212053125168472
0.5193593357821746
0.5184386521501017
0.5156732044920691
0.5119887740649153
0.5101648592373482
0.5092561088551273
0.5065264399493591
0.5028925258209841
0.5010904108608196
0.5001934809580189
0.4974992289478353
0.4939153606541078
0.49213810114930906
0.49125452127254604
0.488600261281454
0.4850725117426689
0.4833249318145058
0.4824570949709413
0.47984999837305614
0.47638784398556866
0.4746727016138458
0.47382196911241664
0.47126610416350845
0.46787488084825873
0.46619488843045764
0.46536259352939363
0.46286194371459205
0.4595468590727603
0.45790541999754936
0.45709323022423803
0.4546527847062716
0.45142035740153186
0.44981875486352824
0.44902729659763224
0.4466489114023224
0.44350153289983835
0.4419426412922106
0.4411733213998338
0.43886120047367394
0.4358043540354989
0.4342906534076562
0.4335446864072739
0.43130245431240033
0.42834086435464624
0.42687363324118255
0.42615165373125363
0.4239811872003327
0.4211173030371817
0.41969874139875
0.4190018375799627
0.41690637679035136
0.41414444512733745
0.41277619299978835
0.41210518741841334
0.4100871692086058
0.4074304007613011
0.4061140059291232
0.40546968363035324
0.4035314273629706
0.40098289375225526
0.3997208187575941
0.3991044077599059
0.39724956432063485
0.3948140673502555
0.39360521798409137
0.39301625640307347
0.39124336924007685
0.3889191242968164
0.3877659766800395
0.3872057182336416
0.38551849817195155
0.3833104134591033
0.38221894581912724
0.3816902832434831
0.38009739613999244
0.3780166867066797
0.37698406480551344
0.3764857386293397
0.3749832856435244
0.37302505845754347
0.3720545707160667
0.371588209616354
0.3701810162340503
0.3683515433224726
0.36744455183365915
0.36701088259881365
0.3657010331091114
0.36400307345610033
0.3631613059503338
0.3627612300445588
0.3615513243250239
0.359988282952245
0.35921332166482006
0.3588476808442149
0.357740120192098
0.3563151471387196
0.35560918491265786
0.3552790992799169
0.35427711830721487
0.3529943861136729
0.3523590780735492
0.35206543411395447
0.3511715332887797
0.3500342936765475
0.349471477583505
0.3492152551904294
0.3484321951175777
0.347444020105246
0.3469556969141857
0.34673795789681666
0.3460687240724739
0.3452334524580692
0.3448215158813465
0.34464329664423377
0.34409075824323737
0.34341209650138144
0.34307858122590495
0.34294100244793624
0.3425082449345347
0.34199017068245824
0.3417371978502947
0.3416414511312374
0.34133172204813983
0.34097843140668993
0.34080827449498513
0.34075566101443405
0.34057247450772915
0.3403885197256936
0.3403036620727491
0.34029563629640464
0.3402428833072673
0.34023333052765903
0.34023658529131706
0.3402748390047181
0.34035700572272864
0.34052774352638426
0.3406224846294215
0.3407091004339056
0.34093167393834645
0.34128997804044486
0.34148059347221754
0.3416183534204612
0.34198863519430517
0.34254431338381963
0.34283722154971036
0.3430302914827384
0.34355920713993143
0.34432713560500977
0.34473340352105314
0.3449891168967356
0.345695918442933
0.3467026442188332
0.34724680305193084
0.3475817989434813
0.34851013849013807
0.3498165129827382
0.35059405618091005
0.35107641651124216
0.3524030472234286
0.35425831734494256
0.35513296169688
0.35565503994003844
0.3571022753805908
0.35909907221078274
0.36010602217483995
0.36176416162432995
0.36191494325512985
0.36231670704127
0.36345734253513373
0.3650057607598693
0.3652787554155043
0.3656580854512639
0.36674052566020304
0.368204040696821
0.36886178581270146
0.3692201882252637
0.37024719960603003
0.3716312352182426
0.37225996636596254
0.37259964113307686
0.37357614975761727
0.374888888641259
0.37548385192213296
0.37580286556645315
0.3767227408640723
0.37795693914292605
0.3785131253536245
0.37880930177488537
0.37966585458865604
0.3808133373554437
0.3813251093748947
0.38159585150820774
0.3823812561125006
0.3834321932524417
0.38357186985289005
0.3838140767605244
0.3845190548548924
0.3854616254878058
0.3854638827327031
0.3856710347146917
0.38627646717373876
0.3870854581228309
0.3875218971455402
0.3877506257365861
0.3884173887788909
0.3893081361811015
0.38978174427509343
0.39003084524829523
0.3907552062945314
0.39172269230338425
0.39223116858668705
0.3924995467740275
0.3932781281966715
0.39431788491587394
0.3948701153793094
0.3951629666704125
0.39601004119033334
0.3971412660155841
0.3977604242779555
0.398091244018438
0.3990439029743651
0.40031637522281716
0.401043248024866
0.4014364055794501
0.40256070268716454
0.40406308619499826
0.4049493494214436
0.4054374683216017
0.40681942021432277
0.40866735617737554
0.409704131302332
0.4102845528769293
0.41191320651158075
0.41409260198500264
0.41530788698423265
0.416000898913796
0.41792624424786934
0.4205031396320584
0.4219969210978647
0.422872250315306
0.42526830795836423
0.42847072218780224
0.430413460477034
0.43159956387949594
0.43477284737963606
0.4389921839383983
0.44152197373062385
0.4431413512846006
0.4473525322971205
0.4528877902177014
0.45702373463254825
0.46012143679864353
0.46757997631853654
0.4769084100679625
0.4776659299978594
0.48370157718757756
0.4913306256127148
0.4950613251469902
0.49764633101479555
0.503884675850237
0.5116408641614144
0.5159349640899473
0.5192489743847629
0.5268175497676976
0.5357877749128277
0.5402532264646895
0.5438608373194754
0.5517399876373075
0.5607032440607598
0.5648748199433319
0.5683087597607762
0.5755774888837405
0.5836743374506841
0.5874254080750015
0.5906855954733028
0.5973624963024279
0.604649326367272
0.6080147644459868
0.6111232142670364
0.6172773015735186
0.6238560918056756
0.6268854616453101
0.6298669794623153
0.6355748434380384
0.6415510840535005
0.6442948349091987
0.647173400343114
0.6525085014324756
0.6579797668695325
0.6604839002403382
0.6632807614255564
0.6683078821443528
0.673358343404134
0.6756620621497965
0.6783949609776848
0.6831680976172717
0.6878669255145189
0.6900021298913468
0.6926852488034186
0.6972476204452536
0.7016496772776536
0.7036414696293675
0.7062857631676639
0.7106709144347003
0.7148185496847042
0.7166861853642091
0.7192998700538643
0.7235332008766018
0.7274584059930462
0.7292163587399827
0.7318054292543569
0.7359057712881145
0.7396322841056922
0.7412912536032761
0.7438599583776496
0.7478410100547994
0.7513861779435899
0.7529539651198702
0.7555052142567884
0.7593767614796414
0.7627530995807342
0.7642353296125499
0.766771029670832
0.7705399412639732
0.7737563887421525
0.7751570888547666
0.7776784097074245
0.7813494263894842
0.784412333740631
0.7857343843232006
0.7882419674935559
0.7918183144326697
0.7947322048393745
0.7959776854613498
0.7984718042082486
0.8019556590035525
0.8047238065255721
0.805894257457079
0.8083749381554638
0.8117677834347652
0.814392646148484
0.815489263350118
0.8179563763532984
0.8212592618894469
0.8237428019786944
0.8247665804735286
0.8272199071399261
0.8304336418208662
0.8327775585797428
0.8337293962104586
0.8361686773692908
0.8392939671876724
0.8414998635328127
0.8423806346293145
0.8448056044733779
0.847843149086526
0.8499126477384726
0.8507232541784733
0.8531336624458986
0.8560842198611441
0.8580190418027077
0.8587615199667782
0.8611548826274761
0.8640170967300274
0.8658192940967978
0.8664914077536141
0.8688717776342139
0.8716508218579283
0.8733221910376101
0.8739285314085461
0.8762936297337403
0.8789885019494996
0.8805314001305153
0.8810719615860702
0.8834216979916256
0.8860336742430243
0.8874505552069839
0.8879266553499744
0.8902610222953397
0.8927915521297434
0.894085050539593
0.894498111123209
0.8968171567535205
0.8992678303475996
0.900440751047517
0.9007922755641421
0.9030961008074919
0.9054686377213964
0.9065239391575061
0.9068155036682644
0.9091042587540866
0.911400494825328
0.9123412700627842
0.9125745132368797
0.9148483937155508
0.9170702667373867
0.9178997232250599
0.9180763359696632
0.9203355783620064
0.9224851131242674
0.9232065520408681
0.9233282670227101
0.9255731443042858
0.927652437548557
0.9282692333090257
0.9283378146120944
0.9305686317822642
0.9325798375330938
0.9330954178538229
0.9331126512207035
0.9353297407798792
0.9372750560378049
0.9376928831366229
0.937660566414681
0.9398642841883829
0.9417459356306567
0.9420694882589213
0.9419894228740093
0.944180143922269
0.9460003752884789
0.9462331323999058
0.9461071151943135
0.9482852300144309
0.9500462904765447
0.9501917162393335
0.950021532085545
0.9521874431048998
0.9538915767982502
0.9539531068579009
0.9537405222783908
0.9558946404176643
0.9575440768099418
0.9575251059695283
0.9572718631916165
0.9594146051160111
0.961011550463991
0.9609154222783768
0.9606232339162115
0.962755019289865
0.9643016492485617
0.96413164627809
0.9638021912765566
0.965923440088506
0.9674218927426202
0.9671812288692719
0.9668161479789739
0.9689272788458609
0.9703796498630801
0.9700714623556929
0.9696723566590891
0.9717737839605338
0.973182120083835
0.972809466373036
0.9723778905025344
0.9744700252524469
0.9758363228793306
0.975402172438543
0.9749396388494969
0.9770228831669394
0.978349082705842
0.9778563154102226
0.9773642877524606
0.9794390370893326
0.9807270214849927
0.9801784246617409
0.9796583164512176
0.9817249594217341
0.9829765527044068
0.9823748189151525
0.9818279994264089
0.9838869097916211
0.9851038716220871
0.9844516020836808
0.9838793810084105
0.9859309285411959
0.9871149618185769
0.9864146517074375
0.9858183010293328
0.9878628402155039
0.9890155811531366
0.9882696383621434
0.9876503732728142
0.989688246917836
0.9908112691894104
0.9900220039131256
0.989380989187691
0.9914125305191246
0.9925073485147902
0.9916769695074198
0.9910153311863648
0.9930408574626273
0.9941089165982974
0.9932395535580424
0.9925583501927402
0.9945781754403721
0.9956208700019662
0.9947145423145248
0.9940148006943993
0.9960292257807736
0.997047886940208
0.9961065302760239
0.9953892408742823
0.9973985386381984
0.9983944340107348
0.9974199013305903
0.9966859849762068
0.9986904390855497
0.9996647840945236
0.998658842476695
0.9984030386404265
0.9999106156023009
1.0006066777273708
0.9999999996488595