0.9992444295270835
0.9992198277307645
0.9992075262582881
0.99917062175211
0.999121413821086
0.9991152900740783
0.9991096368822006
0.9991084166787411
0.9991030129153986
0.9991004600102915
0.9990991835511835
0.9990953541716789
0.9990902483135782
0.9990873459177313
0.9990858947114669
0.9990815410900942
0.9990757362367371
0.9990728366028885
0.9990713867774439
0.9990670372985624
0.9990612379685415
0.9990581804147798
0.9990566516284984
0.999052065266843
0.9990459500905348
0.9990427840241441
0.999041200980972
0.9990364518484947
0.9990301196425884
0.999020515966896
0.9990157140413288
0.9990013082474082
0.99898210024068
0.9989791046834523
0.9989722484426695
0.9989688202769033
0.9989585357699176
0.9989448229501887
0.9989415937258872
0.9989377054307291
0.9989357612682688
0.9989299287768791
0.9989221520769996
0.9989176128000626
0.9989153431416262
0.9989085341612794
0.9988994554583899
0.9988950183059466
0.9988927997101571
0.9988861439178696
0.9988772694694629
0.9988727258122598
0.9988704539635596
0.9988636384124233
0.998854550948963
0.9988491757862329
0.9988464881768785
0.9988384253421785
0.9988276748082908
0.9988221327928655
0.9988193617551399
0.9988110486350161
0.9987999643821974
0.9987941232270661
0.9987912026164824
0.998782440777127
0.9987707582216713
0.9987641080721175
0.9987607829547874
0.9987508075934948
0.9987375069774245
0.9987302385070106
0.9987266042209634
0.9987157013520268
0.9987011640319851
0.9986941058408123
0.9986905766969522
0.998679989255121
0.9986658725143052
0.9986592698066681
0.9986559684106703
0.9986460642135121
0.9986328584842445
0.9986246350687753
0.9986205232959726
0.9986081879644084
0.998591740647871
0.9985836176744103
0.998579556123824
0.9985673714591122
0.998551125038407
0.9985415653779823
0.9985367854605042
0.9985224456911118
0.9985033257157663
0.9984933731849629
0.998488396823793
0.9984734677219215
0.9984535619493745
0.9984517590272797
0.9984475460704322
0.998434907186088
0.9984180551217152
0.9984070003451869
0.99840147283967
0.9983848903009177
0.9983627798748199
0.9983497111321521
0.99834317659861
0.9983235729687595
0.9982974342688411
0.9982959837552109
0.998279663702882
0.9982579032694597
0.9982223749623711
0.9982046096117796
0.9981513133753739
0.9980802477788759
0.9980595245737006
0.998046941807635
0.9980406502740181
0.998021775645483
0.9979966089827703
0.997983935200703
0.9979775981551398
0.9979585869904097
0.9979332382735291
0.9979204888630563
0.9979141140019994
0.9978949893912626
0.9978694894014011
0.9978639680266617
0.9978579078642971
0.9978397273517587
0.9978154862124498
0.9978035457020711
0.9977975753096439
0.9977796641070897
0.9977557820642097
0.9977114418205973
0.9976892698353765
0.9976227536032114
0.9975340590807033
0.9975213279775897
0.9975108492572166
0.9974794130270397
0.9974374966781426
0.9974183316239809
0.9974087487439147
0.9973800000456605
0.997341667297554
0.9973241803980109
0.9973154366539466
0.9972892053731071
0.9972542293709536
0.9972356043235423
0.9972262914656781
0.9971983528363587
0.9971611002499436
0.9971430597008109
0.9971340391155433
0.9971069773071524
0.997070893882504
0.9970520894364197
0.9970426868759049
0.9970144791381359
0.9969768677138696
0.9969551248821307
0.9969442530141055
0.9969116373357899
0.996868148289351
0.9968465896060812
0.9968358098214153
0.9968034703942945
0.9967603497162718
0.9967361357304526
0.996724028182935
0.9966877054515193
0.9966392733058146
0.9966132316789463
0.99660021021915
0.9965611457334772
0.9965090576594906
0.9964821427070375
0.9964686845516145
0.9964283099733524
0.9963744749681166
0.9963489807675319
0.9963362330604031
0.9962979898398496
0.9962469968455528
0.9962023992025806
0.9961800984968036
0.9961131960931641
0.9960239866233561
0.9959800496529041
0.995958079325864
0.9958921680628531
0.9958042803618268
0.9957615893125668
0.9956948750299975
0.9956632070607396
0.9956473721263124
0.9955998671667466
0.9955365241185441
0.9955003406593168
0.9954822477004938
0.9954279686267159
0.9953555924493828
0.9953212085159028
0.9953040154335515
0.9952524360147391
0.9951836597071672
0.9951499056468028
0.9951330275174046
0.9950823929540507
0.995014876663368
0.9949767194868151
0.9949576395277271
0.9949003994358699
0.9948240747368575
0.994780333331101
0.9947584608108474
0.994692842968
0.9946053464864584
0.9945608764413608
0.9945386395318436
0.9944719285210223
0.9943829742832195
0.9943397807530913
0.9943181822118214
0.9942533863087194
0.9941669859568185
0.9941162732552687
0.9940909144856558
0.9940148377958332
0.9939133941258251
0.9938660654794509
0.9938423990264473
0.9937713993262332
0.993676726084747
0.9936157511369026
0.9935852601687809
0.9934937867006116
0.9933718105739089
0.9932881821158343
0.9932463613450705
0.9931208980524274
0.9929535915978163
0.9928689158224064
0.9928265711325454
0.9926995360213229
0.9925301333158973
0.9925035642716075
0.9924674273381878
0.9923590157955432
0.9922144506647225
0.9921967077728475
0.9921643379072664
0.9920672276901353
0.9919377343826488
0.9918710860758486
0.9918377577791949
0.9917377722377616
0.9916044442848903
0.9915379843869865
0.9915047502842448
0.9914050473399745
0.9912720962210776
0.9911980920732097
0.991161084834615
0.9910500623324695
0.9909020150950149
0.9908314946539237
0.9907962297173049
0.9906904341969113
0.9905493578345363
0.9904728846469186
0.9904346425217706
0.9903199152939512
0.9901669273475028
0.9900884252106867
0.9900491683528225
0.9899313968513517
0.9897743491409399
0.9896724869219673
0.9896215461750768
0.9894687224468898
0.989264924748423
0.9891420016615853
0.989080525872133
0.9888960963201364
0.9886501426701523
0.9886183805068629
0.9885605408860797
0.9883870200180611
0.9881556174139495
0.9880318609937647
0.9879699686039477
0.9877842892233012
0.9875366684732313
0.9874888449213614
0.987425026691743
0.9872335696674668
0.9869782422714031
0.9868601037525563
0.9868010212780335
0.9866237717953681
0.9863873955250313
0.9862695415658385
0.9862106016033421
0.9860337796157068
0.9857979738376291
0.9856695685099179
0.9856053505692696
0.9854126942493846
0.9851557678499971
0.9849993863075015
0.984921172831784
0.9846865288072246
0.9843735932501684
0.9841510994265912
0.9840398063410357
0.9837059197469823
0.9832605830477983
0.983180339759383
0.9828338201741014
0.982664878431026
0.9824077236952552
0.9822507919059922
0.9821723032365584
0.9819368334158004
0.981622797045796
0.981417610790852
0.9813149787498081
0.9810070761106979
0.9805964089096594
0.9803642324775061
0.9802480947184533
0.9798996730516465
0.9794349436511595
0.9791798495118964
0.9790522426148526
0.9786694116766179
0.9781587689027059
0.9778664256773815
0.9777201757072134
0.9772814121814453
0.9766961314699266
0.9766799580947304
0.9765634235126269
0.9762138111339743
0.9757474932792142
0.975505399261362
0.9753842986437842
0.9750209872726145
0.9745363912578799
0.9741909038264537
0.974018051350366
0.9734994748713129
0.9728076690964462
0.972750617684987
0.9725262137466735
0.9718529695201541
0.9709546884839758
0.9705126379777536
0.9702914351559686
0.9696277942260034
0.9687423385481598
0.9685732916388892
0.9679787389175516
0.9677036333210144
0.9675660122066874
0.9671531359949261
0.9666024027432617
0.9663250809760591
0.9661863511755222
0.9657701485487373
0.9652149761609375
0.9648519748375299
0.9646703561665192
0.9641254771211477
0.9633985691338403
0.9630325151280855
0.9628493686401887
0.9622999055633109
0.961566878144098
0.9611870709373233
0.9609970386351899
0.9604269160210055
0.9596663125537728
0.9591678078415572
0.9589183351989029
0.9581698723867317
0.9571711673234119
0.9565313706822032
0.9562111121606107
0.9552502619650449
0.9539678782966574
0.9531225157021966
0.9526992057341537
0.951429143292905
0.9497335505374559
0.9491193905940377
0.947914933698437
0.9476501747312716
0.9472595777274848
0.9460876664653555
0.944523287668358
0.9440543982173354
0.942921996229736
0.9423070664384227
0.941999277628343
0.9410758330420945
0.9398434391623792
0.9390419767774529
0.9386406982204175
0.9374367274881914
0.9358295080521447
0.9357651186343634
0.9348532889706878
0.9336364182463964
0.9328770730222803
0.9324969160391166
0.9313563174479247
0.9298338012157096
0.9288950302660505
0.9284249084248613
0.9270143426762434
0.9251309735703982
0.9242555235844255
0.9238171641811649
0.9225019051314671
0.9207459623739354
0.9196698546153169
0.9191308533899467
0.9175135671504273
0.915353769408066
0.9143256366289323
0.9124535713122927
0.9115875146940966
0.9111538821559021
0.9098527886703339
0.9081158017688113
0.9067937538547272
0.9061313384693943
0.9041436234765485
0.9014882195205159
0.9013920951006261
0.8997160742829927
0.8974777567342035
0.8970077011312853
0.8962575404065724
0.8940064110794047
0.8909983585237254
0.8903797386535004
0.8880220793668566
0.8873157918583524
0.8864202742347339
0.8837327337617198
0.8801400156043112
0.8784994450724616
0.8776771032296582
0.8752091817519219
0.8719107572797204
0.8708018304993406
0.8684914500377703
0.8671321346046059
0.8664511001154073
0.8644073225218101
0.8616768805240258
0.8601070171266043
0.8593202578915149
0.8569590347008401
0.8538034647866097
0.852865391161586
0.851765723721759
0.8484647881140684
0.8440490923847348
0.8436578824393296
0.84019550331672
0.83992960965668
0.8380038104363833
0.8354311106770708
0.8340634580959935
0.8333782464215069
0.8313217429717181
0.8285739832278165
0.8270827822071461
0.8263355214251522
0.8240926555248711
0.8210951854823426
0.8196096256302728
0.8188651748358289
0.8166306903602039
0.8136442893991748
0.8118936721131821
0.8110160104863852
0.8083813697402857
0.8048583490876352
0.8045088163526054
0.8022154299589132
0.7991497086647799
0.7975151712160645
0.796695756509313
0.7942359287959583
0.7909467810731131
0.789382036484494
0.7885976284613303
0.7862428793740401
0.783094306817705
0.78142013659511
0.7805806457535013
0.7780603422342159
0.774689308564401
0.7731433953908314
0.7723682956402985
0.7700413625972324
0.7669293582437513
0.7653350774367772
0.7645355723489978
0.7621352448186888
0.7589243487234509
0.757241763646787
0.75639772057474
0.7538634868461634
0.7504723176108826
0.7488543929800764
0.7480427601937447
0.7456058389233353
0.7423448441941031
0.7406914287798462
0.7398618092063232
0.7373707601936274
0.734036530012265
0.7323829408429066
0.7315530980582147
0.7290613043942381
0.7257255355655713
0.7240407962457478
0.7231951244717657
0.7206556837529027
0.7172553113627437
0.7155527711971147
0.7146979866170273
0.7121310851270688
0.7086932339157092
0.7069834496467686
0.7061248766910266
0.7035465230091243
0.7000927499076948
0.6983950197597183
0.6975424034027489
0.6949818994588789
0.6915516989352922
0.6898310209360482
0.6889667246288652
0.6863710570349166
0.6828931299563966
0.681152963719142
0.6802787455728196
0.6776532042827731
0.674134736986747
0.6723680432974897
0.6714803733118949
0.6688143500541598
0.6652411398730986
0.663459543200579
0.6625643199812781
0.6598755565216984
0.6562716229172284
0.6544663370017543
0.6535591649374217
0.6508344511592166
0.6471821361903632
0.6453528655032058
0.6444336420181858
0.6416726759529415
0.637971742344307
0.6361279762800168
0.6352015493798265
0.6324189161528773
0.6286892142036581
0.6268393665120283
0.6259100459014781
0.6231187117263599
0.6193779182098358
0.6175137672374875
0.6165774695534619
0.6137651603679705
0.6099969589927339
0.6081196817150616
0.6071770717722071
0.6043457903040461
0.6005531127533432
0.5986686290629016
0.5977227651452001
0.594881709648016
0.5910771689594897
0.5891871093235241
0.5882388855086724
0.5853907439303134
0.5815781793128407
0.5796830980390075
0.5787328653657346
0.5758786903016259
0.5720597351759067
0.5701526825939928
0.5691970236530243
0.5663265333784193
0.5624876156549717
0.5605852136257232
0.5596325483659798
0.5567710536413287
0.5529463316382698
0.5510464196521686
0.5500957247371074
0.5472401373968335
0.5434256348487421
0.5415329516237615
0.540586655984469
0.5377442662678665
0.5339498854518587
0.5320651337284042
0.5311236385750312
0.5282956368224935
0.5245230912542279
0.5226518436359984
0.5217179731297006
0.5189128332676992
0.5151735276237345
0.5133189430521706
0.5123943034750047
0.5096168352819125
0.5059172388510964
0.5040832802093079
0.5031698659675066
0.5004260447503242
0.49677413850131047
0.49496414430935937
0.49406362751498334
0.4913584581116319
0.48776089302048686
0.48597787326184855
0.4850917531991059
0.4824297196687947
0.4788924234865828
0.47713965791670515
0.4762695583191708
0.473655518363575
0.47018488586042045
0.4684655505520182
0.46761303567000384
0.46505166779427287
0.46165383173000035
0.4599707684336782
0.4591372316624133
0.45663270027632946
0.4533130967359816
0.4516685474660082
0.4508550846776565
0.4484106587264229
0.44517353586641506
0.4435700228942077
0.44277786676260367
0.44039722641975065
0.4372473729403619
0.43568714890228416
0.43491740095697357
0.4326038310995509
0.42954551929354373
0.42803043909963456
0.42728401023238677
0.42504022055856605
0.42207697803404554
0.4206088941156865
0.4198866991229033
0.4177154090535904
0.41485078941221437
0.4134314043289951
0.4127342910995727
0.4106380157364419
0.4078753193005511
0.40650624717041184
0.4058350271404785
0.4038161680158132
0.4011585601825938
0.3998413771222284
0.3991968495757393
0.3972577669255998
0.39470836998509956
0.393441557888402
0.3928230529289678
0.39096166571887836
0.3885178756868675
0.3873081336309329
0.3867189104063112
0.3849449898220501
0.3826195247201969
0.38146821246232776
0.38090896866227403
0.3792245540572476
0.3770200994927705
0.3759261176222644
0.3753964011225529
0.37380004332513483
0.3717148227994848
0.37068056347920625
0.3701815797172213
0.3686768291943302
0.36671548850277724
0.3657430629881474
0.36527587981170606
0.3638658643666825
0.3620324804168741
0.3611225597245235
0.3606875818264723
0.35937340451847816
0.3576694793922508
0.3568238997204234
0.3564220793396415
0.3552064892220539
0.3536356121022057
0.3528564702047129
0.3524888789132262
0.35137497638620824
0.3499411606424984
0.34923000852216746
0.34889747858867814
0.34788761709632415
0.34659393920768955
0.34595237797660827
0.34565578102958266
0.34475240919520944
0.34360208259347813
0.3430320129117751
0.34277237194249077
0.34197837511971374
0.340975173105752
0.3404785385249981
0.3402569213045397
0.33957528814178756
0.33872314530324565
0.3383020436462696
0.3381196207763103
0.3375536126749664
0.3368568498346266
0.3365135713415336
0.33637164721782753
0.3359248793314281
0.33538832827525683
0.3351254953428715
0.3350255829256646
0.33470223901183666
0.33433152739474453
0.3341521901699275
0.3340960760573739
0.33390108305719846
0.333702885079802
0.3336106994750601
0.3336005532193933
0.3335398811813303
0.33352233172806506
0.33352181398078984
0.3335603559220646
0.3336414693784111
0.3338148013165677
0.33391178708478775
0.3340025810479395
0.3342352312379867
0.33461287834659165
0.3348153812486706
0.3349634085304294
0.3353611692916048
0.33596193912439487
0.33628211995458296
0.33649511210267125
0.3370789366197522
0.33793205983664604
0.3383919154597524
0.3386843092423355
0.3394930207797918
0.3406531519586451
0.3413103705170769
0.3417220376792665
0.34286151396616604
0.3444796672194716
0.3454411991311894
0.34604547333060776
0.34770879138152644
0.3500547895172752
0.35081931990007204
0.3527264989015902
0.3531432119097636
0.3544330071743617
0.35620233174904475
0.3564387709872374
0.35687215827177327
0.3581110565558218
0.35980022136025924
0.3601225163211146
0.36053739219591174
0.36172888482895216
0.36334620325059414
0.36408392626745917
0.36448424808795726
0.36563803110170195
0.367198586594879
0.3679091371830825
0.36829125670320834
0.3693960516253036
0.3708861080265551
0.3715617930286535
0.3719223168038339
0.3729677307614149
0.37437448095283987
0.37500688920599734
0.3753418991215243
0.37631615202179675
0.3776247242402536
0.3778316393948976
0.37813656571515425
0.3790259897604573
0.38021896621658546
0.38028142622242594
0.38054867644819934
0.3813309404481204
0.3823789561889876
0.3829179263952054
0.38319996650853
0.38402465056817453
0.38512907158521004
0.38571857127644116
0.3860280290610074
0.38693095389455384
0.38813984242690336
0.3887706406762746
0.3891025229716495
0.39006922439899483
0.3913630928619337
0.3920358049909932
0.3923906016511904
0.3934222384143965
0.3948026599707351
0.39552827099632815
0.39591229381943255
0.3970263916414798
0.3985169353156747
0.3993215211158437
0.39974974653243095
0.400987841804112
0.4026442628467643
0.4035756970956168
0.40407611495603746
0.40551501102225007
0.4074402597523583
0.4085671172620775
0.4091813707745686
0.41093289260985005
0.4132765088332483
0.4145648007185955
0.4152746690403652
0.41728533017851405
0.4199747539050203
0.4214424405466249
0.4222607664705553
0.4245616253985044
0.4276361740721082
0.42937524296207
0.43036255875562174
0.43310769346198097
0.4367675195938548
0.4389008061415058
0.44014343861592203
0.44354238331309304
0.4480522659164307
0.45078406179398384
0.4524397184598802
0.45685506819694793
0.46265527936760403
0.46610946410188836
0.4683065235087458
0.47397702062861274
0.4812949039778532
0.48634382361812073
0.4900169400313218
0.4988146903420619
0.5095441712902512
0.5117741126931128
0.5188569306078522
0.5275829932600054
0.5319017199393143
0.5349859376295013
0.5422061880634015
0.5508867644513004
0.5553500133727297
0.5588563340479834
0.5666328319496837
0.5755677024693548
0.5798437637691564
0.583395093072369
0.5909150473282184
0.599245712249535
0.6030842826454215
0.6064199489939358
0.6132213130978015
0.6205850889163285
0.6239665127855786
0.6271166305598121
0.6332988171746052
0.6398392670340313
0.6428339572993375
0.645833283620768
0.6515025040950446
0.6573614794833302
0.6600362338308569
0.6629159893260177
0.6681670710684681
0.6734681570143467
0.6758805350178851
0.6786670959824824
0.6835798701710334
0.6884254858671429
0.6906227373759338
0.6933374391455497
0.697976388435735
0.7024483950946038
0.7044679895636748
0.7071275241461299
0.7115431473369448
0.7157052081528266
0.7175761002489988
0.7201931781813805
0.724424078898582
0.7283246550133455
0.7300687726415366
0.7326528461000213
0.7367279548066396
0.7404032981462451
0.7420369781301808
0.7445949183520073
0.7485355453510265
0.75201237871148
0.7535476266998103
0.7560843099735117
0.7599059055677255
0.763203678363276
0.7646492154367663
0.7671680063427381
0.7708816027810205
0.7740143167001319
0.7753764187937179
0.7778795564918234
0.7814929142786899
0.784470562141803
0.785753717283902
0.7882426177155837
0.7917611178866649
0.7945907962251093
0.7957982101744233
0.7982736987790865
0.8017010265982185
0.804387783463267
0.8055217633928274
0.8079842521138482
0.8113229143711614
0.8138703875962683
0.8149326298296391
0.8173822503223922
0.8206339623769154
0.8230448547760585
0.8240366581695522
0.8264733610060921
0.8296393331718961
0.8319157623332235
0.8328381846608385
0.8352618123330445
0.8383429591493239
0.8404867116192111
0.8413406826269701
0.8437510223995883
0.8467481131521881
0.8487608262273554
0.8495472280035605
0.8519440491814193
0.8548578137668137
0.856741102830468
0.8574608257293745
0.8598439046668497
0.8626751054750051
0.8644306506973918
0.8650857301604966
0.8674526910384375
0.8702000929234349
0.8718299791060202
0.8724180871205227
0.8747728955201687
0.8774414369130681
0.8789471631635062
0.8794728661200603
0.8818132875775246
0.8844020023081586
0.8857859191289519
0.8862491563318611
0.8885751024756267
0.8910852014854543
0.8923496348282546
0.8927516562530623
0.8950631172991275
0.8974959735573969
0.8986434160184126
0.8989855699686938
0.9012825881494043
0.903639706115402
0.9046728097459029
0.9049565213172932
0.907239188471027
0.9095221943523644
0.9104437560531118
0.9106705189035991
0.9129389733958189
0.9151496033278733
0.9159625476076796
0.9161339147872907
0.9183883379147656
0.9205284248174129
0.9212357850534122
0.9213533594112435
0.923593971365408
0.9256654309984668
0.9262703301896474
0.9263357544840194
0.92856281020439
0.9305676271151657
0.9310732585957436
0.9310882058575466
0.9333019907550727
0.9352422043553501
0.9356518130108896
0.9356179771618618
0.9378188029907262
0.9396964941502473
0.9400133585102656
0.9399324454446291
0.9421206463069465
0.9439379246382882
0.9441653400054448
0.9440390593559329
0.9462149877629765
0.9479739796460798
0.9481152423875934
0.9479452997847346
0.9501093231818225
0.9518121608181274
0.9518705540237015
0.9516586442270123
0.9538111414894223
0.9554599527058237
0.955438733308731
0.9551865338211998
0.9573278921541736
0.958924791342293
0.958827178340412
0.9585363440013619
0.9606669559726474
0.9622140358489338
0.9620432001008229
0.9617153574209069
0.96383561921958
0.9653349441443553
0.9650939989470139
0.9647307433589464
0.9668410511816928
0.9682946498898228
0.9679866442649429
0.9675895348772314
0.9696902835683697
0.971100144381145
0.970728055635375
0.9702986127027343
0.9723901941993396
0.9737582606093478
0.9733249887013653
0.9728646913496962
0.9749474929839848
0.9762756594024488
0.9757840227640836
0.9752943074846759
0.9773687097632987
0.978658818171954
0.9781115507320469
0.9775938082524885
0.9796601848486728
0.9809140231026671
0.9803137702008837
0.9797693468801504
0.9818280621120967
0.9830473602219898
0.9823966798061676
0.981826870436511
0.983878282956682
0.9850647153747837
0.984366071300519
0.9837721314929171
0.985816584309414
0.9869717635689823
0.9862275317050707
0.9856106608525336
0.987648493220241
0.9887739745847484
0.9879864379461379
0.9873477958686812
0.9893793295228461
0.9904766079552977
0.9896479577795941
0.9889886505746854
0.9910142041241173
0.9920847173037882
0.9912170533561392
0.9905381470582475
0.992558022162411
0.993603145986591
0.9926984838759999
0.9920010005411295
0.9940154835210905
0.9950365360433246
0.9940968034223236
0.9933817059937811
0.9953910852506748
0.9963893318461953
0.9954163620140584
0.9946845826889021
0.9966891313135834
0.9976657817259714
0.9966613322756631
0.9959137843121452
0.9979137338002083
0.998869921221781
0.9978356965016734
0.9970731787427662
0.9990688004232853
1.0000056367974783
0.9989432068668876
0.9999852675911675
0.999987611443036
0.9999929283924095
0.9999999996693741