0.9993265787212792
0.9993019987267179
0.9992897081572235
0.9992528363685809
0.9992036720808458
0.9991975537665756
0.9991919055902374
0.9991906864693852
0.9991852875006015
0.9991827368606836
0.9991814615341927
0.999177635552632
0.9991725342253371
0.9991696344051051
0.9991681844866777
0.9991638347289346
0.999158035027361
0.9991551379670386
0.9991536894283866
0.9991493438100013
0.9991435496275858
0.9991404947878935
0.9991389673586795
0.9991343850683587
0.9991282753208038
0.9991251120652231
0.9991235304274908
0.9991187855114754
0.999112458927848
0.9991028637798238
0.9990980661184119
0.999083673118267
0.9990644821729444
0.999061489276789
0.9990546391269899
0.9990512140068792
0.9990409386375285
0.9990272380028613
0.9990240116482504
0.9990201268085989
0.9990181843739447
0.9990123570661883
0.9990045872783173
0.9990000520361849
0.9989977843952231
0.9989909814675915
0.9989819108356681
0.9989774776281213
0.9989752610048488
0.998968611130392
0.9989597445730745
0.9989552049563278
0.9989529351279274
0.998946125637985
0.9989370462567968
0.9989316758750146
0.998928990656235
0.99892093499367
0.9989101940235818
0.998904656938801
0.998901888366505
0.9988935826431065
0.9988825082536008
0.998876672296658
0.9988737542852876
0.9988650002440576
0.9988533280872275
0.9988466838575072
0.9988433617002483
0.9988333952197979
0.9988201064463103
0.9988128444482541
0.9988092133985699
0.9987983202394751
0.998783795867633
0.9987767439637785
0.9987732179637513
0.9987626399541285
0.9987485357912351
0.9987419389671767
0.9987386405131206
0.9987287451424082
0.998715551183175
0.9987073350978815
0.9987032269904028
0.9986909026557753
0.9986744700040541
0.9986663542741201
0.9986622963455278
0.9986501225477384
0.9986338906184441
0.9986243394861067
0.9986195638329919
0.9986052368579927
0.9985861339448602
0.9985761902967543
0.9985712183772798
0.9985563026019074
0.9985364146013032
0.9985346132890619
0.9985304040940342
0.9985177764961621
0.9985009394827682
0.9984898945809105
0.9984843720131564
0.9984678042894385
0.998445713620766
0.9984326565581176
0.998426127865183
0.9984065417595968
0.9983804264310219
0.9983789772145116
0.9983626717575992
0.9983409307886542
0.998305434270582
0.9982876848189214
0.9982344362973788
0.9981634343625921
0.9981427297298496
0.9981301582425228
0.9981238723488313
0.9981050146423404
0.9980798705476119
0.9980672081328003
0.9980608767714286
0.9980418826615765
0.9980165566898709
0.9980038187215081
0.9979974495820777
0.9979783421385514
0.997952865043708
0.9979473486271146
0.9979412939068972
0.9979231297229086
0.9978989103598852
0.99788698057784
0.9978810155500809
0.9978631204435784
0.9978392598668456
0.9977949594919892
0.9977728074480641
0.9977063510680607
0.9976177364139832
0.9976050167809414
0.9975945475020621
0.9975631396026905
0.9975212610428569
0.9975021132719337
0.9974925390347823
0.9974638162705656
0.9974255181134432
0.997408046998253
0.9973993111474445
0.9973731035507831
0.9973381591377541
0.9973195509163644
0.9973102464727364
0.9972823330911326
0.9972451141799424
0.9972270899434268
0.9972180775156185
0.9971910401843067
0.9971549894066594
0.9971362019788359
0.997126807928703
0.9970986257271914
0.9970610483631148
0.997039325227127
0.9970284632086513
0.9969958770858247
0.9969524274625583
0.9969308883287522
0.996920118320466
0.9968878082292144
0.9968447266812854
0.9968205346759682
0.9968084381207818
0.9967721483748602
0.9967237602295143
0.9966977422701389
0.9966847326464974
0.9966457036791305
0.9965936629857001
0.9965667725253518
0.9965533266185578
0.9965129887967077
0.9964592028244191
0.9964337318531041
0.9964209957629249
0.9963827874026736
0.9963318409106913
0.9962872839574942
0.9962650036036932
0.9961981622849565
0.996109034328856
0.9960651375317613
0.9960431872982916
0.9959773363441674
0.9958895291203125
0.9958468771870874
0.9957802240643978
0.9957485851407516
0.995732764732721
0.9956853033670177
0.995622018477982
0.9955858682574965
0.9955677919227391
0.9955135627403431
0.9954412531293256
0.9954069008364501
0.9953897235786465
0.9953381916508275
0.9952694787047934
0.9952357557569559
0.9952188931879161
0.9951683053223824
0.9951008513342751
0.99506272938688
0.9950436670476149
0.9949864798366564
0.9949102256951866
0.9948665247499506
0.994844672466858
0.9947791153637052
0.9946916999338236
0.9946472711102919
0.9946250548187031
0.9945584056908812
0.9944695340314691
0.9944263806253221
0.9944048021527966
0.9943400664835397
0.9942537465074474
0.9942030810147262
0.9941777458588573
0.994101740048405
0.9940003909726456
0.9939531064919482
0.9939294621299245
0.9938585287359367
0.9937639439799296
0.9937030260660246
0.9936725636284173
0.9935811758071664
0.9934593140047776
0.9933757640093573
0.9933339824954709
0.9932086370779499
0.9930414880325109
0.9929568920236052
0.9929145872432743
0.992787671968147
0.9926184292935291
0.9925918853743977
0.9925557826190622
0.9924474736892003
0.9923030455575371
0.9922853194948899
0.9922529803346802
0.9921559622968346
0.9920265920415551
0.9919600071294377
0.9919267105465495
0.9918268202135664
0.991693619361018
0.9916272228814651
0.9915940205042729
0.9914944128036155
0.991361588831479
0.9912876555296878
0.9912506837344904
0.9911397676458142
0.9909918624861012
0.9909214097952856
0.9908861787523471
0.9907804849888474
0.99063954447822
0.9905631450112713
0.9905249397683293
0.9904103232766039
0.9902574831857848
0.9901790570045649
0.9901398381476241
0.9900221807435162
0.9898652853823271
0.9897635221050111
0.9897126308680295
0.9895599558294432
0.9893563567546367
0.9892335536647288
0.9891721379308868
0.9889878887796375
0.9887421762067616
0.9887104452234623
0.9886526623896753
0.9884793120906091
0.9882481373943494
0.9881245030751356
0.9880626717942915
0.9878771759798953
0.9876298005401574
0.987582024440153
0.9875182695495849
0.9873270027980918
0.987071929692242
0.98695390904901
0.9868948855660902
0.9867178132784786
0.9864816737792457
0.9863639380770475
0.9863050572968655
0.9861284130764446
0.9858928448324411
0.9857645690833206
0.9857004159961853
0.985507954499668
0.985251288474713
0.985095065735936
0.9850169317578544
0.9847825266183613
0.9844699104850372
0.9842476443715644
0.9841364653362876
0.983802921693111
0.9833580441206338
0.9832778837680113
0.9829317230546861
0.982762956706305
0.9825060694880213
0.9823493012874696
0.9822708945110814
0.982035670773575
0.9817219634526975
0.9815169927433267
0.9814144686449524
0.9811068905298673
0.9806966576443766
0.9804647275328111
0.9803487131535008
0.9800006625252046
0.9795364299324556
0.9792816094570339
0.9791541396594257
0.978771721116097
0.9782616307510693
0.977969605023373
0.9778235141572155
0.9773852294000802
0.9768005904343958
0.976784434866679
0.9766680284796746
0.9763188016199553
0.9758529999598744
0.9756111748553244
0.9754902089427825
0.9751273027048705
0.9746432492339552
0.9742981501756369
0.974125492397484
0.973607502110672
0.972916482808439
0.9728594965833521
0.9726353488984589
0.9719628770136559
0.9710656341118438
0.9706240977997388
0.9704031529378584
0.9697402894322172
0.9688558785790549
0.9686870321290979
0.9680931869637689
0.9678184101329907
0.9676809537435294
0.9672685731089208
0.966718503887389
0.9664415178258171
0.9663029562295896
0.9658872596571881
0.9653327653595792
0.9649702093765038
0.9647888139851414
0.9642446072804851
0.9635186015700572
0.9631530043143028
0.9629700868304448
0.9624213133478391
0.9616892113972295
0.9613098862683888
0.9611200956925816
0.960550701079671
0.9597910748503613
0.9592932145046087
0.9590440652488968
0.9582965775456346
0.9572991841633426
0.9566602344189579
0.9563404013712867
0.9553808359351915
0.9541001847515063
0.9532559758744985
0.9528332463991794
0.9515649404278419
0.9498717247362911
0.9492584349565156
0.9480556987982973
0.9477913209830461
0.947401287094603
0.9462310785088318
0.9446690011335571
0.9442008078913953
0.9430700995905147
0.9424560970779849
0.9421487740034852
0.9412267352516579
0.9399962359570122
0.9391960174666528
0.9387953645105087
0.9375932856466781
0.9359886239507541
0.9359243377890686
0.9350139766307815
0.9337990845349939
0.9330409853831741
0.9326614548784643
0.9315227499109706
0.9300027916829198
0.9290656163074753
0.9285962976796086
0.927188163977988
0.9253080900914304
0.9244341925011085
0.9239966142283859
0.9226837184738564
0.9209309718421973
0.9198245502197154
0.9192703414347342
0.9176074495207682
0.9153867143166878
0.9139177770524415
0.91318157068657
0.910972466343204
0.9080207561090782
0.9076252296571916
0.9058194186058093
0.9034075281514884
0.9031348634161197
0.9013737117497348
0.8990215875409298
0.8978416061266122
0.8972505303554398
0.8954769435792452
0.8931081904867246
0.891991558715543
0.8914322785474564
0.8897541003038858
0.8875129914544994
0.8862583375076211
0.8856298119737183
0.8837437913620987
0.8812246281604693
0.8800849841457149
0.8795141787179285
0.8778013765061069
0.875513960778252
0.8742622448246647
0.8736352154362595
0.8717536413712116
0.869240429666817
0.867652158657773
0.86685615482212
0.8644673247290414
0.8612750141400104
0.8608996112317467
0.8601550393676533
0.8579205678558829
0.8549349457335894
0.8535686287980628
0.8528840962332612
0.8508298216140256
0.8480854085663854
0.8467269564761756
0.8460463786648488
0.8440039410304493
0.8412753228948177
0.839961681299641
0.8393035952007505
0.8373286449505064
0.8346902977950134
0.833251893034229
0.8325311696952655
0.8303681294327409
0.827477882413092
0.8257391113583943
0.8248674858186971
0.8222512690661387
0.8187536968157716
0.8180732221539557
0.8157193208413958
0.8125731305939246
0.811075007322412
0.8103242251725944
0.8080707767805261
0.8050589755195721
0.8036323170454688
0.8029173940768163
0.8007715752502104
0.7979037652053902
0.7962581893857966
0.7954332348253403
0.792956904812957
0.7896458557721976
0.7881198462100896
0.7873549045567168
0.7850587535352854
0.7819889503570664
0.7803368515963744
0.7795084600075183
0.7770216550184783
0.7736958045398211
0.7721602230994239
0.7713903154313678
0.7690791178238799
0.76598842560456
0.7643749951525458
0.7635658524985012
0.7611367247467906
0.7578873917382167
0.7562782374990064
0.7554711304503304
0.7530480465581655
0.7498063524062549
0.7482187747462237
0.7474224074509261
0.7450315221465654
0.7418325766322992
0.7402158056267759
0.7394046242637395
0.7369691621584722
0.733709855593432
0.7320736543041333
0.7312525570166639
0.728787232781722
0.7254872855186751
0.7238359678289642
0.723007119824753
0.7205184396526675
0.717186574238545
0.7155249555766476
0.7146907811454496
0.7121860322748738
0.708832046631853
0.7071227798409434
0.7062644505554083
0.7036870454533063
0.700234817068648
0.6985276241141408
0.6976702106686691
0.6950955031997123
0.6916464411954143
0.6899234123482745
0.6890579009672135
0.6864588037031897
0.6829765150206489
0.6812366188154868
0.6803625063626207
0.6777375118742845
0.6742200407363788
0.6724768040279926
0.671600944889704
0.6689706641983572
0.665445872197116
0.663661506416302
0.6627648573649628
0.6600720486084316
0.6564629478172782
0.6546706079595841
0.6537699462116381
0.6510650521030422
0.6474397462029222
0.6456355111980917
0.6447289095540819
0.6420061430803851
0.6383570078065861
0.6365361861763955
0.6356213317697542
0.6328737454852105
0.6291916144899076
0.6273711243505167
0.6264566178975854
0.623710074970492
0.6200299876418898
0.6181910259901968
0.61726744538022
0.6144936224320479
0.6107776546568844
0.6089253973379746
0.6079954254919026
0.6052023911656595
0.6014616443537499
0.5996036396002651
0.5986711561731203
0.5958705752962594
0.5921209760911763
0.5902508829741024
0.5893127704696077
0.586495268911219
0.5827244515378946
0.5808546750878565
0.5799172508826325
0.5771018178566526
0.5733355179834752
0.5714637445369644
0.5705259149352898
0.5677092560311798
0.5639432526594451
0.5620707807750683
0.5611332667246912
0.5583175406556644
0.5545549274200489
0.5526867082542277
0.5517520565869889
0.5489449088948756
0.5451961019150883
0.5433348184421231
0.5424044292597391
0.539610055441161
0.5358808148886138
0.5340303143529872
0.5331061601561985
0.5303304742836106
0.5266288213634128
0.5247946062928526
0.5238794713334753
0.5211308261307255
0.5174679853995481
0.5156499245055283
0.5147437757378664
0.5120220515198196
0.5083979245601861
0.5066010658386232
0.5057064389401292
0.5030192376383145
0.4994439738171354
0.4976724503626546
0.49679141163238355
0.4941449229813184
0.4906267459371604
0.488882987839843
0.48801674966962083
0.4854145947649938
0.4819582888264357
0.48024634793007037
0.47939691526286143
0.4768450981397332
0.4734585746694128
0.47178044924747176
0.4709488069673387
0.468450263317933
0.4651373563233358
0.4634979718863816
0.4626865375468188
0.4602485128765497
0.4570187210818865
0.4554179395679951
0.45462664324265895
0.4522488990679307
0.44910185942359554
0.44754343475177216
0.4467741149952765
0.4444621543535668
0.44140506080222713
0.4398918014627546
0.4391458319369058
0.43690375907779805
0.433941962453797
0.4324747177760889
0.4317525229590745
0.4295815830576543
0.4267167036960107
0.42529793798427773
0.4246007336512856
0.4225045520320941
0.4197413392765301
0.4183726134287078
0.41770118309197923
0.41568208035636384
0.413023593866925
0.4117068350900995
0.4110621457918773
0.4091229916328527
0.4065730195500413
0.40530984813936577
0.40469272529884776
0.40283595777620795
0.4003977379510342
0.3991895622461022
0.3986007370589256
0.3968285036236134
0.39450490883817474
0.39335325704473656
0.392793525207316
0.39110816014341043
0.38890231331784675
0.3878095066029296
0.38728004259775517
0.3856850170237099
0.383601498179407
0.3825696098698527
0.3820714695539974
0.38056988963610217
0.3786127932280948
0.3776426723536005
0.37717634451809634
0.3757695885838178
0.3739408055286171
0.3730348493342166
0.37260154867927797
0.3712931819937955
0.3695973772195076
0.36875722862944355
0.3683578227831813
0.3671503457233821
0.3655908226085729
0.3648183524451652
0.3644538202033927
0.3633500548183867
0.3619305165941627
0.3612278460013211
0.36089928331672627
0.3599023926687175
0.3586269547619814
0.35799614838224003
0.35770462999392416
0.3568176948966889
0.35569035540653743
0.35513313165474736
0.3548795969934771
0.3541052549061223
0.35312947913901666
0.3526481804291691
0.3524338493006595
0.351775574726021
0.35095583712294376
0.35055251685070854
0.3503785068262203
0.34983942119529815
0.3491797823470113
0.3488567015384483
0.34872424208470426
0.3483077698685445
0.34781266535718713
0.3475721953055066
0.3474825935204465
0.34719234587565667
0.3468664533660714
0.3467111036497627
0.346665767570003
0.3465055986879421
0.3463539187563509
0.34628640663314364
0.3462868898766887
0.34626101356167743
0.3462890260972474
0.34631237609544513
0.3463604416255097
0.34647359777517794
0.3466874843788903
0.34680519180355135
0.3469029268449859
0.34716067804037826
0.34756773715597095
0.3477841166566048
0.3479341621532427
0.3483434988734173
0.34895297956142757
0.34927391633487853
0.34947996432882966
0.3500506209109011
0.35087554761866396
0.3513103476901256
0.35157836762104927
0.3523260724217416
0.35338775840030306
0.35395469676429797
0.35429665703388485
0.35525296925325833
0.35659470803755705
0.3573464653655664
0.35779790180321436
0.3590562615238007
0.3608076940717477
0.36183645238792667
0.36245970100946445
0.3641811458367456
0.3665598961598831
0.3674899816101794
0.36941301499971313
0.36982659132321055
0.37110460448282334
0.37283673141134455
0.37309128764841176
0.3735111919197486
0.3747088487173113
0.37632453809329247
0.3770458203553718
0.3774379088200215
0.3785607692622856
0.3800698689235719
0.3807531992013368
0.381121492508386
0.3821793289278463
0.3835970530702958
0.38424318219897446
0.38458905030339685
0.38558485277450755
0.38691651932788684
0.3875217199039714
0.38784371213517815
0.38877290082056964
0.3900133589988545
0.3905737156534637
0.39087018355051567
0.39172773052274323
0.3928710805136739
0.3933821449528142
0.3936510782477063
0.3944309844188891
0.3954699072681204
0.3956265027774722
0.39586572334217807
0.3965615466888296
0.3974880763478948
0.39750870039124814
0.39771256502267677
0.3983078637543979
0.3991004778092907
0.39952375216394725
0.399744766815741
0.4003884064773112
0.4012448770538348
0.40170318828665974
0.4019434925662066
0.4026411184543701
0.4035688671872983
0.40406246298242754
0.4043224639265282
0.4050747315772952
0.40607462412581685
0.40661713194403615
0.4069048325694196
0.4077334186750662
0.408834221043501
0.4094537883083627
0.40978593333547114
0.41073582395363367
0.4119971575968739
0.41273140033499145
0.4131316162760399
0.41426441656367236
0.41576789501694045
0.4166660973137788
0.41716791477960613
0.4185676025783864
0.42042428926422354
0.42145460019546455
0.42204289663076494
0.42366329625945276
0.4258127570360633
0.427044224909413
0.4277705761583487
0.42973557225045594
0.4323384904084251
0.4339181563597575
0.4349005684104558
0.4374820706529828
0.44088287019453626
0.4428784262421429
0.4441939897759202
0.44753839425384134
0.451897950171296
0.4553955974533561
0.4583611647783342
0.46512147653711716
0.4733367471335741
0.4794392105797247
0.48213018787559925
0.4840347883455813
0.488605999242063
0.49437765075651413
0.4977405455906075
0.5004878838835055
0.5066933397874342
0.5141584449548883
0.5180205562128656
0.5213513751258552
0.5285411207624663
0.536788547897562
0.5406666351905676
0.5439402623496066
0.5508589396160648
0.5586539459924986
0.5622994810609263
0.5654762551871131
0.5720347999074031
0.5792979285251251
0.5826839650895018
0.5857618389699921
0.5919533709077172
0.5986895140498024
0.6018188380433596
0.6048031497088888
0.6106443101631145
0.6168856154990024
0.6197747622990643
0.6226754887320879
0.6281974937592263
0.6339914638931996
0.6366641317448956
0.6394934154736146
0.6447339480180375
0.6501333859520892
0.652615251255978
0.6553853730983091
0.66038234831464
0.6654381995489702
0.6677535452497015
0.6704756509474884
0.6752634384099997
0.6800207652049758
0.6821907395794446
0.6848742336506133
0.6894819217212312
0.6939782959753414
0.6960203206607993
0.6986727197846753
0.7031237453146989
0.7073891789696746
0.7093170404310687
0.7119440915426778
0.7162566389408765
0.7203143340599808
0.7221386146050431
0.724744536886064
0.7289322872839711
0.732799722360397
0.7345283531430081
0.7371161166302179
0.7411890917055296
0.744879160247876
0.746517974983929
0.7490895684291653
0.7530549324804369
0.7565769889270284
0.758130220049163
0.760686886348122
0.7645496456804911
0.7679103992530064
0.769381095263738
0.7719235276174956
0.7756871094007111
0.7788913539776178
0.7802817164565973
0.78281021613058
0.7864769309750967
0.7895281224608811
0.7908397703785903
0.7933543703646082
0.7969257725185694
0.7998264746499776
0.8010606469821617
0.8035612069426467
0.8070383688697552
0.8097905904543867
0.8109482984213799
0.8134345761870535
0.8168182937829519
0.8194237388794705
0.8205058781096773
0.8229775823418174
0.8262685250641201
0.8287287747238027
0.829736206138808
0.8321930339025357
0.8353918516564662
0.8377084926821563
0.8386420993657606
0.841083761447934
0.8441911576603992
0.846365870906099
0.847224934250817
0.8496550177360825
0.8526756859546624
0.8547102506992239
0.8555013422566018
0.8579117426249537
0.8608385758726582
0.8627349908664423
0.8634531814131793
0.8658474948708699
0.8686854761469474
0.8704460825973467
0.8710947385755922
0.8734729115337582
0.8762233599747472
0.8778506155062583
0.8784311029978945
0.8807930980305966
0.8834574486287212
0.8849540124333994
0.8854677700256185
0.8878136090071739
0.8903934502838674
0.8917621702095747
0.8922107270041358
0.8945404892018085
0.8970375529731889
0.8982814487890263
0.8986664155975916
0.9009802342477127
0.9033963823158254
0.9045186262004292
0.9048416852315517
0.9071397434695623
0.9094769527624708
0.9104808481562403
0.9107437421290042
0.9130262684601895
0.9152866153356576
0.9161755750638403
0.9163800961289209
0.9186473596871784
0.9208330039535443
0.9216105284291509
0.9217585070715258
0.9240108129431571
0.926123982208391
0.9267936380306898
0.9268869325979207
0.9291246169671896
0.9311675912573123
0.9317329908323826
0.9317734772417339
0.93399690290019
0.9359720002165455
0.9364367823884198
0.936426344683787
0.9386358967147835
0.9405454594454322
0.9409132715151206
0.9408537932254482
0.9430498746894629
0.9448962567651914
0.9451707381490047
0.9450640939775627
0.9472471221559996
0.9490326775666176
0.9492174446012727
0.9490654932306728
0.9512358962071963
0.952962968564765
0.9530616009104095
0.9528661788554482
0.9550243918738937
0.956695304669938
0.9567113336733557
0.9564742486855362
0.9586207118349613
0.9602377605390433
0.9601746581888985
0.9598976855718715
0.9620328400391333
0.9635982837554974
0.9634594544763825
0.9631443306963816
0.9652686179103139
0.9667846744071915
0.9665734457031869
0.9662218674606599
0.968335725205077
0.9698045641132967
0.9695241812860925
0.9691378003860882
0.9712416621399298
0.9726654009991261
0.972319021379041
0.9718994426239835
0.9739937359901762
0.9753744362724566
0.9749651250383652
0.9745139054664738
0.9765990492886781
0.977938712697538
0.9774694403134726
0.9769880853314935
0.9790644904864638
0.9803650583271654
0.9798386945222505
0.9793286571164374
0.9813967282793005
0.9826600800831157
0.9820793941984974
0.9815420811402992
0.983602207050557
0.9848301544923105
0.984197819076037
0.9836345837178214
0.985687139418515
0.9868814288930292
0.9862000145906079
0.9856121497888443
0.987657508832655
0.9888198229694765
0.9880918020323765
0.9874805580141475
0.9895190709597782
0.9906510262666344
0.9898787646469871
0.9892453372763262
0.9912773490531467
0.9923804999382926
0.9915662622057857
0.9909118021173254
0.992937642630027
0.994013469789559
0.9931594441093236
0.9924850347050683
0.9945050241208002
0.9955549571344237
0.9946632066258295
0.993969899906029
0.9959843505612954
0.9970097524878968
0.99608226462022
0.9953710698004453
0.9973802626405025
0.9983824302373312
0.9974211093256651
0.9966929688191363
0.9986971885464525
0.9996773663797915
0.9986840061500508
0.9996476180085939
0.9998076727515619
0.999911090389671
0.9999999996290111