0.23517327048607484
0.23518443008530066
0.23519001087858526
0.23520675366702373
0.23522908120578234
0.23523189625348176
0.2352344529342797
0.2352350165937295
0.23523745902973184
0.23523863145557083
0.2352392105715577
0.23524095139517637
0.23524326788412298
0.23524458510409046
0.2352452436919356
0.23524721946204097
0.23524986239672824
0.23525117120860467
0.23525183067629502
0.2352538130267977
0.235256434584965
0.23525783421160243
0.23525853031857563
0.23526060618082714
0.23526340798891957
0.2352648271032214
0.2352655463348771
0.2352677040376015
0.23527058103556606
0.23527494446595457
0.23527712633231507
0.2352836980939705
0.23529234373995686
0.23529375336692931
0.23529689131419787
0.2352984507454628
0.23530307320101546
0.23530942749236827
0.23531083243970816
0.23531257463814984
0.2353134582178205
0.23531610896829966
0.23531963198788744
0.23532170002515715
0.23532273057229602
0.23532582222913392
0.23532997119333462
0.23533197363609717
0.235332983073695
0.23533601140123958
0.23534002326620024
0.23534210049938076
0.23534313346456207
0.23534622620848972
0.2353503582544485
0.23535280160672956
0.2353540233948128
0.2353576741921114
0.23536259189845019
0.23536508721092378
0.23536634828104214
0.23537013151416947
0.2353751760132899
0.23537782187502068
0.23537914848499517
0.23538312834002284
0.2353884521411256
0.23539146545133197
0.23539297067572834
0.235397504420294
0.23540352552213545
0.23540684859168634
0.23540850133474406
0.23541343989217495
0.23542009224451224
0.23542327566665208
0.23542488076705714
0.2354296961047985
0.2354360755214635
0.23543910413107302
0.23544060580297374
0.23544511085097974
0.23545111784890083
0.23545485487570192
0.23545672767861342
0.23546235727794318
0.2354697786137391
0.23547350606530548
0.23547536263692537
0.23548089939047995
0.2354883263491977
0.23549265410537273
0.2354948290796
0.23550135406880154
0.23551002665261642
0.23551457289327127
0.23551683253021147
0.2355236519302727
0.23553257684053344
0.2355334978988177
0.2355354111248796
0.23554116225767296
0.2355488155985466
0.23555385875234439
0.2355563749180016
0.23556389359284738
0.23557402135022576
0.23557992339341602
0.2355828918647028
0.23559188576649415
0.23560353734760356
0.23560437942969156
0.2356118108664421
0.2356217201779299
0.23563789992879453
0.23564599187664634
0.23567036461679905
0.23570233434583945
0.2357119865296172
0.2357178046434303
0.23572067169584637
0.23572923900850704
0.23574081567512464
0.23574649887889443
0.23574939362618377
0.2357580608882194
0.23576956727026693
0.23577542402307114
0.23577833014718863
0.2357870142584965
0.23579878570228863
0.23580118412157905
0.23580395064842577
0.23581226666768568
0.23582319539214133
0.23582873781232513
0.2358314578150301
0.23583961792620906
0.23585049895683569
0.23587070220510375
0.23588082945500924
0.23591091411749254
0.2359523210699715
0.2359574542589954
0.23596222059622313
0.23597663263261937
0.2359954618288025
0.23600443099842872
0.23600879655563298
0.23602186774532988
0.23603955082248976
0.23604738317612028
0.23605138615778645
0.23606330140329201
0.23607946421402398
0.23608779147488615
0.23609205613654088
0.23610475039967005
0.2361220777725571
0.23613008011409814
0.2361341929093851
0.23614660410560756
0.2361629568207816
0.23617165487534447
0.23617594826179777
0.23618887907466507
0.23620595030925726
0.23621597022150645
0.2362209299404387
0.23623589679295123
0.23625549194201095
0.23626556334935297
0.236270471847321
0.23628531307780756
0.23630489233987959
0.23631604063632095
0.2363215866421246
0.2363381926974499
0.23636031119262815
0.2363722664643663
0.23637820576827415
0.2363962329249951
0.2364196299197385
0.23643226349946095
0.23643844037008466
0.23645689963872266
0.2364814575625287
0.2364932211720471
0.23649904025791407
0.23651663398126307
0.23653977313396032
0.23656036445601072
0.23657053947089354
0.23660142243067955
0.23664164169575835
0.23666223205361842
0.2366722971800414
0.23670226017841497
0.236743399567258
0.23676222566413255
0.2367935021191517
0.23680753383241007
0.2368147790895147
0.23683672573337378
0.23686536398693347
0.23688232194383957
0.23689062053412158
0.23691556522564902
0.2369487687384385
0.23696454182825336
0.23697245844873568
0.23699598152569382
0.23702813400353795
0.23704322383498494
0.2370509566008477
0.2370742450148438
0.23710528018001598
0.23712281693707352
0.23713158418325817
0.23715798776749755
0.23719285757806816
0.23721314390432005
0.23722316676919628
0.23725346755905602
0.2372934567209222
0.23731402953269798
0.23732429454066875
0.23735497381349377
0.23739579590192397
0.2374158208597608
0.23742575273511787
0.2374557201228545
0.23749510178947209
0.2375187712639878
0.23753047921802858
0.23756527199072164
0.2376129645935224
0.23763407036414497
0.23764501539559146
0.23767766599291462
0.237721720868784
0.23774967108399905
0.23776370685395498
0.2378059764776818
0.23786214562139493
0.23790091139916425
0.23792020570939063
0.2379782029152918
0.23805519479448295
0.2380945749784945
0.23811417718823105
0.2381729890109713
0.23825097425842132
0.2382636598225159
0.23828039050279787
0.23833096163202228
0.23839673644510043
0.23840567141604346
0.23842067156899746
0.2384656750707824
0.23852570630519396
0.23855659885423214
0.2385720727599406
0.2386186700291643
0.23867986755298895
0.23871121838523318
0.23872668189370136
0.2387731613160545
0.23883450645199666
0.23886927544987613
0.23888651250268708
0.2389383228342665
0.23900650435074514
0.23903995207781234
0.2390564294861353
0.23910550321139787
0.23917202256095127
0.23920700176735274
0.23922485295497015
0.2392783128380955
0.23934976120912546
0.2393863553396536
0.2394047014857932
0.23945944366657737
0.2395330749383292
0.2395804249249948
0.23960418702168
0.23967561070604587
0.2397704550800023
0.23982815463911733
0.23985691142388085
0.23994288099171118
0.24005934229334921
0.24007313595245416
0.24010028903257497
0.2401816118484112
0.24029000857750382
0.24034829776474206
0.24037737297771491
0.2404649215724654
0.24058001530671466
0.2406033974692549
0.2406334870187957
0.2407229672935793
0.24084512558414833
0.24089921989822802
0.24092707938791372
0.24101111077907636
0.24112110717668656
0.24117776561068094
0.24120571758421772
0.241288557292366
0.2414020083504723
0.24146130133609223
0.24149174562058814
0.24158261346502535
0.2417051772184413
0.24177852332480754
0.24181553579708406
0.24192678458772748
0.24207501761826197
0.24218068344175392
0.24223365577022965
0.24239124568785336
0.2426069585931798
0.24264144430038845
0.24280969691410967
0.24288839101426307
0.24301086645271838
0.24308607245946195
0.2431234574369586
0.24323639130022112
0.24338573573290395
0.24348462926345416
0.24353373911800158
0.24368134811478873
0.24387864033722725
0.24399018117448515
0.24404587986811302
0.24421412807639722
0.2444367765637885
0.24456043318413856
0.2446219548965533
0.24480641929538682
0.2450533106213673
0.24519446462425912
0.24526507345482698
0.2454776546596213
0.24576223009967876
0.24576926675060287
0.2458259362591039
0.2459953078402608
0.2462241256829549
0.2463406325861608
0.2463997950953255
0.2465766278295948
0.2468140194557281
0.24698249529893684
0.24706703381829642
0.24732232924934022
0.24765766680674126
0.24768852521448015
0.24779875785187855
0.2481306360397363
0.24857319589500945
0.2487920853616984
0.24890150233108116
0.24923139615326623
0.24966856507048793
0.24975369567867078
0.25005396058761153
0.2501880300076836
0.25025683925451725
0.25046227047664754
0.2507406579756635
0.2508773002911702
0.25094690477606063
0.2511554793282599
0.2514351497570949
0.25161716598488815
0.251708804265186
0.25198284917041514
0.2523525314559484
0.2525355797231304
0.2526285635299001
0.2529070403827192
0.25327924100045707
0.2534728050352008
0.2535697281108686
0.2538604184162667
0.2542497388287475
0.2545044145719769
0.2546325498561936
0.2550174262519952
0.255530969817277
0.2558619372637634
0.25602760737970703
0.2565262829579392
0.2571917752039443
0.25763330270216844
0.2578552176456257
0.25852243782854234
0.25941002166098104
0.259737645481927
0.26038060456433193
0.26051751821123104
0.26072580722066835
0.2613485898875869
0.2621934384769962
0.2624398776011309
0.2630513198482626
0.2633820746447513
0.26354883586755756
0.26404947227474224
0.26471991378433685
0.2651567019451818
0.26537647071535336
0.26603785719661904
0.2669173737742942
0.2669571206130341
0.2674619825202283
0.2681358240320653
0.26855940980253223
0.26877183261588333
0.26940966795448684
0.27026475715030834
0.2707934254674305
0.2710596209639231
0.27185990468930266
0.2729296782452205
0.2734333621877628
0.27368524474920414
0.2744427847192108
0.27545623880554226
0.2761004132848563
0.276424768070478
0.2773995895514453
0.2787078397465481
0.2795792163655277
0.2800192374121126
0.28134141597582357
0.28312312061118944
0.2834829571284985
0.28470582061021044
0.2863472670475959
0.287166165499376
0.2875784916228997
0.288817060490774
0.2904863309603236
0.29075901608419913
0.2911537931910552
0.2923406742279079
0.293935065762973
0.29492161076475887
0.29541997155040645
0.2969183131138609
0.2989370539521659
0.2999535347730784
0.300467236722977
0.3020122604210726
0.30409471577735403
0.30509341645560645
0.30559797965630514
0.3071156150101147
0.3091590909515717
0.31043941220211296
0.31108809771918133
0.31303828746460716
0.31567700286479033
0.31735323022753503
0.31982675709832187
0.32092266467366565
0.3229105088286443
0.323843886942842
0.324316133275632
0.32573480608641925
0.3276466846803208
0.32865891114102574
0.32917094497714905
0.330709747948373
0.33278318449298466
0.33397313488168506
0.33457541770095583
0.336386259596393
0.33882974450239295
0.34007111599969686
0.3406993952196535
0.34258845232178375
0.34513895618903423
0.3463866936081339
0.3470182698373599
0.34891713328356594
0.3514812791999704
0.3527199462676532
0.35334703465942946
0.3552322482059634
0.357777653555728
0.3590303131075958
0.3596646066131252
0.3615718112385464
0.36414574096994484
0.3654955900168824
0.36617928723584725
0.3682350615745374
0.37101219415712766
0.3724004262964874
0.3731038157723595
0.37521951988737184
0.3780762289827659
0.3796362753872059
0.3804271898742645
0.3828064398430038
0.3860256212331456
0.3875462597054851
0.3883172556971754
0.3906368409885114
0.393772103117609
0.3954595992786853
0.3963159400495825
0.3988930016397504
0.4023817070671685
0.40410696702492194
0.4049828082690647
0.40761853828650085
0.4111878922503197
0.4129920622624324
0.41390864783928444
0.41666722758756686
0.42040585015163
0.4222630042702566
0.4232070058894101
0.42604822588980196
0.4299005911503745
0.4318288186794629
0.43280957503202233
0.4357615842632208
0.4397659308753853
0.44180946525236436
0.44284968996309426
0.44598109222786775
0.45023224860037414
0.4523686147039365
0.453456664226059
0.4567324607618921
0.4611813121438858
0.46344583912647414
0.46459983296654755
0.4680744385387044
0.472796837900081
0.47516143053895743
0.47636682689283877
0.47999644206384157
0.4849310738026488
0.48739870483788167
0.4886568825557402
0.492445771363274
0.49759743349953667
0.5002183261030627
0.5015550370461959
0.5055809642765668
0.5110574396770138
0.5138090590023493
0.5152125287670026
0.5194401721598811
0.5251911227792583
0.5281241635132727
0.5296204452567355
0.5341281564286474
0.5402632413328798
0.5433202111213148
0.5448795507503994
0.5495775306783274
0.5559707033271627
0.5592083466444739
0.5608598781663036
0.5658363456605857
0.5726098861178145
0.5760169032539705
0.5777546679652845
0.5829916035014625
0.5901199086329684
0.5937183776700513
0.5955536837467328
0.6010852189966658
0.608615640924042
0.6123979245266363
0.6143267378048803
0.6201407603587257
0.6280555931768012
0.6320525314895995
0.6340906341431446
0.6402348926309662
0.6486003114240033
0.6528052051650434
0.6549490189228558
0.6614127656871014
0.6702130638294623
0.6746457857564407
0.6769054120194209
0.6837192015449018
0.6929962582295368
0.6976752369801733
0.7000600430423967
0.7072521755862651
0.7170449954332925
0.7219625254691389
0.7244683707696236
0.7320263770886873
0.7423165400428311
0.747503494696007
0.7501460819998909
0.7581175232128231
0.7689704638792978
0.7744327209327837
0.7772148395937772
0.7856081675774643
0.7970346890023585
0.802788143041477
0.8057177548724633
0.8145570414809069
0.8265897984206123
0.8326394187163995
0.8357188085402787
0.8450110068784161
0.8576585248531657
0.864020891600696
0.8672582939737653
0.8770283585801774
0.8903242208818064
0.8970116149503741
0.9004130371224386
0.9106791965364613
0.924647461833984
0.9316789547790528
0.9352538575090772
0.9460447922710166
0.9607241175060657
0.9681096920923006
0.9718628505204443
0.9831930635660406
0.9986022086386638
1.006359970774855
1.0103002941662265
1.0221968304381917
1.038371999634632
1.0465137189659126
1.050646849267662
1.0631268132720864
1.0800904025007065
1.0886276271017552
1.0929590824685045
1.106039244396436
1.1238130128881325
1.1327620812834347
1.1372997877731241
1.1510042328373908
1.1696200239390586
1.1789966974065085
1.1837482458519184
1.1981000554765997
1.2175882705812229
1.227404138584462
1.2323749591669353
1.2473906605378458
1.2677724693657513
1.2780425195685858
1.2832397205082526
1.2989409510273113
1.3202444838125758
1.330982084265859
1.3364118892888799
1.3528176190704453
1.3750671549340439
1.3862850548337893
1.3919533045116474
1.4090813500964035
1.4322994270846547
1.444008560934878
1.4499201022881827
1.4677852826297635
1.4919901007716772
1.5042011852399773
1.5103606658766708
1.5289772327178632
1.5541859975982992
1.5669084025853208
1.5733197029569492
1.59269957970211
1.6189261406545739
1.6321630981818818
1.638826878499368
1.658972302125989
1.6862169158070772
1.69996405940589
1.7068770648300247
1.7277783298559055
1.756024848762926
1.7702975269866303
1.7774663967875561
1.7991440228255169
1.8284175423321514
1.8432230900341653
1.8506502915262064
1.873112172614553
1.903420256771636
1.9187525307228206
1.9264336450596729
1.9496667763598785
1.9809883161356898
1.996831721453221
2.004757530869795
2.028734371940518
2.0610284512682737
2.0773885812864195
2.0855603960928843
2.110285615532619
2.1435551435908917
2.1604044629817936
2.168806991567235
2.1942347445821984
2.22841396192776
2.2457328515362205
2.254354710975695
2.2804511920728
2.3154908565978145
2.333263688670335
2.342095419521531
2.368832829538469
2.4046918854752897
2.4228880627836946
2.431912751840767
2.4592406791758696
2.4958475948994643
2.5144390072362452
2.5236409038045617
2.551512631568943
2.588800962001094
2.607753632015996
2.617114031586795
2.645473972345959
2.6833653698664253
2.7026389198301204
2.712135897702254
2.7409187753768585
2.7793218879583708
2.7988750231148813
2.808486072678088
2.8376249942539475
2.8764461803732946
2.8962328142240343
2.9059329150733375
2.9353534692801886
2.9744887435547573
2.9944599304875683
3.004222401957672
3.0338452855056017
3.0731836026188857
3.093289268130279
3.103086470624199
3.1328296699173044
3.172255472596572
3.192445791347344
3.202249580250087
3.232029828171596
3.2714244475093914
3.291656520801973
3.3014410547504003
3.3311825845188223
3.3704349206265394
3.390685112402807
3.400431971272349
3.4300825390704186
3.4691084887794013
3.489405115558295
3.4991170058374963
3.5286907743799882
3.5674857790860863
3.5880098041736668
3.5977526539659177
3.6274620461070555
3.6662627749832635
3.687829863025324
3.6979326217312822
3.728815290130571
3.7688673309400023
3.7927983679410677
3.8037343596893307
3.837315457697616
3.8803154906982225
3.8957447734864687
3.9262317191886362
3.9314988316304063
3.94991166935872
3.9735890351022736
3.976883054554396
3.9817733580117305
3.996670569828876
4.015812642392289
4.019504937417516
4.023510368559912
4.035698528402954
4.051342155658837
4.058349226415985
4.061616945242786
4.0715511645395
4.084273889826561
4.089970386828446
4.092622213364647
4.10067641159272
4.11096380237118
4.115544639137787
4.117672008513967
4.12412660656049
4.132343080336134
4.135962602844655
4.137638079442544
4.142715673001054
4.149151201810742
4.150284116091418
4.15159770488499
4.1555737174969405
4.1605916739495346
4.16107871298083
4.162077820428584
4.165098031012938
4.1688950573267975
4.1706794999186
4.171485945555391
4.173921953281024
4.176934015701366
4.178484094369432
4.179152135317551
4.181167931047004
4.183554050572001
4.1846993335182
4.185144824932797
4.18648413984021
4.187897119571691
4.18848575882807
4.188627418838113
4.189044008764127
4.189137893832012
4.1889778073470785
4.188708834994562
4.187881642820729
4.186196885362416
4.184981537217915
4.184129677369758
4.181542849043044
4.177337349912563
4.174517746114418
4.1727796603223535
4.167524390736828
4.15950134141878
4.154173837356303
4.151076584392251
4.141732719669484
4.127924192093496
4.119725870320095
4.115203020696998
4.101561008090606
4.081984206314189
4.070301862316233
4.064074708536797
4.045255421540331
4.018811066853441
4.002576557454769
3.994174051253707
3.9686850559212528
3.933466631496198
3.9110786049380493
3.8998457670246016
3.865550079372129
3.818923408693602
3.7887133994994615
3.774138451256498
3.729136860012567
3.6690941258653966
3.6254939963335975
3.6057756734444695
3.5433486757865835
3.4623491716416113
3.419174101979626
3.400683612864473
3.3408486667504573
3.264895673229676
3.225379716977989
3.2091773861701425
3.1556951048434083
3.088623457790283
3.0468361104027006
3.030965135315987
2.9760875883206537
2.9089561283477603
2.8680300843328994
2.8538664868506185
2.8020028919225703
2.7400099606137154
2.704815003435157
2.6934352942853423
2.6500287020048394
2.5983936741074167
2.5682099496028687
2.55896885569326
2.522197481037672
2.4785791575207843
2.452305528957615
2.444683592119399
2.413008512042385
2.375511359440713
2.352275918975235
2.3458818769855254
2.3181317339691545
2.28533328182834
2.2644696973047336
2.2590116552633943
2.2343055289614173
2.2051462031479576
2.1861523542616177
2.181414528332179
2.1590964027124886
2.1327929962249703
2.1152946974802864
2.1111189378217787
2.090704531370703
2.066682104736179
2.050402746850495
2.046673829164816
2.027807635696925
2.0056455558144615
1.9903812768220477
1.9870153388236014
1.9694364425783564
1.9488262460717523
1.9344262268223673
1.9313619179909844
1.9148775697187042
1.8955910064936026
1.8819424101890754
1.8791343348751284
1.8636002294713276
1.8454658067449168
1.8324826922942068
1.8298966926491904
1.8152027150705554
1.7980889528884259
1.7857043609508934
1.7833141951130684
1.7693743635767214
1.753178066667108
1.7413384869921504
1.7391235183709408
1.7258689910752039
1.7105071160424863
1.6991686617278756
1.697112259124722
1.684486500717808
1.6698905322225628
1.6590163021952935
1.6571047314686624
1.645060172004188
1.6311722260899917
1.6207304823104831
1.6189521357743304
1.607447852249304
1.594217963416121
1.58418086393032
1.5825257217677253
1.5715258194864314
1.5589100400040181
1.549252751746444
1.5477120032880174
1.5371844776182844
1.5251435363235306
1.5158436086110687
1.514409384190619
1.5043253137306827
1.49282366203076
1.4838605803095812
1.48252575988496
1.4728587296252627
1.4618638568788176
1.4532187222275272
1.4519767974246314
1.4427024826406776
1.432184419922047
1.423849568922622
1.4226937957430168
1.4137999175739853
1.4037385677425405
1.3956811256864665
1.3946073239516992
1.3860523581440756
1.376406251790384
1.3686150363249594
1.3676173623449808
1.359392343139496
1.3501454242810291
1.342609336843585
1.3416829349732295
1.333769562135135
1.3248991854072012
1.3176047988588309
1.316745130366938
1.309126107975555
1.3006109260194085
1.2935455787901635
1.2927483868572371
1.2854074584101844
1.2772274078065498
1.2703791844273264
1.2696404723185755
1.2625623473823184
1.254698558726549
1.248056240375516
1.2473722531493432
1.2405425429405537
1.2329772621213215
1.2265302827210243
1.2258974914329348
1.2193026521315498
1.2120191708593189
1.2057575778488931
1.2051726655952406
1.1987999476242204
1.1917825411709135
1.1856969595674107
1.1851568089286268
1.178994210657332
1.1722280806637775
1.1663096800523647
1.1658113616455796
1.1598475865998923
1.153318808633656
1.14755927239358
1.147100034222716
1.1413244515269583
1.1350199259761657
1.129411422305607
1.1289886798932645
1.123391286778143
1.1172986926570898
1.1118338477017402
1.1114451747148841
1.1060165617603155
1.1001243132281897
1.0947961851881622
1.0944393046920151
1.0891706221393056
1.0834678274808287
1.0782698820505765
1.0779426581418934
1.0728255846388284
1.067302006926567
1.0622280945989904
1.061928524535908
1.0569552369661608
1.0516012578376417
1.046645591533256
1.046371798064705
1.0415349437476125
1.0363415272982066
1.0314986616560653
1.031248886044681
1.026541555122328
1.0215002136286349
1.0167650262601826
1.0165376212506032
1.0119533211668805
1.0070560869647591
1.0024237568623016
1.0022171803351194
0.9977498118758867
0.9929892008236386
0.988455194619929
0.9882680035024274
0.9839118375598566
0.9792808236486475
0.9748408782604192
0.9746717223922184
0.970421377379226
0.9659133730235433
0.9615634710064844
0.961411087985095
0.957261509651617
0.9528703229294355
0.948606691345222
0.948469901020265
0.9444163409216664
0.940136171294836
0.9359552523196549
0.9358329517766267
0.9318709525026749
0.9276963485769627
0.9235948003918709
0.9234859593073191
0.9196113333209883
0.9155371849444314
0.9115118604458463
0.9114155156746725
0.9076243361194564
0.9036458309722456
0.8996937768526689
0.8996090309641847
0.8958976000946228
0.8920102390635232
0.8881286654145596
0.8880546798543579
0.8844195229449683
0.8806191094869672
0.8768053656141563
0.8767413576646728
0.8731792178619834
0.8694617646375575
0.8657133985831238
0.8656586358650007
0.8621664595797406
0.8585282482689548
0.8548429242498155
0.8547967287523187
0.8513716303800656
0.8478091653654083
0.8441846830948321
0.8441464232216837
0.8407856854619951
0.8372957266421484
0.833729991871276
0.8336990699190161
0.8304001610183271
0.8269796514958087
0.8234706986508573
0.8234465645507285
0.8202071008005019
0.8168530575220049
0.8133990957248519
0.8133812414019314
0.8101989590261207
0.8069086509741997
0.8047003371959944
0.8044663368297205
0.8024677627031894
0.8000618053849413