20000.
19997.098478896
19995.647876092
19991.296699233
19985.496603496
19984.774934645
19984.108749496
19983.964961173
19983.328198506
19983.027379827
19982.876972175
19982.425756033
19981.824150419
19981.482179951
19981.311196898
19980.798256546
19980.114356627
19979.772745247
19979.601941734
19979.089539982
19978.406358156
19978.046177611
19977.866089761
19977.325835976
19976.605520394
19976.232595941
19976.046136311
19975.486767892
19974.740967773
19973.609914362
19973.044411632
19971.347999588
19969.086341217
19968.733654319
19967.926447694
19967.522856588
19966.312132273
19964.697947542
19964.317845802
19963.860177308
19963.631346979
19962.944871762
19962.029608283
19961.495388224
19961.228283536
19960.426990955
19959.35865099
19958.836530087
19958.575474738
19957.792329217
19956.748183094
19956.213610635
19955.946329756
19955.144508636
19954.07546403
19953.443162127
19953.127018665
19952.178618381
19950.914154917
19950.262344811
19949.936447719
19948.958788433
19947.655317377
19946.968454773
19946.625032315
19945.594800467
19944.221240912
19943.439405638
19943.048499465
19941.875826976
19940.312371075
19939.458036597
19939.030883053
19937.749477389
19936.041064773
19935.211650782
19934.796956695
19933.552926256
19931.894339932
19931.118635242
19930.730794189
19929.567316369
19928.016118414
19927.050229852
19926.567303092
19925.118593101
19923.18714381
19922.233318954
19921.756423614
19920.32580616
19918.418476221
19917.296265923
19916.735184443
19915.052034919
19912.808057039
19911.640108137
19911.056159332
19909.304415754
19906.968997615
19906.75748426
19906.263254663
19904.780639568
19902.803991409
19901.507447715
19900.859207493
19898.91461361
19896.322117597
19894.789953861
19894.023916183
19891.725980231
19888.662478822
19888.492491775
19886.580048507
19884.030410463
19879.868360769
19877.787662473
19871.546874443
19863.228872325
19860.804043495
19859.331888791
19858.595852305
19856.387906629
19853.444361217
19851.962191368
19851.221147883
19848.998183506
19846.034618519
19844.544246183
19843.799101931
19841.563837159
19838.583876088
19837.938701204
19837.230612176
19835.106496842
19832.274697143
19830.879995392
19830.182681246
19828.090886027
19825.302169247
19820.125645203
19817.537889869
19809.776651254
19799.433062144
19797.948840326
19796.727345052
19793.063311577
19788.178988973
19785.94621591
19784.829923771
19781.481425385
19777.017642859
19774.981693338
19773.9637971
19770.910422896
19766.839991102
19764.672824124
19763.589329656
19760.339202781
19756.006532117
19753.90869942
19752.859866531
19749.713702135
19745.51959618
19743.334277514
19742.241708798
19738.964365566
19734.595421326
19732.07025801
19730.807797427
19727.020900479
19721.972835622
19719.470904282
19718.220057544
19714.46799356
19709.466352657
19706.658345378
19705.254491659
19701.043530725
19695.43031647
19692.412859167
19690.904303768
19686.379331144
19680.347652399
19677.231766546
19675.674008504
19671.001474496
19664.773155805
19661.82442809
19660.350229937
19655.928298856
19650.033938395
19644.880402586
19642.304141361
19634.577385022
19624.279772163
19619.210239866
19616.675964653
19609.075103385
19598.945203772
19594.026833686
19586.343627816
19582.697728185
19580.875032741
19575.407964522
19568.120915327
19563.959679028
19561.879392574
19555.639860641
19547.32358129
19543.37412001
19541.399688474
19535.477590917
19527.584253309
19523.711642367
19521.77562476
19515.968724032
19508.228877329
19503.856162862
19501.670173029
19495.113673779
19486.375104441
19481.369005066
19478.866437493
19471.360663853
19461.357465433
19456.275517459
19453.735040949
19446.115601937
19435.960992979
19431.032330734
19428.568468136
19421.178755062
19411.330177288
19405.552118084
19402.66373327
19394.0011585
19382.457075797
19377.073773393
19374.382682703
19366.311653261
19355.555511663
19348.631424153
19345.170309057
19334.790678621
19320.959835398
19311.483515115
19306.747097702
19292.544815073
19273.624690257
19264.056797769
19259.274632466
19244.935258922
19225.832702284
19222.838396504
19218.767239981
19206.558943607
19190.293279282
19188.297847289
19184.658571098
19173.74488392
19159.202959567
19151.723211055
19147.984431626
19136.772472611
19121.833407088
19114.391561847
19110.671725104
19099.516558349
19084.653132383
19076.385275038
19072.252689331
19059.86030359
19043.349648788
19035.490564836
19031.562238927
19019.78212521
19004.086650232
18995.584575496
18991.334964293
18978.591834698
18961.614296869
18952.909194029
18948.558141062
18935.510975164
18918.128729299
18906.863891405
18901.233987665
18884.354333796
18861.871577441
18848.325038394
18841.555417209
18821.261139553
18794.236104193
18790.748758492
18784.401858133
18765.374017755
18740.033545512
18726.49677431
18719.732055479
18699.452558497
18672.447402103
18667.236262209
18660.286561484
18639.452980483
18611.711052954
18598.890460928
18592.483476595
18573.275764057
18547.696347023
18534.957360401
18528.591148029
18509.505628494
18484.088849095
18470.264667898
18463.356454414
18442.647313905
18415.071257377
18398.308975707
18389.933556804
18364.830170732
18331.412289782
18307.692987785
18295.844847428
18260.346414648
18213.122292466
18204.628107497
18167.999827974
18150.172825067
18123.076254549
18106.562129283
18098.310709898
18073.579007858
18040.655972541
18019.180189576
18008.45188607
17976.305286598
17933.532405095
17909.39992239
17897.345860689
17861.232334023
17813.194298438
17786.886488028
17773.74715541
17734.38736769
17682.043207667
17652.152934975
17637.22675065
17592.523884285
17533.096267421
17531.455401345
17519.65392992
17484.297161674
17437.265779217
17412.904125372
17400.736063918
17364.282875531
17315.797393977
17281.320897462
17264.108398041
17212.57369776
17144.09999043
17138.459346844
17116.331720931
17050.120114094
16962.236230788
16919.172211257
16897.681216636
16833.371886472
16748.006680891
16731.76595221
16674.789953284
16648.499467359
16635.369771697
16596.042781732
16543.751384335
16517.489222064
16504.373777663
16465.089897975
16412.856808922
16378.802594943
16361.801992376
16310.905990004
16243.290850846
16209.359098115
16192.419810659
16141.708089342
16074.339434779
16039.555759404
16022.192156595
15970.214051063
15901.172126336
15856.099730101
15833.611462664
15766.337849735
15677.08412415
15620.19850678
15591.8331482
15507.045761579
15394.712707571
15321.150494304
15284.501306452
15175.078913428
15030.399992541
14978.387292259
14876.985760042
14854.783258403
14822.143928775
14724.655610841
14595.667893601
14557.26051621
14464.982980786
14415.144711033
14390.290004419
14315.982720917
14217.502878542
14153.858837432
14122.14373179
14027.424174631
13902.118950908
13897.125275257
13826.637483748
13733.209602708
13675.262158927
13646.380190697
13560.099765195
13445.907192046
13376.02565702
13341.221201649
13237.350266451
13100.112602494
13036.858986778
13005.34680094
12911.266532208
12786.884004431
12709.046319626
12670.305338221
12554.789525589
12402.40504935
12302.725402564
12253.186405701
12105.763075422
11911.954067678
11886.253162006
11769.727949749
11616.136047534
11598.916414296
11488.40429762
11342.690988342
11270.363462054
11234.372831207
11127.0890691
10985.63606627
10919.647404052
10886.801862732
10788.856838458
10659.632837072
10588.036815402
10552.419333804
10446.28417305
10306.429330673
10243.845079782
10212.695609145
10119.814366227
9997.2854088192
9930.9320640548
9897.9207209286
9799.5436352517
9669.8935188295
9588.937766019
9548.7144010903
9429.0538500807
9271.8358220926
9253.5139235975
9217.392822541
9109.8733178034
8968.4624345669
8904.5671157752
8872.7903642689
8778.1388864192
8653.5057157243
8592.5463941052
8562.2279552962
8471.9129988256
8352.9732259951
8296.3801465262
8268.2275535507
8184.3416742367
8073.8162378538
8014.2639064564
7984.6526629839
7896.4737703076
7780.4148747965
7711.516302337
7677.2961486499
7575.5441197622
7441.969461592
7416.3003776091
7328.3085925248
7212.6080653846
7158.2445344128
7131.2166181634
7050.7436414345
6944.857184231
6895.3336345163
6870.7044471996
6797.3434656015
6700.7458539755
6646.0253399788
6618.8328844411
6537.9212563579
6431.5756028723
6383.234910547
6359.200984736
6287.640799279
6193.4782976737
6143.4778284008
6118.6291679504
6044.6846013741
5947.4800783647
5903.2167321423
5881.2087451266
5815.6758573396
5729.4331664903
5685.0699016857
5663.0172494157
5597.3712294518
5511.0254186039
5468.8935727161
5447.9485894583
5385.5937105983
5303.5626456676
5261.9541813749
5241.272521056
5179.7139913898
5098.7591596288
5059.6092675676
5040.1471917547
4982.2089883536
4905.9927622297
4868.6267575547
4850.0506126166
4794.7463612343
4721.9870925993
4685.4809119055
4667.3337944057
4613.3130652862
4542.2567875974
4507.973036824
4490.9283193348
4440.179873686
4373.4062255978
4340.3844529698
4323.9671835628
4275.0870237243
4210.771946451
4179.1675001098
4163.4543414507
4116.6684574203
4055.1040886521
4024.7827217747
4009.7071645863
3964.8184594638
3905.7475967162
3876.5470620079
3862.0287628386
3818.7992940284
3761.9117836737
3733.7882401167
3719.8054087388
3678.1703225826
3623.3808868058
3596.6514872376
3583.360820394
3543.7827736775
3491.691205656
3466.0965899179
3453.3697219184
3415.4688183608
3365.5805502681
3341.0687485578
3328.8798738358
3292.5794075992
3244.7938037008
3221.3609364576
3209.7080378209
3175.0016522781
3129.3095393977
3106.8071025475
3095.6166356895
3062.2864994691
3018.4038823228
2996.809396452
2986.0701568031
2954.0827963977
2911.9653696726
2891.2755209379
2880.9857876675
2850.3357887375
2809.9757572985
2790.1709859395
2780.3210053528
2750.9792113786
2712.3379432795
2693.3941804688
2683.9719720657
2655.902655745
2618.9330098783
2600.7655194347
2591.729088655
2564.8077456143
2529.3471222381
2511.9679384599
2503.3231770824
2477.566987078
2443.6371543349
2427.0158741427
2418.7476774803
2394.1117104633
2361.6536471753
2345.6916910268
2337.7512144558
2314.0906996358
2282.9154380106
2267.6535362675
2260.0608887839
2237.4351392804
2207.6194312436
2192.9673313951
2185.6777889368
2163.9542257338
2135.3249685949
2121.2747599547
2114.2843615509
2093.4510799263
2065.9923519786
2052.5096201802
2045.8012855349
2025.8075475875
1999.4528578668
1986.5145412873
1980.0768125572
1960.8885341811
1935.5931049822
1923.1783166392
1917.0008144209
1898.5871116358
1874.3103509783
1862.3736665986
1856.43386167
1838.7278718043
1815.3823005632
1803.9135251355
1798.2063361509
1781.192879522
1758.7584073997
1747.7312434975
1742.2436153235
1725.8838976203
1704.3096547795
1693.6954637747
1688.4131825302
1672.6649801854
1651.8956327663
1641.6855133984
1636.6041429783
1621.4542055108
1601.4722203217
1591.6309159292
1586.732965299
1572.1293639805
1552.8667580901
1543.3788179724
1538.6566088197
1524.5764953951
1506.0032355173
1496.8506968889
1492.2953071726
1478.712151003
1460.793406482
1451.9553655663
1447.5564168984
1434.4393743876
1417.1346932432
1408.5961780211
1404.3462318486
1391.6731756768
1374.9534896761
1366.6992464292
1362.5907253626
1350.3391196756
1334.1748342544
1326.1918414521
1322.2182749026
1310.3688674081
1294.734681142
1287.0085634827
1283.1628107299
1271.6943655112
1256.5623938508
1249.0698709363
1245.340379304
1234.2185854953
1219.5438816216
1212.2633322824
1208.6393726409
1197.8323659461
1183.573189603
1176.5081891493
1172.9915191144
1162.5044534642
1148.66740291
1141.8053669997
1138.3897365753
1128.2040293446
1114.7647141288
1108.0904233368
1104.768277734
1094.861482444
1081.7904767544
1075.2861731482
1072.0487010919
1062.3946523924
1049.6576884728
1043.3167968546
1040.1607295982
1030.7496960962
1018.3339716607
1012.1487395374
1009.0702256609
999.89075161155
987.78121976091
981.73613187321
978.72747505951
969.75671461766
957.92347485673
952.01216610083
949.07020502762
940.29875842209
928.72947195068
922.94033434902
920.05931166838
911.47009172619
900.14240179291
894.46682180545
891.64246536741
883.22279281916
872.12010981422
866.54833436781
863.77580948476
855.51134603466
844.61493400307
839.13770003272
836.41241699616
828.28955911265
817.58166115758
812.18942526756
809.5066581969
801.51140956036
790.97378101664
785.65672107524
783.01160927944
775.12958707475
764.74350889812
759.4903991341
756.87739116662
749.09218397238
738.83633235233
733.63379870918
731.04628552197
723.33837437846
713.18743165251
708.01776347922
705.44699870295
697.79057494871
687.71111742498
682.54740215317
679.98010208378
672.33599619728
662.27736142295
657.07211958809
654.48486032359
646.78404750608
636.65706149334
631.30688786612
628.64868469477
620.74104360279
610.35203535053
604.51710292696
601.62058806359
593.01404930044
581.72988277761
575.23421694547
572.01363389135
562.45966907406
549.96881410989
546.0757601607
536.93904580576
536.75088953594
534.80128085392
528.9948409956
521.35086817853
520.0957489338
518.39893931298
513.34165351122
506.67526922651
503.68950814125
502.2032319728
497.77066599075
491.9213766484
489.25567055743
487.92823933137
483.9675160268
478.73651946999
476.33704298426
475.14181833516
471.57410882457
466.85880016851
464.69951909358
463.62362647366
460.41087143907
456.16180359388
454.22606534248
453.26127871643
450.37919695388
446.56490835393
444.84481315757
443.9872516652
441.42447369595
438.03043304635
437.49960526533
436.74719680687
434.49772656293
431.51644541284
431.46084324922
430.82709287732
428.93142168589
426.41682903332
425.04129663431
424.35519522292
422.30352896933
419.58339606277
418.11032356079
417.37572776384
415.1796752709
412.26956901123
410.69818286599
409.91473719534
407.57335588198
404.47230471651
402.75926637657
401.90546974143
399.35492424207
395.97935784939
394.03869206328
393.07192866472
390.18584691723
386.37067467793
384.09836750022
382.96723017474
379.59376577938
375.14199330322
372.40064354674
371.03748989548
366.97789467857
361.63411029817
358.58432888092
357.06909659424
352.56170840053
346.64024179059
343.09943833309
341.34262265813
336.12596575996
329.29422929472
324.92300922773
322.75920709564
316.35387594895
308.01073572698
302.85109843717
300.30378251306
292.78967039508
283.0625078005
275.54889073361
271.86720674211
261.1146869152
247.43659809803
243.10413918081
233.7762626432
229.08650691137
226.77702795074
219.98734954823
211.24960536931
205.58149423129
202.80472723794
194.6974401119
184.38961910611
178.64301091196
175.83722072892
167.68150150512
157.39258984976
152.55448258067
150.1914874916
143.31985347259
134.64422805069
130.55949948787
128.56384244002
122.75804037228
115.4227508448
111.94720872028
110.24888180118
105.30693342037
99.060534237131
96.088548702632
94.636161675332
90.409396290967
85.065901230803
82.517066533087
81.271432825268
77.646221316708
73.062894490322
70.873423543272
69.803416678416
66.689350510553
62.752288226195
60.869979669477
59.950105428189
57.273053181681
53.888676501818
52.269896299453
51.478833636774
49.176756317502
46.266657284774
44.874438886831
44.194119390667
42.214421860974
39.712082633957
38.51485324987
37.929842462589
36.227587520345
34.076154931958
33.046821836407
32.54387446685
31.080495068439
29.231167375307
28.34642153736
27.914141872735
26.65645564157
25.067242837544
24.307002846627
23.935573249016
22.854993286335
21.489721501664
20.836675130016
20.517632029301
19.589515111082
18.417002834656
17.856221418149
17.582266798373
16.785364510423
15.778728158509
15.297338305149
15.062179173539
14.378170355477
13.514232350686
13.101134495853
12.899345239837
12.31243501656
11.571215999417
11.216842157132
11.043746062421
10.540320662701
9.904602283658
9.6007070621805
9.4522740977454
9.0206030550387
8.4755507606205
8.2150308468147
8.0877893743951
7.7177682975484
7.2506055084856
7.0273436375192
6.918304098592
6.6012323446062
6.2009588572633
6.0096889048509
5.9162778406381
5.6446662997331
5.3018148464816
5.1380051765565
5.0580081786191
4.8254130850976
4.5318388761876
4.3915918383561
4.3231043951312
4.1239841313435
3.8726834963425
3.7526538809344
3.694041430723
3.5236399010623
3.3086020277048
3.2059057981426
3.15575928834
3.0099772056456
2.8260227881953
2.7381818807991
2.6952906713391
2.5706062362104
2.4132861716088
2.3381725116732
2.3014969996474
2.1948861687858
2.0603806194471
1.9961673978528
1.9648151981215
1.8736823314737
1.7587129756242
1.7038325962864
1.67703798461
1.5991559969168
1.5009103160544
1.4540181194001
1.4311243002462
1.3645830406039
1.2806490256688
1.240592008174
1.2210358256079
1.1641975728982
1.0925074395442
1.0582972933588
1.0415960543236
0.99305716475036
0.93183885630546
0.90262874236607
0.88836886540084
0.84692673596224
0.79466215457927
0.76972670252358
0.75755394405995
0.72217856966478
0.67756762041608
0.65628571317532
0.64589675518265
0.61570624950952
0.57763589969837
0.55947586248054
0.55061107545949
0.52485061364255
0.49236828088782
0.47687514530285
0.46931236559844
0.44733607962408
0.41962675458041
0.40641131098576
0.39996049212793
0.38121591037055
0.35758249692069
0.34631188835114
0.34081050582002
0.3248251854538
0.30467161367965
0.29506125791681
0.29037036297043
0.27674041133426
0.25955713859156
0.25136379389703
0.24736462627041
0.23574484855986
0.22109641631096
0.21411223100187
0.21070331235214
0.200798758193
0.18831311687551
0.18236052631659
0.17945516771148
0.17101388237148
0.16037323846588
0.15530058779025
0.15282475179684
0.14563155913781
0.13656452606553
0.13224232098668
0.1301327905837
0.1240039684755
0.11627884472596
0.11259653901098
0.11079934867721
0.10557806706995
0.098997077746032
0.095860318562001
0.094329409075097
0.089881818928879
0.084276179688263
0.081604454579564
0.080300523932671
0.076512416292638
0.071738116739499
0.069462737102477
0.068352255814696
0.06512619911564
0.061060390343523
0.059122764500963
0.058177132394649
0.055430021240007
0.05196792306225
0.050318081457584
0.049512907542322
0.047173869357026
0.044226129091133
0.04282146374553
0.042135950736762
0.040144556645062
0.037634991868379
0.036439178280579
0.035855596222135
0.034160331027598
0.032023999425891
0.03100607235834
0.030509307428765
0.029066258320949
0.027247803885514
0.026381372988392
0.025958544527419
0.024730287872494
0.023182536517071
0.022445113925204
0.022085246166481
0.021039893450611
0.019722649708387
0.019095074069696
0.018788814981012
0.017899195777969
0.016778212571701
0.016244158067967
0.015983539680634
0.01522650518526
0.014272605626158
0.013818163455
0.01359639756518
0.01295222691585
0.012140555714175
0.011753887325012
0.011565196099607
0.011017103662413
0.010326504809025
0.010260361899611
0.010227449483417
0.010129344329984
0.0099999997764826