   6.70516398455203248400699632318578664      
   6.70516398449395857527369122359641221      
   6.70516398455286758443334912065031191      
   6.70516398445650495633215995721978009      
   6.70516398628426828351399014168300442      
   6.70516398627058790185945904451137753      
   6.70516398566849497330616084525282158      
   6.70516398679379085339789559150151608      
   6.70516371941491246479078610436637434      
   6.70516238094697880719988100456051989      
   6.70516518449459487499109557803781979      
   6.70515695066313912706699098706000892      
   6.70516365585647302329389431259640351      
   6.70516501891720478786496159221949222      
   6.70516505238256094632513804515026706      
   6.70516007262429691859457748252010887      
   6.70516588959358522062497432179487605      
   6.70515662700306678093797569059220448      
   6.70515795351183713847397996460258957      
   6.70516239828961714921444630765495774      
   6.70516564319590170130477533910028776      
   6.70516150879473538920799156324013890      
   6.70516053864170927356859906215051671      
   6.70516469877286119993211891389000499      
   6.70516404475598043064350821477579680      
   6.70515864897378716874650050493839254      
   6.70514267208128874528578578887937949      
   6.70514178202820397463051889454069426      
   6.70513436970930416585468938300471378      
   6.70513563166248611659477662307887204      
   6.70513688804518446687882212101979760      
   6.70511324652243186169748520547656623      
   6.70512968458277045648352562327484145      
   6.70512002565970323285742783017409089      
   6.70509426326554691262990331533817417      
   6.70510459724323093611947759064711936      
   6.70507482095557471110265194235479874      
   6.70504735827046937006651606869565182      
   6.70505564823747795022938793004003337      
   6.70501365322850425844412459608768284      
   6.70496627752962328641629953800275595      
   6.70497527424031827805981357498408003      
   6.70492362306276126478295991714958146      
   6.70492638200041575910840437697332308      
   6.70495069183643820792824375292875850      
   6.70491165070951931287491319129758775      
   6.70487170801314882959881831192321959      
   6.70475703189300246375275826380909602      
   6.70469949627734559374237041168163306      
   6.70440026754326211107642793584973170      
   6.70459644979288642894570688128850108      
   6.70435422917332280587393292827666557      
   6.70452244608095378953337298529879971      
   6.70444301101999351517931692248755969      
   6.70440140526003227025913935786859381      
   6.70416421199444573628305604486619525      
   6.70419288511420908230554359882265203      
   6.70418800613994475649070975144348902      
   6.70405832421398588719318541564143468      
   6.70411341155894135082396421529047835      
   6.70388620401043671766415842520099843      
   6.70375038674716224055959091647669120      
   6.70384190798256554246472565880416730      
   6.70394058067443186871132061916346155      
   6.70362203490080141940069284528565698      
   6.70383930865278350066223405501561427      
   6.70349193972385169866399389875872406      
   6.70367895394938608963314222798304897      
   6.70346652547807524117817988592302325      
   6.70359320512105901326555377137734514      
   6.70344004959052114616693324682919738      
   6.70328028327856949801646353852244588      
   6.70337381601898408774449976820967641      
   6.70333508598090351715498974641743136      
   6.70322917654173769543230709185910612      
   6.70321642478521201634531192072247902      
   6.70332538544772308638543899156091324      
   6.70323868097440143581841096762734726      
   6.70333960625172749593333391124416297      
   6.70343336986115508595021387848868985      
   6.70342662865623500632598400122906161      
   6.70333613978716660814703594977815636      
   6.70333521658145761015952195885323815      
   6.70346136305844635745629782466999869      
   6.70353838845263298452002370124455300      
   6.70346919156515960693150575272576388      
   6.70372015800497361854211666011529545      
   6.70373738194749643748208024406838127      
   6.70390291539896419526621006526021278      
   6.70398940788092694430664991856609706      
   6.70394685410950876260672498524250543      
   6.70408593052736730013040344498010294      
   6.70434871626794509711312397146867570      
   6.70430447694427713376026942001756126      
   6.70442997694567205139391040457837492      
   6.70470980454807484072507774333065297      
   6.70479111383346239308152826023234129      
   6.70509279315925420812032076492512935      
   6.70522759722557490574139171998787286      
   6.70514850680227789993285096916559998      
   6.70547133981883763104827298145836497      
   6.70577596669799572513888402606676138      
   6.70591261237981982528400722769605502      
   6.70611301221233541863418497729992754      
   6.70626422859817608202865940925024813      
   6.70653271587166401724284438304232019      
   6.70667341646626341956626326452509117      
   6.70673002910807761700865548626853907      
   6.70693518878974847989108458314893528      
   6.70719909857637896549179343797612590      
   6.70713826757499260963831139036468865      
   6.70742892845583243395230955161767189      
   6.70744896496565238615649819925204614      
   6.70755568429582716372952173839166166      
   6.70762549722379479151680880727637361      
   6.70756342434521832142578725861740650      
   6.70754652693674770274688319442176604      
   6.70746972866604486347364641608420990      
   6.70718494696364104417871598359452087      
   6.70709702425464858493789333583579202      
   6.70678237225312217962232148962591752      
   6.70633141850804761562348467071315692      
   6.70601229827530971416013915799121042      
   6.70546461026508273052234407591441442      
   6.70475804864329140781174987417664732      
   6.70405846011919934991684693959088619      
   6.70312679845189449691942365222574318      
   6.70215405741414107038609155993983486      
   6.70097794719308275888106369970523439      
   6.69964339037453526294852518848454069      
   6.69811794761317069673195678098095482      
   6.69645203861858957783817564759485962      
   6.69454857019479034587510246805227193      
   6.69241726257848953163041601590650840      
   6.69009667062165042932405790303569990      
   6.68748550554125963504818708039838585      
   6.68461563178041067785548757612678791      
   6.68151761518341110616357039241456019      
   6.67810182982996866671798362625574166      
   6.67436536362228524665361635855293192      
   6.67029851898448549503966682878663808      
   6.66593459007196356161658039362158334      
   6.66123713788378484522858208939907803      
   6.65618502174463808786551464040822603      
   6.65080661758727069365972507492690448      
   6.64507774255716513864457514580389050      
   6.63900350773411880070587504385538368      
   6.63258731871878897845066708787161532      
   6.62584434955255074020599112937641570      
   6.61874062867153018529725136735299839      
   6.61124985219517870049185423314305090      
   6.60345266702126251049942723148932976      
   6.59531836371987804572382834273334456      
   6.58675755440937310989762701506428153      
   6.57789754729895985655515420111306656      
   6.56861091996790661741744004316010678      
   6.55898787148811135113071315251520847      
   6.54893799051892000688129816521928390      
   6.53850766371233023342140178501495923      
   6.52766560439179764347420629891377150      
   6.51640720902594264537920641369850361      
   6.50471597369685138206103314570857106      
   6.49259840538596644527341011047085904      
   6.48004046652818211189543632253384428      
   6.46701188063723876369319422349025323      
   6.45353524030284816475240978410664369      
   6.43959779101896282696889743259571841      
   6.42514679686998225861972024972835578      
   6.41020990154534681246366692835516546      
   6.39476890179293989773519215956485310      
   6.37880723341638815344959023409646923      
   6.36234140238021615791585999293613515      
   6.34533348420566461060888150525567373      
   6.32775365801991662623627022424524337      
   6.30965759784329958988116581682303191      
   6.29098062137680315294152721832457930      
   6.27172108058118215372200476579700863      
   6.25186873367078611289732557232878327      
   6.23141970394590721371504842884266816      
   6.21037712091589117536085564415214046      
   6.18870314100188225098137819283846812      
   6.16640457531979170351283830996665771      
   6.14346955742046413658615694462703343      
   6.11987811521603177327124848702600351      
   6.09562276895186767402659222689765349      
   6.07071275883944332584543612020883104      
   6.04509628970920421732061057071554180      
   6.01878273331256557394286462404721295      
   5.99176428382676121663946901071042121      
   5.96403056455201553334022012494498675      
   5.93556959475464225467786235638170064      
   5.90637697680057327871484699614565590      
   5.87643155619767497782246678127323949      
   5.84571332300519933626249180206580121      
   5.81421907816463979648620456528003943      
   5.78191830488188372025892885610714640      
   5.74884204595628399786719158454002203      
   5.71495109911883792039223030532852906      
   5.68023415937770941547258618253727311      
   5.64467168096181578678953851486472719      
