20000.
19997.098478896
19995.647876092
19991.296699233
19985.496603496
19984.774934645
19984.108749496
19983.964961173
19983.328198506
19983.027379827
19982.876972175
19982.425756033
19981.824150419
19981.482179951
19981.311196898
19980.798256546
19980.114356627
19979.772745247
19979.601941734
19979.089539982
19978.406358156
19978.046177611
19977.866089761
19977.325835976
19976.605520394
19976.232595941
19976.046136311
19975.486767892
19974.740967773
19973.609914362
19973.044411632
19971.347999588
19969.086341217
19968.733654319
19967.926447694
19967.522856588
19966.312132273
19964.697947542
19964.317845802
19963.860177308
19963.631346979
19962.944871762
19962.029608283
19961.495388224
19961.228283536
19960.426990955
19959.35865099
19958.836530087
19958.575474738
19957.792329217
19956.748183094
19956.213610635
19955.946329756
19955.144508636
19954.07546403
19953.443162127
19953.127018665
19952.178618381
19950.914154917
19950.262344811
19949.936447719
19948.958788433
19947.655317377
19946.968454773
19946.625032315
19945.594800467
19944.221240912
19943.439405638
19943.048499465
19941.875826976
19940.312371075
19939.458036597
19939.030883053
19937.749477389
19936.041064773
19935.211650782
19934.796956695
19933.552926256
19931.894339932
19931.118635242
19930.730794189
19929.567316369
19928.016118414
19927.050229852
19926.567303092
19925.118593101
19923.18714381
19922.233318954
19921.756423614
19920.32580616
19918.418476221
19917.296265923
19916.735184443
19915.052034919
19912.808057039
19911.640108137
19911.056159332
19909.304415754
19906.968997615
19906.75748426
19906.263254663
19904.780639568
19902.803991409
19901.507447715
19900.859207493
19898.91461361
19896.322117597
19894.789953861
19894.023916183
19891.725980231
19888.662478822
19888.492491775
19886.580048507
19884.030410463
19879.868360769
19877.787662473
19871.546874443
19863.228872325
19860.804043495
19859.331888791
19858.595852305
19856.387906629
19853.444361217
19851.962191368
19851.221147883
19848.998183506
19846.034618519
19844.544246183
19843.799101931
19841.563837159
19838.583876088
19837.938701204
19837.230612176
19835.106496842
19832.274697143
19830.879995392
19830.182681246
19828.090886027
19825.302169247
19820.125645203
19817.537889869
19809.776651254
19799.433062144
19797.948840326
19796.727345052
19793.063311577
19788.178988973
19785.94621591
19784.829923771
19781.481425385
19777.017642859
19774.981693338
19773.9637971
19770.910422896
19766.839991102
19764.672824124
19763.589329656
19760.339202781
19756.006532117
19753.90869942
19752.859866531
19749.713702135
19745.51959618
19743.334277514
19742.241708798
19738.964365566
19734.595421326
19732.07025801
19730.807797427
19727.020900479
19721.972835622
19719.470904282
19718.220057544
19714.46799356
19709.466352657
19706.658345378
19705.254491659
19701.043530725
19695.43031647
19692.412859167
19690.904303768
19686.379331144
19680.347652399
19677.231766546
19675.674008504
19671.001474496
19664.773155805
19661.82442809
19660.350229937
19655.928298856
19650.033938395
19644.880402586
19642.304141361
19634.577385022
19624.279772163
19619.210239866
19616.675964653
19609.075103385
19598.945203772
19594.026833686
19586.343627816
19582.697728185
19580.875032741
19575.407964522
19568.120915327
19563.959679028
19561.879392574
19555.639860641
19547.32358129
19543.37412001
19541.399688474
19535.477590917
19527.584253309
19523.711642367
19521.77562476
19515.968724032
19508.228877329
19503.856162862
19501.670173029
19495.113673779
19486.375104441
19481.369005066
19478.866437493
19471.360663853
19461.357465433
19456.275517459
19453.735040949
19446.115601937
19435.960992979
19431.032330734
19428.568468136
19421.178755062
19411.330177288
19405.552118084
19402.66373327
19394.0011585
19382.457075797
19377.073773393
19374.382682703
19366.311653261
19355.555511663
19348.631424153
19345.170309057
19334.790678621
19320.959835398
19311.483515115
19306.747097702
19292.544815073
19273.624690257
19264.056797769
19259.274632466
19244.935258922
19225.832702284
19222.838396504
19218.767239981
19206.558943607
19190.293279282
19188.297847289
19184.658571098
19173.74488392
19159.202959567
19151.723211055
19147.984431626
19136.772472611
19121.833407088
19114.391561847
19110.671725104
19099.516558349
19084.653132383
19076.385275038
19072.252689331
19059.86030359
19043.349648788
19035.490564836
19031.562238927
19019.78212521
19004.086650232
18995.584575496
18991.334964293
18978.591834698
18961.614296869
18952.909194029
18948.558141062
18935.510975164
18918.128729299
18906.863891405
18901.233987665
18884.354333796
18861.871577441
18848.325038394
18841.555417209
18821.261139553
18794.236104193
18790.748758492
18784.401858133
18765.374017755
18740.033545512
18726.49677431
18719.732055479
18699.452558497
18672.447402103
18667.236262209
18660.286561484
18639.452980483
18611.711052954
18598.890460928
18592.483476595
18573.275764057
18547.696347023
18534.957360401
18528.591148029
18509.505628494
18484.088849095
18470.264667898
18463.356454414
18442.647313905
18415.071257377
18398.308975707
18389.933556804
18364.830170732
18331.412289782
18307.692987785
18295.844847428
18260.346414648
18213.122292466
18204.628107497
18167.999827974
18150.172825067
18123.076254549
18106.562129283
18098.310709898
18073.579007858
18040.655972541
18019.180189576
18008.45188607
17976.305286598
17933.532405095
17909.39992239
17897.345860689
17861.232334023
17813.194298438
17786.886488028
17773.74715541
17734.38736769
17682.043207667
17652.152934975
17637.22675065
17592.523884285
17533.096267421
17531.455401345
17519.65392992
17484.297161674
17437.265779217
17412.904125372
17400.736063918
17364.282875531
17315.797393977
17281.320897462
17264.108398041
17212.57369776
17144.09999043
17138.459346844
17116.331720931
17050.120114094
16962.236230788
16919.172211257
16897.681216636
16833.371886472
16748.006680891
16731.76595221
16674.789953284
16648.499467359
16635.369771697
16596.042781732
16543.751384335
16517.489222064
16504.373777663
16465.089897975
16412.856808922
16378.802594943
16361.801992376
16310.905990004
16243.290850846
16209.359098115
16192.419810659
16141.708089342
16074.339434779
16039.555759404
16022.192156595
15970.214051063
15901.172126336
15856.099730101
15833.611462664
15766.337849735
15677.08412415
15620.19850678
15591.8331482
15507.045761579
15394.712707571
15321.150494304
15284.501306452
15175.078913428
15030.399992541
14978.387292259
14876.985760042
14854.783258403
14822.143928775
14724.655610841
14595.667893601
14557.26051621
14464.982980786
14415.144711033
14390.290004419
14315.982720917
14217.502878542
14153.858837432
14122.14373179
14027.424174631
13902.118950908
13897.125275257
13826.637483748
13733.209602708
13675.262158927
13646.380190697
13560.099765195
13445.907192046
13376.02565702
13341.221201649
13237.350266451
13100.112602494
13036.858986778
13005.34680094
12911.266532208
12786.884004431
12709.046319626
12670.305338221
12554.789525589
12402.40504935
12302.725402564
12253.186405701
12105.763075422
11911.954067678
11886.253162006
11769.727949749
11616.136047534
11598.916414296
11488.40429762
11342.690988342
11270.363462054
11234.372831207
11127.0890691
10985.63606627
10919.647404052
10886.801862732
10788.856838458
10659.632837072
10588.036815402
10552.419333804
10446.28417305
10306.429330673
10243.845080528
10212.69561026
10119.814368437
9997.2854124585
9914.2517360991
9872.9938713497
9750.2475884338
9588.9564581895
9505.41930178
9463.9240279513
9340.5219220012
9178.4851542192
9176.4351392846
9136.5172044511
9017.8022572742
8861.9116765339
8847.155117836
8813.6861681448
8714.037091772
8582.9220301962
8519.3552594153
8487.7486356007
8393.6305896391
8269.7613196169
8209.508594372
8179.5470534184
8090.3169285405
7972.8557877487
7914.2994537349
7885.1827568027
7798.4738170883
7684.3432993071
7625.2415736492
7595.8613886977
7508.3983092623
7393.3454728364
7338.3124929292
7310.9498080056
7229.4724075259
7122.2466239781
7067.6920808806
7040.5717105071
6959.833410417
6853.6207618673
6801.5231688648
6775.623065981
6698.5130236102
6597.0629945663
6546.0810702875
6520.7380422114
6445.2961340774
6346.0629164136
6298.9893306515
6275.5836411153
6205.887107544
6114.1609921872
6067.2233796782
6043.88987029
5974.42638669
5883.0487156639
5836.0036173306
5812.6223324623
5743.0390283664
5651.555328476
5608.8139769594
5587.5646687982
5524.2985538321
5441.0566456688
5400.2813196461
5380.0083876462
5319.6450866182
5240.2129111702
5199.3666780806
5179.0631106505
5118.6268876451
5039.1408959875
5000.6903436866
4981.5752285352
4924.667174382
4849.7997582625
4812.0578040443
4793.2971116461
4737.4527497494
4664.0043634632
4628.659193544
4611.0871804661
4558.7703889006
4489.9368532124
4455.7504693698
4438.7550110933
4388.1566027837
4321.5881445386
4288.836761292
4272.5542643901
4224.0767355925
4160.2945720739
4129.0953272527
4113.5835532014
4067.3969970193
4006.6205907153
3976.6928096855
3961.812853226
3917.5062196703
3859.2005320342
3830.2596918268
3815.870759879
3773.0274794568
3716.650444111
3689.1372405446
3675.4571091119
3634.7203386658
3581.1061234203
3554.8229635298
3541.7538097992
3502.8339336803
3451.6052453317
3426.376771956
3413.8317687904
3376.4716754226
3327.2934508941
3303.1581507275
3291.156230977
3255.4114918202
3208.355008974
3184.9890769617
3173.3700016291
3138.7664828462
3093.2147055691
3071.0751125678
3060.0648101331
3027.2701811988
2984.0900755524
2962.8461177003
2952.2809194506
2920.8108356912
2879.3719324636
2858.9956789169
2848.8616885484
2818.6747356167
2778.9224504268
2759.4472982361
2749.7609632784
2720.9054912665
2682.9020104041
2664.2449972651
2654.9651996619
2627.3192923487
2590.9053716158
2573.001134535
2564.095466064
2537.5629813102
2502.6129245218
2485.4774307963
2476.9537314247
2451.5576210376
2418.1007254496
2401.6574508406
2393.4777914054
2369.1055867351
2336.9949314358
2321.2892708314
2313.4760653164
2290.1938865155
2259.5150512455
2244.4463184641
2236.9496785924
2214.6096622796
2185.1696444018
2170.7085483302
2163.5139273814
2142.0728253135
2113.8148644073
2099.9511936633
2093.0534925048
2072.4960337126
2045.3998307356
2032.0921390767
2025.4707962705
2005.7359372467
1979.721577812
1966.9540561589
1960.601205503
1941.6654998872
1916.702074001
1904.4342557146
1898.3298225874
1880.1336755495
1856.1431734393
1844.3492752224
1838.4804573347
1820.985816379
1797.9183187946
1786.5893472351
1780.9516588406
1764.1451104707
1741.982834506
1731.0887185
1725.667235638
1709.5044504265
1688.1893105155
1677.6996342392
1672.4792629461
1656.9154108258
1636.388675558
1626.2892449754
1621.2629277076
1606.2769927583
1586.5110028899
1576.781142158
1571.9386113346
1557.500069841
1538.4547709457
1529.0708893081
1524.4004340575
1510.4744885845
1492.104257388
1483.0494229419
1478.5426322453
1465.1042677097
1447.3762539373
1438.6317272144
1434.2792952556
1421.3008477945
1404.1787515623
1395.7288802762
1391.5230316597
1378.9813764701
1362.4348296358
1354.2623308677
1350.1944829766
1338.0641056774
1322.0596279621
1314.1354583941
1310.1912021264
1298.4293218118
1282.9109017926
1275.2449714643
1271.429200842
1260.050257968
1245.0365931724
1237.6141555819
1233.9195466992
1222.9017653584
1208.3642732838
1201.1511253987
1197.5607139628
1186.8537454602
1172.726549734
1165.7237815324
1162.2380938228
1151.8434429912
1138.1283799442
1131.3248091747
1127.9382903121
1117.8394363688
1104.5148104614
1097.8939088124
1094.5983557659
1084.7709320846
1071.8048139552
1065.3529741865
1062.1416327764
1052.5655729366
1039.9316599012
1033.6408210489
1030.509686455
1021.1730778332
1008.8557215139
1002.714176909
999.65743894075
990.5430220785
978.51960461169
972.51777975006
969.53068598615
960.62434174919
948.87635624229
943.00310480318
940.08012556687
931.36543731115
919.87139236692
914.11856688081
911.25565971682
902.72062405297
891.46480091083
885.82210406223
883.01416329044
874.64363346131
863.60622875857
858.06453657764
855.30703980183
847.08760540805
836.2510996322
830.80110269886
828.08943800774
820.00743274547
809.35399406211
803.98604978342
801.31544308518
793.35673146443
782.86794213115
777.57188966279
774.93731371776
767.08702435473
756.74353927756
751.50768524122
748.90335867201
741.14440562737
730.92403661697
725.73392461146
723.15270495733
715.46399966205
705.33940645231
700.17507473174
697.6071055465
689.95957018299
679.89311023591
674.72293953521
672.15261622622
664.500246727
654.43243853219
649.197394465
646.59559712384
638.85260204651
628.67265234577
623.23121810802
620.52818808883
612.48923549648
601.93240233831
595.68017259178
592.57845286435
583.36986252111
571.31395831327
565.62905533982
562.80785197786
554.42839027267
543.44952354466
538.37693838584
530.04622380621
529.22153689133
527.40495023254
521.99251827842
514.86224683526
513.55381477842
511.96226716565
507.21715752711
500.95868795728
498.1434241875
496.74173067393
492.56027078619
487.03969355472
484.5241963994
483.2713240124
479.53211145502
474.59146084236
472.34295047262
471.22269322053
467.87783794485
463.45493513406
461.45201344787
460.45380089611
457.47210070888
453.52651420003
451.75742171667
450.87546488795
448.23991205124
444.74979108863
444.26205203495
443.49161207784
441.18829964554
438.13581421949
438.10192469039
437.45385815881
435.51540494215
432.94415609219
431.55141918515
430.85673169116
428.77937173047
426.02513068114
424.54843161591
423.81200260314
421.61037134901
418.69264406521
417.14591807782
416.37469905438
414.06958653333
411.01594239195
409.37908626131
408.56310428035
406.12490407979
402.89658997297
401.11123927986
400.22153283779
397.56423691195
394.04860086207
392.01497042952
391.00209426196
387.97914110792
383.98486145567
381.59008900711
380.3983092728
376.84525673497
372.15942398228
369.48247056641
368.15122321546
364.18619124232
358.96583105087
356.00263423259
354.53022111456
350.14942039352
344.39244275078
340.98176626855
339.28911544748
334.26141102765
327.67350692517
323.56315174463
321.52734981693
315.49647589882
307.63090929461
302.72862454142
300.30685558839
293.15717240565
283.88834445914
276.52043324614
272.908499417
262.35331780152
248.91203502764
246.99239954885
239.03001706211
228.8113596869
223.67672349355
221.15277707315
213.75053613637
204.26484802153
198.60846587644
195.83928599485
187.76126343056
177.50649304274
172.12020796993
169.48866964752
161.83300479025
152.1606435916
147.56682053221
145.32218241632
138.79105794875
130.53718870578
126.61070841569
124.69198252074
119.10851351332
112.05085466879
108.68464978592
107.03966179088
102.25258192071
96.201171014764
93.310801650294
91.898347289721
87.787977479879
82.592035501305
80.108414448706
78.894752622628
75.362980868625
70.898656068168
68.763927982559
67.720789611187
64.685363586486
60.848709689323
59.013785477746
58.117178697541
55.508267587054
52.210983699145
50.63391014067
49.863328047512
47.621234227282
44.787810354293
43.432592018854
42.770438896938
40.843935637084
38.40956784387
37.245256371309
36.676403421933
35.021445006522
32.930411501433
31.930368902896
31.441794496577
30.020470321848
28.224811535936
27.366097478876
26.946587768786
25.726251226032
24.184668903792
23.447522873834
23.087418679185
22.039950325075
20.716875565339
20.084275259079
19.775256166509
18.876435069453
17.74123282044
17.198515645802
16.933414942543
16.162379724027
15.188666599923
14.723204328918
14.495849914722
13.834635408431
12.999693133363
12.60061176259
12.405689162966
11.838827426868
11.123097708327
10.781035988386
10.613970275461
10.128146669433
9.5147957751203
9.2216969302368
9.0785508740528
8.6623074126595
8.136850603944
7.8857826035134
7.7631687865332
7.4066481666742
6.9566256397638
6.7416260692832
6.636631031599
6.3313557075464
5.9460529202898
5.7619950720555
5.6721138346392
5.410795326648
5.0810016160246
4.9234788983487
4.8465584454212
4.6229327482996
4.3407330034273
4.206039399224
4.1402681299734
3.9490611780405
3.7077836932915
3.5925044640214
3.5362159535287
3.372587050484
3.1661320416733
3.0675602146148
3.0194311610183
2.8795275800659
2.703020825304
2.6187577716505
2.5776164659102
2.4580301354445
2.3071672588163
2.2351542719875
2.1999951086554
2.0978013014067
1.9688888532344
1.907360262122
1.8773208122844
1.7900113693297
1.6798822900415
1.6273242779844
1.6016651618047
1.5270899072788
1.433029441661
1.3881445646368
1.3662321104928
1.3025483814053
1.2222302641897
1.1839068965378
1.1651982092376
1.110827400196
1.0422589186879
1.009544954413
0.99357506382049
0.94716522904758
0.88863994970211
0.86072017343366
0.84709097698497
0.80748465509555
0.75754175746348
0.73371838270845
0.72208913612393
0.68829568188303
0.64568499338072
0.6253609306463
0.61544007295141
0.58661187309197
0.55026381606027
0.53292829349295
0.52446642183681
0.49987845758002
0.46887822844363
0.45409444072763
0.44687827643793
0.42591057088535
0.3994759667179
0.38687046823867
0.38071767529638
0.3628402215882
0.34030260294895
0.32955620482284
0.32431094320024
0.30907077103729
0.28985872757597
0.28069868631345
0.27622779645673
0.26323787513124
0.24686321233293
0.23905653059605
0.23524626127576
0.22417598361959
0.21022170725672
0.2035693903764
0.20032259349636
0.19088961834043
0.17899963538073
0.17333177010119
0.17056549719026
0.16252876029541
0.15239905585526
0.14757059297795
0.14521403556595
0.13836776092219
0.12973883897897
0.1256259814707
0.12361870723059
0.11778727864089
0.11043768929886
0.10693480127823
0.10522524458572
0.10025881715218
0.093999618169383
0.091016577123922
0.089560746139688
0.085331487566725
0.080001501406966
0.077461436538613
0.076221808837373
0.07262068886541
0.068082451410405
0.065919807423013
0.064864384590053
0.061798426776438
0.057934719910375
0.056093598264885
0.055195096040514
0.052585023827412
0.04929590606458
0.047728654378252
0.046963813893741
0.044742048407761
0.041942328696601
0.040608329207956
0.039957325507503
0.038066266498025
0.035683336001017
0.034547972050111
0.033993909520972
0.032384468887301
0.030356451347453
0.029390222306229
0.028918702624919
0.027549048863995
0.02582321735747
0.025000991981182
0.024599749534634
0.023434247901402
0.021965687565104
0.02126605560818
0.020924641029229
0.019932934077496
0.018683383093368
0.01808810933959
0.017797622953477
0.016953855798555
0.015890728164129
0.015384278095868
0.015137138447064
0.014419286391345
0.013514824696044
0.013083972776967
0.01287372532882
0.012263037632327
0.011493610971557
0.011178027984169
0.01102350089493
0.010572619195242
0.0099999997764826