0.23515341603328982
0.23516456893227722
0.23517014637452796
0.23518687910650674
0.2352091932285715
0.2352120066029364
0.2352145617424279
0.23521512506818312
0.23521756603087998
0.2352187377590798
0.23521931652683836
0.23522105630544202
0.23522337140134159
0.23522468782936246
0.23522534602122458
0.23522732060333384
0.23522996195319307
0.2352312699743363
0.23523192904622026
0.23523391020892342
0.23523653018507573
0.23523792897610837
0.23523862466557974
0.23524069927632887
0.2352434994127551
0.23524491766418268
0.23524563646356875
0.23524779286942857
0.2352506681381066
0.23525502894551142
0.2352572095002405
0.2352637773242784
0.23527241772880544
0.23527382653304713
0.23527696260461148
0.23527852109876776
0.23528314074746529
0.23528949127955856
0.23529089534928305
0.23529263648666324
0.23529351953472488
0.2352961686902928
0.23529968958409694
0.2353017563794563
0.2353027863059058
0.23530587610056075
0.23531002257931827
0.23531202380937902
0.23531303263990236
0.23531605914611367
0.23532006858457324
0.2353221445733279
0.23532317691674698
0.235326267795796
0.23533039735427308
0.23533283923515166
0.2353340602874843
0.2353377088786074
0.23534262363876757
0.23534511743567268
0.23534637774682632
0.2353501587028881
0.23535520016550987
0.2353578444279572
0.23535917023793065
0.23536314769276473
0.23536846829169916
0.2353714797803549
0.2353729840940363
0.23537751510467897
0.2353835325627493
0.23538685363802545
0.23538850538461964
0.2353934409540388
0.2354000893159358
0.23540327080430448
0.23540487493661752
0.23540968736980408
0.23541606291657516
0.23541908971209927
0.23542059047797073
0.23542509280764531
0.23543109618053945
0.23543483094997453
0.23543670262374441
0.2354423288343239
0.2354497456581268
0.23545347087567073
0.23545532633079666
0.23546085973730865
0.23546828222865357
0.23547260735932282
0.2354747810197262
0.23548130206694437
0.2354899693959344
0.235494512898062
0.23549677116674972
0.23550358645805555
0.23551250590297806
0.23551342645657194
0.23551533852365414
0.23552108617813883
0.23552873488161438
0.23553377499084763
0.23553628963451434
0.23554380374525408
0.23555392540680337
0.23555982385331023
0.23556279052452958
0.23557177901761955
0.23558342341396168
0.23558426508058522
0.2355916920167695
0.23560159532590605
0.23561776527297604
0.235625852316999
0.23565021033035846
0.23568216045239662
0.23569180688710872
0.23569762151307777
0.23570048682494735
0.23570904891798486
0.23572061860989055
0.23572629831295155
0.23572919130510916
0.23573785330230893
0.23574935266676939
0.23575520588317628
0.23575811024077623
0.235766789054563
0.23577855341635104
0.23578095031480042
0.23578371516080446
0.23579202613530512
0.23580294814517655
0.2358084872434985
0.23581120558946994
0.23581936072964288
0.2358302351303269
0.23585042606360887
0.23586054715106855
0.23589061334077113
0.23593199552575797
0.23593712522715707
0.23594188864681845
0.23595629191831172
0.23597510945556455
0.23598407326132484
0.2359884361463457
0.2360014993196301
0.23601917168142977
0.2360269991653371
0.23603099970421698
0.23604290762773833
0.23605906064797988
0.23606738271767613
0.23607164477452758
0.23608433122991784
0.2361016481531808
0.23610964546606386
0.2361137557369056
0.23612615935165604
0.2361425019708534
0.23615119474690846
0.2361554854984282
0.2361684084001109
0.23618546909652552
0.23619548290130146
0.23620043957018586
0.2362153972622765
0.23623498022251432
0.23624504555395162
0.23624995102435478
0.23626478315946514
0.23628435030640063
0.23629549178338796
0.23630103438108066
0.2363176302115321
0.23633973506779002
0.2363516829970282
0.23635761863206212
0.23637563476008538
0.23639901709663183
0.23641164305089565
0.23641781611995963
0.23643626398602635
0.23646080670155323
0.2364725630936472
0.23647837857535509
0.2364959614706033
0.2365190862051008
0.23653966487842662
0.23654983357666684
0.2365806975438435
0.23662089154291263
0.2366414693776536
0.23665152825993127
0.23668147253524033
0.23672258682977074
0.2367414008289073
0.236772658202077
0.2367866809235412
0.23679392166311786
0.23681585473005837
0.23684447492262448
0.23686142250310763
0.23686971591920497
0.2368946450763302
0.23692782786395386
0.23694359110114427
0.23695150279095215
0.23697501108913505
0.23700714377624876
0.23702222394948527
0.23702995186796383
0.23705322572524168
0.2370842414675131
0.23710176724041182
0.23711052899251125
0.2371369160770191
0.2371717638980416
0.23719203758549526
0.2372020541388983
0.23723233596256482
0.23727229984694526
0.23729285977838918
0.23730311834522405
0.237333778293462
0.23737457459638478
0.2373945870047538
0.237404512609863
0.23743446116059708
0.23747381773728396
0.2374974724225627
0.23750917298958532
0.23754394361589368
0.23759160653805206
0.2376126985508677
0.23762363666487477
0.2376562665133352
0.23770029364643766
0.23772822601400717
0.23774225284920664
0.23778449563212406
0.23784062895415817
0.23787937011645438
0.23789865211663047
0.2379566123406666
0.2380335548447414
0.23807290996129843
0.23809249963464912
0.23815127380512705
0.2382292087892673
0.23824188641825575
0.23825860635074123
0.2383091451706979
0.23837487698337942
0.2383838065918511
0.23839879707904318
0.2384437715581545
0.23850376403457002
0.2385346366107674
0.2385501005208357
0.23859666776022054
0.23865782526784196
0.23868915604952765
0.23870460954561692
0.2387510588959071
0.23881236393153843
0.23884711052106458
0.23886433637506452
0.23891611306774735
0.2389842497383561
0.2390176759832985
0.23903414266592832
0.23908318421723554
0.2391496604957319
0.23918461642290156
0.2392024559281485
0.23925588073712448
0.2393272822431388
0.23936385229665746
0.23938218639020978
0.23943689240320612
0.23951047530220065
0.239557793900288
0.23958154027844739
0.2396529167300727
0.23974769801376103
0.23980535939241876
0.239834097072293
0.23992000926003493
0.24003639365962265
0.240050177487942
0.2400773124654911
0.24015858090282902
0.24026690493449782
0.24032515512346422
0.2403542108198328
0.24044170073687782
0.24055671616644753
0.2405800830640879
0.24061015234116218
0.24069957177160414
0.24082164841679618
0.2408757051004432
0.24090354567340982
0.24098752018067865
0.24109744072453887
0.2411540610748298
0.24118199402114723
0.24126477665808208
0.2413781511158293
0.2414374025381986
0.24146782593545918
0.24155863105711675
0.24168111078964752
0.24175440574515197
0.2417913925682131
0.24190256422977605
0.24205069405628335
0.24215628622282115
0.24220922162695174
0.2423667005775441
0.24258226418996418
0.24261672335423753
0.24278485906622746
0.24286349632918322
0.24298588474608412
0.24306103745846425
0.2430983957695594
0.24321124938624042
0.24336048656040654
0.2434593096405519
0.24350838423290894
0.24365588712541247
0.24385303714912313
0.243964497262499
0.24402015550843179
0.24418828187744587
0.24441076721318344
0.24453433371312547
0.24459581028365826
0.2447801388089506
0.2450268477939072
0.2451678968925263
0.24523845311507095
0.24545087580136363
0.2457352383220922
0.2457422691520324
0.24579889607783983
0.24596813958679897
0.24619678541141232
0.2463132028613775
0.24637232043524385
0.24654901800464576
0.24678622821718824
0.24695457412536084
0.24703904742056237
0.24729414609255623
0.24762921978057822
0.24766005593207926
0.2477702022841535
0.24810181994207153
0.24854402880024395
0.24876274393934758
0.24887207336671696
0.24920170283249168
0.2496385159853025
0.24972357802631528
0.25002360052803846
0.25015755775889825
0.2502263105426878
0.25043157188373233
0.25070973088427073
0.2508462579747066
0.2509158045307149
0.25112420469154445
0.25140364091460865
0.2515855032217622
0.2516770641869933
0.25195087614915385
0.2523202446952183
0.25250313428029925
0.2525960382725144
0.25287427459077233
0.2532461516737944
0.25343954680361847
0.2535363850927923
0.2538268197805867
0.25421579615908574
0.25447024469139246
0.25459826570641997
0.2549827969874051
0.2554958750670408
0.25582654095472795
0.2559920593182312
0.25649027558450405
0.257155146308909
0.2575962581826091
0.25781796342494007
0.25848454731369264
0.2593712665390778
0.2596985718049369
0.26034089908609465
0.2604776731719747
0.2606857547437925
0.2613079090821069
0.26215190262977783
0.26239808335021275
0.2630088927887926
0.2633393004080657
0.2635058867793363
0.2640059943824122
0.26467572044723287
0.26511203728651717
0.2653315683293432
0.26599223384875964
0.266870771979654
0.2669104784279809
0.26741477518776013
0.2680878526572864
0.268510955235874
0.26872313456458485
0.2693602321730577
0.27021431990826933
0.27074236101820776
0.2710082397163725
0.2718075611955098
0.27287602388709864
0.2733790868398136
0.2736306562809925
0.2743872459225386
0.275399407123687
0.27604275006759527
0.27636668418214605
0.2773402252847063
0.2786467236687222
0.2795169136737253
0.2799563320700832
0.2812766679885513
0.28305582953825525
0.28329625225417787
0.2843935644496765
0.2858763362910529
0.2860409694202399
0.2871298210226821
0.2885899471143874
0.28932969503987305
0.2897018279999128
0.2908192444130232
0.29232435963985115
0.2930351262755414
0.2933943580742327
0.2944729950327797
0.29592392194837613
0.29673925871744805
0.2971509777046547
0.29838749987431634
0.3000547763616305
0.3008102945322827
0.3011922671105127
0.30233932757228843
0.30388340034814554
0.3047308763907114
0.305159062244253
0.3064469406347018
0.30817673628869097
0.30927921644691375
0.30983641456174565
0.3115113635609371
0.31377210336989253
0.31403773464388396
0.3145712723788802
0.3161749316546852
0.3183388369041122
0.3193345815310852
0.31983787295438304
0.3213507168250621
0.3233901276004019
0.32440457810228646
0.3249175690444401
0.3264591208846448
0.3285382595881431
0.32954332438109823
0.33005164456094066
0.3315793892088349
0.33363797464263795
0.33476628811285875
0.3353370174680635
0.3370537345519436
0.33936631659620947
0.3407686784087535
0.34147925991534983
0.3436160262525526
0.346506415530168
0.34707237329338547
0.3490432379043135
0.35170522654116587
0.3529812380588174
0.3536271772765015
0.35556922597594687
0.35819224036300423
0.35944160789285207
0.36007417661146746
0.3619763081818804
0.36454180961749266
0.3660245033462612
0.3667759593044545
0.36903606321333865
0.372092453833604
0.37351116496895975
0.3742300316711644
0.37639214578664476
0.3793122440805165
0.3808960387555497
0.3816991956785885
0.3841152555525829
0.3873848255211971
0.3889054729373768
0.3896765797793245
0.391996209485842
0.39513200728151104
0.39677939764091624
0.39761535668118697
0.40013042885694794
0.4035346174931197
0.4052323078214172
0.4060942604683496
0.4086878049151541
0.41219895271805207
0.4140205396460302
0.4149461452096182
0.41773176806496637
0.42150740648699964
0.4233760013452677
0.424325983432565
0.42718502295598404
0.4310616521600894
0.4330064769678547
0.43399587214554936
0.4369737202445601
0.441013375346988
0.44306907541010077
0.4441156092983859
0.44726593620884925
0.45154243336659655
0.4537125341343672
0.4548179681633075
0.4581459862110735
0.46266689405028183
0.4649248293106455
0.4660754495034896
0.4695395541252636
0.4742469467876818
0.47660887905286314
0.4778129307318527
0.4814381351900476
0.4863659079267867
0.4888497028328345
0.4901162346071784
0.4939300015224563
0.49911534052955564
0.5017461565083733
0.5030879937241892
0.5071290671137311
0.5126252361725596
0.5154134431002013
0.5168357977542916
0.52111981933179
0.5269486635824561
0.5298646524681101
0.5313521436131182
0.5358327332883986
0.5419287667906191
0.5450138118788737
0.5465875995672459
0.5513288399037328
0.5577806212560398
0.5610358252555295
0.5626963649363053
0.5676994662530147
0.5745085401701417
0.5779349240729796
0.5796826343854822
0.5849488699672668
0.5921169286935661
0.595694667244921
0.597519242853404
0.6030175525312055
0.6105003181553037
0.6142837578901531
0.6162131296247921
0.622028009824435
0.6299426067058372
0.6339329322719487
0.6359675920189037
0.6421005174646318
0.6504486866861585
0.6546444499425376
0.6567835361613895
0.6632319137133308
0.6720094135080809
0.6764273259790786
0.6786793107291546
0.6854688449044944
0.6947106231175882
0.6993721866088283
0.701748001181949
0.7089117810180545
0.7186632709542841
0.7235709606991338
0.7260716987708214
0.7336129640713882
0.743878112496879
0.7490375052588522
0.7516658701429114
0.7595928018343151
0.7703820782390981
0.7758111319572867
0.7785761378406763
0.7869161207659036
0.7982665925629113
0.8039782356586826
0.8068862812165968
0.8156586299703148
0.8275963255666698
0.8335966554996859
0.8366506332455542
0.8458641502665536
0.8584000299156577
0.864715655982975
0.8679289406718259
0.8776240764527541
0.8908135873532639
0.8974378025796809
0.9008066679382766
0.9109721856127292
0.9247982807262608
0.9317573059448442
0.9352948846795446
0.9459705340363347
0.9604874286771864
0.9677832977399989
0.9714902952590142
0.9826783024981064
0.9978875119620739
1.005547231146418
1.0094371034176672
1.0211782560639786
1.0371352506571292
1.0451600209524154
1.049233029162778
1.0615281422073781
1.078232519353911
1.0866458327575512
1.0909135727365382
1.103797850419921
1.1212970533873807
1.1301057945154538
1.1345713800852828
1.1480542671573573
1.1663599017089394
1.1755775971374343
1.1802474815397161
1.1943485602192647
1.2134864011615827
1.2231144515215935
1.2279889052278976
1.2427090874179902
1.2626784699446503
1.2727435317258737
1.2778355670408192
1.2932143693085068
1.314068394818147
1.3245704904491342
1.3298795796408596
1.3459154861113862
1.3676500802310334
1.3786045335319017
1.3841378148769323
1.4008525773739788
1.4234957642284658
1.434910468067953
1.4406712508738106
1.458075011361677
1.4816386182276817
1.4935206832137877
1.4995117973198497
1.5176132899221904
1.5421069725631622
1.5544539145221938
1.5606732190410368
1.5794660720871483
1.6048786501363603
1.6176928433866864
1.6241406314087063
1.6436259378924682
1.6699563121006396
1.6832837705346109
1.689982262900041
1.7102279026127154
1.7375661302565466
1.7513472597293536
1.7582652328122028
1.779176472899019
1.807390028430047
1.8216510524247245
1.8288005329182078
1.8504143984777
1.8795508270256884
1.8942763702903316
1.901648354817985
1.9239378908699893
1.953957352494294
1.9691391531177067
1.976728160203521
1.999677267317783
2.030554641811102
2.0461790647099556
2.0539768485539622
2.077561091897377
2.1092599984996876
2.125303000770394
2.1332961040615244
2.1574752877701564
2.1899380630423466
2.2063822355228306
2.2145604565060584
2.239304429833595
2.2724871567940066
2.2893003923628443
2.297646236542945
2.3229027438684384
2.3567318265680415
2.373888820210465
2.382388127146929
2.408115220374454
2.4425311776008773
2.459994943303313
2.468627804159521
2.4947661381394672
2.52968634885028
2.5474222639706645
2.5561699216440106
2.582663812604099
2.6180108624083176
2.6359770301793004
2.644817187556898
2.671600315258831
2.707282787862678
2.7254377712184477
2.7343483372948065
2.7613551287065055
2.7972830471076833
2.8155827039531487
2.8245403076054094
2.8517014591689835
2.887780131424594
2.9061804517486833
2.9151617513929313
2.9424082219315286
2.978543617268297
2.997003429759061
3.0059864016902034
3.0332533482438806
3.0693572761672443
3.0878419148286187
3.096807510903968
3.1240394583325424
3.1600361707639335
3.178526204739287
3.1874622856551467
3.2146252888678335
3.2504672259741345
3.268974180753883
3.277882498428926
3.3049858907120244
3.3406815427578698
3.359287609400532
3.3682012948434346
3.3953522465337445
3.431035939174658
3.4500176038581114
3.4590550743193083
3.4866272703546994
3.5227745214184525
3.5432375708208905
3.552875853271598
3.5823673931838584
3.620888591135671
3.643129592075856
3.6534576494729323
3.685185317387173
3.7264399998296036
3.738653389235501
3.7681610632560383
3.7689819118120127
3.7750319358104076
3.7934843584267384
3.817611538561783
3.821670387579973
3.826821895500022
3.842511519712434
3.863047013629771
3.872239633650454
3.8766386232746295
3.890018596851148
3.9075447053580334
3.9155259872511703
3.9193529238405884
3.9309795458241346
3.946213696544463
3.9531884513273305
3.956537617212464
3.9667009957871313
3.980015093433861
3.9860905727043696
3.9890103475292475
3.997859552519531
4.009441866479796
4.014686927326531
4.017207404242216
4.024835858079402
4.03480250611201
4.0392545647996485
4.041391477444228
4.047849433859641
4.056262704338155
4.057590467485298
4.059371654880147
4.064747299833894
4.071730008203448
4.071880885936865
4.073299215638674
4.077574761888697
4.083117592902428
4.08609872513406
4.087502577415027
4.091731320874536
4.097145749582982
4.099986425879602
4.101291548318563
4.1052176606650645
4.110139343859607
4.112653472032286
4.11375828738048
4.117076593577363
4.121072179703893
4.123069968742187
4.123862783823638
4.126241603442941
4.128824569735846
4.1300156498038145
4.1303238950798224
4.1312523239172485
4.131669761486983
4.131516872962581
4.131043244356513
4.129638217498641
4.126633033414561
4.1242504593075004
4.122526177995732
4.117384635490197
4.1090085021421645
4.103614317161091
4.100381796472664
4.09069294995448
4.076181953730476
4.066824847442841
4.061633798035469
4.04598091966965
4.0234818216195505
4.008223835807084
4.000215900928246
3.9758484893201316
3.941798360585198
3.9194957331715234
3.9084795911602983
3.87441739818506
3.828180468121884
3.791453539545514
3.774910736082877
3.7217034393571606
3.6520856090633185
3.6210042464580474
3.5705997388091575
3.544356942965586
3.533139496883688
3.496485005802224
3.449333801871569
3.4151432299649422
3.401852072915435
3.355659896940664
3.297952040921382
3.2599688266170186
3.2468466484987957
3.1976883602420547
3.1380271591402242
3.103397391424249
3.092313059674027
3.0490102612550727
2.996651066005545
2.965513676971878
2.9560023011099736
2.9174720838564414
2.8709139686017426
2.842546491645156
2.834213113425738
2.799360299148633
2.75726895342126
2.7311130609185024
2.723692993431157
2.691773051792398
2.6532798505326407
2.628961697080667
2.622286615119752
2.592818761348113
2.5573703833324135
2.5346454514767665
2.528605813293004
2.5012716154373704
2.46849108347906
2.447188739305087
2.4417053692666824
2.4162714224647783
2.3858682833149913
2.365853578348623
2.360861924001617
2.3371355306503596
2.3088617963028724
2.2900165028889843
2.285460254297027
2.2632708001847166
2.236905390882142
2.2191217680677653
2.2149511272856857
2.194145111090698
2.1694907610058634
2.152670900851933
2.1488423259628866
2.129283075726795
2.106166294932555
2.0902226893263176
2.0866987030424853
2.0682664226820897
2.0465368134328386
2.031392434485987
2.0281411411470556
2.010732029299038
1.990260331500399
1.9758479748645343
1.9728423503342494
1.956366901104968
1.9370422364306275
1.9233033903103998
1.9205204951011052
1.9049014292022934
1.8866283368097967
1.873511888627256
1.8709321192341575
1.856102320492236
1.8387979875965
1.8262589811545824
1.8238654193957338
1.8097660897929233
1.79335797017583
1.7813565193369894
1.7791343979691652
1.7657135129835126
1.7501373815528471
1.7386377727528002
1.7365740520108124
1.7237851188905124
1.7089835322759708
1.6979535079906602
1.6960365472844183
1.683837631179451
1.6697587323080645
1.659168930404869
1.6573882367776807
1.64574120736935
1.6323378058840508
1.6221613257942655
1.6205073619363888
1.6093773142230572
1.5966061808884415
1.5868182500668204
1.585282287324742
1.5746370969735146
1.562458421001629
1.5530473722270195
1.5516207336614758
1.5414425204008277
1.5298286667387426
1.520754595381314
1.5194309809416642
1.5096689734940545
1.4985675092443336
1.4898153689466078
1.4885873688446705
1.479227828503309
1.4686163897190476
1.4601710740768696
1.459032267083959
1.4500513632137317
1.4399003330891462
1.4317445753943898
1.4306889875490931
1.4220643434413054
1.4123459712482906
1.4044635851752676
1.403485645092492
1.3951963431769092
1.3858846913252574
1.378260524920723
1.3773550314440726
1.3693815036598829
1.3604523119471654
1.3530721733871813
1.352234267654155
1.3445581978814969
1.3359887629435785
1.328839353929367
1.3280644947689901
1.3206687318080241
1.3124377994335144
1.305506655241826
1.3047905972130012
1.2976590764599938
1.2897467444593778
1.2830221791557976
1.28236095271243
1.2754786245654088
1.2678662543069645
1.2613373102415624
1.2607272036200408
1.254079967974025
1.246750102518716
1.2404065042673762
1.2398440468323293
1.2334186925798822
1.2263549813395387
1.2201870926492493
1.2196690395059349
1.213453188193846
1.206640317149287
1.2006391005720838
1.200162418237894
1.1941444715695126
1.187568098319955
1.1817250772725503
1.1812869303858646
1.1754560213535252
1.1691027129633238
1.1634099377903395
1.1630076765695097
1.1573536235069897
1.1512108014974314
1.1456608145436185
1.145291963115154
1.1398052271293302
1.1338611101739673
1.1284469180674634
1.1281091635657015
1.1227808076176164
1.1170243659007026
1.111739407112558
1.111430589308201
1.1062522405708468
1.100673145450728
1.0955112653100434
1.0952293670411124
1.0901931812414727
1.084781762529042
1.0797371857222138
1.079480323748748
1.0745789518826645
1.0693261557336273
1.0643934634033168
1.064159879880336
1.059386437534971
1.054283783114188
1.0494578942366535
1.049245948673867
1.044593984013481
1.03963354075308
1.034909678834254
1.0347178404010058
1.0301813121333316
1.0253556385187317
1.0207293315228887
1.0205561729081782
1.0161294130548544
1.0114315628987047
1.0068985946620914
1.0067427838809733
1.0024204889169068
0.9978439328847913
0.9934003662035302
0.9932606620002778
0.9890378547515445
0.9845765035803192
0.9802186214854158
0.9800938655481449
0.9759658884759296
0.9716140193693789
0.9673383436277115
0.9672274576278448
0.9631899316233277
0.9589422088022962
0.9547454520158204
0.954647429959167
0.9506962595992908
0.9465476608166126
0.9424267592195145
0.9423406624479898
0.9384720145505416
0.9344178409742909
0.9303699010683751
0.930294857890746
0.9265051201570345
0.9225409753100766
0.9185632857528538
0.9184984792699131
0.9147842834533705
0.9109060316944545
0.9069960283834364
0.9069407052899748
0.9032988633311025
0.8995026838621679
0.8956579063868878
0.8956113625629335
0.8920388784550414
0.8883210794682247
0.8845393030873183
0.8845008828578225
0.8809949574879783
0.8773522876737994
0.873631268822824
0.8736003552029614
0.8701584340642236
0.8665873452541877
0.8657335968971164
0.8656034763593049
0.8651544139528355
0.864558544721091