20000.
19997.098478896
19995.647876092
19991.296699233
19985.496603496
19984.774934645
19984.108749496
19983.964961173
19983.328198506
19983.027379827
19982.876972175
19982.425756033
19981.824150419
19981.482179951
19981.311196898
19980.798256546
19980.114356627
19979.772745247
19979.601941734
19979.089539982
19978.406358156
19978.046177611
19977.866089761
19977.325835976
19976.605520394
19976.232595941
19976.046136311
19975.486767892
19974.740967773
19973.609914362
19973.044411632
19971.347999588
19969.086341217
19968.733654319
19967.926447694
19967.522856588
19966.312132273
19964.697947542
19964.317845802
19963.860177308
19963.631346979
19962.944871762
19962.029608283
19961.495388224
19961.228283536
19960.426990955
19959.35865099
19958.836530087
19958.575474738
19957.792329217
19956.748183094
19956.213610635
19955.946329756
19955.144508636
19954.07546403
19953.443162127
19953.127018665
19952.178618381
19950.914154917
19950.262344811
19949.936447719
19948.958788433
19947.655317377
19946.968454773
19946.625032315
19945.594800467
19944.221240912
19943.439405638
19943.048499465
19941.875826976
19940.312371075
19939.458036597
19939.030883053
19937.749477389
19936.041064773
19935.211650782
19934.796956695
19933.552926256
19931.894339932
19931.118635242
19930.730794189
19929.567316369
19928.016118414
19927.050229852
19926.567303092
19925.118593101
19923.18714381
19922.233318954
19921.756423614
19920.32580616
19918.418476221
19917.296265923
19916.735184443
19915.052034919
19912.808057039
19911.640108137
19911.056159332
19909.304415754
19906.968997615
19906.75748426
19906.263254663
19904.780639568
19902.803991409
19901.507447715
19900.859207493
19898.91461361
19896.322117597
19894.789953861
19894.023916183
19891.725980231
19888.662478822
19888.492491775
19886.580048507
19884.030410463
19879.868360769
19877.787662473
19871.546874443
19863.228872325
19860.804043495
19859.331888791
19858.595852305
19856.387906629
19853.444361217
19851.962191368
19851.221147883
19848.998183506
19846.034618519
19844.544246183
19843.799101931
19841.563837159
19838.583876088
19837.938701204
19837.230612176
19835.106496842
19832.274697143
19830.879995392
19830.182681246
19828.090886027
19825.302169247
19820.125645203
19817.537889869
19809.776651254
19799.433062144
19797.948840326
19796.727345052
19793.063311577
19788.178988973
19785.94621591
19784.829923771
19781.481425385
19777.017642859
19774.981693338
19773.9637971
19770.910422896
19766.839991102
19764.672824124
19763.589329656
19760.339202781
19756.006532117
19753.90869942
19752.859866531
19749.713702135
19745.51959618
19743.334277514
19742.241708798
19738.964365566
19734.595421326
19732.07025801
19730.807797427
19727.020900479
19721.972835622
19719.470904282
19718.220057544
19714.46799356
19709.466352657
19706.658345378
19705.254491659
19701.043530725
19695.43031647
19692.412859167
19690.904303768
19686.379331144
19680.347652399
19677.231766546
19675.674008504
19671.001474496
19664.773155805
19661.82442809
19660.350229937
19655.928298856
19650.033938395
19644.880402586
19642.304141361
19634.577385022
19624.279772163
19619.210239866
19616.675964653
19609.075103385
19598.945203772
19594.026833686
19586.343627816
19582.697728185
19580.875032741
19575.407964522
19568.120915327
19563.959679028
19561.879392574
19555.639860641
19547.32358129
19543.37412001
19541.399688474
19535.477590917
19527.584253309
19523.711642367
19521.77562476
19515.968724032
19508.228877329
19503.856162862
19501.670173029
19495.113673779
19486.375104441
19481.369005066
19478.866437493
19471.360663853
19461.357465433
19456.275517459
19453.735040949
19446.115601937
19435.960992979
19431.032330734
19428.568468136
19421.178755062
19411.330177288
19405.552118084
19402.66373327
19394.0011585
19382.457075797
19377.073773393
19374.382682703
19366.311653261
19355.555511663
19348.631424153
19345.170309057
19334.790678621
19320.959835398
19311.483515115
19306.747097702
19292.544815073
19273.624690257
19264.056797769
19259.274632466
19244.935258922
19225.832702284
19222.838396504
19218.767239981
19206.558943607
19190.293279282
19188.297847289
19184.658571098
19173.74488392
19159.202959567
19151.723211055
19147.984431626
19136.772472611
19121.833407088
19114.391561847
19110.671725104
19099.516558349
19084.653132383
19076.385275038
19072.252689331
19059.86030359
19043.349648788
19035.490564836
19031.562238927
19019.78212521
19004.086650232
18995.584575496
18991.334964293
18978.591834698
18961.614296869
18952.909194029
18948.558141062
18935.510975164
18918.128729299
18906.863891405
18901.233987665
18884.354333796
18861.871577441
18848.325038394
18841.555417209
18821.261139553
18794.236104193
18790.748758492
18784.401858133
18765.374017755
18740.033545512
18726.49677431
18719.732055479
18699.452558497
18672.447402103
18667.236262209
18660.286561484
18639.452980483
18611.711052954
18598.890460928
18592.483476595
18573.275764057
18547.696347023
18534.957360401
18528.591148029
18509.505628494
18484.088849095
18470.264667898
18463.356454414
18442.647313905
18415.071257377
18398.308975707
18389.933556804
18364.830170732
18331.412289782
18307.692987785
18295.844847428
18260.346414648
18213.122292466
18204.628107497
18167.999827974
18150.172825067
18123.076254549
18106.562129283
18098.310709898
18073.579007858
18040.655972541
18019.180189576
18008.45188607
17976.305286598
17933.532405095
17909.39992239
17897.345860689
17861.232334023
17813.194298438
17786.886488028
17773.74715541
17734.38736769
17682.043207667
17652.152934975
17637.22675065
17592.523884285
17533.096267421
17531.455401345
17519.65392992
17484.297161674
17437.265779217
17412.904125372
17400.736063918
17364.282875531
17315.797393977
17281.320897462
17264.108398041
17212.57369776
17144.09999043
17138.459346844
17116.331720931
17050.120114094
16962.236230788
16919.172206268
16897.681209162
16833.371871582
16748.0066562
16695.203521239
16668.864413811
16590.096155901
16485.650522688
16435.206594354
16410.042539793
16334.781317074
16234.96968703
16233.884610702
16170.557155184
16140.394578808
16125.334394153
16080.238103602
16020.305842828
15980.11349258
15960.055145322
15900.031044398
15820.349928814
15775.464612727
15753.069731162
15686.07566024
15597.193224757
15570.034100913
15544.552519478
15468.357721694
15367.345326974
15315.181409774
15289.165887575
15211.384176256
15108.290430424
15055.53188466
15029.221737916
14950.566848555
14846.333625425
14796.221555196
14771.228984246
14696.504282469
14597.459052783
14546.839721032
14521.595915756
14446.127040192
14346.11163837
14290.56205674
14262.867976073
14180.107337154
14070.506357219
14020.789817823
13995.997460534
13921.88311793
13823.674145394
13762.64975993
13732.238661069
13641.407968764
13521.234268133
13443.704900817
13405.107078475
13289.97724778
13138.007474621
13123.950383926
13025.568804081
12895.5396452
12815.962543988
12776.358328681
12658.27849272
12502.534559615
12430.196493984
12394.184562218
12286.773552182
12145.00547851
12075.064727973
12040.245536146
11936.389228246
11799.306355854
11706.361835219
11660.164483565
11522.66342473
11341.847663966
11223.660819265
11065.28412873
11030.811900398
10991.973656014
10876.277474883
10723.907992021
10679.592106663
10636.692569901
10509.025155153
10341.182397918
10337.337840798
10291.110363137
10153.664589514
9973.2548544581
9960.0243728902
9839.8833465914
9777.3844103642
9746.2839608318
9653.5749154052
9531.3332143595
9467.9810965993
9436.4631171961
9342.5373092664
9218.7555736132
9154.0874449089
9121.9236913803
9026.1089110047
8899.9195924025
8833.9801550979
8801.1938651629
8703.5632904265
8575.0717962231
8508.4357672575
8475.3121857732
8376.7131463498
8247.0297923166
8185.36099583
8154.6997391638
8063.4033719475
7943.2628665906
7884.3597215338
7855.0721480994
7767.8605741939
7653.0828287426
7597.6716977621
7570.1167611217
7488.050117763
7380.0102041417
7317.4450389315
7286.3616381088
7193.9014246225
7072.4436644659
7017.8939203194
6990.7770279187
6910.0534090668
6803.8700414868
6752.8402594806
6727.4690698942
6651.9260083476
6552.5198279149
6505.0944355544
6481.5106129481
6411.2709200496
6318.8006391347
6264.2570839379
6237.162115569
6156.5783568092
6050.7505725088
6036.3050609747
6013.1428871515
5944.1882658921
5853.4772255842
5810.9807222008
5789.8483067496
5726.9110518877
5644.0576586921
5600.8422228859
5579.3587467144
5515.4014907339
5431.2641645129
5390.5756815325
5370.3458887973
5310.1108861106
5230.8471925893
5190.7775793218
5170.8580223513
5111.5568287284
5033.5451401951
4995.208237511
4976.149418398
4919.4081595667
4844.7583225932
4807.581763093
4789.1005979374
4734.0822823311
4661.7064875565
4626.2624826469
4608.6416655935
4556.1808875224
4487.1609410628
4453.6511039702
4436.9901448285
4387.380306587
4322.0956328886
4289.3951155929
4273.1377513036
4224.7344326836
4161.0484872605
4129.6277601522
4114.0064812871
4067.4963004852
4006.2996336215
3976.4048000261
3961.5411391813
3917.2826879249
3859.0396236079
3830.3271928029
3816.0511869217
3773.5416273315
3717.5979283779
3690.3284952526
3676.7688799666
3636.3882423911
3583.2364214112
3556.7987735409
3543.6531866546
3504.5072192981
3452.9844538309
3427.7776829477
3415.2433842514
3377.9148240103
3328.7773106518
3304.6333443201
3292.6271093702
3256.8694957959
3209.7960120556
3186.566282536
3175.0145369318
3140.6099552328
3095.3164103246
3073.1417010089
3062.1139888385
3029.2677185973
2986.0201118191
2964.7636650605
2954.1922523897
2922.7036447396
2881.2403191809
2860.8590470422
2850.7225388991
2820.5279995865
2780.7655247117
2761.2426578887
2751.5326829867
2722.6071519745
2684.5122410661
2665.8207315558
2656.5238368039
2628.8272363044
2592.3471024607
2574.4420115728
2565.5358947652
2539.0019805145
2504.0498244141
2486.9096333443
2478.3835841482
2452.9804200731
2419.5141109362
2403.0958314927
2394.9285175686
2370.592747667
2338.5292880116
2322.7718182129
2314.9329439067
2291.5746928023
2260.7965790924
2245.7064481951
2238.1991950779
2215.8276791353
2186.3464456442
2171.8760326285
2164.6767801581
2143.2218905156
2114.9457933122
2101.0662662201
2094.1606967419
2073.5798702956
2046.453057646
2033.1345539548
2026.5078412245
2006.7570156083
1980.7216978026
1967.9393643306
1961.5791639043
1942.6216315659
1917.6296166893
1905.3541390583
1899.245898806
1881.0384199004
1857.033015379
1845.2385213599
1839.3693949192
1821.8737862746
1798.804902141
1787.4668241591
1781.8246124312
1765.0046126107
1742.8246750288
1731.9190023577
1726.4917830889
1710.3119549442
1688.9744747573
1678.4785112268
1673.2550142606
1657.6818564121
1637.1428782239
1627.0348935508
1622.0043281024
1607.005763136
1587.223197587
1577.4825410317
1572.6346519737
1558.1801931502
1539.1140342372
1529.7209250663
1525.045889116
1511.1063327172
1492.7182563077
1483.6538514696
1479.1423107136
1465.6898353712
1447.9433287672
1439.1897388388
1434.8328086371
1421.8409987732
1404.7013913284
1396.2415652283
1392.0307771017
1379.4744536885
1362.9086959872
1354.7264137601
1350.6537118261
1338.5089218675
1322.4855720924
1314.5737007582
1310.6355325527
1298.8916744642
1283.3967264689
1275.7104433662
1271.8845812762
1260.4757007125
1245.4228955182
1237.9914555556
1234.2923806528
1223.261340722
1208.7064922715
1201.481310903
1197.8849321287
1187.1602575115
1173.009905451
1165.9961916878
1162.5050765213
1152.0943230382
1138.3582042707
1131.541519567
1128.1484995795
1118.0303636664
1104.6805390194
1098.0451029489
1094.7423459581
1084.8935612623
1071.899540094
1065.4323555517
1062.2134099227
1052.6148076533
1039.9514610348
1033.6457610476
1030.5072632186
1021.1488317825
1008.8029936015
1002.6462937269
999.58204824725
990.44538677573
978.39295040048
972.37327095261
969.37733407956
960.4447941316
948.66264983124
942.7690175929
939.8359459797
931.09136900529
919.55836739014
913.78061297496
910.90536335348
902.33378370652
891.03034886505
885.3579350089
882.53528401703
874.12121094092
863.02710157544
857.44880954203
854.67319893611
846.40016014123
835.49387923005
829.99781998349
827.26336290744
819.11392605246
808.37275555279
802.94570191711
800.24585328034
792.20065408373
781.599398038
776.2260494882
773.55324371257
765.58992030997
755.09953237264
749.76115313879
747.1061329605
739.19735078281
728.78238887591
723.45337294327
720.80349523527
712.91195653721
702.52413993141
697.16523307421
694.50112829617
686.56974157749
676.13528112694
670.6748902905
667.96125355443
659.88604455953
649.27075532086
643.53673965133
640.68874957114
632.22018004519
621.10262277402
614.27402963381
610.88793798322
600.84124440926
587.70220530167
585.85599944748
582.94834305863
574.31167395673
562.99483130269
556.47853903816
547.66607786333
546.57327605058
544.64059556897
538.88346152825
531.30183690436
527.92142495768
526.23929289364
521.22498766185
514.61349228716
511.59207524638
510.0880254322
505.6023551441
499.68276334346
496.96606588743
495.61326093605
491.57690125649
486.24617801999
483.80351241406
482.58678491943
478.95493169161
474.15494299597
471.96937657798
470.88037399555
467.62841954823
463.32738912111
461.39802979206
460.43636494484
457.56337989379
453.76059995196
453.42850965262
452.60216255271
450.13214621948
446.85974726337
445.22113856073
444.40408878363
441.9619250494
438.72657076707
436.97702190902
436.10486546825
433.4988267352
430.04831724941
428.23679948423
427.33390408256
424.6366239646
421.06671542323
419.21418766821
418.29098236412
415.53354734124
411.88522291337
409.99741858873
409.05676349785
406.24772741248
402.53232999697
400.60052071142
399.63809541707
396.76467057884
392.96555009275
391.05643006354
390.1053509091
387.26596968105
383.5122501678
381.59902049012
380.64598776417
377.80114699743
374.04107235076
372.00578486493
370.99229783564
367.9683736023
363.97478116048
361.59290001505
360.40781095552
356.87579722858
352.22023117473
349.42081868926
348.02946697626
343.88856506
338.44390220813
335.52324654042
334.07238383597
329.75733028045
324.09050104743
321.01135018049
319.48276257935
314.94053437374
308.98452764206
305.56785214955
303.87370828333
298.84742543754
292.2748034008
288.32129262666
286.36463675498
280.57398116305
273.03484396921
268.15288505563
265.74473780755
258.64927950502
249.48249221474
243.80019627124
241.00776711507
232.82092179756
222.33608805428
216.8611523492
214.17445050171
206.31241490815
196.27679887039
191.13527836741
188.6152469158
181.2527592352
171.88121003042
166.90871322235
164.47667269176
157.39111829016
148.41624383128
143.90421710945
141.69990631341
135.28750580735
127.18674769589
123.3224897167
121.43461336748
115.94262445463
109.00438589112
105.6928856714
104.07505432841
99.368634068373
93.422801752254
90.582994037071
89.195626984176
85.159722507555
80.061146848757
77.625174163756
76.435124519748
72.973327141893
68.600252022643
66.510570585985
65.489723120005
62.520234370556
58.769300854569
56.976786191932
56.101136699962
53.554108918467
50.337037126786
48.799615843123
48.048604609805
45.864209272675
43.105374303646
41.786954322885
41.142944205486
39.269856375021
36.904379737902
35.773974944611
35.221823950706
33.615979762434
31.588161645323
30.619158462141
30.145861475089
28.769416032472
27.031419091312
26.200954645208
25.795339588224
24.615782923718
23.126515097596
22.414946841342
22.067415492404
21.056818308308
19.780979339576
19.171431259874
18.873737474269
18.008105672248
16.91537099008
16.393344646641
16.13840425324
15.397125608049
14.461446627347
14.014487375102
13.796215037304
13.161584332482
12.360587920211
11.977998249348
11.791167352442
11.247978529076
10.562451191423
10.235044380001
10.075166621038
9.6103622731162
9.0238068582318
8.7436951682103
8.6069170299448
8.2092870474923
7.7075416064531
7.4679541150622
7.3509678257838
7.0108902079058
6.5818001954653
6.3769260786523
6.2768930135522
5.9861109018054
5.6192471952821
5.4441008879998
5.3585856646685
5.1100155105651
4.7964318149557
4.6466950600082
4.5735888575176
4.3610992180449
4.0930567379273
3.9651549214565
3.902710683962
3.7212166011713
3.4922855135275
3.383027436421
3.3296869820397
3.1746589319285
2.9791243479653
2.8858134225769
2.8402597387811
2.7078679643737
2.5408950236602
2.4612214576119
2.4223264827555
2.3092908343007
2.1667388681612
2.0987244028235
2.0655220279529
1.969033421909
1.8473567272662
1.7893075357001
1.7609705894358
1.6786240421724
1.5747872508484
1.5252534580785
1.5010739281667
1.4308110105717
1.3422163718131
1.2999572728084
1.2793293123565
1.2193887094699
1.1438136210451
1.1077678021655
1.0901731322933
1.0390481775242
0.97459153518718
0.94385121663742
0.92884659190551
0.88524880439146
0.83028494054641
0.80407394976088
0.79128039793449
0.75410818332236
0.7072473326617
0.68490220096223
0.67399578895723
0.64230758117171
0.60236195943234
0.58331570456376
0.57401961677452
0.54701083838774
0.51296554699538
0.49673376432268
0.48881150896144
0.46579481349711
0.43678289140662
0.42295183019228
0.41620141547543
0.39658975122835
0.37187079161968
0.36008713290819
0.35433607459615
0.33762816706673
0.31656998987062
0.30653209188489
0.30163313769455
0.28740105716478
0.26946401515879
0.26091441177215
0.2567418779579
0.24462038784106
0.22934392229361
0.22206290245874
0.21850953838579
0.20818697913627
0.19517811446458
0.18897822495268
0.18595252868394
0.17716301348031
0.16608650853688
0.16080784967776
0.15823177089057
0.15074850774893
0.14131842940582
0.13682463300023
0.13463160905576
0.12826119164466
0.12023371113962
0.1164084978348
0.1145417728871
0.10911929451203
0.10228652325495
0.099030762560977
0.097441952098138
0.092826833159924
0.087011558771913
0.084240753656617
0.082888616415205
0.07896103492683
0.074012218684919
0.071654358014962
0.07050374750086
0.06716159169375
0.062950524663669
0.06094424893117
0.059965217916321
0.057121483561314
0.053538503880039
0.051831534607945
0.05099856842858
0.048579130780199
0.045530814055614
0.044078618430114
0.043369983069048
0.04131170220484
0.038718471953298
0.03748312088914
0.036880305527443
0.035129406383553
0.032923491228359
0.031872684200895
0.031359925198552
0.029870614317223
0.027994303853841
0.027100534448574
0.026664408055721
0.02539769021134
0.02380184324311
0.023041697257946
0.022670776915875
0.021593458990541
0.02023624689358
0.01958978580633
0.019274341344272
0.018358158813201
0.017203965412811
0.016654223192269
0.016385975076691
0.015606877412924
0.014625396906127
0.014157928697124
0.013929827879953
0.013267339410381
0.012432771775725
0.012035286819004
0.011841335486834
0.011278034266303
0.010568427636874
0.010452214180762
0.010394587549001
0.010223606957089
0.0099999997764826