20000.
19997.098478896
19995.647876092
19991.296699233
19985.496603496
19984.774934645
19984.108749496
19983.964961173
19983.328198506
19983.027379827
19982.876972175
19982.425756033
19981.824150419
19981.482179951
19981.311196898
19980.798256546
19980.114356627
19979.772745247
19979.601941734
19979.089539982
19978.406358156
19978.046177611
19977.866089761
19977.325835976
19976.605520394
19976.232595941
19976.046136311
19975.486767892
19974.740967773
19973.609914362
19973.044411632
19971.347999588
19969.086341217
19968.733654319
19967.926447694
19967.522856588
19966.312132273
19964.697947542
19964.317845802
19963.860177308
19963.631346979
19962.944871762
19962.029608283
19961.495388224
19961.228283536
19960.426990955
19959.35865099
19958.836530087
19958.575474738
19957.792329217
19956.748183094
19956.213610635
19955.946329756
19955.144508636
19954.07546403
19953.443162127
19953.127018665
19952.178618381
19950.914154917
19950.262344811
19949.936447719
19948.958788433
19947.655317377
19946.968454773
19946.625032315
19945.594800467
19944.221240912
19943.439405638
19943.048499465
19941.875826976
19940.312371075
19939.458036597
19939.030883053
19937.749477389
19936.041064773
19935.211650782
19934.796956695
19933.552926256
19931.894339932
19931.118635242
19930.730794189
19929.567316369
19928.016118414
19927.050229852
19926.567303092
19925.118593101
19923.18714381
19922.233318954
19921.756423614
19920.32580616
19918.418476221
19917.296265923
19916.735184443
19915.052034919
19912.808057039
19911.640108137
19911.056159332
19909.304415754
19906.968997615
19906.75748426
19906.263254663
19904.780639568
19902.803991409
19901.507447715
19900.859207493
19898.91461361
19896.322117597
19894.789953861
19894.023916183
19891.725980231
19888.662478822
19888.492491775
19886.580048507
19884.030410463
19879.868360769
19877.787662473
19871.546874443
19863.228872325
19860.804043495
19859.331888791
19858.595852305
19856.387906629
19853.444361217
19851.962191368
19851.221147883
19848.998183506
19846.034618519
19844.544246183
19843.799101931
19841.563837159
19838.583876088
19837.938701204
19837.230612176
19835.106496842
19832.274697143
19830.879995392
19830.182681246
19828.090886027
19825.302169247
19820.125645203
19817.537889869
19809.776651254
19799.433062144
19797.948840326
19796.727345052
19793.063311577
19788.178988973
19785.94621591
19784.829923771
19781.481425385
19777.017642859
19774.981693338
19773.9637971
19770.910422896
19766.839991102
19764.672824124
19763.589329656
19760.339202781
19756.006532117
19753.90869942
19752.859866531
19749.713702135
19745.51959618
19743.334277514
19742.241708798
19738.964365566
19734.595421326
19732.07025801
19730.807797427
19727.020900479
19721.972835622
19719.470904282
19718.220057544
19714.46799356
19709.466352657
19706.658345378
19705.254491659
19701.043530725
19695.43031647
19692.412859167
19690.904303768
19686.379331144
19680.347652399
19677.231766546
19675.674008504
19671.001474496
19664.773155805
19661.82442809
19660.350229937
19655.928298856
19650.033938395
19644.880402586
19642.304141361
19634.577385022
19624.279772163
19619.210239866
19616.675964653
19609.075103385
19598.945203772
19594.026833686
19586.343627816
19582.697728185
19580.875032741
19575.407964522
19568.120915327
19563.959679028
19561.879392574
19555.639860641
19547.32358129
19543.37412001
19541.399688474
19535.477590917
19527.584253309
19523.711642367
19521.77562476
19515.968724032
19508.228877329
19503.856162862
19501.670173029
19495.113673779
19486.375104441
19481.369005066
19478.866437493
19471.360663853
19461.357465433
19456.275517459
19453.735040949
19446.115601937
19435.960992979
19431.032330734
19428.568468136
19421.178755062
19411.330177288
19405.552118084
19402.66373327
19394.0011585
19382.457075797
19377.073773393
19374.382682703
19366.311653261
19355.555511663
19348.631424153
19345.170309057
19334.790678621
19320.959835398
19311.483515115
19306.747097702
19292.544815073
19273.624690257
19264.056797769
19259.274632466
19244.935258922
19225.832702284
19222.838396504
19218.767239981
19206.558943607
19190.293279282
19188.297847289
19184.658571098
19173.74488392
19159.202959567
19151.723211055
19147.984431626
19136.772472611
19121.833407088
19114.391561847
19110.671725104
19099.516558349
19084.653132383
19076.385275038
19072.252689331
19059.86030359
19043.349648788
19035.490564836
19031.562238927
19019.78212521
19004.086650232
18995.584575496
18991.334964293
18978.591834698
18961.614296869
18952.909194029
18948.558141062
18935.510975164
18918.128729299
18906.863891405
18901.233987665
18884.354333796
18861.871577441
18848.325038394
18841.555417209
18821.261139553
18794.236104193
18790.748758492
18784.401858133
18765.374017755
18740.033545512
18726.49677431
18719.732055479
18699.452558497
18672.447402103
18667.236262209
18660.286561484
18639.452980483
18611.711052954
18598.890460928
18592.483476595
18573.275764057
18547.696347023
18534.957360401
18528.591148029
18509.505628494
18484.088849095
18470.264667898
18463.356454414
18442.647313905
18415.071257377
18398.308975707
18389.933556804
18364.830170732
18331.412289782
18307.692987785
18295.844847428
18260.346414648
18213.122292466
18204.628107497
18167.999827974
18150.172825067
18123.076254549
18106.562129283
18098.310709898
18073.579007858
18040.655972541
18019.180189576
18008.45188607
17976.305286598
17933.532405095
17909.39992239
17897.345860689
17861.232334023
17813.194298438
17786.886488028
17773.74715541
17734.38736769
17682.043207667
17652.152934975
17637.22675065
17592.523884285
17533.096267421
17528.518918865
17515.252346732
17475.512847256
17422.667071391
17418.306191265
17386.328643822
17343.783220329
17321.544974645
17310.436545989
17277.153986881
17232.876767571
17208.892247662
17196.912507738
17161.023303741
17113.287519319
17085.113111693
17071.043305926
17028.903372529
16972.878568727
16941.180016403
16925.352946062
16877.960399515
16814.976707101
16782.984228087
16767.010820685
16719.181760285
16655.621852079
16625.957230179
16611.14473691
16566.786393276
16507.826148597
16476.162873615
16460.354016952
16413.018402573
16350.11593811
16316.987013921
16300.44773153
16250.930406494
16185.14122559
16151.827775506
16135.196771128
16085.40643633
16019.258249736
15984.258620907
15966.787491455
15914.488600088
15845.023127622
15798.623907415
15775.475272309
15706.232680304
15614.381772438
15554.950313679
15525.319463989
15436.765154825
15319.477969581
15258.100142664
15227.503505456
15136.081233909
15015.038122897
15005.662052614
14978.484299682
14897.246029086
14789.613324147
14725.759688927
14693.936325644
14598.878280987
14473.090133982
14400.638665428
14364.549050132
14256.821971223
14114.441565367
14047.03419127
14013.451318862
13913.18366771
13780.608585611
13715.916183593
13683.683955207
13587.441035189
13460.169310436
13411.178313604
13318.15739559
13275.912345245
13254.840095416
13191.823818902
13108.267911611
13054.32883157
13027.442579236
12947.115614333
12840.782934777
12777.595023539
12746.117763859
12652.150486101
12527.937519115
12507.347505845
12477.157045805
12387.022212598
12267.854506278
12206.032724172
12175.238756799
12083.322206765
11961.845344576
11881.863984663
11842.074070248
11723.502038826
11567.250764514
11444.44771472
11383.535953128
11202.738959694
10966.135162384
10946.485526651
10771.279672546
10688.735865365
10556.552798424
10467.721051457
10423.585883562
10292.293776829
10119.806485855
10113.859134595
10071.696198368
9946.2590880151
9781.4364145415
9706.9894332504
9669.9786924887
9559.7910112846
9414.8247470486
9379.3398893942
9340.1614479894
9223.6053116403
9070.4565680909
9064.8964178832
8967.9785704398
8840.3647388849
8767.6529393718
8731.521615155
8624.0185747739
8482.7372878048
8469.0032021308
8439.9297744046
8353.3069670313
8239.1912870177
8177.9475979489
8147.4966773243
8056.8225441746
7937.4915086094
7874.2514596247
7842.8206281302
7749.2788922429
7626.2897832314
7607.8959702743
7581.5124497699
7502.9095985488
7399.3720144662
7340.2825444577
7310.9149959499
7223.5154515152
7108.605868474
7056.4279056879
7030.4827205839
6953.2181413568
6851.5179701525
6797.0139593247
6769.9247609442
6689.3032271833
6583.2993742348
6532.8799566301
6507.8152362507
6433.1965997065
6335.0342936568
6288.2716181159
6265.0198820334
6195.7792654059
6104.6473658381
6058.0379951338
6034.8669279283
5965.8841297875
5875.1321037624
5832.6223829761
5811.48300319
5748.5234544323
5665.6371336925
5620.3221815057
5597.8007998906
5530.7766903938
5442.6578879353
5401.2284911658
5380.6322015959
5319.313373164
5238.640590104
5198.4110447547
5178.412271134
5118.8763933314
5040.5586148859
5002.3527707358
4983.3585804186
4926.8076493926
4852.4034125293
4815.9738363582
4797.8617367032
4743.9331167484
4672.9700406985
4637.5259030592
4619.9047761909
4567.4421096611
4498.4174529024
4464.1941012381
4447.1801857842
4396.5265144681
4329.8846302528
4297.2615635843
4281.0423182841
4232.7509612812
4169.2088008646
4137.9023973594
4122.3374594826
4075.9930580425
4015.0099837545
3984.9126949081
3969.9487610284
3925.3932689984
3866.7628432367
3838.0310383227
3823.7452931135
3781.2063111605
3725.2229199383
3697.7636170518
3684.1099609392
3643.4507399939
3589.9356182475
3563.4896925106
3550.339875665
3511.180860366
3459.6398806725
3434.1599741999
3421.4904780148
3383.7617483095
3334.1031501913
3309.8996544054
3297.8638738725
3262.0184921302
3214.8299862097
3191.6020963009
3180.0511615583
3145.6485828201
3100.3567249517
3077.9647915776
3066.8295433497
3033.6649238674
2990.0026505818
2968.635643327
2958.0094667293
2926.3586116077
2884.6836615694
2864.2520533603
2854.0905800267
2823.821948839
2783.9625364181
2764.4286854766
2754.7132172402
2725.771202008
2687.654305001
2668.9463986457
2659.6413339941
2631.9203374956
2595.4079397221
2577.4647996602
2568.5398008653
2541.9498059081
2506.9241786067
2489.7498323904
2481.2068306774
2455.7533048415
2422.2209898559
2405.7723670521
2397.5899893122
2373.2094556706
2341.0872974501
2325.323812179
2317.4819169566
2294.1145515038
2263.3241683605
2248.2095071649
2240.6900695897
2218.2823203778
2188.7535145583
2174.2639004079
2167.0551032138
2145.5718010864
2117.2583326191
2103.3581515738
2096.4423195183
2075.8309608967
2048.6640286805
2035.3284795123
2028.6932921863
2008.9172339363
1982.8487142598
1970.0479718401
1963.6786228976
1944.6938671086
1919.666067173
1907.3735110705
1901.2567823506
1883.0240395703
1858.9854153427
1847.1746965206
1841.2975054933
1823.7778929055
1800.6774419628
1789.3237349526
1783.6737547566
1766.830632331
1744.620286859
1733.6996771761
1728.2650331937
1712.0631047674
1690.6965591608
1680.1861608799
1674.9554889324
1659.3609744479
1638.7939095491
1628.6720068441
1623.6345232809
1608.6153663549
1588.805719987
1579.051543256
1574.1969340419
1559.7224732847
1540.6300113558
1531.2237533764
1526.5421820848
1512.5831747452
1494.1695219978
1485.0923151256
1480.5744116406
1467.103000116
1449.3315963991
1440.5655153942
1436.2023773148
1423.1920933272
1406.0281990726
1397.556170861
1393.3393187987
1380.7649509384
1364.1754743503
1355.9812483907
1351.9026112986
1339.7401615847
1323.6936020394
1315.7360874655
1311.775286917
1299.9642823045
1284.3815364222
1276.6918076083
1272.864224892
1261.4501914462
1246.3905369743
1238.954429189
1235.2530283505
1224.215042384
1209.6510062802
1202.4204238332
1198.8213560887
1188.0886605748
1173.9277205373
1166.9065720374
1163.4117605644
1152.9900018036
1139.2394026203
1132.4127896413
1129.0148383058
1118.8820384749
1105.5129623713
1098.8649058915
1095.5558843704
1085.6884872738
1072.670067693
1066.1944996491
1062.9713897275
1053.3604035483
1040.6807966374
1034.3629391464
1031.2184078823
1021.8420558843
1009.4727383183
1003.302343616
1000.231304163
991.0744726938
978.99563179662
972.96167577789
969.95865806919
961.00510340054
949.19546476457
943.28774725577
940.34769105665
931.58239045621
920.02228794335
914.22964828221
911.34701946888
902.75355366821
891.42151683922
885.73193069339
882.90076981113
874.46146924641
863.33441958265
857.73589674425
854.95026428738
846.6475305808
835.7025102969
830.18236065418
827.43597426853
819.25120850776
808.46398989587
803.00802509538
800.29386551999
792.20630627151
781.54988870962
776.14117970814
773.45087783531
765.43579503531
754.87807186199
749.49556836507
746.81872563128
738.8454238415
728.34661637219
722.96088581703
720.2829730118
712.30860355313
701.81327578202
696.37804597831
693.6762363432
685.6335402477
675.05481404014
669.48153466345
666.71217354197
658.4726352646
647.64476650386
641.69910212566
638.74677007663
629.97102329074
618.45729515511
611.12026414716
607.48445411101
596.70629625931
582.63229978505
575.71425989592
564.95336935644
563.51089925417
556.86798197647
548.13241496414
546.7808391109
544.84941205478
539.09596983799
531.51911034021
528.11375545947
526.41926822965
521.36835830055
514.70911828652
511.64966215592
510.12676033215
505.58519824417
499.5926156721
496.83287805639
495.45873119207
491.35905258369
485.94553524589
483.457493431
482.21825355718
478.51956072829
473.63206357043
471.40125072581
470.28978750279
466.97109685128
462.58257734542
460.61147909595
459.62908176124
456.6944436451
452.81071905706
452.5002755406
451.65841201638
449.14220749256
445.80906050989
444.09992477049
443.24781558127
440.70128541771
437.32865578831
435.507105342
434.59917718319
431.88673394348
428.29645909889
426.4101962647
425.47018230584
422.66255577323
418.94785301547
417.01829412807
416.05684980754
413.18579633677
409.38852053857
407.42274736959
406.44340321714
403.51947289926
399.65359380478
397.64558571331
396.64536813423
393.65978562721
389.7139376426
387.7616153037
386.78912478406
383.88626271925
380.04964146481
378.14693170647
377.19915194525
374.3700419762
370.63087581861
368.70350935439
367.7435878469
364.87879242067
361.09375130886
359.00822202124
357.96997859304
354.87322920827
350.78586296081
348.12451970066
346.80142923135
342.86225306162
337.6795316678
334.40962808805
332.78656939404
327.96450593874
321.64360220293
318.3929676835
316.77999062111
311.98992229479
305.71564611712
302.32521502033
300.64412565886
295.65673671328
289.13534776105
285.28151163539
283.37389911132
277.72725583146
270.37303756858
265.57317212743
263.20528846921
256.22756063681
247.21082542646
241.75224257869
239.06831713968
231.19400277639
221.09688256202
215.83850917022
213.25640755096
205.69396924349
196.02622985784
190.8572822239
188.32414691527
180.92468715582
171.5090052448
166.45688702543
163.98691213323
156.79472522511
147.69341456543
143.19491300418
140.99730731336
134.60478741123
126.52997609461
122.67982630829
120.79890988926
115.32742738781
108.41567028578
105.11721091923
103.50580651269
98.818297701815
92.89683337988
90.068926366048
88.687420453412
84.668747690424
79.592343044766
77.167179522771
75.982450379908
72.536283578032
68.183293781665
66.103402224919
65.087370941795
62.132021220337
58.399234498101
56.615562544026
55.744261034739
53.209989223577
50.009270341555
48.479813179923
47.732716038116
45.559796510011
42.815657410661
41.504388905201
40.86389191754
39.001098281224
36.648791075836
35.524789121442
34.975782192345
33.379145779599
31.363096257216
30.399809398743
29.929318299474
28.561086141651
26.833577690539
26.008202956036
25.60508533345
24.432835699148
22.952891650352
22.245843738453
21.900529726807
20.896417306418
19.628846827823
19.023303925984
18.727574188099
17.867684130766
16.782265566227
16.263780100711
16.010575591551
15.274369825767
14.345150620956
13.901315301996
13.684574050815
13.054416220536
12.259112202977
11.879273290872
11.693790259227
11.154537813398
10.474017362784
10.149028332788
9.9903350163109
9.5289887615383
8.9468296352956
8.668839454087
8.5331004007997
8.1385032931526
7.6406117186459
7.4028828074896
7.2868066463667
6.9493848211076
6.5236680073035
6.3204196931631
6.2211826211236
5.9327226894502
5.5688072102231
5.3950810780009
5.3102610523273
5.0637185629442
4.7527081605693
4.6040961142527
4.5315418772241
4.3206675207628
4.0546868471624
3.9278788305054
3.8659698549409
3.6860363038323
3.4590842324725
3.3507786689403
3.2979042603906
3.1442346528024
2.9504221552492
2.8579387556695
2.8127899127483
2.6815779834022
2.5161002901096
2.4371449310805
2.3986012747989
2.2865893295598
2.1453343757439
2.0779426497579
2.0450448604864
1.949443652555
1.8288909860152
1.7713812727084
1.7433081607838
1.6617301778479
1.558866657469
1.5097998181062
1.4858486312387
1.4162508027071
1.3284982064858
1.2866429616353
1.2662124697826
1.2068469575688
1.1319998110148
1.0963030083602
1.0788789783898
1.0282509225581
0.96442311956746
0.9339842085504
0.91912693467216
0.87595818152796
0.82153716761117
0.79558629259463
0.7829198949865
0.74611787041605
0.69972532926956
0.67760453307514
0.66680777633797
0.63543878145577
0.59589691061363
0.57704401453781
0.56784243386775
0.54110874541841
0.50741133968233
0.49134611977547
0.48350526907202
0.46072550401962
0.43201316350601
0.41832550272491
0.41164516801147
0.39223745631267
0.36777634220158
0.3561160786313
0.35042532005752
0.3338928877326
0.31305652277687
0.30312475290499
0.29827765756508
0.28419647740713
0.26645015815635
0.25799178890156
0.25386383366043
0.24187205024271
0.22675950021327
0.21955687572417
0.21604181499506
0.20583069632128
0.19296264675852
0.18683009189035
0.18383729318399
0.17514348467405
0.16418790000497
0.15896705250912
0.15641921719851
0.14901811587975
0.13969183343492
0.13524765246725
0.13307886685339
0.12677895598838
0.11884053811246
0.11505789179386
0.11321196096039
0.10784996692264
0.1010935909564
0.097874337728578
0.096303360564261
0.091740111002392
0.085990344588079
0.083250839106725
0.081913990642784
0.078030875386866
0.073138212455714
0.070807178954179
0.069669672090846
0.066365625386116
0.062202679584618
0.060219388859079
0.059251584431149
0.056440498722016
0.052898742073198
0.051211461856074
0.050388112099867
0.047996639267442
0.044983628941013
0.043548293405663
0.042847892512866
0.040813556754205
0.038250555802167
0.037029639547337
0.036433873935728
0.034703474031331
0.032523436179714
0.031484984353898
0.030978259281642
0.029506493189031
0.027652329022721
0.026769133309281
0.026338170657377
0.025086466785749
0.023509570260924
0.022758470432747
0.022391967735443
0.021327494016277
0.019986492750456
0.019347769913574
0.019036104287242
0.018130908256853
0.016990580210191
0.016447455448794
0.016182438776476
0.015412735852148
0.014443111210284
0.013981300605078
0.013755962457472
0.013101505650433
0.012277073242584
0.011884424889189
0.011692835271715
0.011136399856053
0.010435456811019
0.01034687422764
0.010302865311706
0.010171958502006
0.0099999997764826