   6.70516398453595509980809583669585868      
   6.70516398447788119107685709880991728      
   6.70516398453679020023151134802347312      
   6.70516398443970510765266400883949702      
   6.70516398626502118425584126515216622      
   6.70516398629147017342543842748008094      
   6.70516398568903044735832665823695790      
   6.70516398681222197600492564028673739      
   6.70516371943491545945940492865479842      
   6.70516238096321781021163270360596943      
   6.70516518447501698148091020224337653      
   6.70515695067989937527816919316952583      
   6.70516365583688474151084795214613778      
   6.70516501889629541097753282953648114      
   6.70516505236399401854316334191665825      
   6.70516007264490622736684378010611027      
   6.70516588957223335847083514099048999      
   6.70515662702207221777590524647329698      
   6.70515795349179877583068530674056626      
   6.70516239826842075663402880789722915      
   6.70516564317931734594728935821718303      
   6.70516150877779033691907325327735507      
   6.70516053862213509822859008828023749      
   6.70516469875434415531975551596398982      
   6.70516404473802342972899098807010970      
   6.70515864895597516532971394045316855      
   6.70514267206375516644699183220251197      
   6.70514178201404009140580506830719206      
   6.70513436969892916769565535637578263      
   6.70513563166134176425754656741800984      
   6.70513688806325527936809292187534222      
   6.70511324658548061893252133968205827      
   6.70512968473616868979549602002227855      
   6.70512002597425766470071083096791556      
   6.70509426387566371750014862040303707      
   6.70510459838436551980077061644123563      
   6.70507482297288239901166665663058698      
   6.70504736172426421155327164769105082      
   6.70505565399769504640274681025039452      
   6.70501366259143806211781913474604902      
   6.70496629240537681366445005742988876      
   6.70497529738242909460339444668075848      
   6.70492365834080984211820793056174209      
   6.70492643484391704844028020228223875      
   6.70495076967225569731096008090955115      
   6.70491176346766826456155597313504604      
   6.70487186895004527801821316120099444      
   6.70475725818785401732518275374111778      
   6.70469981068871616150876802988431140      
   6.70440069771625342667005142688486506      
   6.70459703498671502629784097637089151      
   6.70435501265387692295249932622927086      
   6.70452348913860875836970670723787775      
   6.70444438218428681853953778790111504      
   6.70440319268575920487169102302379033      
   6.70416651730479797750432958819827083      
   6.70419584101826504127782358737345129      
   6.70419176546438748348110038868731522      
   6.70406306728774281748270955292277946      
   6.70411935964500371761910245914649716      
   6.70389359903416796409142054504903197      
   6.70375952639020486077335561701550983      
   6.70385315789797225142138751581841332      
   6.70395435347983663749569770332035143      
   6.70363873866072696361242092251426132      
   6.70385956054921404452460461257830019      
   6.70351625034801598595952054524100782      
   6.70370811885921386413317990330201439      
   6.70350125760856149934829518803957659      
   6.70363448488068380996112712875427888      
   6.70348880879172084095037261521566128      
   6.70333764377504645685357376961706937      
   6.70344115053214076514038653428263295      
   6.70341378317010067812880495855357676      
   6.70332077430269704430365512627224767      
   6.70332275457697670039709727877015948      
   6.70344851234270226783400486646775186      
   6.70338063980302006923554332789682995      
   6.70350297363064253302180194250600379      
   6.70362082768728180761189194708495898      
   6.70364101565540969169742210058152139      
   6.70358057124299145223276569159080030      
   6.70361330817294883375254920125679691      
   6.70377726045062482561483292261166423      
   6.70389627039860325074606814770092639      
   6.70387335307894898534404379094338279      
   6.70417647294157663713969063166906277      
   6.70425081296010212804730483987253972      
   6.70447992130066143995885928579089648      
   6.70463634308729736372277376150666312      
   6.70467031862124154403634318224634469      
   6.70489425426608273825445584118238076      
   6.70525105113077458585672174388127887      
   6.70530849513694670650145009535116243      
   6.70554625368178518609561782039272001      
   6.70594985367669991183844409354189714      
   6.70616545977055038494823613796746781      
   6.70661535136405490167017543563002563      
   6.70691074829460889572474219953726912      
   6.70700514225825254444442171106093846      
   6.70752042442846912067464747919287810      
   6.70803444657849040886975288052669746      
   6.70839731376880777302860978108474960      
   6.70884441133279389194177776915244003      
   6.70926322764562566549990841513603397      
   6.70982367833786300712103643128414798      
   6.71027926294825389470723709688549063      
   6.71067654109052251038876174082947094      
   6.71125313776280641710892279181774475      
   6.71192039619212398928640836064820210      
   6.71229020018707544434860913668040598      
   6.71305447279860919010596237302749883      
   6.71358107732939736898906629597728254      
   6.71423805719909048988196031490547082      
   6.71490234050143577236615955509957172      
   6.71547903634457891518133456737896300      
   6.71615383215817038985086675767316991      
   6.71682287634103953101084844687907619      
   6.71733675620143404329217523023309329      
   6.71811937849202135989551172465909249      
   6.71873569982079507289099841054250593      
   6.71928381554959972895085762180798535      
   6.72005150169088685796824880604599733      
   6.72066625702326205322609577178307988      
   6.72120558167744973025604913341595582      
   6.72185107107357382109602027888054115      
   6.72235710576020958174100505596371168      
   6.72293605177657198209619439494846255      
   6.72341986046456805656254678895931028      
   6.72386444167096539656877653900501474      
   6.72424375203743946859246634675861741      
   6.72462010317373264157217932313162067      
   6.72489593098122422595467180774890497      
   6.72509185791479010435760876862196003      
   6.72526050169950930046799007830828048      
   6.72529142767374961095125526804285010      
   6.72523422039876371903666262211993910      
   6.72512679753676074904733326405962210      
   6.72487102663256861650551736098068844      
   6.72446689665013158743325474389121846      
   6.72389974818955808919869859354726887      
   6.72321251525050472784649003130249043      
   6.72235279618010622059396920675951155      
   6.72128592870320926569296034903663358      
   6.72003696606693312756607465472494139      
   6.71855858130632665438152752150933309      
   6.71684427133975628759216731799221795      
   6.71487894905172231325409416797296245      
   6.71266892054048048741773378238089106      
   6.71015055644759444513669677954170141      
   6.70726490234395482166636030646239753      
   6.70411336630688781585048263555232203      
   6.70063958564901722945253611878422142      
   6.69670925813025148201452785879800763      
   6.69248020128674845070164069345393682      
   6.68777033653277436996649279044212139      
   6.68269874947165884727744278493988566      
   6.67713301907131658021812144175315865      
   6.67113200084648395291245594225783718      
   6.66465124020318246079658263262137855      
   6.65768541837578463933941695615435309      
   6.65021613384278241976645319627413815      
   6.64225219493463320852668292246213407      
   6.63378146191221158287280621904487598      
   6.62477143750127888542882989817720396      
   6.61525694565645464645246803960993530      
   6.60522832312259832409633856274716707      
   6.59462998223876961463554633726733783      
   6.58350446219520792903920108652392919      
   6.57183494157530117973512116131203416      
   6.55960936371251162348113190624734194      
   6.54685311161665779169281801173981098      
   6.53352943349705529424488566707661471      
   6.51961054546485139885468398491970121      
   6.50516262799872837817092728938458582      
   6.49011884728850185319099868086235121      
   6.47448256730894200951201163470741151      
   6.45824567264594378393402808890014746      
   6.44140770730378706992325186138174526      
   6.42397508241433859849305480985810169      
   6.40590994032868321605035470240610550      
   6.38722212304525417013653950213707724      
   6.36790142980755023577689921967246620      
   6.34792936189974152579066384532011117      
   6.32729945306637028635840195940025365      
   6.30602313310698925542506881638847963      
   6.28404792617429309627592240170235996      
   6.26138566053020577377570069802126886      
   6.23802921202820215704549639474169612      
   6.21396912749581229941930652570991490      
   6.18919401952335319790740210443929274      
   6.16370059948446391184785206956951515      
   6.13746802206394911925203208248748523      
   6.11047672722274042647657838973827593      
   6.08272413786995812022764122145381887      
   6.05418045070161385566314001419487251      
   6.02487722615209801318571628909378980      
   5.99477565203569217573386704999100314      
   5.96386477058078334621947929492649620      
   5.93212534287332768838605421465537165      
