0.9993265789096646
0.9993019989151531
0.9992897083456839
0.9992528365571162
0.9992036722694815
0.9991975539552236
0.9991919057788968
0.9991906866580471
0.9991852876892746
0.9991827370493617
0.9991814617228736
0.9991776357413205
0.9991725344140359
0.9991696345938099
0.9991681846753855
0.9991638349176513
0.9991580352160894
0.9991551381557731
0.9991536896171239
0.9991493439987476
0.9991435498163437
0.9991404949766577
0.9991389675474468
0.9991343852571353
0.9991282755095929
0.9991251122540188
0.9991235306162896
0.9991187857002837
0.9991124591166691
0.9991028639686647
0.9990980663072625
0.999083673307147
0.9990644823618635
0.999061489465714
0.9990546393159291
0.9990512141958254
0.9990409388264955
0.9990272381918562
0.9990240118372518
0.9990201269976084
0.9990181845629583
0.9990123572552136
0.9990045874673587
0.9990000522252355
0.9989977845842782
0.9989909816566607
0.9989819110247555
0.9989774778172179
0.9989752611939497
0.9989686113195066
0.9989597447622072
0.9989552051454698
0.9989529353170741
0.9989461258271455
0.9989370464459758
0.9989316760642046
0.9989289908454305
0.9989209351828819
0.9989101942128157
0.9989046571280462
0.9989018885557558
0.9988935828323743
0.9988825084428914
0.9988766724859605
0.998873754474596
0.9988650004333838
0.9988533282765776
0.9988466840468709
0.9988433618896185
0.9988333954091887
0.9988201066357284
0.9988128446376869
0.9988092135880102
0.9987983204289378
0.9987837960571253
0.9987767441532849
0.9987732181532651
0.9987626401436639
0.9987485359807995
0.9987419391567545
0.9987386407027051
0.998728745332013
0.9987155513728067
0.9987073352875303
0.99870322718006
0.9986909028454574
0.9986744701937701
0.9986663544638525
0.9986622965352685
0.9986501227375042
0.998633890808243
0.9986243396759252
0.9986195640228203
0.9986052370478504
0.9985861341347569
0.9985761904866717
0.998571218567207
0.9985563027918652
0.9985364147913017
0.9985346134790642
0.998530404284045
0.9985177766861988
0.9985009396728396
0.9984898947710045
0.9984843722032618
0.9984678044795777
0.9984457138109508
0.998432656748329
0.9984261280554079
0.9984065419498617
0.9983804266213405
0.9983789774048333
0.9983626719479541
0.998340930979054
0.9983054344610548
0.9982876850094304
0.9982344364879973
0.9981634345533567
0.9981427299206567
0.9981301584333558
0.9981238725396772
0.998105014833225
0.9980798707385484
0.9980672083237629
0.9980608769624042
0.9980418828525911
0.9980165568809376
0.9980038189126015
0.9979974497731839
0.9979783423296971
0.9979528652349061
0.9979473488183243
0.9979412940981193
0.9979231299141679
0.9978989105511945
0.9978869807691739
0.9978810157414271
0.9978631206349615
0.9978392600582779
0.997794959683513
0.9977728076396336
0.9977063512597675
0.9976177366058732
0.9976050169728579
0.9975945476940002
0.9975631397946936
0.9975212612349466
0.9975021134640629
0.9974925392269314
0.9974638164627739
0.9974255183057308
0.9974080471905772
0.9973993113397867
0.9973731037431797
0.9973381593302229
0.9973195511088718
0.9973102466652631
0.9972823332837173
0.9972451143726043
0.997227090136126
0.9972180777083366
0.9971910403770807
0.9971549895995084
0.997136202171724
0.9971268081216106
0.9970986259201574
0.9970610485561591
0.9970393254202166
0.9970284634017635
0.9969958772790045
0.9969524276558287
0.9969308885220673
0.9969201185138036
0.9968878084226191
0.9968447268747801
0.9968205348695132
0.9968084383143521
0.996772148568506
0.9967237604232609
0.9966977424639396
0.9966847328403254
0.9966457038730402
0.9965936631797182
0.9965667727194263
0.9965533268126605
0.9965129889908945
0.9964592030187184
0.9964337320474567
0.9964209959573042
0.9963827875971327
0.9963318411052569
0.9962872841521533
0.9962650037983989
0.9961981624798025
0.9961090345238889
0.9960651377268863
0.9960431874934628
0.9959773365394768
0.9958895293158063
0.9958468773826711
0.9957802242601218
0.9957485853365421
0.9957327649285448
0.9956853035629415
0.9956220186740391
0.9955858684536297
0.9955677921189107
0.9955135629366291
0.9954412533257643
0.9954069010329611
0.995389723775194
0.995338191847484
0.995269478901595
0.995235755953829
0.9952188933848249
0.9951683055193982
0.9951008515314338
0.9950627295841197
0.9950436672448949
0.9949864800340578
0.9949102258927498
0.9948665249476066
0.9948446726645603
0.9947791155615469
0.9946917001318508
0.9946472713084141
0.9946250550168723
0.9945584058891925
0.9944695342299696
0.9944263808239145
0.9944048023514352
0.9943400666823164
0.9942537467064084
0.9942030812137956
0.9941777460579809
0.9941017402476909
0.9940003911721488
0.9939531066915527
0.9939294623295796
0.9938585289357439
0.9937639441799396
0.9937030262661654
0.9936725638286235
0.9935811760075691
0.9934593142054424
0.9933757642102021
0.9933339826964057
0.9932086372791552
0.9930414882340771
0.9929568922253542
0.9929145874451152
0.9927876721702626
0.9926184294960116
0.9925918855769378
0.9925557828216806
0.9924474738920541
0.992303045760705
0.9922853196980964
0.9922529805379574
0.9921559625003231
0.9920265922453259
0.9919600073333538
0.9919267107505384
0.9918268204177738
0.9916936195655168
0.9916272230861093
0.9915940207089898
0.991494413008551
0.9913615890367058
0.9912876557350773
0.9912506839399612
0.991139767851529
0.9909918626921419
0.9909214100014817
0.9908861789586209
0.9907804851953546
0.9906395446850388
0.9905631452182592
0.9905249399754017
0.9904103234839302
0.9902574833934502
0.9901790572124045
0.9901398383555507
0.9900221809517048
0.989865285590865
0.9897635223137758
0.9897126310769079
0.9895599560386625
0.9893563569643117
0.9892335538746789
0.9891721381409747
0.988987888990139
0.9887421764178163
0.9887104454345884
0.9886526626009314
0.9884793123022565
0.9882481376065195
0.9881245032875857
0.9880626720068818
0.9878771761929066
0.9876298007537312
0.9875820246538357
0.9875182697634128
0.9873270030123562
0.9870719299070898
0.9869539092641281
0.9868948857813434
0.9867178134941382
0.9864816739954483
0.9863639382935214
0.9863050575134752
0.9861284132934619
0.9858928450500033
0.98576456930118
0.9857004162141932
0.9855079547181228
0.9852512886937651
0.9850950659553522
0.985016931977453
0.9847825268385078
0.9844699107059164
0.9842476445929657
0.9841364655579505
0.9838029219155605
0.9833580443441361
0.9832778839917039
0.9829317232792018
0.9827629569312228
0.9825060697135529
0.9823493015133762
0.9822708947371761
0.982035671000234
0.9817219636801112
0.9815169929712345
0.981414468873108
0.9811068907587671
0.9806966578742725
0.980464727763272
0.9803487133842448
0.9800006627567994
0.97953643016519
0.9792816096903959
0.9791541398931021
0.9787717213507192
0.9782616309869585
0.9779696052599904
0.9778235143941978
0.9773852296381607
0.9768005906739481
0.9767844351062721
0.9766680287195617
0.9763188018607266
0.9758530002018296
0.9756111750978964
0.9754902091856633
0.9751273029486808
0.9746432494790096
0.9742981504215821
0.9741254926438758
0.9736075023584083
0.972916483057979
0.9728594968330416
0.9726353491487363
0.9719628772657047
0.9710656343662735
0.970624098055348
0.970403153194059
0.9697402896902011
0.968855878839435
0.968687032389938
0.9680931872262317
0.9678184103962078
0.9676809540071242
0.9672685733736522
0.9667185041536434
0.9664415180928415
0.9663029564969998
0.965887259925759
0.9653327656297054
0.9649702096476511
0.9647888142568012
0.9642446075536868
0.9635186018453284
0.9631530045906216
0.9629700871072888
0.9624213136262647
0.9616892116777779
0.9613098865500428
0.9611200959747902
0.9605507013635489
0.9597910751364811
0.9592932147922063
0.9590440655372362
0.9582965778362104
0.957299184456927
0.9566602347144848
0.9563404016677896
0.9553808362346411
0.9541001850549297
0.9532559761805681
0.9528332467065806
0.951564940739272
0.9498717250531735
0.9492584352753937
0.9480556991211224
0.9477913213067455
0.9474012874195942
0.9462310788377285
0.9446690014677328
0.9442008082271679
0.9430700999301722
0.9424560974197692
0.9421487743463379
0.941226735597735
0.9399962363074353
0.9391960178199291
0.9387953648652202
0.9375932860057291
0.9359886243156721
0.9359243381542236
0.9350139769993049
0.933799084908056
0.9330409857590946
0.9326614552558218
0.931522750292672
0.9300027920704887
0.9290656166987037
0.9285962980726792
0.9271881643766365
0.9253080904976368
0.9244341929108726
0.9239966146399401
0.922683718890827
0.9209309722664986
0.9198245506487052
0.9192703418660868
0.9176074499592867
0.915386714764942
0.913917777507245
0.9131815711446825
0.9109724668113861
0.9080207565910231
0.9076252301410083
0.9058194190982529
0.9034075286556684
0.9031348639216422
0.9013737122640053
0.8990215880670938
0.8978416066588375
0.8972505308907206
0.895476944123797
0.8931081910438807
0.8919915592787332
0.8914322791136872
0.8897541008793346
0.8875129920424669
0.8862583381027054
0.8856298125723923
0.8837437919716685
0.8812246287848676
0.8800849847769291
0.8795141793525771
0.8778013771511695
0.8755139614374584
0.8742622454917305
0.8736352161072882
0.8717536420542688
0.8692404303662379
0.8676521593677193
0.8668561555373858
0.8644673254605001
0.861275014893614
0.8608996119879984
0.8601550401291657
0.8579205686333934
0.8549349465329381
0.8535686296075894
0.852884097047923
0.8508298224442844
0.8480854094178902
0.8467269573383778
0.8460463795324475
0.844003941914436
0.8412753238011209
0.8399616822168683
0.8393035961234865
0.8373286458899626
0.8346902987572183
0.8332518940090442
0.8325311706764446
0.8303681304332545
0.8274778834399572
0.8257391124014111
0.8248674868698797
0.8222512701421925
0.8187536979258688
0.8180732232707841
0.8157193219817794
0.8125731317664584
0.8110750085105352
0.810324226368585
0.8080707780004234
0.8050589767720577
0.8036323183136571
0.802917395352925
0.800771576550368
0.7979037665382883
0.7962581907378061
0.7954332361870015
0.7929569062039733
0.789645857203294
0.7881198476599932
0.78735490601611
0.7850587550235077
0.7819889518845704
0.7803368531453871
0.7795084615673903
0.7770216566113685
0.7736958061777668
0.772160224758536
0.7713903171011574
0.7690791195260985
0.7659884273509427
0.7643749969223664
0.7635658542801481
0.761136726564372
0.7578873936047716
0.7562782393902198
0.7554711323539838
0.7530480484996082
0.7498063543991763
0.7482187767647646
0.7474224094823879
0.7450315242172624
0.7418325787564083
0.7402158077783045
0.7394046264290965
0.7369691643658196
0.7337098578579414
0.732073656597784
0.7312525593250099
0.728787235134687
0.7254872879323684
0.7238359702735091
0.7230071222848528
0.7205184421599916
0.7171865768101257
0.7155249581807493
0.7146907837659452
0.7121860349451308
0.7088320493697947
0.7071227826138807
0.7062644533459868
0.703687048297435
0.7002348199856185
0.6985276270676471
0.6976702136405878
0.6950955062275057
0.6916464442991681
0.6899234154904977
0.68905790412882
0.6864588069236052
0.6829765183209836
0.6812366221562851
0.6803625097238027
0.6777375152972998
0.6742200442433893
0.6724768075771669
0.6716009484601129
0.668970667833161
0.6654458759193467
0.6636615101833425
0.6627648611545682
0.6600720524664608
0.6564629517681861
0.6546706119571768
0.6537699502327335
0.6510650561953847
0.6474397503919237
0.6456355154357598
0.6447289138162449
0.6420061474167817
0.6383570122436422
0.6365361906642442
0.6356213362831622
0.6328737500760585
0.6291916191857136
0.6273711290987793
0.6264566226722383
0.6237100798250734
0.6200299926047359
0.6181910310077106
0.6172674504252319
0.6144936275603217
0.6107776598978897
0.6089254026357445
0.6079954308182205
0.605202396578394
0.6014616498834325
0.5996036451886106
0.598671161790964
0.5958705810033664
0.5921209819190235
0.5902508888627501
0.5893127763888251
0.5864952749229149
0.5827244576746275
0.5808546812871763
0.5799172571134171
0.5771018241825904
0.5733355244380054
0.571463751055996
0.5705259214867465
0.5677092626806631
0.5639432594413493
0.5620707876234169
0.5611332736064415
0.5583175476383608
0.5545549345390597
0.5526867154415386
0.5517520638086352
0.5489449162202559
0.5451961093804985
0.5433348259776902
0.542404436830578
0.539610063118528
0.5358808227097384
0.5340303222460969
0.533106168085503
0.5303304823221965
0.5266288295494324
0.5247946145525983
0.5238794796302976
0.5211308345394543
0.5174679939592159
0.515649933140812
0.514743784411185
0.5120220603079023
0.5083979335030355
0.5066010748589328
0.5057064479994114
0.5030192468151552
0.49944398315248933
0.4976724597773097
0.49679142108694957
0.4941449325562557
0.4906267556717611
0.48888310467866664
0.4880169193625232
0.48541492342281883
0.48195882769557263
0.48024712779272843
0.47939781370115686
0.47684635326199154
0.47346030043614257
0.47178204617209063
0.47095034036522665
0.46845160565538563
0.4651384462130195
0.46349804212767387
0.4626861080974996
0.46024657994516566
0.45701481019448653
0.4554142478334119
0.4546230592819942
0.45224563928752143
0.44909902699483933
0.4475411604109972
0.44677211309277187
0.44446097240453525
0.44140495457198325
0.4398910453540672
0.4391447600119516
0.4369017362215545
0.4339386962113267
0.43247143812403605
0.431749237541862
0.42957828005575094
0.426713379591989
0.42529450967524485
0.42459725578118257
0.4225009245702903
0.4197375191231065
0.41836868092603674
0.41769719751074497
0.4156779344247033
0.4130192423122211
0.41170267938940047
0.4110580852096914
0.4091192174314294
0.40656961958629473
0.40530871883176567
0.40469268059747227
0.40283918552031245
0.4004051945493027
0.3991950800578051
0.39860533128890774
0.3968303100165565
0.39450312002120946
0.3933519384457558
0.3927924296748616
0.39110773845204705
0.3889027576915544
0.38781073621943263
0.38728164031005236
0.3856877285190094
0.38360563127519215
0.38257357566413847
0.38207535492929284
0.3805735325803261
0.37861612193524263
0.377646045955812
0.377179736564411
0.3757730377982186
0.3739443211274219
0.37303849580080767
0.3726052519865924
0.3712970597476177
0.36960146656076903
0.3687613617010067
0.36836197138928745
0.3671545441298888
0.36559507261449425
0.364822648172944
0.36445813083500717
0.36335441439484645
0.3619349231694109
0.3612323060470463
0.3609037595342059
0.3599069232856282
0.35863153417037763
0.35800058993557127
0.3577090033329262
0.356821864197201
0.3556942560960168
0.3551370115687091
0.35488345727023757
0.3541090624252693
0.3531331973460487
0.35265177693850513
0.35243738317655215
0.35177892316119685
0.3509589368387172
0.35055548775451967
0.35038141199196776
0.34984213160409555
0.3491822330739534
0.34885902844386935
0.34872650454013165
0.34830984250132346
0.34781448288315053
0.34757388242620185
0.3474842132064406
0.3471937669659827
0.3468676089002527
0.3467121239847888
0.34666671844125807
0.3465063450100748
0.3463543929615713
0.3462867451258273
0.34628715712198455
0.34626107253102595
0.34628880595976647
0.3463120145520835
0.3463600057927907
0.3464729453075852
0.34668654229838386
0.34680410331149925
0.3469017616857672
0.3471592896746228
0.3475660517423287
0.34778227765906566
0.3479322414942423
0.34834134211466394
0.34895050777221526
0.3492712813285896
0.3494772416744687
0.3500476464142751
0.3508722372181425
0.35130685314274346
0.3515747714466564
0.35232218764741374
0.3533834867856523
0.35395020165849095
0.3542920345409731
0.3552479902060446
0.35658924895258065
0.35734062886780454
0.3577918321739885
0.3590495582561722
0.3608001245423519
0.3618287054417855
0.3624518752108382
0.364173090964627
0.3665515722365402
0.3674841681547376
0.3694077046211517
0.36982034932085944
0.37109851987143794
0.372830876155984
0.373085194707859
0.3735051446307402
0.3747029230574696
0.3763187872088865
0.37704013606379594
0.37743226683030384
0.37855524220828735
0.38006450363004946
0.3807478867062058
0.38111621244330324
0.3821741380928852
0.38359198698122016
0.3842381739843223
0.38458407635540154
0.3855799740831931
0.3869117718412897
0.3875170358185099
0.3878390645350584
0.38876835536010845
0.3900089526186168
0.390569378390612
0.39086588522597526
0.39172354176598323
0.39286703963909664
0.3933781804239382
0.39364715602169564
0.3944271817278166
0.3954662648304032
0.39562303872180316
0.3958623088378191
0.39655827273616323
0.3974849899353299
0.39750598856985103
0.39770992254482745
0.39830541897333815
0.3990982960752835
0.39952152782404965
0.3997425189711978
0.4003860925092117
0.4012424756708722
0.4017007525836031
0.4019410378379931
0.40263861075651947
0.40356628957064117
0.40405984309376053
0.40431982027584096
0.4050720222225151
0.4060718279462835
0.4066142704170136
0.40690193377540507
0.4077304175549582
0.40883108454948863
0.4094505483678057
0.40978263308434326
0.4107323600707674
0.4119934771515267
0.41272757693294093
0.4131277065053462
0.41426027693727335
0.4157634510841085
0.41666145006800764
0.4171631382985875
0.41856249104795945
0.420418734639153
0.4214488721709547
0.42203705332014363
0.42365716141429094
0.42580623648652033
0.42703742110358395
0.4277635730319705
0.4297280782222049
0.43233035413936877
0.4339095229084523
0.4348915526644408
0.43747215479464113
0.4408718028895705
0.4428667762381871
0.44418185171406555
0.447525165943474
0.45188337708324294
0.4553802804940536
0.4583448462696265
0.4651032332451644
0.47331659442761975
0.4794296857812135
0.4821202877564515
0.4840244162474606
0.48859466784256106
0.4943652491380446
0.4977276554356197
0.5004743855538916
0.5066787253902597
0.5141427849834337
0.5180048143962234
0.5213356510600488
0.528525534480931
0.5367732253014468
0.5406514570960959
0.5439251491018112
0.550844067219439
0.5586394352744055
0.5622851465221242
0.5654619897908002
0.5720207894732874
0.5792842878493387
0.5826705047016113
0.5857484460911639
0.5919402282037516
0.5986767265243881
0.6018062231966734
0.6047905967699835
0.6106319897959831
0.6168736214370281
0.6197629262907096
0.6226637067158803
0.6281859196417564
0.6339801804165758
0.6366529887742892
0.6394823178791993
0.6447230316593856
0.6501227238047953
0.65260471209384
0.6553748711332384
0.6603720023550795
0.6654280743896583
0.6677435272860555
0.6704656630612978
0.6752535845465333
0.6800111035743246
0.6821811718261704
0.6848646901471294
0.6894724941470286
0.6939690373852635
0.6960111452230195
0.6986635640501371
0.7031146912332014
0.7073802756354355
0.7093082119040469
0.711935279316013
0.7162479174732824
0.7203057494376189
0.7221300984665285
0.7247360346016596
0.7289238676761144
0.7327914292403296
0.7345201238140658
0.737107899474009
0.7411809513774349
0.7448711388316518
0.7465100139311522
0.7490816184578
0.7530470552018669
0.7565692250946541
0.7581225141020892
0.7606791908326286
0.764542019995273
0.7679028831002148
0.7693736352085419
0.7719160776636468
0.7756797273298545
0.7788840786291698
0.7802744959025951
0.7828030055714802
0.7864697869861222
0.7895210831388557
0.7908327848732492
0.7933473948964742
0.7969188627248178
0.7998196679548389
0.8010538933302842
0.8035544634626745
0.8070316904229758
0.809784013826116
0.8109417741769204
0.8134280623005704
0.816811844423494
0.8194173901996319
0.8204995812043587
0.822971295998761
0.8262623027867991
0.8287226520232324
0.8297301346049127
0.832186973133266
0.8353858544772214
0.8377025939391889
0.8386362511521347
0.8410779241848101
0.8441853834560856
0.8463601939099155
0.8472192893071296
0.8496494252036841
0.8526701976783662
0.8547048577950895
0.8554960210944675
0.8579064331897774
0.8608333278559392
0.8627298357100014
0.8634480740524676
0.8658423988338455
0.8686804402133749
0.8704411379160998
0.871089840529613
0.8734680248425345
0.8762185324445377
0.8778458774744248
0.8784264106405374
0.8807884170362674
0.8834528257629372
0.8849494771807922
0.8854632794363101
0.8878091297405291
0.8903890280047468
0.8917578335369005
0.8922064339246987
0.8945362073600188
0.8970333268800746
0.8982773061868347
0.8986623154498559
0.9009761452444662
0.9033923477644519
0.9045146729219539
0.9048377732469264
0.9071358424917467
0.9094731048564161
0.9104770792265593
0.9107400132945731
0.9130225504552204
0.9152829489451612
0.916171985299046
0.9163765452003519
0.9186438194144495
0.9208295138214098
0.9216071125019918
0.921755128758221
0.9240074450383386
0.926120662883331
0.9267903904697851
0.9268837213410738
0.9291214159115769
0.9311644372473442
0.9317299060830712
0.9317704275671315
0.9339938631469075
0.9359690059111652
0.9364338548631986
0.9364234509490935
0.9386330126195188
0.9405426191837897
0.9409104955659655
0.940851049785288
0.9430471405905134
0.9448935648577633
0.9451681081434058
0.9450614951007622
0.9472445324279039
0.949030128508445
0.9492149549015307
0.9490630336044933
0.9512334452904969
0.9529605566130692
0.9530592460636332
0.9528638525742731
0.9550220741454929
0.9566930243991127
0.9567091081018486
0.9564720506659756
0.9586185218715545
0.9602356063335007
0.9601725564820528
0.95989560999218
0.9620307723395013
0.9635962504231693
0.9634574712226167
0.9631423726993729
0.9652666672193305
0.966782756516914
0.966571575663183
0.9662200217938222
0.9683338862501687
0.9698027561917626
0.9695224194823036
0.9691360613473661
0.9712399296835781
0.9726636982685772
0.9723173626739341
0.9718978057301181
0.9739921053395071
0.9753728339977691
0.9749635644504687
0.9745123644901326
0.9765975158885303
0.9779372075756527
0.9774679732199908
0.9769866377914749
0.979063050659112
0.980363645425196
0.9798373180543738
0.9793273020858494
0.9813953770999166
0.9826587525541136
0.9820781037241669
0.9815408089859692
0.9836009384879181
0.9848289081611659
0.9841966091599976
0.9836333879280594
0.9856859501341797
0.9868802609355349
0.9861988823803427
0.9856110308287495
0.9876563955884201
0.9888187322601625
0.9880907377645032
0.9874795071215487
0.9895180298733804
0.9906500091843942
0.9898777678761147
0.9892443558364711
0.991276378411914
0.9923795500843813
0.991565337727233
0.9909108914424443
0.9929367387493012
0.9940125858958958
0.9931585830184632
0.9924841902528453
0.9945041822478358
0.9955541314663867
0.9946624076934618
0.9939691151724688
0.9959835651071827
0.9970089821005077
0.9960815179896582
0.9953703251539134
0.9973795312827094
0.9983817119256926
0.9974204187063417
0.9966922776719382
0.9986965092301976
0.9996767082674489
0.9986833487803316
0.9996464418148506
0.9998072596347997
0.9999110128092641
0.999999999629011