0.23515623571793065
0.23516738956847077
0.23517296748662775
0.2351897016468023
0.2352120176742757
0.23521483128628384
0.23521738664466815
0.235217950017814
0.2352203911897463
0.23522156301702335
0.2352221418342364
0.2352238817612508
0.2352261970549878
0.23522751359547908
0.23522817184357778
0.2352301465944036
0.23523278816933654
0.23523409630277797
0.23523475543087347
0.23523673676226528
0.23523935696309178
0.23524075587279505
0.23524145162155918
0.23524352641004379
0.23524632678387625
0.23524774515784733
0.23524846401862337
0.23525062060866092
0.23525349612292837
0.2352578573028435
0.2352600380438474
0.23526660642709696
0.2352752475760042
0.23527665649708826
0.23527979283503597
0.2352813514622782
0.23528597150959898
0.23529232257557384
0.23529372676993526
0.235295468058005
0.23529635118156464
0.23529900056363817
0.23530252175934138
0.23530458873107404
0.23530561874567243
0.2353087088047905
0.23531285563652496
0.23531485703881092
0.23531586595554949
0.2353188927204225
0.23532290250348833
0.23532497866897356
0.2353260111006939
0.23532910224458878
0.23533323215633237
0.23533567424617627
0.23533689540299849
0.2353405443074377
0.23534545948600752
0.2353479534981503
0.23534921391709035
0.23535299519653585
0.23535803709039435
0.23536068157996834
0.23536200750355607
0.23536598529926017
0.23537130635295936
0.23537431810030762
0.23537582254332678
0.23538035394223505
0.23538637191778544
0.23538969327628406
0.2353913451643937
0.23539628115816355
0.23540293008677385
0.2354061118497725
0.23540771611957165
0.2354125289652566
0.2354189050616213
0.2354219321147777
0.2354234330093214
0.23542793572504733
0.23543393961275963
0.2354376747027807
0.23543954653690877
0.23544517322875086
0.23545259069333685
0.23545631622815172
0.23545817184183954
0.23546370572369107
0.23547112884948207
0.23547545435301978
0.2354776282000094
0.23548414980705917
0.2354928178823276
0.23549736177337474
0.2354996202363786
0.23550643611120056
0.23551535633229811
0.23551627695756697
0.23551818918924486
0.23552393733771118
0.2355315866997795
0.23553662724139493
0.23553914210121127
0.23554665686013512
0.23555677938740038
0.23556267834470007
0.2355656452715609
0.23557463453278243
0.23558627994948902
0.23558712167511592
0.2355945492504604
0.23560445341203748
0.23562062475142026
0.23562871249187398
0.23565307259669938
0.2356850255032798
0.23569467275446124
0.23570048787576608
0.23570335343482401
0.23571191626914076
0.23572348695157927
0.23572916715180306
0.2357320603932205
0.2357407231381204
0.2357522234992028
0.2357580772178409
0.2357609818263176
0.23576966139244643
0.23578142676000471
0.23578382387444052
0.23578658895915408
0.23579490065010003
0.2358058236135616
0.23581136318364687
0.2358140817649039
0.23582223761104787
0.23583311295330137
0.23585330563553
0.23586342759816628
0.23589349641133162
0.23593488211374183
0.2359400123104456
0.23594477614445306
0.23595918066071817
0.235977999853746
0.23598696442127043
0.23599132768578876
0.23600439199754603
0.236022065881117
0.2360298940566114
0.2360338949424103
0.23604580390578334
0.23606195831644824
0.23607028112338221
0.2360745435501619
0.2360872311143897
0.23610454952168475
0.23611254754872646
0.23611665817808425
0.2361290628695382
0.23614540692254346
0.23615410044824017
0.23615839157396737
0.23617131559917864
0.23618837779220153
0.23619839246434707
0.23620334956639244
0.23621830855942552
0.2362378932506923
0.2362479594450159
0.236252865345387
0.23626769877220216
0.23628726763970198
0.23629841008517297
0.23630395316687783
0.2363205504494428
0.23634265724266948
0.23635460621467297
0.2363605423707521
0.23637856006504612
0.23640194448331664
0.23641457152053094
0.23642074512948388
0.2364391946149181
0.2364637394902905
0.23647549690738684
0.23648131290094926
0.23649889733397994
0.23652202411611767
0.23654260458578677
0.23655277418110243
0.2365836408455666
0.23662383843285753
0.2366444180461037
0.23665447781516075
0.23668442474947723
0.2367255426078454
0.2367443583250754
0.2367756184082064
0.23678964240666492
0.23679688378781075
0.23681881878291464
0.2368474415404623
0.2368643905945817
0.23687268474550502
0.2368976161087911
0.2369308018397561
0.2369465664761941
0.2369544788662452
0.2369779892632764
0.2370101247610251
0.2370252063058989
0.23703293491279204
0.23705621083738224
0.23708722933805024
0.2371047566708944
0.2371135192032514
0.23713990863101392
0.23717475957494255
0.23719503505732978
0.2372050525070741
0.23723533702427663
0.23727530449850862
0.23729586625918828
0.23730612574077872
0.237336788433451
0.23737758839837347
0.23739760258898965
0.23740752908458523
0.23743748031050796
0.2374768404504103
0.23750049723602315
0.23751219885213345
0.23754697262362143
0.23759463976095774
0.23761573372762615
0.23762667282403238
0.2376593056191995
0.23770333669226723
0.2377312715945192
0.23774529969861258
0.2377875462934013
0.23784368470274947
0.2378824293608797
0.2379017131093014
0.23795967858541867
0.23803662810163628
0.23807598677821665
0.23809557823195662
0.23815435774972396
0.23823229987214617
0.23824497862806054
0.23826170008692385
0.23831224349536995
0.23837798141487082
0.23838691178490862
0.23840190364481043
0.2384468822456565
0.23850688022639527
0.23853775563909047
0.2385532209687171
0.23859979247287189
0.2386609556635044
0.23869228929272526
0.23870774421074994
0.23875419783180674
0.23881550856239384
0.23885025833430384
0.23886748577873362
0.23891926724873677
0.2389874102882549
0.23902083958404033
0.23903730778990892
0.23908635391048866
0.23915283630583953
0.23918779553907327
0.23920563670342415
0.23925906649355164
0.23933047465523
0.23936704812811127
0.23938538393334485
0.23944009508280886
0.23951368485159347
0.23956100790741586
0.23958475651788497
0.2396561396773976
0.23975092992102365
0.2398085967219838
0.2398373371150914
0.23992325745182422
0.24003965277286782
0.2400534379973332
0.24008057554576875
0.2401618517058184
0.2402701860618114
0.24032844178922455
0.24035750025729735
0.2404449985076178
0.24056002505784166
0.24058339412336874
0.24061346627949298
0.24070289435091127
0.24082498259119572
0.24087904461903203
0.2409068878785084
0.24099087046429962
0.24110080178073853
0.24115742753959118
0.24118536318811143
0.24126815393017131
0.24138153926652903
0.24144079659161752
0.24147122295523615
0.24156203698464151
0.24168452864962905
0.24175783086946367
0.2417948213351685
0.24190600395042966
0.24205414843374037
0.24215975106087279
0.24221269170891563
0.24237018641879574
0.24258577123345795
0.24262023416729914
0.2427883864814095
0.24286703181625602
0.24298943259176187
0.24306459287288742
0.2431019549710848
0.2432148199842046
0.24336407239098345
0.24346290547633656
0.24351198507655042
0.24365950303774522
0.24385667325619872
0.2439681448337984
0.24402380882402164
0.2441919524963743
0.2444144610025421
0.24453804030118134
0.24459952328266255
0.24478387110440897
0.2450306059850269
0.24517166998191434
0.24524223367573184
0.24545467887446493
0.2457390716335168
0.24574610329014004
0.24580273626344554
0.24597199796092964
0.24620066821516312
0.24631709836907595
0.2463762223245521
0.2465529390897639
0.24679017506625578
0.24695853942750937
0.2470430219856988
0.2472981486009696
0.2476332597631261
0.24766409907540785
0.2477742576815294
0.2481059123393224
0.24854817104531204
0.24876691094202644
0.24887625280191533
0.24920591981099166
0.24964278348866234
0.24972785526743008
0.25002791219528003
0.25016188535899897
0.25023064616154284
0.2504359316287162
0.25071412308009355
0.2508506665345342
0.2509202213174719
0.25112864624497067
0.2514081157294107
0.25158999989602665
0.2516815718413693
0.2519554168855794
0.2523248299882162
0.2525077421089715
0.25260065743626986
0.25287892791470407
0.2532508509453974
0.25344427006271747
0.253541120393078
0.25383159138310857
0.2542206166205384
0.2544750974208283
0.2546031346641085
0.2549877149575221
0.25550085914438037
0.25583156785876854
0.25599710777381146
0.25649538927053356
0.2571603482620355
0.2576015191617939
0.25782325418540625
0.2584899284392221
0.2593767704541526
0.2597041209604871
0.2603465379686343
0.26048333187465567
0.26069144290629676
0.2613136864784235
0.2621578014571952
0.2624040188755412
0.2630149181841655
0.2633453751087644
0.26351198631205597
0.2640121690146997
0.2646819966853749
0.26511838046068503
0.2653379452650129
0.2659987131738065
0.26687739026150764
0.2669171024459899
0.26742147946673145
0.2680946654438249
0.2685178366442343
0.268730050552085
0.2693672529313285
0.270221482891719
0.27074961307620826
0.2710155367653576
0.27181499490053773
0.27288364375812435
0.27338679490241524
0.2736384088122282
0.27439513341728056
0.275407478231069
0.27605093926776164
0.27637493312507
0.27734865606408615
0.2786554032363646
0.27952576176161065
0.2799652657450975
0.2812858633504528
0.28306538606761666
0.2833058582310902
0.28440339916135154
0.2858864849297593
0.2860511540178473
0.2871402416312943
0.2886006909913694
0.28934060486695307
0.2897128218181864
0.29083049402700334
0.29233595992080386
0.29304689542288276
0.29340621270229483
0.29448510977033393
0.29593639266083904
0.29675193308485537
0.2971637552793047
0.29840059204161323
0.3000683005231132
0.3008240185066979
0.3012060922545141
0.30235346063123697
0.3038979550117542
0.304745666815264
0.30517397214896863
0.3064622147768547
0.30819251014619803
0.30929531440056
0.3098526772824005
0.311528130606052
0.31378956795347795
0.314055283088459
0.3145889882557963
0.31619315931585323
0.3183577707365198
0.3193538472391976
0.31985730702894927
0.3213706647471555
0.3234107825108779
0.32442559179808045
0.32493876475602773
0.3264808719818268
0.32856077469196315
0.3295662163550311
0.3300747276471546
0.33160305509579463
0.333662441265367
0.33479120219309644
0.335362158713758
0.3370795696618653
0.3393931074373933
0.3407960606978238
0.34150694337871257
0.3436446328772728
0.3465363027234997
0.347102515907164
0.3490742804721304
0.3517375123819236
0.3530141325696304
0.3536603809797053
0.3556033744678274
0.35822769205912464
0.359477693294727
0.36011058371847593
0.36201369741816913
0.36458055099447156
0.36606404170620493
0.3668159031146147
0.3690772479987529
0.37213535563692873
0.37355488092239
0.37427416133402575
0.3764375397805725
0.3793593823463148
0.38094414216399963
0.38174779012905335
0.3841653528053753
0.38743700199216075
0.3889586368308651
0.3897302455135311
0.3920514088009954
0.3951893225301024
0.39683784637078334
0.3976743819262687
0.400191217299543
0.40359784270062304
0.40529677254876273
0.4061593556616359
0.40875482799192
0.4122686395208344
0.41409163535624954
0.41501795799941527
0.417805774880116
0.42158444856789656
0.42345457500343964
0.4244053365425819
0.4272667601084246
0.43114668593754507
0.43309319555859516
0.43408344830515266
0.43706399041149496
0.44110704770113246
0.4431841592241605
0.44424169956229625
0.44742513634387804
0.45174809398295146
0.45388436014017186
0.45497240720049764
0.45824785863074075
0.4626961701162062
0.46494930918644883
0.46609746919141654
0.46955420209719345
0.47425138465338595
0.4766161810379351
0.47782168965783733
0.48145139830243816
0.48638529761609933
0.4888753552713438
0.49014510815238743
0.4939686004833637
0.4991675325430224
0.5018017303532821
0.5031452901354798
0.5071916981533393
0.5126952005484844
0.5154849800541478
0.5169081269413573
0.521194626620021
0.5270268749390935
0.5299444561671397
0.5314327352575786
0.5359157785641406
0.5420154160740427
0.5450882969567568
0.5466557946868463
0.551377917063771
0.5578036529912047
0.5610408820671569
0.5626921442695132
0.5676671893333198
0.5744377704728838
0.5778421089470109
0.5795784451485296
0.5848104289950043
0.5919307368620992
0.5955264964741066
0.5973603513235494
0.6028869078318845
0.6104088708287474
0.6142049322989614
0.6161407915906608
0.6219754887456184
0.6299175662476064
0.6339189491847043
0.6359592734610331
0.6421095725981741
0.6504816963293135
0.6546951554085982
0.6568433150973999
0.6633193745098099
0.6721352214520485
0.676567664329937
0.6788270970397724
0.68563937255337
0.6949126878412549
0.6995861837628747
0.7019680972009351
0.7091505103977088
0.7189279507295073
0.7238421019868373
0.7263461236865704
0.7338974944872673
0.7441767903416526
0.7493401680040322
0.7519705417353789
0.7599037797250924
0.770701725284507
0.7761463044369531
0.7789192583528826
0.7872834616023981
0.7986678117200867
0.8043815592576264
0.8072906614777706
0.8160663908053882
0.8280088091528995
0.8340247518249717
0.8370867236217981
0.8463246769092803
0.8588946370676906
0.8652175672736888
0.8684345706319471
0.878141229678002
0.8913466858802518
0.8979916915637686
0.9013711870246245
0.9115692223945737
0.925440426680724
0.9324180316231473
0.9359650901161553
0.9466697864055419
0.9612269225128635
0.9685459540260181
0.9722647714102758
0.9834889543514832
0.9987482608638175
1.0064329043549012
1.0103354993103226
1.022115556317896
1.0381264137250903
1.0461807478959073
1.050268839686463
1.0626100314162352
1.0793782968018526
1.0878161780789757
1.0920964460058264
1.1050190934267743
1.1225714064825598
1.1314099273055276
1.1358906871763643
1.1494199496444653
1.167789942920095
1.1770328313042369
1.1817155696193855
1.1958560549279538
1.2150483485720938
1.2247158130525668
1.2296103327149788
1.2443918057114534
1.264446063325919
1.274544958924162
1.2796542432046103
1.295085843893679
1.3160128115056802
1.3265604655989665
1.3318927407386945
1.3479994778208368
1.3698319559537318
1.3808325594234236
1.386389337214871
1.4031758966942744
1.4259182608881258
1.4373840309401575
1.4431707969764211
1.4606539584195877
1.4843271178545394
1.4962669919282994
1.5022874926621614
1.5204787416110341
1.5450962098574255
1.5575441792124074
1.563814789194397
1.5827641071220535
1.6083919199436256
1.6212799141938015
1.6277651684389107
1.6473648258461748
1.6738525487447524
1.6872772021706797
1.6940249501132834
1.714420843779164
1.7419655018523423
1.7558382541356141
1.7628026418674867
1.7838554973236227
1.8122635244081116
1.8266213619304867
1.8338198403546653
1.8555831869233863
1.8849247652132768
1.8997539588212504
1.9071783625832233
1.929627802421587
1.959866549837607
1.9751568834617996
1.9828007519349637
2.0059171948383834
2.03702393111922
2.052764974863095
2.06062166590974
2.084385563276163
2.116330537400678
2.132503070386753
2.140561518411154
2.1649399567404424
2.1976753498078745
2.214255085470049
2.2225016788796963
2.247454107354471
2.280921910611086
2.2978850358761305
2.3063063707547737
2.331793003868562
2.365936422016162
2.3832549242071974
2.391835498510444
2.4178102909865093
2.4525642840872743
2.470202924624868
2.4789236786860065
2.5053298682806533
2.540615245180657
2.558538580266943
2.5673803493553806
2.5941610106070483
2.629898631118541
2.6480673021338417
2.6570090105560156
2.684101518644754
2.7202049438049523
2.738576089826645
2.7475949706867406
2.7749317109493936
2.811308107464696
2.829840480997974
2.8389145288563373
2.866430345875217
2.902990550692251
2.921640277788764
2.9307462274939367
2.9583723010290806
2.995022519936105
3.0137494720975826
3.0228657882067607
3.0505387567359827
3.0871927317807186
3.1059632682330283
3.115071396143199
3.1427372806643903
3.1793211963296053
3.1981174382361695
3.207205980141928
3.2348330870040862
3.2713023412714977
3.290137963363758
3.2992097135215777
3.326810544808629
3.3631778176558047
3.382138779771301
3.3912287016373615
3.4189160397556244
3.4553231095598993
3.4746939119419036
3.483924350520587
3.5120839020274137
3.5490225101596438
3.569929835839246
3.5797884215571405
3.6099507572299907
3.64937585629007
3.672176038681604
3.6827785726600193
3.7153438230397344
3.7577229115010833
3.770404573902815
3.8007814159679216
3.801584196815154
3.8078174307572956
3.826825222211591
3.8516934122337623
3.855866365979561
3.861181873156191
3.8773678032211834
3.8985647033454174
3.908056360794706
3.9126029567945833
3.926429001512647
3.9445488931502326
3.952802508699722
3.9567639335709073
3.9687965190819527
3.984570559873249
3.9917946336549037
3.9952669467419084
4.0058016980506785
4.0196092185153445
4.025911506646113
4.028943335044886
4.038130150029345
4.050160619637489
4.055609747953106
4.058231070605946
4.066163096944978
4.076532363978358
4.0811649158949574
4.083391063843504
4.090117413097429
4.098886380636057
4.100255182454549
4.102113881531782
4.107722498263668
4.115013917013643
4.115180698623548
4.116664831341929
4.121138066232539
4.126942658280788
4.130065479118324
4.131539285360533
4.13597810678032
4.14167019478581
4.144659328610816
4.146037619821228
4.150183347807559
4.155394661329214
4.158063439252418
4.159244295160544
4.162790673383333
4.167086179267477
4.169247933777392
4.170121077561951
4.172740587542591
4.175638765072636
4.177009207320382
4.177404816182865
4.17859464206448
4.179352258063498
4.179399711057746
4.179022652130572
4.177906006049917
4.175272127174626
4.17311696553756
4.171501804746417
4.16668509920717
4.158723384520244
4.153563465027132
4.15044202540533
4.1410825557899225
4.1269852292022815
4.117886075307214
4.112816284552819
4.0975208416845295
4.075462595271047
4.060506506171685
4.0526339948970405
4.028663042871963
3.995071845302272
3.9731470519059005
3.962281835175022
3.928669177689676
3.8828873628777485
3.8454631394262107
3.828531618439956
3.7739914404148696
3.70218085408454
3.676485964941381
3.625062445678105
3.597190702978636
3.5852014232539933
3.545992947950406
3.4952715192111308
3.4590221935153407
3.4447326771617313
3.3952604044713404
3.33286307128696
3.2926086803442485
3.2782787304614565
3.2254420339629783
3.1604827302401866
3.1233602433375416
3.110996988733676
3.0638664313289503
3.006348043958516
2.9728146023218636
2.9621489042355087
2.9201940928433863
2.869290975779413
2.8389156364072368
2.829671954109757
2.792133071186966
2.7468239877500924
2.719193188109308
2.71114158991449
2.6773703175366736
2.63678743567257
2.611528788330195
2.6044717412117184
2.5739024675775615
2.537300112066675
2.5140792348450307
2.5078481483078834
2.479990109681095
2.4467343959971033
2.4252587947935136
2.4197130723845173
2.3941503337431094
2.3637141684628085
2.3437357360514817
2.3387609050234226
2.3151495849235375
2.2871037678096484
2.268417281585712
2.263921849413393
2.241983010234166
2.2159832250369944
2.198421711803602
2.194333368835823
2.1738432867267585
2.149615380396112
2.1330440153065418
2.12930583352574
2.1100856857274155
2.0874114411669633
2.071721317832072
2.0682883539683052
2.0501947044329714
2.0288993902678683
2.014001929813198
2.0108384032193727
1.9937551403211744
1.9736973023534583
1.959519608207359
1.9565966669848098
1.940428537993774
1.9214919852357109
1.9079731684900794
1.905267177703508
1.8899347892595872
1.8720224833279817
1.8591108468555044
1.8566021048071388
1.8420381484152646
1.8250676323007806
1.8127185562633203
1.810390345035972
1.7965367903006209
1.780436808925425
1.768611182142061
1.766449071077863
1.7532550966856533
1.7379631143326657
1.7266261777322385
1.7246175143687228
1.71203798865552
1.697498368901579
1.686618864098196
1.6847524021103313
1.6727467669950904
1.6589094361301908
1.648458977391833
1.6467246037460335
1.6352560521199857
1.6220755128777038
1.6120281218612187
1.6104166553548167
1.5994515211048979
1.5868861193458255
1.577217878803862
1.5757209197134896
1.5652282221396883
1.5532395963125212
1.5439292798426436
1.5425390423391567
1.532491075302105
1.5210444586427991
1.5120706306727696
1.5107800194738854
1.501148959341032
1.4902104162501915
1.4815544399444895
1.480356762944259
1.4711187263611278
1.4606582311981153
1.452302456558694
1.4511915275596712
1.4423233565307478
1.4323122017816696
1.4242398731451678
1.4232099262285394
1.4146899698534572
1.4051013218350341
1.3972967514782098
1.3963424044123716
1.38815040745047
1.378959164745686
1.3714076555613428
1.370523879306376
1.36264087712755
1.3538235415484314
1.3465113163093707
1.345693408696234
1.3381016351588773
1.329636197997042
1.3225503367476612
1.3217938993299936
1.3144767049671242
1.3063425458499702
1.2994709291343045
1.2987718465626774
1.291713624573229
1.2838914198211095
1.2772226771302895
1.2765770984862723
1.2697632174626046
1.2622348567283126
1.2557583188818084
1.2551626406735592
1.2485793826514364
1.2413278919486548
1.2350335472721847
1.2344843977282955
1.2281189009767866
1.2211283714487287
1.2150068250222237
1.2145010495962483
1.208341255227518
1.201596777530665
1.1956392126261473
1.195173860426879
1.189208463020819
1.1826960643785198
1.1768942074613522
1.1764665186844432
1.1706849194631885
1.1643915062589911
1.1587375933386383
1.1583449873468505
1.1527372507633686
1.146650554564374
1.1411372994599482
1.1407773637680843
1.1353341761978286
1.1294427027300746
1.1240632674590407
1.1237337472791273
1.1184463784600531
1.1127393603216023
1.1074873262568732
1.107186114687291
1.1020463818127522
1.0965137302500654
1.0913830756869067
1.0911082043449176
1.0861084384828563
1.080740704385395
1.0757257760407197
1.0754754064711718
1.0706084195901802
1.0653967506361477
1.0604922424978949
1.0602646582671147
1.05552371164082
1.0504598197636168
1.045660749482178
1.0454543478073623
1.0408331288862842
1.0359092461053403
1.0312109389370272
1.0310242242209557
1.0265168121923764
1.0217256686086815
1.0171237315007202
1.0169553077975275
1.0125561562091054
1.0078909425635247
1.0033812491659682
1.003229814293042
0.9989337222389864
0.9943880506576285
0.9899667290818626
0.9898310689323019
0.9856331595513336
0.9812010534742485
0.9768644661152034
0.9767434473154256
0.9726391539654202
0.9683150012962797
0.9640597385261842
0.9639523050735743
0.9599373338776115
0.955715915662211
0.9515387394466674
0.9514439066327022
0.9475142473614643
0.9433906146549998
0.9392885331719096
0.939205383996837
0.935357251232889
0.9313268505273793
0.9272969803759595
0.9272246591716501
0.9234545247370679
0.9195130090915284
0.9155526959637131
0.9154904069126378
0.9117949333850889
0.9079382799547832
0.9040449895114058
0.903991992381453
0.9003680736066834
0.896592500929996
0.8927638417308058
0.8927194420791469
0.889164177303286
0.8854659857527385
0.8816998457149011
0.8816633992755775
0.8781740230965092
0.874549984635222
0.8708441741420596
0.8708150836891237
0.8673890288844083
0.8638358777271011
0.8628561023374725
0.8626881853861577
0.8620730255666531
0.8612598700787877