0.2352177450090739
0.23522891961573203
0.2352345079147957
0.2352512732278465
0.23527363081831626
0.23527507594080893
0.23527614573769443
0.2352766828077222
0.23527830688021228
0.23528042150791922
0.23528073580434947
0.23528196794353118
0.23528360551563732
0.23528461574065052
0.23528511923255954
0.23528662971229813
0.23528864371513183
0.23528986842071994
0.23529048151077234
0.23529232812345788
0.2352947573482006
0.2352958983265825
0.23529646092797285
0.23529813867202307
0.23530041034860943
0.23530153886832295
0.23530211235594772
0.2353038396781384
0.23530611201133161
0.23530730085710494
0.2353078875627039
0.23530964768478854
0.23531199455476678
0.2353132590545176
0.2353138921618254
0.23531579905474492
0.23531831580259543
0.23531982753517391
0.23532057648990914
0.23532282336260524
0.23532580960316318
0.23532761412799827
0.2353285165442709
0.23533121842221533
0.2353348166032773
0.2353365034655464
0.23533734340125415
0.23533986321893974
0.23534322305919
0.23534498050235603
0.2353458596882344
0.23534851305547091
0.23535199658860162
0.2353537270120324
0.23535457651122837
0.23535711487830388
0.23536053407159774
0.23536253176057567
0.2353635399271354
0.23536656444193457
0.2353705972493452
0.23537272549612198
0.23537378965558534
0.23537698215071612
0.23538123894486887
0.23538317349691285
0.23538414321111212
0.23538706977764173
0.2353909120477299
0.23539292415414473
0.23539390929113665
0.23539687060515135
0.23540082397294693
0.2354029663863797
0.23540404147825578
0.2354072667708952
0.23541160888621407
0.23541360995672692
0.23541462485145084
0.23541766955073254
0.2354217031570318
0.23542392326497738
0.2354250253322197
0.2354283315517379
0.2354327541933925
0.235435465852769
0.23543682002804556
0.23544089879080238
0.23544631564872873
0.23544936497004168
0.23545088172547962
0.2354554320249973
0.23546147984743213
0.23546490402365075
0.23546661402005942
0.23547175421968972
0.2354784864539859
0.23547953595253443
0.2354839664965756
0.2354899845606873
0.23549285793129904
0.23549432157222905
0.23549872125573354
0.23550459492176143
0.23550781764979173
0.2355094326982441
0.23551422029327101
0.23552082138151414
0.23552377700985502
0.23552531171056462
0.23552991584669467
0.23553603527730788
0.2355398724521396
0.23554178936614564
0.2355475287901499
0.23555512333329637
0.23555591580087834
0.23555748709859456
0.23556218239774454
0.2355684680429164
0.23557325359500933
0.2355756588372476
0.2355828889284604
0.23559242049797474
0.23559600773504857
0.23559900970626163
0.23560799794410556
0.2356199687263114
0.2356255890299504
0.23562838779949838
0.23563681746324108
0.23564790855991286
0.23565312111180833
0.23565569181227713
0.23566335837735689
0.23567370546232663
0.2356784131984909
0.23568079527169342
0.23568796986169993
0.23569750120619284
0.2357026033015026
0.23570515648946472
0.23571280105437978
0.23572294959931644
0.2357279104413985
0.23573035119169283
0.23573774618908677
0.23574748068766468
0.23575287158343405
0.2357555428273672
0.23576358830121982
0.23577417426511135
0.23577986505003126
0.23578267120484786
0.23579105659390323
0.23580238718557034
0.2358082034216434
0.23581115323278665
0.23582003768716453
0.23583176553712654
0.23583819690857188
0.23584136970213296
0.23585086944793462
0.23586372117129425
0.2358693994325166
0.23587230892819033
0.23588098608350722
0.2358926966922202
0.23590135837031156
0.2359057352124489
0.23591878866352445
0.23593646177700478
0.23593937002679125
0.2359436014208823
0.23595617175569353
0.23597325709891936
0.23597673617184722
0.2359820804607467
0.23599795711668298
0.23601940140569733
0.23602927569826546
0.23603427730955262
0.2360491943559228
0.2360692631958765
0.2360790954986867
0.23608403997485963
0.23609875756142926
0.23611884328225544
0.23612825905963125
0.23613309703611166
0.23614758293245014
0.23616699947816583
0.2361762850593546
0.23618095785508647
0.23619511381199682
0.23621340151197234
0.23622216149581687
0.23622639845659163
0.2362390105747397
0.2362561176392158
0.23626704880959185
0.23627258958626973
0.23628921234384082
0.23631137968247173
0.23632249161848487
0.23632804075683234
0.23634475351403597
0.23636674916460626
0.23637843698587302
0.2363841931149909
0.23640139477719882
0.23642463619510867
0.2364361578246253
0.23644198606567932
0.23645967599632256
0.2364827093330723
0.23649728890496033
0.23650445373497386
0.23652574085613415
0.23655493353003462
0.23655790230792348
0.23656417011633754
0.2365829740859186
0.23660805072847765
0.23662085675922317
0.23662727862290078
0.23664669390707058
0.2366719157534729
0.23667756008139956
0.23668343634380545
0.2367010656106533
0.236724428348893
0.23673550280003233
0.23674101148481488
0.2367574742396877
0.23677944472002116
0.23679193964334633
0.23679814849173123
0.2368168476526592
0.23684176577172453
0.23685478407450283
0.2368612949154156
0.23688086572224537
0.23690699611219765
0.23692261672821002
0.2369304275689766
0.2369539965109319
0.2369849624255512
0.23698777241614377
0.23699412221584834
0.23701350315495176
0.2370384482729696
0.23705382395407848
0.23706127645554104
0.23708384949467354
0.2371131239363098
0.2371290783299378
0.23713681551037405
0.23716033982139786
0.23719064406136806
0.23720740620584543
0.2372154969404139
0.23723981653743667
0.23727218821821364
0.23729031582011625
0.2372993622458452
0.23732676226157406
0.23736241476140937
0.2373807753717486
0.23738969541918847
0.23741625291981833
0.23745247791137913
0.23747080853506344
0.23748020488958146
0.23750823454368128
0.23754628641102912
0.23756555485187322
0.23757540864394391
0.2376049153109797
0.23764434412164934
0.23766625636561692
0.2376772402051636
0.23771025562093906
0.2377539487695726
0.23778185470048033
0.23779570079732754
0.23783732030596028
0.2378927305767955
0.23792895501552672
0.23794696227072423
0.23800139672844398
0.23807326507142348
0.23807379378964025
0.23811689806133038
0.2381734303140902
0.23819300123458195
0.23821142298015824
0.23826679603468764
0.23833987745435203
0.2383746471122464
0.2383919064422918
0.2384433038526787
0.2385125751548235
0.23851900082855426
0.23853425702327355
0.23858002880151732
0.23864108531627665
0.23867522246486786
0.23869224411278578
0.23874340780146686
0.23881132902057067
0.23885135572894314
0.23887118936008028
0.2389306957909437
0.2390110162608223
0.2390219526683237
0.23903937162653807
0.23909134489656622
0.23916187570736963
0.2391930707668505
0.2392089836894786
0.23925690137364872
0.23932077598506313
0.23935644009588042
0.239374369647824
0.23942796678765116
0.23949951825311133
0.23953658892330512
0.23955509558586358
0.23961102421161642
0.23968403890273343
0.2397235591629349
0.239742902937171
0.23980146572092384
0.2398777879038611
0.23991558066440735
0.23993394285825861
0.23998913361723223
0.24006241288244
0.24010347980615115
0.24012393510181243
0.24018508651899267
0.24026718472116665
0.240316322940429
0.24034106268464805
0.24041462819045303
0.24051448651192192
0.24058515116381643
0.24062106514925796
0.24072844218325495
0.2408714494452201
0.24094067364406
0.24104631470054103
0.2410943896856762
0.24111913314520128
0.24119337185489276
0.2412924284430444
0.2413446363517827
0.2413707927115534
0.24144899657179186
0.24155428536270054
0.24161990176553147
0.2416529949717523
0.24175194417287763
0.2418851828549988
0.2419616135243549
0.24200004074576184
0.24211654180582748
0.24226921637305332
0.2423405807109473
0.2423755411391134
0.242481342469136
0.24262098469510798
0.24270914564223836
0.24275293712653118
0.24288478417640796
0.2430587955467027
0.24314572660749076
0.24318874476874494
0.24331825950721428
0.24348967393022666
0.2435890545529858
0.24363823427778894
0.24378679581992158
0.24398334113402737
0.24409126075512774
0.24414495370339584
0.24430660414428448
0.24451921571521373
0.24452911730382995
0.24457574670612253
0.24471452033002786
0.24490275558618704
0.24500899102568982
0.24506296165911098
0.2452245185640499
0.2454413349403701
0.2455662112234811
0.24562897826674007
0.2458173324156776
0.24606794494320916
0.2461965752935649
0.2462606766697762
0.24645334077761563
0.24670866913432005
0.24683649995348464
0.24689982373451808
0.24708970038391168
0.24734382220276221
0.24747631528944694
0.2475425134498163
0.24774285889709816
0.24800533568258365
0.24813330804788608
0.2481961906596703
0.2483835984508412
0.24863805855908813
0.24876269014212046
0.24882613956072813
0.24901769068879845
0.2492696016815929
0.2494000539524882
0.24946438431574092
0.249657143362277
0.24991622035041894
0.25005376488687675
0.25012335042031286
0.25033186446939415
0.250610174763108
0.2507587066169588
0.25083293380475796
0.2510556885029486
0.25135331010076856
0.25157796578396624
0.2516903513723716
0.2520298450169996
0.252476975864669
0.25273305828462655
0.2531013628732015
0.25329859362535667
0.253396966484265
0.2536924170201979
0.2540875832747582
0.2543259012513935
0.25444569254885663
0.2548050116468389
0.25528495462947093
0.25554243344665567
0.2556708435175705
0.25605961740038136
0.25657109066320916
0.25668212263503454
0.2568271120429055
0.25726376918714305
0.2578464076686842
0.258223039847806
0.2584117174579333
0.2589796441363256
0.25973806540517136
0.2601685865863591
0.2603845410706674
0.2610341929892973
0.26190293279257143
0.2623695814840282
0.26260429920776235
0.2633083344736841
0.2642537950655489
0.2647214388640133
0.26495703919938124
0.2656657296887889
0.26661042669853485
0.26675906847979536
0.2670434831656203
0.267900510293766
0.2690453289408675
0.2697929266351441
0.270341092384627
0.2706166197690605
0.271445361792765
0.2725542339918546
0.2731262884336787
0.27341377559200886
0.274276295683602
0.2754351190650598
0.27601964059949774
0.2763136026310182
0.27719632735725486
0.2783841545488767
0.27893148081381025
0.279207658777344
0.2800368146564882
0.281152040636594
0.28172209410821186
0.2820096145088193
0.28287410700444204
0.2840308049116813
0.2846066078604904
0.2848953222991887
0.28576234303583187
0.2869282678372305
0.2875415006156496
0.2878511419440962
0.28878059422573255
0.29003147001608587
0.2906813133396301
0.29100944627913
0.291994637942969
0.2933205723299847
0.2939997289057557
0.2943428319553415
0.2953728433837592
0.2967585439075756
0.2975713741065765
0.2979818067977041
0.29921574884788016
0.3008756401876375
0.30178374440924227
0.3022427049194804
0.30362120226339606
0.30547989072589726
0.3063856472200525
0.306843336971838
0.30821924935194733
0.3100728933717531
0.31099851570473247
0.3114660192735078
0.31287251352019996
0.3147631891684257
0.31604755281907776
0.31669768366912915
0.318653942297231
0.32129633584099493
0.3214256974968315
0.32199427249708806
0.32370423793594555
0.3260113035056095
0.3271050426165839
0.3276581364976733
0.3293213933246449
0.3315636351909849
0.3327503129804969
0.3333506088187914
0.3351562266646478
0.33759126769196274
0.3389403362028589
0.3396234364577561
0.34167798359495644
0.3444557312876495
0.3446428226541359
0.34525262840880405
0.3470863692074738
0.349560543439406
0.35086670535105086
0.35152789312422966
0.35351640709536175
0.3562033391818589
0.35744282961003443
0.35807037560144955
0.3599576403550164
0.36250380404791616
0.3639118123000337
0.3646250469924703
0.36677013138210457
0.3696706001511352
0.3710218079230724
0.37170632124697545
0.37376522757584907
0.3765453375210696
0.37803595958612757
0.3787914143331022
0.38106436658489234
0.38413691919564324
0.3856961644855205
0.38648673286116597
0.38886531488089016
0.39208292414624357
0.3936970332050042
0.39451580503373046
0.3969796229305148
0.4003138316828812
0.4019927546391773
0.4028448689562823
0.4054093219530658
0.40888104935301267
0.41066964637555997
0.41157811611112294
0.4143127490862264
0.41801816744118037
0.4198944742241334
0.42084814255176123
0.423719185816397
0.42761215014786264
0.4295881255175223
0.4305932040424708
0.4336192010488172
0.4377260361182268
0.43976981379744023
0.44080993969595833
0.4439417146272472
0.4481937884952143
0.45032694282261154
0.4514131628888978
0.45468382586080486
0.45912726015437405
0.4613311584929211
0.4624538220446548
0.465834479824249
0.4704274955855791
0.47279016663387946
0.4739944388248859
0.4776215731057566
0.48255331353314285
0.485043101060776
0.4863125638397566
0.4901364670861946
0.49533784462859365
0.49795649130403463
0.4992919460233264
0.5033150378527301
0.508788883216843
0.5115439018219622
0.5129490788146935
0.5171827569896315
0.5229440237746826
0.5258592495372624
0.5273462975796119
0.5318272727298192
0.5379266036100661
0.5410053672285449
0.5425758779981423
0.5473090027394343
0.553752643724757
0.5570024752726331
0.5586602177873355
0.5636568564103708
0.5704602561332233
0.57388659486421
0.5756342696626812
0.5809026546978723
0.5880767036542095
0.5916921570288357
0.5935361502856399
0.5990956585298793
0.6066667492994418
0.6104868531460433
0.612435069049869
0.6183096110022535
0.6263106815685342
0.6303383844764046
0.6323922323905252
0.6385861041783475
0.6470225541901635
0.65127274358506
0.6534397798224144
0.6599758851708662
0.6688790340272851
0.673363768445786
0.675650074576491
0.6825468482721292
0.6919417357086272
0.6966738094153387
0.6990858282334074
0.7063627990923113
0.7162759249457041
0.7212684315667585
0.723812737664848
0.7314898377256993
0.7419481766414955
0.7472151934088573
0.7498988431556339
0.757997465667487
0.7690299450287474
0.7745859983837735
0.7774162521119387
0.7859584122042289
0.797594733053963
0.8034549995372219
0.8064394234789742
0.8154480679700411
0.8277191342800101
0.8338994956861471
0.8370459892910026
0.8465450802602126
0.8594831181537945
0.8659998890421012
0.8693165443412593
0.8793306333236268
0.8929685969300448
0.8998386572015907
0.9033338266150068
0.9138882617482803
0.928260122581952
0.9355008615467257
0.9391831285821352
0.9503039662893379
0.965444590691315
0.973073868479503
0.9769520268001982
0.9886659693426918
1.0046110281714413
1.0126471777281347
1.0167302298795582
1.0290646220476012
1.0458505795661346
1.054312345577253
1.0586094675997073
1.0715921897650564
1.0892561413328905
1.0981626374641558
1.1026831503325598
1.1163425320219744
1.1349220625060383
1.1442926676842597
1.1490459743030035
1.1634106030632896
1.182943489409489
1.1927977169970847
1.1977932214515874
1.2128916978287814
1.2334155261079995
1.243772807414678
1.2490197862268198
1.264880333120381
1.2864319024067035
1.297311282194837
1.302818706370233
1.3194686294505933
1.3420831390808814
1.353502866175021
1.3592791657616667
1.3767441400637699
1.40045412844054
1.4124311146520363
1.4184838729246696
1.4367870168490744
1.4616210015514484
1.4741701408273196
1.4805057150304013
1.499666442867534
1.5256472541658685
1.5387805949596765
1.5454036612891675
1.565436307629758
1.5925791110992875
1.6063048765561536
1.6132178979280896
1.6341301100102872
1.6624401732488914
1.6767464787058424
1.6839414544692897
1.7057090485040385
1.7351469851215184
1.7500635330646768
1.7575530914530324
1.780214911695948
1.8108270001313909
1.8263384199402397
1.8341120151339458
1.8576363608804
1.889370928044162
1.9054251813713585
1.913453468709087
1.9377514469070931
1.9704779643417207
1.9870599572182246
1.9953316791787006
2.0203698057940422
2.0540323267442138
2.0711067487162675
2.0795999412422472
2.105312338716115
2.139809366147871
2.157308745416077
2.1659848540125783
2.192255338637179
2.2274159276379404
2.24529025190208
2.254118485036186
2.280855011028843
2.3165388422062145
2.334670704734311
2.3435863911268355
2.37059396045166
2.4065207962242
2.4248008566070496
2.433742233238689
2.4608353746404963
2.4967357122519296
2.515026280880216
2.523916544175169
2.5508646420906196
2.5864061089907078
2.604540348286087
2.613287015596086
2.6398125599128375
2.6745972402609737
2.692378733446884
2.70087297095381
2.7266497992873853
2.760210924722133
2.777405923790239
2.785518110927795
2.8101582906350937
2.8419413567646505
2.8582769439512616
2.8658541847280325
2.8889011905783497
2.9182511195412375
2.9334052602444243
2.9402633140923644
2.961168878035119
2.9872913424992427
3.000887689565447
3.0067991110489323
3.0248907793381
3.0467855343681607
3.058393227820026
3.0630529871851726
3.0774422378395294
3.093693204387238
3.1030589028123297
3.1059186565931785
3.115097823941641
3.1226219177280727
3.125138513704572
3.1247733719043187
3.1241822868160614
3.1191482722438786
3.118314635836825
3.1126234364375933
3.102356429785677
3.096981395787082
3.0935197824233587
3.0833347882863613
3.0677040785234015
3.0595999209682376
3.054929867395777
3.0410630123936278
3.020917503659416
3.010564653436599
3.0049071961790936
2.988027028700447
2.964209436987075
2.952012359057004
2.945559923875021
2.926245039199984
2.89949756371353
2.885813173735517
2.878737242779776
2.8575013895972075
2.828485610777909
2.813630181707807
2.806083116052434
2.783381246947108
2.752681710960289
2.736935348088663
2.729051917243191
2.7052847595444947
2.67341224115719
2.657031282880112
2.648933717201097
2.6244629952533636
2.5918710964753893
2.5733489289297187
2.564320667485258
2.5369429025303845
2.500708282911142
2.471761197481689
2.458123252295619
2.416327867624412
2.3617143586058478
2.3307024906633367
2.2897000223094
2.2698106106899343
2.2605294979051633
2.231951919091928
2.1948253306806755
2.176509467315329
2.1680579689396327
2.141916852157735
2.1080876455669397
2.0908787865128295
2.0830389883898186
2.0586509564272304
2.02721680213994
2.0088965932374343
2.0007789157684948
1.9751938225876187
1.9425265250316262
1.9233884963211327
1.915216907629653
1.888973314624076
1.8558501046718479
1.8356925577694518
1.8275473235587463
1.800576430134926
1.7670959552272199
1.7444171734596605
1.7361633459585633
1.707019214575222
1.6720380016587126
1.6507297256269393
1.6437648264876399
1.6174507057786334
1.5865673418942112
1.5689798942473292
1.5636364480973428
1.5424793872511802
1.5176586751425198
1.5018527586745847
1.4975002918318054
1.4787633406023213
1.4571368215377136
1.443160666790925
1.4396842767172748
1.4235396904819821
1.40503682876355
1.3927299156356505
1.3899153837556775
1.375927240659113
1.3599356119280432
1.348914351604183
1.346577616288118
1.3341847290878668
1.3200502182244345
1.3100047274948747
1.3080185789481733
1.2968302193508732
1.2840986327263548
1.2748137716104415
1.2730901245117108
1.2628356018267106
1.2511917062671505
1.2425176596756948
1.240995075115284
1.2314853167181088
1.2207082722872789
1.212539383698307
1.2111746086115147
1.2022758042680952
1.1922088594137998
1.1844689183666228
1.1832311712447148
1.174846661765701
1.1653764802028164
1.1580084346571429
1.1568755640350799
1.1489333425936232
1.1399758541772094
1.1329347929946445
1.1318906992064552
1.1243350004377908
1.1158258808418189
1.1090747937229124
1.1081076686778168
1.1008938249750473
1.0927824640312271
1.0862903212929813
1.0853913921333567
1.0784831722755348
1.0707291683547284
1.0644703763334433
1.0636329743135007
1.0570012609062274
1.0495723360798797
1.0435264085604115
1.0427452910067794
1.0363669908688473
1.0292373619482045
1.0233881711491557
1.0226590589911726
1.0165158015975537
1.0096646117877563
1.003999313899031
1.0033185941495673
0.9973953972810964
0.9908053033951589
0.985313310079744
0.984677845968718
0.9789620330154223
0.9726181182009801
0.9672903327908454
0.9666973384732466
0.9611777955033968
0.9550668306916789
0.9498951582675567
0.9493421132555304
0.9440088217778289
0.9381187949280776
0.9330958482219729
0.9325804379825865
0.9274241884894013
0.9217440087002662
0.9168622435315706
0.9163824099419488
0.911393928267181
0.9059127764960201
0.9011669583501795
0.9007205016065881
0.8958931835520976
0.8906022848501209
0.8859861881068107
0.8855712903171993
0.8808968414463559
0.8757865120883572
0.8712941367755965
0.870909001456947
0.8663801815563513
0.86144165631936
0.8570675249243415
0.8567104460672083
0.8523203820575986
0.8475453321026319
0.8432842354849263
0.8429535913276153
0.8386957432527687
0.8340762409759047
0.8299232192729451
0.8296174669039514
0.8254856082881802
0.8210141046468544
0.8169644343732929
0.816682105576366
0.8126703077670988
0.8083396141167272
0.804388797381515
0.8041284952935339
0.800231114356629
0.7960343870945853
0.7921781421695416
0.7919385384645585
0.7881502036370672
0.7840809308062348
0.7803151834102398
0.7800950158090377
0.7764106189868837
0.7724626077548599
0.7687834830789242
0.7685815530269117
0.7649962388903387
0.7611636038971878
0.7575674187500013
0.7573825892328281
0.7538917456217696
0.7501688977697353
0.7466521529536139
0.7464833463217897
0.7430825951185451
0.7394642301129165
0.7360236032763402
0.73586979915495
0.7325549869229278
0.7290360745482918
0.7256684127670345
0.7255286458932385
0.7222958348805253
0.7188716086899288
0.715573920853583
0.7154472789657887
0.7122927383821934
0.7089586834215457
0.7057281343700749
0.7056137560744001
0.70253395296563
0.699285796804785
0.6961196990077871
0.6960167716618617
0.6930083623981603
0.6898420631738277
0.6867378708182078
0.6866456284886243
0.6837054500363131
0.6806171861533563
0.6775724887049682
0.6774902099953757
0.6746152718287809
0.6716014319368911
0.6686139470457387
0.668540953123498
0.6657284275935887
0.6627856032801338
0.6598531688067036
0.6597888212769497
0.6570360374618721
0.6541610099709527
0.6512815801342169
0.6512252790894953
0.6485297150194703
0.6457194411713524
0.6428910842250201
0.6428422664458996
0.6402015381396273
0.6374531558537552
0.6346740371777903
0.6346321740166883
0.6320440337438435
0.629354834900094
0.6266232250482745
0.6265878208586773
0.6240501443571653
0.6214175817149823
0.6187318379822219
0.6187024283402216
0.6162132111908145
0.6136348776269739
0.6109934510676087
0.6109696007446379
0.6085269489964006
0.6060005898686611
0.6034020042863185
0.6033833057617362
0.6009854390417267
0.598508901601487
0.5959517788403156
0.5959378501263326
0.5935830854365322
0.5911543512369323
0.5886373789510824
0.588627865166614
0.5863146014929214
0.5839318062636762
0.5814537123600454
0.5814482787222512
0.5791750249107142
0.5768363372253744
0.5743959742113689
0.5743943114890063
0.5721596440380855
0.5698634145456724
0.5674596391888864
0.5674614517915891
0.5652640500221843
0.5630086204507571
0.5606404174193579
0.5606454376242416
0.5584840425307687
0.5562679096565629
0.5539342921694849
0.5539422656699913
0.5518156466674508
0.5496375045813551
0.5473374160970217
0.5473481100997956
0.5452551273121806
0.5431137285223824
0.54257835882437
0.5425004349267604
0.5422300306559189
0.5418712102292627