0.23515394420169375
0.23516509727892093
0.2351706748103159
0.23518740780981673
0.2352097222887926
0.2352125357076716
0.23521509088816486
0.23521565422279714
0.23521809522468684
0.23521926697144524
0.2352198457484674
0.23522158555487055
0.23522390068782803
0.23522521713691624
0.23522587533931222
0.23522784995302462
0.2352304913450435
0.2352317993872218
0.23523245846963503
0.23523443966393606
0.23523705968217323
0.23523845849543457
0.23523915419601238
0.2352412288400539
0.23524402902094982
0.23524544729533162
0.23524616610621696
0.23524832254657585
0.23525119786125642
0.235255558738438
0.23525773932805907
0.2352643072568455
0.23527294780080593
0.23527435662693394
0.23527749274839582
0.235279051267481
0.23528367099084652
0.2352900216229437
0.23529142571601452
0.23529316688162102
0.23529404994382458
0.23529669914182033
0.2353002200921746
0.23530228692057129
0.2353033168635324
0.23530640670772518
0.23531055325260047
0.2353125545149215
0.2353135633615942
0.23531658991625665
0.23532059941926603
0.235322675441125
0.2353237078010842
0.23532679872974274
0.23533092835439184
0.23533337027441262
0.23533459134631773
0.23533823999612952
0.2353431548346641
0.23534564867188626
0.23534690900322994
0.2353506900198663
0.23535573156326503
0.2353583758682565
0.2353597016995115
0.2353636792181956
0.23536899990231408
0.23537201143942682
0.23537351577733512
0.23537804686070557
0.2353840644157076
0.2353873855440355
0.23538903731713756
0.23539397296604386
0.2354006214340946
0.23540380297390548
0.23540540713197164
0.2354102196424253
0.23541659529214337
0.23541962213592582
0.2354211229258994
0.23542562532788705
0.23543162879721427
0.23543536362669976
0.23543723533050712
0.23544286163123415
0.23545027857506515
0.23545400385203868
0.23545585933686555
0.2354613928324157
0.23546881544260156
0.2354731406431146
0.23547531433846833
0.23548183549055116
0.23549050295933013
0.2354950465343081
0.2354973048393941
0.23550412024000103
0.23551303983031258
0.23551396039733222
0.2355158724952456
0.23552162024226028
0.2355292690691
0.2355343092593248
0.2355368239434795
0.2355443381756337
0.23555445999934438
0.23556035854153018
0.23556332526063495
0.23557231389760724
0.23558395848507865
0.23558480016275435
0.23559222721866271
0.2356021306874739
0.2356183008953446
0.23562638806981934
0.23565074647494108
0.23568269711856496
0.23569234370621378
0.23569815842496655
0.23570102378313795
0.2357095860150281
0.23572115589247516
0.23572683568866204
0.23572972872750966
0.23573839086476464
0.23574989041590708
0.23575574372638927
0.23575864813098213
0.2357673270856937
0.23577909163587732
0.2357814885747841
0.23578425346550191
0.2357925645742033
0.23580348676269616
0.2358090259493864
0.23581174433943022
0.23581989961184194
0.23583077418889578
0.23585096544978118
0.23586108670117428
0.23589115338229008
0.23593253622614205
0.23593766602031893
0.23594242951759345
0.23595683302225082
0.23597565086965472
0.23598461481810454
0.23598897777421088
0.236002041160748
0.23601971380759784
0.23602754142104962
0.2360315420249125
0.2360434501432134
0.2360596034239016
0.2360679256316934
0.23607218775783778
0.23608487442092965
0.2361021916221736
0.23611018906882913
0.23611429940682613
0.23612670322325902
0.23614304611102974
0.23615173902750364
0.236156029849118
0.23616895296125412
0.23618601393800542
0.23619602790525251
0.23620098465527428
0.2362159425910506
0.2362355258755356
0.23624559136860418
0.2362504969195466
0.23626532929661237
0.23628489676583483
0.2362960384242334
0.23630158111258864
0.2363181772150424
0.23634028243412303
0.23635223055868645
0.23635816629131975
0.23637618271272867
0.23639956543921256
0.23641219159632898
0.23641836476652206
0.23643681293592023
0.23646135605601784
0.23647311264010984
0.2364789282176956
0.23649651140099315
0.23651963651904379
0.23654021552885104
0.23655038439512674
0.23658124886754506
0.2366214435387409
0.236642021706622
0.23665208075500652
0.2366820255283868
0.2367231404904765
0.23674195481143706
0.23677321269222237
0.23678723565288642
0.23679447651263844
0.23681640994075231
0.23684503061377724
0.2368619784702941
0.23687027202403513
0.23689520159440675
0.23692838493336157
0.23694414843265169
0.23695206025362534
0.23697556894495336
0.23700770215854033
0.23702278258870477
0.23703051063613348
0.23705378488064932
0.237084801139609
0.23710232720470842
0.2371110891029616
0.23713747662639548
0.23717232503238425
0.23719259905605533
0.23720261577735632
0.23723289810556175
0.23727286266237413
0.23729342293646086
0.23730368167464289
0.23733434213695384
0.237375139125823
0.2373951518680331
0.23740507763994348
0.23743502669177974
0.2374743839359092
0.23749803901461147
0.23750973977814366
0.23754451099359045
0.23759217470531366
0.23761326708411462
0.2376242053821395
0.23765683578256136
0.2377008636536773
0.23772879649603013
0.23774282356891208
0.2377850670658491
0.23784120134081196
0.2378799431579293
0.23789922548557743
0.2379571866934056
0.23803413051095787
0.2380734862943597
0.23809307630120352
0.23815185147330742
0.23822978779455284
0.23824246563463097
0.23825918585302955
0.23830972553247778
0.2383754584890564
0.23838438824018057
0.23839937898450142
0.2384443542356742
0.23850434774313045
0.2385352208506456
0.23855068502661808
0.2385972530648571
0.23865841163699003
0.23868974295206102
0.23870519671449966
0.2387516468647671
0.2388129529671475
0.23884770015278095
0.2388649263046918
0.23891670389223696
0.23898484175583606
0.23901826857224628
0.2390347355402011
0.23908377794740032
0.2391502553716735
0.23918521191811756
0.23920305173413908
0.239256477476158
0.23932788022887616
0.23936445092289166
0.23938278533706708
0.2394374923121993
0.2395110764980066
0.23955839593109332
0.23958214272739708
0.2396535204355084
0.23974830339752476
0.2398059657918595
0.2398347039799623
0.23992061769413006
0.24003700413946713
0.24005078822930512
0.2400779236884191
0.2401591935723345
0.24026751953790104
0.24032577076429992
0.24035482697984956
0.24044231845783953
0.24055733597047138
0.24058070327418885
0.2406107730905515
0.24070019413957544
0.2408222729566988
0.24087633064139105
0.2409041717175805
0.24098814773807534
0.24109807029979802
0.241154691663192
0.24118262511567182
0.24126540927081577
0.24137878576628682
0.24143803829432225
0.24146846224722526
0.24155926903743502
0.24168175100509048
0.24175504732131078
0.24179203482669262
0.24190320854004435
0.2420513411119865
0.2421569352379475
0.24220987162434
0.24236735352687883
0.2425829211107906
0.24261738098115948
0.24278551980297075
0.24286415857791036
0.2429865493097597
0.2430617034398772
0.24309906246035226
0.24321191821175392
0.24336115823921234
0.2434599831934804
0.24350905872388257
0.24365656443897366
0.2438537182454567
0.2439651805062502
0.2440208398281732
0.24418896943835697
0.24441145911425696
0.24453502801158325
0.24459650578298092
0.244780837922783
0.24502755175837782
0.2451686036476616
0.24523916126968556
0.24545158817288942
0.24573595635770068
0.24574298734249075
0.24579961540108353
0.24596886231702092
0.24619751271766135
0.2463139325472629
0.2463730513164986
0.24654975248155794
0.24678696752006718
0.2469553168847732
0.24703979191506859
0.24729489582124922
0.24762997652872776
0.24766081327228945
0.247770961919727
0.24810258650826583
0.24854480470366763
0.24876352448023578
0.2488728562363989
0.2492024927345862
0.24963931535144637
0.24972437921648388
0.25002440816672694
0.2501583683820456
0.2502271226678658
0.25043238852808897
0.2507105536071469
0.2508470837628015
0.25091663185983465
0.2511250366598255
0.2514044791132347
0.2515863455149871
0.25167790853695454
0.25195172669586946
0.2523211035880353
0.2525039973943794
0.25259690350982245
0.2528751462267837
0.25324703191648035
0.25344043153951523
0.2535372720841804
0.2538277135719177
0.25421669910241307
0.2544711536789875
0.25459917773380547
0.25498371819553933
0.25549680865803015
0.25582748256778826
0.25599300496821187
0.25649123345310715
0.25715612071123756
0.2575972436413866
0.25781895446218944
0.2584855552776475
0.25937229750332047
0.25969961124338586
0.2603419553317285
0.2604787331302125
0.2606868202202884
0.2613089912734083
0.2621530075669104
0.2623991951614038
0.2630100214339648
0.2633404382888505
0.26350702931152387
0.2640071509818533
0.26467689607894496
0.26511322545633137
0.26533276282318324
0.26599344752163595
0.26687201168118396
0.26691171920397705
0.2674160309978151
0.2680891287924045
0.2685122442248685
0.26872443003076085
0.2693615472643401
0.2702156616404193
0.27074371943533126
0.2710096065609691
0.2718089536377931
0.2728774512010114
0.27338053067330564
0.27363210844411356
0.2743887233663095
0.2754009189608059
0.27604428402522946
0.2763682293304774
0.27734180449368023
0.2786483494793968
0.27951857105071987
0.2799580054788059
0.28127839041507674
0.2830576196167577
0.2832980515949339
0.28439540663581786
0.28587823728034417
0.28604287714516224
0.2871317729559369
0.2885919596005623
0.28933173861094214
0.28970388730376767
0.29082135163117606
0.29232653254308544
0.29303733080993377
0.2933965786204213
0.2944752643013017
0.29592625789623417
0.29674163281287247
0.2971533711323136
0.29838995222980486
0.3000573096359836
0.30081286523453676
0.3011948567633183
0.30234197490209236
0.303886126650703
0.3047336468547611
0.3051618550886945
0.3064498017061723
0.30817969096419695
0.3092822318303933
0.30983946080850916
0.3115145042750894
0.3137753747432594
0.3140410217256475
0.31457459082318384
0.3161783459637064
0.3183423834893926
0.3193381902815662
0.319841513242377
0.32135445336425544
0.3233939965689173
0.32440851427656875
0.3249215393129576
0.3264631951850524
0.32854247699823086
0.32954761238450087
0.3300559683624843
0.33158382217752985
0.3336425576009192
0.3347709548865123
0.33534172679314833
0.3370585738480033
0.339371334914791
0.34077380751422287
0.3414844454351938
0.34362138469409625
0.3465120138410466
0.34707801944827027
0.34904905263382585
0.3517112741539856
0.35298739968449044
0.3536333968184568
0.35557562249071684
0.35819888098709524
0.35944836721935114
0.3600809961980696
0.3619833117357415
0.36454906644719176
0.36603190946259123
0.36678344136757335
0.3690437777293742
0.37210048997234735
0.37351935360999194
0.3742382978060577
0.37640064874934204
0.37932107377098906
0.38090504923143587
0.3817082981338661
0.38412463950483894
0.38739459894159695
0.38891543131653805
0.389686632160633
0.3920065491294171
0.39514274327053933
0.39679034594765833
0.39762641297770784
0.4001418154262952
0.4035464605043734
0.4052443830129676
0.4061064537554433
0.408700359323178
0.4122120060811358
0.4140338569181982
0.4149595968013377
0.4177456306299031
0.42152183760185225
0.4233907193470697
0.42434084743701606
0.42720033352764397
0.43107758023523624
0.43302272075616294
0.43401227663161074
0.4369906162091645
0.44103095092690825
0.44308700333192624
0.4441337166279699
0.4472845923558208
0.45156184881391387
0.45373234205530305
0.4548379759887596
0.45816660564215883
0.4626883600226728
0.46494672588534774
0.46609756541351144
0.46956234096758986
0.4742706621327994
0.47663306876328365
0.4778373620962773
0.4814633056984195
0.4863921013156132
0.48887642108754614
0.49014322028504526
0.49395780517651755
0.4991442762869398
0.5017756769044821
0.5031178120709124
0.5071597969369364
0.5126572279382612
0.5154460864326583
0.5168687732195092
0.5211538109660965
0.5269840625986271
0.5299007680590977
0.5313886244648292
0.5358703315035654
0.5419679121956275
0.5450537540434433
0.5466279479260631
0.5513704309496449
0.5578239333772436
0.5610800209358353
0.5627410111004244
0.567745490614955
0.5745564734553209
0.577983834685099
0.5797320433037585
0.5849998033224103
0.5921699735103049
0.5957487841862893
0.597573909406578
0.6030739081983947
0.6105589319215222
0.6143491623125227
0.6162820291269322
0.6221075117968345
0.6300368226221414
0.6340289617633939
0.6360645389164812
0.6422003029008251
0.6505523218563478
0.6547516079803587
0.6568924889324522
0.6633463403101209
0.6721313614820429
0.6765537893149338
0.678808088750194
0.685604616799697
0.6948562750858753
0.6995079094891081
0.701878605808573
0.7090268615611338
0.7187568556760151
0.7236624957884387
0.726162176422118
0.7337002628744804
0.7439610047275442
0.7491209899614019
0.7517496511523569
0.7596775025933201
0.7704681362220918
0.7758935464253861
0.7786566714762259
0.7869909739362422
0.7983335534057786
0.8040491937388413
0.8069592868679086
0.815737924780043
0.8276841962987678
0.833695552295771
0.8367551807540743
0.8459858455976267
0.8585456309155596
0.8648596381130396
0.8680720947521784
0.8777647422786258
0.8909507484698306
0.8975822252000125
0.9009548137300936
0.9111316085487947
0.9249735385023379
0.9319278552268497
0.9354630165128386
0.9461314227692998
0.9606381252488305
0.9679432829639557
0.9716550209533911
0.9828574441615442
0.998086717096549
1.0057468362990238
1.009636919298094
1.021378732983464
1.0373366856801334
1.0453658273830464
1.0494410706026163
1.0617430490222952
1.0784568667460135
1.0868776819417545
1.0911492498665563
1.104045176970575
1.1215605565910325
1.1303739931279173
1.1348419779722916
1.1483321806878442
1.1666480624734081
1.175866146186776
1.180536242111834
1.194638045150938
1.2137768041002883
1.2234156707150898
1.2282956220970158
1.2430325430505922
1.263025187684262
1.2730921432702536
1.2781851637610744
1.293567050231549
1.3144252810242423
1.3249384270745064
1.3302531303646705
1.34630614883531
1.3680644361394096
1.3790254740243029
1.384562121747713
1.4012871831273923
1.4239446421489361
1.4353673145961605
1.4411321612197956
1.4585483532736554
1.4821291418709237
1.4940210393074165
1.5000171586836528
1.5181339487995864
1.542648727781085
1.5549667913900043
1.5611714582549199
1.5799198385965536
1.6052716148795148
1.6180781685688972
1.6245221336562492
1.6439958787063653
1.6703106979582494
1.6836528580579544
1.6903588465398152
1.7106273749571128
1.7379972857875965
1.7518052323133886
1.7587368207272975
1.779689586193731
1.807960227818678
1.82223813190516
1.8293962144052203
1.8510363273728114
1.880209000032511
1.894946767906362
1.9023250295646463
1.9246337427596827
1.9546797912323952
1.9698771913310429
1.9774741655216588
2.0004475872781873
2.0313585809029133
2.046996848719992
2.0548017476665814
2.0784077038495776
2.110136738044379
2.126205294774987
2.1342113459273984
2.15843001148852
2.1909470044934682
2.2074120210327073
2.215600879563025
2.240377279267467
2.2736047098337404
2.290444459214726
2.298803754650983
2.324101256790233
2.3579866205483264
2.375170762406093
2.383683856713413
2.409452948515158
2.443926584907352
2.461421866786466
2.470070682347648
2.4962576130208394
2.5312443795719104
2.549013370962655
2.557777772354472
2.5843226521374514
2.6197394783352026
2.637742384879256
2.6466010935208257
2.6734406902959686
2.7092003321169416
2.7273949967418396
2.736325584938379
2.7633933049219612
2.79940438614522
2.8177464932633325
2.8267254994744655
2.853951766148775
2.8901192134253826
2.908565493434763
2.917569929398218
2.9448867722369108
2.9811179648130457
2.999627541783593
3.0086355202286805
3.035978517277022
3.072185803006225
3.0907240584666678
3.0997165537169664
3.1270302856905827
3.163138015022426
3.18168524783553
3.190650007153655
3.2179001756789836
3.25386032665055
3.2724282806207894
3.281367173219119
3.3085634645595627
3.344384971769289
3.363056531742826
3.3720030281109743
3.3992536338619366
3.435072235190291
3.4541229628946515
3.463195156427271
3.490872716957525
3.527162731031364
3.5476917707074374
3.5573641497843704
3.586958627108487
3.62562070064449
3.6479822020093975
3.658368987627913
3.6902759806476984
3.7317709678663054
3.744225637534168
3.773945498841877
3.7747153788420955
3.780807037382776
3.799386006274525
3.8236813858013887
3.8277532779277705
3.8329409938832404
3.8487404310654063
3.8694219147101228
3.8786798367696655
3.8831108995819887
3.8965879884186534
3.91424318370454
3.9222826292756605
3.9261382067117623
3.9378514235273414
3.9532007110400205
3.9602287192906087
3.9636041345290742
3.9738468013393744
3.987266300168521
3.993390557892138
3.996334399753764
4.00525623828739
4.016935084430457
4.022224670007971
4.024767131101104
4.032461878152978
4.0425165952150675
4.04700900885621
4.049165849959294
4.055683849714501
4.064176822381148
4.065523315509799
4.06732240604391
4.072751947876993
4.079806077943931
4.079969975441682
4.081404000384158
4.085726760798832
4.091331954508428
4.094341041913604
4.095758869527219
4.100029603859525
4.105499979817312
4.108371481345369
4.109691935086821
4.113664094960786
4.118647006941021
4.1211941728818
4.1223154058418405
4.125682979145415
4.129743963538275
4.1317775817045685
4.132588196374113
4.135020365426528
4.137674034827913
4.138905456892961
4.139233726125427
4.140222085398138
4.140718769440044
4.140612925224076
4.14016248869534
4.138826772154965
4.135912643910123
4.133586088073179
4.1318891817055485
4.126829336447263
4.118559555315101
4.1132237526975945
4.110018968464575
4.100412880602319
4.086007018889959
4.076715222504464
4.07155509867059
4.0559943468031925
4.033611542476529
4.018425865524313
4.010450957451825
3.986181710047986
3.9522510004891487
3.930033492406172
3.919055029512167
3.885105689730945
3.839002846022808
3.8022561632287415
3.785703682265153
3.732448068978975
3.662740430418363
3.6327953844654135
3.582503156042997
3.5564031335955604
3.5452318928723243
3.508747860520967
3.4617822658981185
3.428052289447774
3.414873906936861
3.36920405305881
3.312004235769712
3.2738405234244388
3.2605909148595806
3.211026796890794
3.150713206996853
3.1157297893194245
3.1044462082176807
3.060515149955029
3.007194977104171
2.9755895472735827
2.965822599955394
2.9265152697301553
2.8788421944018876
2.8499482817101023
2.8413459167478328
2.805689982549801
2.7625262512247537
2.735867950721931
2.7282107650111667
2.695584727263018
2.656209317524438
2.6314780175582366
2.624622148219438
2.59461318034299
2.5585266111950666
2.5355031376472064
2.5293411937687775
2.501638664112746
2.4684453877651706
2.446951043519794
2.441393336746622
2.415735058373099
2.3850931809675413
2.364968999450845
2.3599371235461337
2.336090340765246
2.3076970130111505
2.2887987751895422
2.284224290995209
2.2619821841240886
2.2355718175005705
2.2177705707200634
2.2135948238202947
2.192776866433869
2.1681209457918578
2.15130385561363
2.14747748969859
2.127928994074882
2.104834007002842
2.088904000659568
2.0853859809872914
2.066976016383986
2.0452795305856095
2.0301538419792897
2.0269102056243713
2.0095284628997807
1.9890943351940442
1.9747024919256937
1.971705064055282
1.9552584092298457
1.9359719991091073
1.9222537173240037
1.9194789456882029
1.9038881740792504
1.8856520701101702
1.872555332188092
1.8699833059287105
1.8551803465387657
1.83791080416495
1.8253902349532312
1.8230038974840914
1.8089295348752974
1.7925536339738026
1.7805691930963397
1.7783537299892014
1.7649558116587258
1.749409250249123
1.7379252095397557
1.7358675816765534
1.723099637591044
1.7083250476227116
1.697309205284761
1.6953977966831422
1.6832179890396028
1.6691636616986198
1.6585867438665305
1.6568110971623229
1.6451814255741772
1.631800348917562
1.6216355554975126
1.6199861729970773
1.6088718731126264
1.5961210037185132
1.586343664078547
1.584811857110964
1.5741809443042984
1.5620206528020042
1.5526133154508457
1.5511907799620939
1.5410193237189276
1.5294173348401194
1.5203502864935163
1.5190301522291776
1.50928001598042
1.4981938965006127
1.4894497589377143
1.4882249138963979
1.478876207458654
1.4682787524375602
1.45984071133176
1.4587047686015782
1.4497336955940865
1.4395953666847752
1.431446206365529
1.430393219947105
1.4217774990511782
1.412070667203121
1.4041942662322575
1.4032186900273464
1.394937490755436
1.385636329024809
1.3780175942935893
1.3771142500015163
1.369148082930592
1.3602284311058854
1.352853223809899
1.3520172731894091
1.3443478931345456
1.3357871379729491
1.3286422077306956
1.3278691282027684
1.3204794479391702
1.312256416687993
1.3053293418141303
1.3046149046854654
1.2974889171997563
1.2895837811010036
1.2828629143315273
1.2822031651487462
1.2753258727066308
1.2677200591662185
1.261194477894243
1.2605857184709948
1.2539430678299794
1.2466191794248072
1.24027863989346
1.239717411830874
1.2332962339846025
1.226237974226029
1.220072868265532
1.2195559376781697
1.213343892239955
1.2065359951255548
1.2005373111389015
1.2000616545035414
1.1940471773083736
1.1874753442978616
1.1816346287125594
1.181197419592995
1.175369674536029
1.1690205126405644
1.1633298360821485
1.162928432796037
1.1572772661171133
1.1511382317075027
1.1455901561586925
1.1452220900988426
1.139737988169184
1.133797332612539
1.1283848814898603
1.1280478463322556
1.1227218947762074
1.116968617294595
1.111685244039727
1.1113770855891774
1.1062009319614827
1.1006247307377155
1.0954642942137722
1.0951830006596501
1.0901488195235203
1.0847400477022942
1.0796967859984343
1.0794404787931753
1.0745409380881865
1.0692905632596035
1.0643590690214042
1.0641259947901025
1.0593542246357714
1.054253788664056
1.0494289888200912
1.049217511052888
1.0445670755997252
1.0396086574836603
1.0348857908011988
1.0346943825530965
1.030159248653288
1.025335437201738
1.0207100277530738
1.0205372647036182
1.0161117801668782
1.0114156267116803
1.006883482519661
1.0067280355401387
1.002406905470694
0.99783190829785
0.9933890896221237
0.9932497195219804
0.9890279790956082
0.9845680510046285
0.9802108476613517
0.9800864008677601
0.975959392624165
0.9716088239965459
0.9673337648777262
0.9672231630109943
0.9631865236155854
0.9589399948318891
0.9547437996525049
0.9546460374886586
0.9506956871955591
0.9465481617037814
0.9424277812785361
0.942341926696609
0.9384740121361332
0.9344208450158484
0.9303733548281669
0.9302985346135744
0.9265094729967849
0.9225462348445558
0.9185689445012671
0.9185043459907263
0.9147907518921033
0.9109133381173112
0.9070036827465198
0.9069485522353032
0.9033072528796476
0.8995118316321895
0.8956673996615166
0.8956210265128945
0.8920490949256114
0.8883319095599125
0.8845505055927936
0.8845122465423778
0.8810068300651912
0.8773646332808201
0.8736440072756984
0.8736132588987879
0.8701716506137557
0.8666014608118061
0.8656627735899838
0.8655066114073314
0.8649464543096543
0.8642049287014172