0.23518960488804705
0.23520076999960743
0.23520635354981193
0.2352231046117726
0.23524544318854226
0.23524825961290607
0.235250817561748
0.23525138149573077
0.23525382514383214
0.2352549981436239
0.23525557754610085
0.2352573192294609
0.23525963686447723
0.235260954735985
0.23526161364960832
0.2352635903970866
0.23526623463562332
0.23526754409804182
0.235268203891365
0.2352701872190788
0.2352728100787812
0.23527421039287683
0.23527490684333166
0.23527698373520337
0.23527978691858764
0.23528120674278238
0.2352819263300694
0.2352840850997337
0.23528696352039485
0.23529132910873088
0.23529351205418028
0.23530008705534208
0.2353087370135149
0.23531014731735392
0.23531328680777777
0.23531484701000888
0.23531947177478157
0.23532582915890424
0.23532723482826498
0.2353289778996495
0.23532986191667882
0.23533251397930297
0.23533603874778836
0.23533810780678657
0.23533913886457108
0.23534223205344035
0.23534638306243325
0.23534838650289427
0.2353493964399366
0.2353524262659054
0.23535644012716608
0.23535851838414468
0.23535955186085414
0.23536264613903113
0.23536678023145913
0.2353692247942736
0.2353704471876642
0.23537409979999924
0.23537901993018054
0.2353815164895233
0.23538277818404735
0.23538656329053298
0.23539161028780287
0.23539425746527573
0.23539558473341687
0.23539956656310124
0.23540489299865114
0.23540790780746032
0.23540941378110838
0.23541394977489227
0.23541997387449062
0.23542329858474573
0.23542495214760145
0.23542989316329105
0.23543654879859233
0.2354397338116597
0.23544133970852113
0.23544615743586073
0.23545254003631547
0.2354555701383863
0.23545707255568385
0.23546157984008073
0.23546758982033755
0.23547132870429022
0.23547320243615455
0.23547883482343382
0.23548625987127905
0.2354899891607918
0.23549184665095935
0.23549738615814997
0.2355048167922078
0.2355091467084054
0.23551132276352507
0.23551785099582498
0.23552652790282225
0.23553107639648319
0.23553333715909472
0.23554015993945868
0.23554908934609275
0.23555001081958943
0.23555192499915234
0.2355576789935753
0.23556533614966985
0.23557038180825304
0.23557289922606284
0.23558042165583162
0.2355905544282927
0.23559645943050062
0.23559942938271575
0.23560842773428486
0.2356200852263543
0.23562092765024797
0.2356283627896469
0.23563827703931256
0.23565446485582983
0.23566256083809717
0.2356869456940892
0.23571893155395227
0.23572858846752795
0.2357344094508156
0.23573727793519195
0.23574584954207423
0.23575743194683793
0.2357631180306661
0.23576601422191504
0.2357746858153692
0.23578619797083647
0.23579205763306021
0.23579496521050455
0.23580365368012127
0.23581543095032936
0.23581783062082676
0.23582059853051487
0.23582891870013492
0.23583985294872759
0.23584539810183106
0.23584811946754267
0.2358562836684043
0.23586717015353253
0.23588738353342892
0.2358975158532232
0.2359276157133967
0.23596904304227073
0.23597417910058868
0.2359789478381195
0.23599336708546473
0.23601220587353433
0.23602117945605178
0.2360255472116807
0.23603862499653827
0.23605631688930245
0.2360641532492894
0.23606815824065353
0.23608007951000848
0.2360962503754477
0.23610458190711978
0.23610884871176493
0.2361215493983775
0.23613888536824576
0.23614689184690016
0.2361510067190665
0.23616342415262098
0.23617978517382784
0.2361884875710575
0.23619278312528955
0.23620572044674568
0.23622280035117274
0.2362328252880844
0.23623778751631305
0.23625276190517108
0.23627236708206284
0.23628244348809557
0.23628735447686308
0.2363022031901815
0.23632179241946394
0.23633294632631952
0.23633849513600078
0.23635510960340372
0.23637723931942045
0.23638920063188654
0.23639514295420347
0.23641317918431382
0.23643658823846186
0.23644922809170438
0.23645540808989865
0.23647387673951456
0.2364984471752821
0.23651021672262765
0.23651603877366242
0.23653364140536826
0.23655679242002278
0.23657739414827042
0.23658757435990085
0.236618472945044
0.23665871299665178
0.23667931365737246
0.236689383920899
0.23671936232287324
0.2367605223569888
0.23677935840676012
0.23681065056055473
0.23682468967142728
0.23683193864513483
0.2368538964588232
0.23688254957129282
0.23689951606495718
0.2369078189120784
0.23693277638387097
0.23696599694740442
0.23698177814304455
0.23698969882002843
0.23701323405559185
0.23704540281541317
0.23706050059273992
0.23706823734658056
0.23709153773649416
0.23712258888102725
0.23714013467483178
0.23714890644104009
0.2371753235997281
0.2372102115012589
0.2372305082255417
0.23724053628291258
0.23727085267639667
0.2373108626342332
0.23733144604275125
0.2373417163498912
0.23737241152119376
0.23741325482354755
0.23743329010592235
0.23744322713985772
0.23747321002493257
0.2375126123332178
0.2375362939749457
0.2375480080063398
0.23758281899902373
0.23763053602030382
0.23765165310957367
0.2376626038320476
0.23769527149961023
0.23773934919965486
0.23776731409825688
0.23778135721890167
0.23782364892475671
0.23787984753922414
0.23791863356832146
0.23793793800611523
0.23799596563726436
0.23807299813772115
0.238112398944909
0.2381320114684207
0.23819085426794967
0.23826888086738837
0.23828157295975214
0.23829831248232405
0.23834891019261684
0.2384147203824325
0.23842365976511948
0.23843866787016568
0.2384836952491144
0.2385437583700096
0.23857466735084845
0.2385901494800424
0.23863677145503187
0.2386980019004764
0.23872936922846028
0.23874484097418497
0.23879134513704195
0.2388527232638001
0.23888751069719377
0.23890475696334765
0.23895659496989077
0.23902481338139095
0.23905827878195776
0.23907476501438607
0.23912386520939455
0.2391904199938182
0.23922541835221212
0.2392432791510003
0.2392967678898821
0.23936825481709956
0.23940486875595757
0.239423224817848
0.23947799675413303
0.23955166782250212
0.23959904363277817
0.23962281866120824
0.2396942812042916
0.23978917748306824
0.23984690845352166
0.2398756809560158
0.23996169773086015
0.24007822230037135
0.24009202404733485
0.24011919202057216
0.2402005595739925
0.24030901611178182
0.24036733738318064
0.24039642865260494
0.2404840255219282
0.240599183678004
0.2406225783990878
0.24065268462693354
0.24074221495879727
0.24086444041960867
0.24091856569251752
0.24094644074512506
0.2410305189350788
0.24114057773811792
0.24119726750385082
0.24122523513121866
0.24130812179226696
0.24142163587004292
0.24148096305004998
0.2415114245186256
0.24160234396554747
0.2417249768435537
0.241798365032104
0.24183539860617562
0.24194671085147165
0.2420950287887061
0.24220075520810092
0.24225375791410744
0.24241143911675478
0.24262727485927998
0.24269209187929583
0.24284097269156893
0.2429222772977763
0.2429635461473902
0.24308737550007276
0.24325267810185955
0.2433359433294682
0.24337765077520485
0.24350384957688612
0.24366915808741346
0.2437558112813719
0.24379833888918
0.24392658428377473
0.24409604948995267
0.24420581458740453
0.244260192250603
0.24442417473114553
0.24464093424646946
0.24475942272891524
0.24481818823734278
0.24499381146979465
0.24523268038885626
0.2452514578202189
0.2453995398811383
0.24559311349441745
0.24569661615167598
0.24574731679885495
0.2458992093748471
0.24610233285473193
0.2462253955519117
0.24628693738911808
0.24647234669499518
0.24671745490239133
0.2468405138299368
0.24690146669246216
0.24708337387269935
0.2473306902700875
0.24743882999841502
0.24749434350216895
0.2476605382096358
0.24788408834640246
0.24801932930586895
0.24808746449207128
0.24829193140035818
0.24856474124552663
0.24871209796863078
0.2487857961048871
0.24900696216917387
0.24930282261607603
0.2494837290136012
0.249574535873506
0.24984746984826128
0.25021223562383926
0.25041221515161716
0.2505126617680121
0.2508143530950453
0.25121511155991505
0.2514037070254815
0.25149775730744506
0.25177780665558563
0.2521589340030326
0.2523268441983206
0.25241269788784704
0.2526701739241697
0.2530137537009043
0.2532116855757015
0.25331038792411925
0.25360785545171327
0.25400305731776507
0.2542345705573344
0.25435011711801486
0.25469575581017645
0.25516210233907777
0.25538388785319693
0.2554961591485042
0.25583268986480817
0.256284782488783
0.25653140061431534
0.25665557584838566
0.25702927173821927
0.2575263862607708
0.25781719583400087
0.25796258572786934
0.25840013601715
0.25898204328500524
0.25929054102415333
0.2594445837017712
0.25990644548716907
0.2605243413525702
0.26086745239355563
0.2610395719241604
0.26155476191085214
0.2622494836754653
0.2625643554905227
0.26272391047753996
0.2632006709283565
0.2638460916026042
0.26403761770131884
0.2642243316737427
0.2647871490689155
0.26553292514921356
0.2656118840684147
0.2658065902418407
0.2663937797548936
0.2671731757233366
0.26754366487835995
0.267727876866002
0.2682797610066603
0.2690244257744199
0.2693638730443202
0.2695360993118239
0.2700534193077533
0.27074417335541817
0.2711474177124841
0.271349741356124
0.2719566137476411
0.2727707590635048
0.27328624116063677
0.27354603218938145
0.27432701163426426
0.2753725459088496
0.27600816450744264
0.27632807431178286
0.27728819552340583
0.27858402351296785
0.2786304902900344
0.2794659983025067
0.28058739820280926
0.28134317699767364
0.28172440218306183
0.2828713594619712
0.2844102917019257
0.28518735792380195
0.2855781912848375
0.2867530537961462
0.2883350666623203
0.2885702202412117
0.2889263748655345
0.2899945314147918
0.29143483440952117
0.29210275015683074
0.2924404340158163
0.2934552317666387
0.2948171298128948
0.29568894771328985
0.2961286927677137
0.2974509233206119
0.2992288496018496
0.3005202921631263
0.30117473230682784
0.303143954019322
0.3058075880473748
0.30613717545707797
0.3078842780637105
0.30893851645878917
0.30947168485270476
0.3110740886726575
0.3132373954903609
0.3132649297073221
0.3139511372657891
0.3160147764312713
0.31880882956032947
0.31990697481175856
0.32223357658076074
0.3232892862962841
0.3238231095666517
0.3254273087189203
0.3275918139919154
0.32863417955573854
0.3291613657686828
0.3307460309195561
0.3328836646758695
0.3339096619193147
0.33442871292919396
0.3359887408158634
0.3380909731722608
0.3392768903229904
0.3398770278636635
0.3416815197546903
0.3441151269106072
0.34552986697657984
0.34624673776057496
0.3484030043428727
0.3513187095580556
0.3515246751710339
0.3521383595153436
0.353983593357235
0.35647354959159105
0.35777463675718363
0.3584334575499947
0.36041435966787394
0.3630895866667808
0.36443539548743215
0.3651170411936634
0.3671670489080742
0.36993540759019
0.3713788794155457
0.3721101899984393
0.37431017661806837
0.3772831177215828
0.37877248398448565
0.3795272895249676
0.38179789047906076
0.38486736009548406
0.3864233276839784
0.38721231418838725
0.38958592251039925
0.392796783746304
0.39439028761056955
0.3951986405746872
0.39763064906316326
0.4009213037164884
0.4025912984199904
0.4034389909422313
0.40598952416446316
0.4094427537573962
0.41120641220511844
0.41210225628423175
0.41479839308305955
0.4184511594841781
0.4202965778266978
0.4212345106400181
0.42405764687485925
0.42788462780556463
0.42984657760394207
0.430844573957865
0.4338487020963322
0.43792587552625456
0.4399206334737933
0.44093574963023113
0.4439914778909563
0.4481383285976896
0.450279169102718
0.4513694634774649
0.45465218063411317
0.4591117327598653
0.461323646077325
0.4624505347056305
0.46584343780622356
0.47045353794090006
0.4727899828872622
0.47398086946573864
0.47756701973796467
0.48244194172095944
0.48490692648527745
0.48616372527787216
0.48994883142590917
0.49509622265125386
0.4976931238924139
0.49901747619643855
0.5030064695280656
0.5084327047628242
0.5111670974963947
0.5125617588064523
0.5167630014105721
0.5224791022115608
0.5253649799088422
0.5268370305488914
0.5312720996912568
0.5373069705176575
0.5403820155474547
0.5419507566689975
0.5466778388309542
0.5531126944842621
0.5563403303125116
0.5579867757208603
0.5629485040274582
0.5697028904428877
0.5731049574380076
0.5748402985559631
0.5800703825928106
0.5871911674293471
0.5907587362710014
0.5925782589837774
0.5980627104857711
0.6055292325330096
0.6093059086362329
0.6112319572668148
0.6170383662519358
0.6249444325041422
0.6289249662788179
0.630954734956241
0.6370745668912762
0.6454078754244618
0.6496025957457615
0.6517413103876998
0.6581904123545829
0.6669724545225939
0.6713920383374326
0.6736450640659116
0.6804397279976794
0.6896924310069651
0.6943566893403469
0.6967340825778119
0.7039047698469847
0.7136699153435737
0.7185865001192215
0.7210920318659361
0.7286501562575708
0.738942892858706
0.7441246101512632
0.7467646924470058
0.7547296489402193
0.7655762403769205
0.7710313421456126
0.773810014865496
0.7821940733157774
0.7936105638161154
0.7993590578213219
0.8022863732145425
0.811120009025347
0.8231478334490697
0.8292012877715607
0.8322829329614503
0.8415833767143394
0.854245432899478
0.8606185826209128
0.8638618470030618
0.8736512057500025
0.8869770818558369
0.893684673035584
0.8970968226252932
0.9073971322417392
0.9214162567171721
0.9284724866944197
0.9320604812717288
0.9428928556961645
0.9576332854756943
0.9650537671834887
0.9688252664602299
0.9802129517097182
0.995705644195307
1.0035055912412043
1.0074680246084406
1.0194335738411369
1.0357084581311893
1.0439032082032136
1.0480640434038413
1.0606301350171152
1.07771724196952
1.0863224759335592
1.0906893284196126
1.1038790991577168
1.1218090210925578
1.1308405696913637
1.1354211005190646
1.1492578356961216
1.1680612864130846
1.1775350800377877
1.1823369650236564
1.196844005084951
1.2165516769777955
1.2264835777842469
1.2315144148500798
1.2467148762383302
1.2673570280637274
1.2777629564153161
1.2830303203652393
1.2989472624391516
1.3205539304772391
1.3314494827845265
1.3369607202497857
1.3536165244640794
1.3762166332240922
1.387616977875137
1.393379142079601
1.410795316525018
1.4344163797980736
1.4463359865197298
1.4523556868150307
1.4705524123387916
1.4952198779759764
1.5076721662437282
1.513955376561498
1.5329509288361904
1.5586873543408244
1.5716843174068102
1.5782361725721359
1.5980463081982266
1.6248705441632756
1.638402955757227
1.6452177215446153
1.665825124056781
1.6937101385633044
1.7078562788823257
1.7149723614659507
1.7364942872556381
1.7655975324744204
1.7802983707128766
1.7876845135181165
1.8100259684282454
1.840213123601638
1.8554622433389056
1.8631137070520474
1.8862605897971625
1.917508239381514
1.93332085078143
1.9412436114627083
1.9652145873323035
1.9975436673956493
2.013917646528056
2.0221087093250145
2.0468952043142323
2.080288808382951
2.0972095834378606
2.1056594553570895
2.131233202913212
2.1656470206457548
2.183088882573084
2.1917822486431233
2.2180973688223973
2.253462589757699
2.2713966613308276
2.280316331436968
2.307321396048171
2.3435610713829287
2.361952929083853
2.3710785972458006
2.3987128798690724
2.4357366886436536
2.454539187414808
2.463843837322794
2.4920263713304127
2.5297157670265307
2.548868722940335
2.5583184419384613
2.586947491338064
2.6251549793881814
2.6445879652599813
2.6541432485225336
2.683100343750045
2.7216548042066284
2.7412825832030845
2.7508960292930458
2.780038989474214
2.818736197428835
2.838458880244461
2.8480751548750693
2.877238059770468
2.9158404655578694
2.9355405331556366
2.9450947880065192
2.974083247323713
3.01231342802875
3.031857393053166
3.0412757900924343
3.0698687059728758
3.1074111328816874
3.126650394181838
3.1358499977137018
3.163799488296599
3.2002992339441163
3.2190737255738866
3.2279631554740624
3.2549970202652596
3.2900603745700323
3.3082126666771208
3.316696073282138
3.3425310176769645
3.3757360518794837
3.3931553388481523
3.401144993103551
3.425528215030683
3.456458431084103
3.473282785407087
3.48075800279476
3.503660851939845
3.5320662446475852
3.5499263077491245
3.5572230618679597
3.5798365781052013
3.6062084987021796
3.6172650150961547
3.632959841183245
3.6351908348684576
3.643335032581777
3.6524910499085324
3.6541715515323707
3.6556171404007363
3.6601429604381077
3.66482867629337
3.6666564835526745
3.6671488587092753
3.668760793596233
3.6698216688052643
3.670055420215503
3.669830740158351
3.669253576696532
3.6675855397565185
3.6665895217730413
3.665817208633883
3.6635673545109557
3.6598306394953624
3.657911094410833
3.6567344019412436
3.653247830156382
3.6480023010469753
3.645432997158737
3.64398085615879
3.639649514655041
3.6334008648939213
3.6304511616740913
3.6288522787675017
3.624066839058061
3.6173243928476833
3.6168770470945333
3.615316089207843
3.6106359095780722
3.6041383216165293
3.6005668853456307
3.598692248384909
3.5930655214775586
3.585285683907151
3.580969474690839
3.578717858239667
3.571952143167518
3.5626270655324905
3.5575794290785696
3.554963383115934
3.547093531907094
3.536283452843413
3.5304956738025863
3.527514057376738
3.518533972078019
3.506236233388351
3.4996742103420377
3.4963115208710485
3.4861717359493216
3.47232064439008
3.4650241133694357
3.461303168029508
3.450070464244823
3.4347623785859835
3.427318545550193
3.4235431832395498
3.412139724172161
3.396653331303882
3.3893246739829257
3.3856250133389385
3.3744480956126166
3.3593195021448694
3.3506812962572408
3.3463319783283167
3.3331740660524094
3.315373131857131
3.303704734869335
3.2978503513244575
3.2800864050753322
3.256047962945226
3.239504779256143
3.2312768499328284
3.2061924990647848
3.1723230571032337
3.1541199924568333
3.12741933224755
3.1140698481203706
3.1075214453801303
3.0875840084737263
3.0609689269800286
3.046359731900263
3.0392627497218054
3.017598404952572
2.988812815935846
2.972967679644262
2.9653572305145652
2.942046130983251
2.91123377298305
2.8943684153702285
2.8863705153555372
2.861769472451788
2.829431501692334
2.811945139612879
2.8037636617295254
2.778475107087286
2.745413524746122
2.7276212604086028
2.7194141613735625
2.6939013407765353
2.6607188675834967
2.6426573699496605
2.6344607678513943
2.6087944022879013
2.575589263872791
2.5567097245791204
2.5483360060698277
2.5218181339376198
2.487750830532882
2.4675288067908983
2.458857012489906
2.4309028863914937
2.395342632754971
2.373341441625055
2.3643725768364585
2.3346216080128728
2.29731540899417
2.2725549854683083
2.2632866153556273
2.230889322350244
2.191260871227139
2.1633498056195837
2.154286751591744
2.1194464188717843
2.0785869811379074
2.054471629941292
2.0473355175340138
2.0184558166638285
1.984712172311361
1.964143496811114
1.9584413366857203
1.9341075142130273
1.9057213157245634
1.8878150126659747
1.8831593391080022
1.8621870030249001
1.8377484629752843
1.8218343800615342
1.8179454787924454
1.799474535954206
1.777971689898381
1.7635643674973187
1.7602430249510332
1.7436583891451825
1.7243734340432753
1.711126704130465
1.7082325884664484
1.693099327071187
1.6755272283519482
1.6631967033481188
1.6606315622310919
1.6466439582888392
1.6304302863776539
1.6188438376242462
1.6165388315819105
1.6034816701585746
1.5883765059997363
1.5774121040975597
1.5753186189669268
1.5630389343297335
1.5488638993599584
1.5384337150630338
1.5365169272081722
1.5249041455726329
1.51152955345677
1.5015689587784151
1.4998034396415776
1.4887758094812027
1.4761051702585528
1.4665653119831987
1.46493206557584
1.4544275344515234
1.4423871541241013
1.4332299987343673
1.4317144717817056
1.4216845865193553
1.4102165951371883
1.4014116286003004
1.4000023696317574
1.3904081886412816
1.379465844557355
1.3709878633986914
1.3696756130857342
1.3604849485628756
1.35002945171525
1.3418570720499572
1.3406341413500567
1.3318196828685513
1.3218179942820503
1.313932635915854
1.3127924778597255
1.3043305047570415
1.2947538429743712
1.2871390308419544
1.286075943772641
1.2779454346480252
1.268768231728913
1.261409111550005
1.260418032292176
1.2526000448068602
1.2437992168807568
1.2366822168497527
1.2357585757706357
1.2282358119196661
1.219790246403685
1.2129028394257284
1.2120424582423692
1.204798957802274
1.1966891506506465
1.1900207701414225
1.1892196786100437
1.1822417142729238
1.1744503014603194
1.1679883268167623
1.1672431337067541
1.160514677305431
1.1530231216060796
1.1467578470099546
1.1460650726408037
1.1395743425581566
1.1323675771328774
1.126289748806775
1.1256462292046903
1.1193809289258947
1.112443883260869
1.1065443698467303
1.1059471257174998
1.0998956310699977
1.0932140631789786
1.0874842252920913
1.0869304449937551
1.0810817673366224
1.0746422124962538
1.0690738745015873
1.0685609018138966
1.0629046458253772
1.0566943659203754
1.0512797880701152
1.0508051122918456
1.0453314404766618
1.0393383815568764
1.0340702356637486
1.0336314833028548
1.0283310853674372
1.0225438405703722
1.0174151886492468
1.0170101162104648
1.0118741818345598
1.006281958660207
1.0012862331706616
1.0009127207364608
0.9959329147752384
0.9905255049250445
0.9856564907109533
0.9853125360406523
0.9804809755629246
0.9752487270118181
0.9705005442981983
0.9701842573153886
0.9654934900407541
0.9604272806361115
0.955794368724668
0.9555039663266884
0.9509469498726212
0.9460381621996284
0.9415152640724881
0.9412490651262542
0.9368191474413953
0.9320596451411814
0.9276417920174407
0.9273982126036708
0.9230891127722622
0.918471216433647
0.9141537143256159
0.913931263009479
0.9097370534570802
0.9052535186487709
0.9010319342200224
0.9008292076139938
0.8967442959619026
0.8923882917336554
0.8882584386617922
0.8880741171032057
0.8840932295101545
0.8798583167709656
0.8758162433560556
0.875649086635969
0.8717672505811889
0.8676473636459836
0.8636893392165762
0.8635381824619308
0.8597507124177797
0.855740135930877
0.8518626420465008
0.8517263918576385
0.8480288722253867
0.8441222268385719
0.8403219422171443
0.8401995728645407
0.8365878449390702
0.8327800663388928
0.8290538578652067
0.8289444075233325
0.8254145544442337
0.8217008746740132
0.8180457888063065
0.8179483560594489
0.8144966897361104
0.8108726271053346
0.8072858731940719
0.8071996139190122
0.8038226604584588
0.8002839976417758
0.796762944941021
0.7966870687527369
0.7933815603251894
0.789924326785128
0.7864664979368206
0.7864002647418954
0.7831631249494295
0.7797835908021876
0.7763866421853496
0.7763293603267619
0.7731576931465994
0.7698523443084432
0.7665140726828512
0.7664650949709253
0.763356173330567
0.7601217162407818
0.7568400320850093
0.756798754704556
0.7537500124443068
0.7505833385028783
0.7473562754275361
0.7473221331762631
0.7443311464853392
0.7412293533245036
0.7380550436589256
0.7380275079982171
0.735092008692059
0.7320523592963563
0.7289290409060096
0.7289076221039739
0.7260254658923606
0.7230453469334388
0.7199713870807481
0.719955625811993
0.7171247868662626
0.7142018184216344
0.7111756280228572
0.7111650878594128
0.7083836814028351
0.7055155605585285
0.7025356643230716
0.7025299542807887
0.6997961524724803
0.696980796821278
0.6940457150755218
0.694044462596615
0.6913566109822892
0.6885918361457971
0.6870286690262715
0.6868167551628863
0.6854471917471415
0.6837413283377076