0.23517046078157341
0.2351816194326144
0.23518719975167723
0.23520394111697496
0.235226266757069
0.23522908156796637
0.23523163803064623
0.23523220164287326
0.2352346438703806
0.2352358161974931
0.23523639526420048
0.23523813593993367
0.23524045223174314
0.2352417693396383
0.2352424278714458
0.2352444034734318
0.235247046183842
0.23524835488381785
0.2352490142954956
0.23525099647790668
0.235253617812195
0.23525501732058174
0.23525571336847212
0.23525778905361716
0.23526059062514365
0.2352620096173358
0.23526272878781884
0.23526488630701725
0.23526776306026176
0.23527212611945847
0.23527430780020345
0.2352808790046266
0.23528952390886734
0.23529093341941104
0.23529407110123907
0.23529563039988902
0.23530025245822936
0.23530660621759025
0.2353080110407344
0.23530975308901977
0.23531063659345988
0.23531328711823496
0.23531680983699232
0.23531887769851298
0.2353199081578149
0.23532299955112584
0.2353271481635989
0.2353291504347458
0.23533015978643337
0.2353331878562319
0.23533719937780612
0.2353392764348816
0.23534030931207406
0.23534340179209334
0.23534753348603596
0.23534997663009136
0.23535119831405474
0.23535484879914625
0.23535976608855635
0.23536226118655415
0.23536352214926753
0.23536730506015577
0.2353723491295658
0.23537499476497387
0.23537632126173613
0.2353803007771003
0.23538562412504793
0.2353886371774774
0.23539014227299382
0.23539467563066815
0.235400696216861
0.23540401900419203
0.23540567160623507
0.23541060974081723
0.23541726152844702
0.23542044467692913
0.2354220496403346
0.23542686456703757
0.23543324343605426
0.23543627178894344
0.23543777333262725
0.23544227799594838
0.23544828448087346
0.23545202118822328
0.23545389383134419
0.2354595229511147
0.2354669436483955
0.23547067078381403
0.23547252719743325
0.23547806347733075
0.23548548980384784
0.23548981718847425
0.2354919919767756
0.23549851640812705
0.23550718824830502
0.23551173410141693
0.2355139935447288
0.23552081236333913
0.23552973650017212
0.23553065748703503
0.23553257054908386
0.23553832118964402
0.23554597387425583
0.23555101659720198
0.23555353254747452
0.23556105057643045
0.23557117747115713
0.23557707900536243
0.23558004722191248
0.23558904035829104
0.23560069092264752
0.235601532945941
0.23560896374579351
0.2356188722078582
0.2356350505713379
0.23564314182522408
0.2356675124813134
0.23569947943566733
0.23570913080586559
0.23571494842609614
0.23571781523219862
0.2357263818062039
0.23573795748579462
0.23574364019416127
0.23574653469307305
0.2357552012100549
0.23576670659900809
0.23577256285135878
0.23577546872548738
0.23578415208711603
0.23579592252869785
0.2357983207327663
0.2358010870217484
0.2358094023270989
0.23582033010133957
0.2358258720514298
0.23582859181968194
0.23583675122738865
0.2358476313197783
0.23586783282529025
0.2358779592031167
0.23590804125142284
0.2359494446989282
0.23595457739440054
0.2359593433187487
0.235973754114779
0.2359925816610477
0.23600155007160592
0.2360059152506559
0.23601898530590965
0.2360366668666844
0.23604449853117562
0.2360485011671507
0.236060415376485
0.2360765768017149
0.2360849033279489
0.23608916762098464
0.236101860779201
0.23611918667330864
0.23612718830321877
0.23613130074125865
0.23614371086458846
0.23616006215102953
0.23616875945860394
0.23617305247217446
0.23618598216548978
0.23620305190877094
0.2362130709567206
0.23621803024402505
0.23623299580019982
0.23625258922435732
0.23626265977186717
0.23626756784138916
0.2362824077847428
0.2363019853323402
0.236313132663726
0.23631867818723062
0.23633528279558208
0.2363573993606474
0.23636935359331102
0.2363752923780179
0.23639331797401184
0.2364167128943992
0.23642934539500432
0.23643552172764992
0.2364539793826522
0.23647853515425737
0.23649029774240135
0.2364961163182255
0.23651370850923487
0.23653684562153937
0.23655743515360453
0.23656760927458717
0.23659848954663254
0.23663870523618996
0.23665929382183978
0.23666935806462194
0.23669931841339958
0.23674045425101894
0.23675927863588106
0.23679055239053082
0.23680458283131464
0.236811827449121
0.23683377217164137
0.236862407869298
0.23687936435778378
0.2368876622158406
0.2369126047090159
0.23694580528888182
0.23696157698440173
0.23696949290711924
0.23699301389265776
0.2370251635698151
0.2370402520344797
0.23704798411436442
0.2370712704683654
0.23710230288490414
0.2371198380875376
0.23712860455622634
0.2371550058055049
0.23718987250422272
0.23721015704189416
0.2372201790136017
0.23725047711945904
0.23729046270417978
0.23731103369319437
0.2373212977896473
0.23735197432775176
0.2373927927671438
0.23741281594904168
0.23742274693706408
0.23745271165908075
0.23749208977509478
0.2375157571567104
0.23752746406537667
0.23756225370402229
0.2376099421065646
0.23763104593025006
0.23764198998277444
0.23767463764382057
0.2377186885936701
0.23774663628317413
0.2377606707887272
0.2378029366140748
0.23785910068848004
0.23789786298278875
0.23791715555095727
0.23797514752336682
0.23805213241523443
0.2380915090518231
0.2381111094874719
0.23816991598184928
0.2382478941162829
0.23826057855744026
0.238277307716747
0.23832787427372273
0.23839364300159624
0.23840257721366873
0.23841757599877164
0.2384625753934106
0.2385226011429811
0.23855349086556116
0.23856896335673575
0.2386155563762844
0.23867674823721277
0.2387080962320006
0.2387235583235661
0.23877003349026882
0.23883137295141227
0.2388661387781717
0.23888337424618203
0.23893517981735032
0.23900335498746197
0.2390367996744846
0.23905327556496017
0.23910234473712288
0.23916885799147214
0.23920383390351121
0.23922168343789701
0.23927513835750125
0.23934658009642476
0.23938317081969293
0.2394015152602096
0.23945625232270645
0.23952987674898354
0.2395772222936919
0.23960098216596862
0.23967239916618935
0.23976723461192143
0.23982492876792588
0.2398536828490595
0.23993964429674192
0.24005609471558004
0.24006988698348056
0.24009703750181444
0.240178352622273
0.24028673906358386
0.24034502273197847
0.24037409518305752
0.24046163547402766
0.24057671812698386
0.24060009812931057
0.24063018480999157
0.24071965647438323
0.24084180321090007
0.240895892199706
0.24092374901239072
0.24100777235362447
0.24111775801678514
0.24117441106136112
0.24120236034225942
0.2412851919739702
0.24139863219197052
0.24145791929576368
0.24148836062440074
0.24157921959261872
0.24170177145581226
0.24177511032356014
0.24181211916608578
0.2419233570418012
0.24207157546740932
0.24217723086733142
0.2422301979704554
0.24238777218457067
0.2426034639626993
0.24263794591368232
0.24280618198404555
0.24288486804087828
0.2430073311644712
0.2430825296292586
0.24311991083305728
0.2432328333402183
0.24338216259420337
0.24348104615495886
0.2435301510193745
0.24367774500080536
0.2438750170999794
0.24398654651359056
0.24404223948325954
0.24421047044944952
0.24443309584842124
0.2445567397153744
0.244618255039532
0.24480270021021033
0.24504956573218595
0.24519070488954112
0.24526130627528026
0.245473865047316
0.24575841035607726
0.24576544618324442
0.245822109665652
0.2459914631226614
0.24622025662220282
0.24633675086642612
0.24639590701656836
0.2465727206229705
0.24681008657634462
0.24697854403178632
0.24706307332094382
0.24731834090761465
0.247653641123519
0.24768449638166462
0.24779471680838835
0.2481265581273305
0.2485690683112203
0.24878793310792685
0.24889733768879452
0.24922719410056063
0.2496643126717528
0.24974943357664692
0.25004966418131064
0.2501837177249171
0.25025251898137857
0.2504579261627731
0.2507362813258084
0.2508729073352299
0.25094250362230974
0.2511510534955002
0.2514306907806866
0.251612685226388
0.2517043125654378
0.25197832450570967
0.25234796239237656
0.25253098820364805
0.2526239607154546
0.2529024035290057
0.25327455836170193
0.2534680984938522
0.2535650095709524
0.25385566370260454
0.2542449354290885
0.2544995790185456
0.25462769813194874
0.25501252568879884
0.2555260033808417
0.2558569281522101
0.2560225767928948
0.25652118737155766
0.2571865916628829
0.2576280603439687
0.2578499456115539
0.25851707574925015
0.25940453722675144
0.2597321159673483
0.2603749856403484
0.26051187953725846
0.26072013919114423
0.26134283294008925
0.2621875605281973
0.2624339630843114
0.2630453157794895
0.26337602144516614
0.2635427579238432
0.26404331949727133
0.2647136597606406
0.2651503812223765
0.26537011635054336
0.2660314008048344
0.2669107789175336
0.266950520040421
0.2674553019707328
0.26812903535905996
0.2685525527505888
0.2687649411071911
0.26940267204585533
0.2702576195198971
0.2707861990777436
0.2710523497424951
0.27185249729551936
0.272922085344365
0.27342568140748147
0.2736775196576832
0.27443492514188056
0.27544819626546013
0.27609225306997354
0.27641654832429446
0.27739118861240725
0.2786991908998215
0.2795703995950277
0.28001033535813247
0.2813322531510612
0.28311359792663215
0.28335431954869694
0.28445301442593135
0.2859376839288941
0.28681475903679415
0.2880251998496609
0.28865623898442855
0.2889748483623896
0.28993282191059594
0.29121656833403203
0.2919515564317802
0.29232142435051817
0.29343287838652743
0.29492819785884145
0.2957121108096048
0.2961079100579324
0.29729738824510316
0.29889750623573746
0.2998049614394409
0.3002633124442181
0.30164064106620314
0.3034983484448383
0.3036673083450258
0.3040578989390366
0.30523128197017896
0.3068108235684471
0.3076467530558169
0.3080689896986231
0.3093392929883799
0.3110439713807974
0.3119973135505958
0.3124778328176468
0.3139222777649233
0.3158658166881356
0.31725759755229543
0.3179634953069617
0.32008588520952297
0.3229594338134146
0.3235742323550565
0.32553045607259723
0.3269922993899041
0.3277339661013454
0.32996463129669684
0.3329857655537407
0.3342862395201826
0.33673550787717743
0.3378616746721389
0.3384314799930352
0.3401444316405357
0.3424551906464699
0.3436326283522886
0.3442285049451122
0.3460196241886852
0.348437009187901
0.3496454089165301
0.3502570394385714
0.35209560882027496
0.35457759156906155
0.3558186438071989
0.356446993069523
0.35833608516807314
0.3608858962510333
0.36220701980353875
0.36287601193286567
0.3648880592499133
0.3676034956255454
0.3691111473038939
0.3698752160646212
0.37217391645618064
0.3752816301729567
0.3767885593600291
0.3775522389970215
0.3798496129129355
0.38295595982938535
0.38447318390524826
0.3852423142623862
0.3875562330280117
0.3906840612107605
0.39231945773804916
0.39314910405955605
0.39564503125105643
0.3990242463784335
0.40063619629595537
0.4014542758414272
0.4039153989600779
0.4072457109302728
0.4089769473508291
0.4098561758374518
0.4125020057844469
0.41608522722699176
0.41792814830132646
0.41886479362469253
0.42168374922959306
0.4255054277133137
0.42741182801794736
0.42838131857796613
0.43129931518457926
0.4352569096797712
0.4372653692167495
0.43828748981341864
0.4413641968919397
0.44554051282822493
0.44761771958658686
0.44867533409419685
0.45185909320170714
0.4561818125367176
0.45837990963846803
0.4594997132326599
0.46287123620316
0.4674517313828005
0.4697621341270301
0.4709396784571682
0.47448529611667284
0.4793045775970621
0.48172892070729895
0.48296494420901015
0.4866870968875146
0.49174743278783734
0.4943252852835137
0.49564001666697105
0.49959975978847554
0.5049856743672807
0.5077077023392157
0.509096228491772
0.5132785504640713
0.5189694734676455
0.5217987764708293
0.5232419281806517
0.5275890353804135
0.5335036210475383
0.5364798909180183
0.5379980014737387
0.5425715048818901
0.5487943261344842
0.5519549881167682
0.5535672506978287
0.5584252015084812
0.5650366223172127
0.568379879621441
0.5700852651782575
0.5752243037988124
0.5822197781007133
0.58573570249848
0.5875290173432438
0.59293367436872
0.6002907242454812
0.6040057937318802
0.6059005347308302
0.6116116034478346
0.6193869512214342
0.6232812014122334
0.6252669715439265
0.6312530659043156
0.6394020266046094
0.6435223874863096
0.6456232913102123
0.6519572886617001
0.6605811654948348
0.6649126834842994
0.6671208801393539
0.6737790613297427
0.6828442039333024
0.6874031695988535
0.6897269245169417
0.6967343137876667
0.7062748624403795
0.7110746463430389
0.7135206826127134
0.7208977495082376
0.7309411160515068
0.7360129816237306
0.7385972067268572
0.7463920139274163
0.7570048488069572
0.7623260096012273
0.7650365101987118
0.7732129812135227
0.7843438219480989
0.7899560172809081
0.7928140458231563
0.8014366036321915
0.8131743052619338
0.8190722907779956
0.8220748897689782
0.831134522942397
0.8434654989777065
0.8496698169126542
0.852827262727018
0.8623552436772473
0.8753215845565159
0.8818555687481932
0.8851795421305905
0.8952112020353762
0.9088610614273771
0.9157297311176092
0.9192225041879758
0.9297646971804221
0.9441064489295062
0.9513194406359258
0.9549856258604335
0.9660524031094592
0.9811040906295746
0.9886835009816082
0.9925340500440061
1.0041586098528523
1.0199651699873442
1.0279156547626098
1.0319525969728867
1.044141095393748
1.0607096391176054
1.0690490688981207
1.0732811651075005
1.0860601929455076
1.103426199650844
1.1121685075727372
1.1166024627103388
1.1299924400198997
1.1481826224013147
1.1573450257125928
1.1619891887677531
1.1760154572295443
1.195063460446374
1.204656020505555
1.20951506799109
1.2241918481943714
1.244115747108231
1.2541514310065713
1.2592314686528439
1.2745773568551286
1.295401114571107
1.3058945584515125
1.3112024846662051
1.327238493694866
1.3489892894902624
1.3599535305766701
1.365495364298693
1.3822398482852276
1.4049410362072465
1.416387565551973
1.4221684706994826
1.4396371970899375
1.463308397244567
1.4752474914083178
1.481271936167137
1.4994785950368605
1.5241363439797122
1.5365776132439242
1.5428496353959325
1.561806642344777
1.5874655713381203
1.6003888293145814
1.6068972824131666
1.6265708554838714
1.65318189321779
1.6666392916621446
1.6734095906636859
1.6938773300341385
1.7215442219333728
1.7355406704891125
1.742574174247787
1.7638404962054544
1.7925661476433732
1.807062103282009
1.8143376572409264
1.836338459710483
1.8660320125915146
1.8810525683969919
1.8885815465564233
1.9113519073915592
1.9420581278896292
1.9575930539263562
1.965368966513512
1.9888896265701346
2.020578890543216
2.0366181983342146
2.0446346058982825
2.0688865593890666
2.1015296109140396
2.1180551455510916
2.126301482869487
2.151253251423493
2.1848039463250153
2.2018022162458646
2.2102701961749918
2.23589737046936
2.270319248325915
2.287767913680358
2.2964448084457065
2.3227095615695488
2.3579480769927255
2.3758280806907055
2.384702731971558
2.4115721671692016
2.4475795476868245
2.4658606558845717
2.4749163467008115
2.502340743806185
2.5390466357306245
2.5576945029258904
2.5669124580710023
2.594835955225658
2.632161916877485
2.6511422490512735
2.6605036656212064
2.68887046968195
2.726738274681036
2.7460124445834935
2.755496329923767
2.784244113321112
2.8225668233841636
2.842092961932365
2.8516766365829356
2.8807380765439774
2.919422027504643
2.939156274474931
2.948815926925804
2.9781204104440717
3.0170673370964574
3.0369655080092985
3.046676905294053
3.07615272626425
3.1152624280105603
3.1352823104782495
3.145021741645196
3.1745990384787026
3.2137728664493026
3.2338792825265705
3.2436256957712466
3.273243107608477
3.312392092046057
3.3325682003976165
3.3423080281173387
3.371927737487406
3.4109911967871955
3.431264249236149
3.441002385440411
3.4706444095574542
3.5096324862302586
3.5301480172991857
3.5399394270307676
3.56978046067536
3.608897092179549
3.6302173205901793
3.640293376491107
3.6710625115978273
3.7111976285949435
3.736596913446037
3.7483083534110864
3.7842588673352964
3.8306507805633765
3.8306457730273786
3.857817656336041
3.8929055385907865
3.8946676331163714
3.9153474964819295
3.942097813942747
3.9451423098376717
3.9506821597977373
3.96755776049905
3.9893839757130953
3.993442003531559
3.998049230745189
4.012067133870512
4.03018834504416
4.038316379438973
4.042144963798257
4.053781896837406
4.068807809976738
4.075575382022313
4.078762094170853
4.088438481176821
4.100914609991412
4.106509477568085
4.109142610227099
4.117129573906747
4.127409125381083
4.131975203808331
4.13412241886845
4.140627848577549
4.14898216573883
4.150476951235636
4.1522230712104236
4.157506919778404
4.164279469088955
4.164965554469633
4.166350506435464
4.170536112667731
4.1758936963136355
4.178415974077569
4.179591348396391
4.183140973404093
4.187648044218438
4.190015136154221
4.19109115288283
4.194338614235779
4.19837730513821
4.200396410513719
4.201278136992252
4.203933965260438
4.207112169587756
4.208628245507367
4.209232973928097
4.211045944032108
4.213010741236023
4.213848050632325
4.214077593382727
4.214752145791094
4.215079100524764
4.214981265427207
4.214689290446154
4.213787956146857
4.211843055275171
4.210359926318616
4.209291706900575
4.206053461365632
4.200738028091262
4.19705933429313
4.194775450273616
4.187884598898281
4.17733972026262
4.170877605442882
4.167182393184487
4.15604777048011
4.139728634868903
4.1299099786145
4.124550965449953
4.108378739779419
4.085327642746195
4.07114562782062
4.063668824915243
4.041029800165126
4.009405172605738
3.9893384687833366
3.979101686393519
3.9479264384142487
3.905138926819914
3.8763385992105617
3.8622171826466656
3.818749214931136
3.7602131919674884
3.717981193903379
3.698531553510011
3.6372745883392974
3.5570450405733123
3.5119354467207122
3.4924380044730476
3.4294559107413685
3.3491847114959
3.3084648688173894
3.29163908096911
3.23626808217353
3.1666097157490105
3.1246279993979367
3.1084291657215246
3.052924577181021
2.9846181530533
2.9421774777456315
2.9272879111124457
2.8731578612753523
2.808278711807507
2.7716269190179186
2.75963290007332
2.7142467672570545
2.6601491059189337
2.6287114497672293
2.618965808398528
2.5805321247408246
2.5348655783222935
2.507525626201851
2.4994895628951124
2.466419797461054
2.4272128714578716
2.4030695328045844
2.3963339554968655
2.3674076627504506
2.3331710856307475
2.311529546221488
2.3057874854819222
2.2800809624223244
2.2496997602453406
2.230033053323049
2.225056467749408
2.201878227266392
2.1745244667624757
2.156437816331046
2.152058837027067
2.1308960594612354
2.1059594222398226
2.0891596767793796
2.0852555218450246
2.065730239461046
2.0427625860748084
2.0270328842682446
2.02351390521755
2.005347820699013
1.984019591860714
1.9691990587737813
1.9659995226353786
1.9489865912984707
1.9290534941446504
1.915021584346267
1.9120927927573135
1.896078593171134
1.8773569630416544
1.8640218375625897
1.8613271410234795
1.8461938507537554
1.8285429367916455
1.8158331019463512
1.8133443663508089
1.7990000884871342
1.7823095680537655
1.7701679905743977
1.7678631260864832
1.7542344235186462
1.7384156989019492
1.7267957137617564
1.7246569565331993
1.7116836672758993
1.6966638223807153
1.6855262989462765
1.6835390167946376
1.6711706568773794
1.656888256477145
1.646199633251686
1.6443514931668193
1.6325447533660034
1.6189469113493868
1.6086778264306676
1.6069582116065382
1.5956752060221517
1.5827155275955886
1.572839857722518
1.571239457007184
1.5604464894069585
1.548083616920945
1.538577797856711
1.5370883147332126
1.5267550029482746
1.514951580387463
1.5057941221659639
1.5044080668569288
1.494506716071914
1.483228645199401
1.4743997835029774
1.4731103230216107
1.463615473195164
1.452831373937593
1.4443128178215836
1.4431136664288884
1.434001762706938
1.4236825774469446
1.4154619001731628
1.414346871582295
1.4056007706264937
1.3957230080846132
1.3877771625455975
1.3867414794074766
1.378331758630123
1.3688633964784083
1.3611792487475782
1.3602175444779845
1.3521296816816912
1.34305058274197
1.3356155589681535
1.3347230957299427
1.3269391465212605
1.3182271257074005
1.3110280874086333
1.3102004291158815
1.3027034903440398
1.2943376750346562
1.2873622505869475
1.2865952354059795
1.279369418610378
1.2713301910723869
1.2645667390279973
1.2638564595480604
1.2568868222685925
1.249155735501762
1.2425932977306264
1.2419360839334703
1.235208568955795
1.227768272163735
1.2213965319220434
1.22078893616925
1.21429031728976
1.2071244890510466
1.2009337328826568
1.200372516485065
1.1940903490824009
1.1871836366848665
1.18116471919358
1.1806468401426198
1.1745694158305378
1.167907379297243
1.162051690570275
1.1615742922393872
1.155690596726067
1.1492596567644582
1.1435590919233933
1.1431194925401238
1.1374191663096926
1.1312065552629775
1.125653485902929
1.1252491686848012
1.1197224696242816
1.11371618596598
1.1083034329426469
1.1079320367660836
1.1025698055295416
1.0967585704837801
1.0914793782896128
1.0911386889206973
1.0859323158013963
1.0803055312373142
1.0751535443948002
1.0748414862063629
1.0697828788375712
1.064330590856915
1.059299829359541
1.0590144571467233
1.0540960127913994
1.048808869969962
1.0438937109427264
1.0436332028127182
1.0388477776852456
1.0337170021348199
1.0289121542973538
1.0286748041863003
1.024015687599534
1.0190330378759485
1.0143335248501384
1.0141177358901858
1.0095786258886308
1.0047363645724046
1.000137507309058
0.9999417854560199
0.995516762468006
0.990807629686754
0.986305025384558
0.9861279731800376
0.9818114788848826
0.9772286614547427
0.9728181696491903
0.9726584804031999
0.96844529444998
0.9639824027204061
0.959660126822215
0.9595165789258873
0.9554018037583474
0.9510528322740609
0.9468151150723738
0.9466865671457411
0.9426655997181621
0.9384249263916056
0.9342683160071854
0.9341537022373261
0.930222221792372
0.9260845627485746
0.922005818189527
0.9219041433645302
0.9180580909014141
0.9140184978815791
0.9100145656357769
0.9099248993329544
0.9061604693118498
0.9022142924364493
0.8982823007495704
0.8982037763306139
0.8945173856649618
0.8906602694203251
0.8867975108482057
0.8867293181116824
0.8831176098949841
0.8793454635860823
0.8755493890524803
0.8754907743475797
0.8719505851993667
0.8682595879442347
0.864527778375738
0.8644780359996133
0.861006419909313
0.8573928820239979
0.8537231511963369
0.853681623646439
0.850275775733146
0.8467363861580117
0.8431265372614679
0.8430926195887954
0.8397498999446792
0.8362815452357428
0.832729533459577
0.8327026490880359
0.8294206071551277
0.8260203341565576
0.8225242520446177
0.8225038718774768
0.8192802221798853
0.815945066466011
0.8131724698959129
0.8130087577434982
0.810463420262336
0.8075792839747772