0.9991708175703934
0.9991461962413615
0.9991338850006451
0.9990969511820545
0.9990477041499838
0.9990461250073762
0.9990365306443669
0.9990355488027366
0.9990290247157182
0.9990288107979729
0.9990275078011234
0.9990235988082535
0.9990183867978164
0.9990154416733888
0.9990139691024849
0.9990095513870517
0.9990036610741111
0.9990008926604392
0.9989995084458236
0.9989953557994301
0.9989898189152009
0.9989865240888497
0.9989848766650067
0.998979934390164
0.9989733446583346
0.9989699862873047
0.9989683070906425
0.9989632694973213
0.998956552672603
0.998953431003343
0.9989518701589152
0.9989471876226357
0.9989409442119462
0.9989378468734817
0.998936298194607
0.9989316521550482
0.9989254574070694
0.9989215732737668
0.9989196311922596
0.9989138049435953
0.9989060365669982
0.9989020978663212
0.9989001285007816
0.9988942203998988
0.9988863428852676
0.99888544522276
0.9988838549032176
0.9988790839415511
0.9988727226290769
0.9988685287547581
0.9988664318003441
0.9988601409324604
0.998851753055123
0.9988479021910492
0.9988459767441251
0.9988402003992863
0.9988324985614127
0.9988283406391404
0.9988262616609153
0.99882002472159
0.9988117087504518
0.9988075732958771
0.9988055055517525
0.9987993023147741
0.9987910312807426
0.9987858691925087
0.9987832881225429
0.9987755449061096
0.9987652205369453
0.9987597794008104
0.9987570588040748
0.9987488970068662
0.9987380145199976
0.9987326943183588
0.9987300341897918
0.9987220537971855
0.9987114131873813
0.9987054864247024
0.9987025230092048
0.9986936327544849
0.9986817789748824
0.9986763127741961
0.998673579644919
0.9986653802498746
0.9986544476322161
0.9986488465009319
0.9986460459047883
0.9986376441089281
0.9986264416189452
0.9986204985001791
0.9986175269065802
0.9986086121175348
0.9985967256245718
0.9985895977196325
0.9985860337182804
0.9985753417031547
0.9985610855265656
0.9985531097360963
0.9985491217794221
0.998537157896354
0.9985212058540871
0.998518350189512
0.9985145732797924
0.9985032425385194
0.998488134708206
0.9984806684096098
0.9984769352066535
0.998465735585807
0.9984508025856283
0.9984431699192436
0.9984393535294888
0.998427904347693
0.9984126385936086
0.9984050244200385
0.9984012172776396
0.9983897958381697
0.9983745670719998
0.9983659567351092
0.9983616514947143
0.9983487357582623
0.9983315145482249
0.9983210890492549
0.9983158761959676
0.9983002376150476
0.9982793858342524
0.9982676411636584
0.9982617686953347
0.9982441512642052
0.9982206609273885
0.9982163650540452
0.9982108659857212
0.9981943687578153
0.9981723720749749
0.9981602626111784
0.9981542077376314
0.998136043090026
0.9981118230988812
0.9981084182849053
0.9981024372833883
0.9980844942515088
0.9980605697677115
0.9980497261497194
0.9980443042293365
0.9980280384455767
0.9980063503674488
0.9979876600803027
0.997978314603636
0.9979502781140601
0.9979128950311643
0.9978902284074599
0.9978788946058428
0.9978448931166063
0.9977995561689518
0.9977738317553365
0.9977609689130889
0.997722380279382
0.9976709266678337
0.9976667586795628
0.9976558235556829
0.9976230181018527
0.9975792760009062
0.9975722222470462
0.9975467685123783
0.9975128293041314
0.9974973440686644
0.9974896012236859
0.9974663726459461
0.9974354004571685
0.9974203542699136
0.9974128309590252
0.9973902609864318
0.9973601669820272
0.9973452965189417
0.997337861076179
0.9973155547087977
0.9972858121883788
0.9972700464024014
0.997262163269997
0.9972385138272457
0.9972069804642704
0.9971824179151427
0.9971701360686481
0.997133290427695
0.9970841610144835
0.9970615964117076
0.9970503136267396
0.9970164651868052
0.9969713323281205
0.9969469021062127
0.9969346864249705
0.9968980392845112
0.9968491745302713
0.9968228037346704
0.9968096176662175
0.9967700593457001
0.9967173127269342
0.996704228051321
0.9966908169732692
0.9966505836201388
0.9965969368756736
0.9965648333622363
0.996548780621672
0.996500622230954
0.9964364078243791
0.9964069119008025
0.9963921631219887
0.9963479166414348
0.9962889186195363
0.9962558433797719
0.9962393047303428
0.9961896886062808
0.9961235303161808
0.9961106009346196
0.9960936308292075
0.9960427203263013
0.9959748360311498
0.9959358192445845
0.9959163094085882
0.9958577796541509
0.9957797351820503
0.9957400792918801
0.9957202498550962
0.9956607612900582
0.9955814382470384
0.9955649917825667
0.9955132384219871
0.9954442302087382
0.995434612448007
0.9954199093793753
0.995375800033348
0.9953169848468699
0.9952843288622892
0.9952679998588023
0.9952190126703193
0.9951536930891666
0.995119010460801
0.9951016680166399
0.9950496404880853
0.9949802666349465
0.9949475080382411
0.9949311277110124
0.9948819865532091
0.994816461617641
0.9947805975633063
0.994762664310246
0.9947088643435522
0.9946371270262002
0.9945821607024146
0.9945546746932306
0.9944722161880793
0.9943622619958434
0.9943404280874268
0.9943129903327118
0.9942306765868876
0.9941209153793874
0.9940625506976315
0.994033365116862
0.9939458078411367
0.9938290539978978
0.9937684655485015
0.9937381678318467
0.9936472741011538
0.993526070830849
0.9934512482337647
0.9934138316293764
0.9933015809291541
0.9931518958078636
0.9930788669534473
0.9930423475531259
0.9929327885202653
0.9927866928346966
0.9927213274860419
0.992603185580453
0.9923885537449787
0.9922811944419166
0.9919591093445026
0.9915295178634592
0.9914699584729855
0.9914052585468471
0.9913729046506655
0.9912758422766197
0.9911464125871664
0.9910812635190906
0.9910486849853574
0.9909509487136773
0.990820620152567
0.9907227174482434
0.9906737570282169
0.9905268742619762
0.9903310002019884
0.9902236624638344
0.9901699827250748
0.9900089416619958
0.9897941840409892
0.9897574605205771
0.9897078750058891
0.9895591169347474
0.9893607416006955
0.9892414062068993
0.9891817250704952
0.9890026793896006
0.9887639067771294
0.9886351026234607
0.9885706849489398
0.988377429321251
0.9881197022637959
0.9878728012033708
0.9877492934385157
0.9873787604932338
0.9868845246250788
0.9866701744163847
0.9862712168550176
0.9861723374659449
0.9858805356591278
0.9858266223197925
0.9857606743533507
0.9855628276349825
0.9852989770966388
0.985166183946762
0.9850997708561664
0.9849005286339136
0.9846348172191639
0.9845013842108664
0.9844346512394976
0.9842344493566904
0.9839674575211348
0.9837956117718439
0.9837096614161949
0.9834518055132192
0.9831079051650741
0.9829528296783325
0.9828752697457431
0.9826425859375331
0.9823322655733222
0.9821461591157096
0.9820530738490958
0.9817738122127345
0.9814013553737346
0.9813988412507528
0.9813051842966295
0.9810242075387317
0.9806494621856064
0.9804674803619715
0.9803764589377331
0.9801033890501778
0.9797391921049804
0.9795550056380847
0.979462881068082
0.979186501564353
0.97881788933179
0.97857772570683
0.978457590764352
0.9780971759870488
0.9776164428565927
0.9772736693744138
0.9771021747865063
0.9765876710023047
0.9759012984275707
0.9755900557716701
0.9754343457370053
0.9749671986673224
0.9743440341048181
0.9740629136783844
0.973922281462743
0.9735003708213138
0.972937577026081
0.9725751869679352
0.9723938722637236
0.9718499048957328
0.9711242045381749
0.9706701159725404
0.9704428839188466
0.9697611504557341
0.968851529080392
0.9683597795613166
0.9681136853066222
0.9673753580374744
0.9663901693160688
0.9659172518352981
0.965680591086355
0.9649705672008784
0.964023174630849
0.9634852479363165
0.9632160249180272
0.9624083010447233
0.9613304357432897
0.9612058891526947
0.9609838652284383
0.9603177550632447
0.9594290003350397
0.9589622247558802
0.9587286431607869
0.9580278550243668
0.9570927992579213
0.9566395101111712
0.95641268335635
0.9557321611895861
0.9548241688882662
0.9541529029455433
0.9538168739486269
0.952808694737977
0.9514630720150846
0.9507790362999099
0.9498230311928227
0.9493139965956929
0.9490592525547952
0.9482949650436918
0.9472751236955823
0.9467568156806906
0.946497428386271
0.945719208277106
0.9446807609333581
0.9440544323849046
0.9437409289591135
0.9428003308321004
0.9415450098305141
0.9408198536602208
0.9404568255518104
0.9393676217450573
0.9379137516260931
0.9370382141214542
0.9365997920447473
0.9352843457898555
0.9335281017630945
0.9325369733311596
0.9310761104254407
0.9302512732305073
0.9298382820914329
0.9285991408574036
0.9269449029787564
0.926052580230507
0.9256057557054023
0.924265079116967
0.9224751189303853
0.9215387688128688
0.9210698703536139
0.9196629432217951
0.9177844196025914
0.9168093420733596
0.9163210280433867
0.914855825486618
0.9128993817133728
0.9119229335672611
0.9114339371553722
0.9099666763079415
0.9080074899937397
0.9069671152758202
0.9064460607420608
0.9048825778523113
0.9027947139444114
0.9019982410892825
0.9012594182472317
0.899042288657255
0.8960796382391091
0.8949329606116248
0.8926991427948967
0.8913961426042578
0.8907433222959065
0.8887842980848446
0.8861672322863714
0.8846952733681291
0.883957627170135
0.8817439348690796
0.8787858973512972
0.8782133008990023
0.8775411533570578
0.8755240512861512
0.8728292290957472
0.8712913265611604
0.8705205890354987
0.8682074659148641
0.8651162277554107
0.8643845366566891
0.8621693258646164
0.8592091943564035
0.8573760473478204
0.8564569685407241
0.8536983018257022
0.8500098496653554
0.849781630267542
0.8466960173740221
0.8425689040593991
0.8418260815227464
0.8388893239367465
0.8375204707166547
0.8368346429953081
0.834776236699626
0.8320258274200238
0.8305342114904286
0.8297867371614387
0.8275431644654108
0.8245446302611944
0.8230770222649829
0.8223415849831891
0.8201341023767204
0.8171837679439405
0.81561524193405
0.8148290899537327
0.8124692284723604
0.8093145096805588
0.8077951147444373
0.8070336064535503
0.8047476944925692
0.8016918638393046
0.8002047125955671
0.7994593628830343
0.7972219203001772
0.7942308168935905
0.7927139238435409
0.791953584049852
0.7896710472873264
0.7866192232731405
0.7848574892293679
0.7839739912702547
0.7813213507167485
0.7777726176459681
0.7772085648000969
0.7764285349689887
0.7740867006251505
0.7709546810429908
0.7693604146815667
0.7685609595360341
0.7661606828715335
0.762949842671967
0.761392437199648
0.7606114231261235
0.7582664827729992
0.7551294920447215
0.7535550494086196
0.7527653679246596
0.7503943096173528
0.74722182088523
0.7455559309093497
0.7447201129825403
0.7422103207484863
0.7388509821428271
0.7371973592499433
0.736367582290199
0.7338758670475114
0.7305402845172473
0.7288888949668684
0.7280601132767865
0.7255713149201428
0.7222391271628182
0.7205535233053149
0.719707372358678
0.7171662890652409
0.713763260454462
0.7120330310081247
0.7111642478793189
0.7085550530456025
0.7050598452310315
0.7033467781391489
0.702486515210459
0.6999028724656069
0.6964415637054049
0.6946890093522694
0.6938087124989644
0.6911647744506031
0.6876218383851367
0.6858689345510799
0.6849883567802529
0.6823435232427063
0.6787990117889041
0.6770358955130171
0.6761500871840896
0.6734894829627693
0.6699234538051111
0.6681391103486253
0.6672425384193905
0.6645495321854584
0.660939682296111
0.6591310780841138
0.6582222435532087
0.6554923342919114
0.6518327226623973
0.6500031471823032
0.6490837528046102
0.6463220688928224
0.6426197607802728
0.6407753555101026
0.6398485532945312
0.6370645825208814
0.6333325454034118
0.6314749699576362
0.6305416553124996
0.6277380984237094
0.6239801690400794
0.6221026645708188
0.6211594891986802
0.6183262824445945
0.6145291155400636
0.6126437519050206
0.6116968746077962
0.6088525469035077
0.6050413305099331
0.6031410743972856
0.6021870193445285
0.5993211203124068
0.5954820124912596
0.5935726293349407
0.5926143769735093
0.5897358723295495
0.5858811779489599
0.5839628025737168
0.5830004957109036
0.5801098142386295
0.5762403415716455
0.5743166492872798
0.5733522111752998
0.5704551338676087
0.5665788753260774
0.5646520200850047
0.5636866041291821
0.5607865938242129
0.556908405742628
0.5549811680245494
0.5540162368608563
0.5511176835630148
0.5472436431341388
0.545319664888795
0.544357105215938
0.5414656714293188
0.5376035291414001
0.5356860070590959
0.5347274726095697
0.5318481174666061
0.5280046449373839
0.5260968293562825
0.5251439904653177
0.5222817204751177
0.518463715374298
0.5165693215476448
0.5156240692492393
0.5127845523636256
0.5089996548493221
0.5071220787935964
0.5061861328908622
0.5033745201003963
0.49962963935220545
0.4977723871687015
0.4968475104045535
0.49406908020435625
0.49037125534614917
0.4885377139602447
0.48762559828486723
0.48488541499748405
0.48124136241643145
0.47943475787321477
0.47853700489495143
0.47583986023110514
0.4722559007497437
0.4704792541618436
0.46959735504716577
0.46694770795601165
0.46342969352346847
0.4616858319564264
0.46082117496420216
0.4582231745304682
0.4547765262010423
0.4530680476651171
0.4522219034362905
0.44967934473277954
0.4463090028889134
0.4446382775132543
0.4438118025587584
0.4413281370741442
0.43803858445274424
0.43640776424842237
0.4356020088055055
0.43318036781687846
0.4299756695300147
0.42838671352058666
0.4276026369002748
0.42524587717542855
0.42212974941920456
0.4205844548395223
0.41982294351061394
0.41753370103275367
0.4145095890649552
0.41300963445589306
0.41227152554233754
0.4100522853352046
0.40712346087409257
0.4056704510141735
0.4049565561849089
0.40280972314816144
0.399979381153797
0.39857489513477407
0.39788602548798263
0.39581399808241957
0.3930853553385146
0.3917331313482084
0.3910711456038945
0.3890794770917913
0.3864598697620416
0.3851584882720666
0.3845227817536986
0.3826095871211062
0.3800967294135751
0.3788455482757023
0.37823592563922437
0.376400536046575
0.373993805014841
0.37279826138664235
0.37221743863965695
0.37046796526809134
0.3681780993249057
0.3670417165739816
0.3664914953764247
0.36483328260863584
0.36266743082809666
0.3615913824096887
0.36107247325792835
0.35950754899346843
0.3574686358548915
0.35645499787869467
0.35596856581178865
0.3545003084803754
0.3525930430724213
0.35164507638703324
0.35119286284118195
0.34982637272420153
0.3480576931865161
0.3471779203033996
0.34676136369075194
0.3455007852051432
0.3438764883921253
0.343068698951212
0.34268986139014584
0.3415411921886824
0.34006947982432983
0.33933757942711634
0.338998633172678
0.3379681493111046
0.3366576716369907
0.3360064223008217
0.33570999471490054
0.33480528940849685
0.33366645329508055
0.33310111345141025
0.33285015626014225
0.33207971190335106
0.33112420670563375
0.33065099912304396
0.3304490328894382
0.3298229315909698
0.32906466826802405
0.32869105804917037
0.32854235610265875
0.3280727817342673
0.3275286171282998
0.327263819293596
0.3271737337744414
0.32687586850078854
0.32656688488148494
0.3264227113838019
0.3263982417976303
0.32629181544039926
0.32624556701027946
0.3262381291093714
0.326289077688471
0.32640150993508
0.32665659276395476
0.3268102314417676
0.3269520041383779
0.32732595421316696
0.32794316640913534
0.3283031319972069
0.32856620583228907
0.32928487563144343
0.3303851228733791
0.33110695051087596
0.33161078382378134
0.33299187155938914
0.3350541153648322
0.3352460642909849
0.33581502430461335
0.33740455509143247
0.33968901292411086
0.339924696759263
0.3414579952444757
0.34361012069546804
0.34459485794345557
0.34515593219723517
0.3467585252644639
0.3489780302691573
0.35003037310979424
0.3506196608663937
0.35230900728013126
0.3546297844880582
0.3557372066955952
0.3563497072821716
0.35810991295013794
0.36051379651332277
0.36165920199696355
0.36228659997764046
0.3640930871579334
0.3665487751973519
0.3677113187115194
0.3683428815892856
0.37016456437625966
0.37263154878421006
0.37378270598702856
0.37440322167416235
0.3761965930861833
0.3786174920897276
0.3797074137851488
0.3802896902822239
0.3819775217296751
0.3842495748842799
0.3854364304466562
0.38607226227743474
0.3879112055904752
0.39038339439277164
0.39175883028938296
0.39250102055274233
0.394636818009181
0.3975046058927194
0.39906815758427594
0.39991717763057455
0.40234798996515075
0.4056063942628956
0.407387668816853
0.4083626606878574
0.41113695537372713
0.41484861349626206
0.41682539596022816
0.41791520942547944
0.42099804786867545
0.42511467595528024
0.42736397893257166
0.4286197660454326
0.43214208241801944
0.4368364150664165
0.4397496360332383
0.4414326829509069
0.4460596151948182
0.4521992616936318
0.45345743442720293
0.45741454694592604
0.46266671059524
0.4651357305601055
0.4665277167277591
0.4703875012114426
0.4755008350665367
0.47804309991330834
0.47948573254869087
0.4834656274034741
0.48872237751233544
0.49144725545556905
0.4930130317412652
0.49729182269866684
0.5029180014374441
0.5059275136646684
0.5076913693212224
0.5124413457197071
0.51864428302316
0.5221064766922832
0.5242051713187994
0.5297243083632037
0.5368459292967575
0.5408101721045694
0.5433209632706808
0.54971796002886
0.5578204058254457
0.5617934740076863
0.5643522092860113
0.5707369074612235
0.5787196899936194
0.5823274281533178
0.58465689656058
0.5904093309709674
0.59757066333673
0.6009961315374988
0.6032995684243386
0.6088554258246193
0.615689190933665
0.6190193895915047
0.6213820704813956
0.6268921016627687
0.6335445425831735
0.6368150634498893
0.6393193728726833
0.6448980686945852
0.6514441941362195
0.6546768262345423
0.6574501985298113
0.6632536249513192
0.669751129922283
0.6729447985475908
0.6762247811778554
0.6825236682689104
0.6889947736308569
0.6919444294847498
0.695119668570711
0.7008836986017761
0.7065427822337867
0.709098375883847
0.7120814769367643
0.7172446509656454
0.7221466714317412
0.7243493677883172
0.7271821579350645
0.7318738819377445
0.7361840348219083
0.7381094753243737
0.7408276189515416
0.7451528564451051
0.7490006595062535
0.7507077091584591
0.7533397551100889
0.7573798498208604
0.7608633805264908
0.7623964939011598
0.7649648945237348
0.7687816839587455
0.7719737101672179
0.7733659765062287
0.7758877596148218
0.7795270550836388
0.7824804850588131
0.7837561302495765
0.7862435864734509
0.7897383293150998
0.7924909450718546
0.7936673683505323
0.7961289511337648
0.7995022103808944
0.8020806398260498
0.8031701171044809
0.8056114288379757
0.8088790728915992
0.8113019430745431
0.8123130363677582
0.8147376932760244
0.8179105351895752
0.820190843694429
0.8211295056309628
0.8235397866205616
0.8266251673162668
0.8287720013593193
0.8296423903410247
0.8320396853152702
0.8350425888260649
0.8370623487007687
0.8378674074695946
0.8402525185618985
0.8431763447206231
0.8450736086869642
0.845815468458856
0.848188812551766
0.8510359117792785
0.852814046717478
0.8534943087192028
0.8558560549867639
0.8586280998796575
0.8602896924688621
0.8609096243051049
0.8632597886130917
0.8659580330058386
0.8675051937347605
0.86806586631698
0.8704043764253926
0.8730298359436638
0.8744644123625311
0.8749667949555554
0.8772935354865554
0.8798471125473003
0.8811708372622862
0.8816158627591152
0.8839307057413474
0.8864132746882732
0.8876278661953115
0.8880171158954272
0.8903188772581626
0.8927304030632903
0.893837935896473
0.8941705205799794
0.8964611365820475
0.8988043987446513
0.899806190862203
0.9000850003678011
0.9023633728647223
0.9046385047635922
0.9055368077947966
0.9057623010712286
0.9080283922999274
0.9102365447800929
0.9110334757241262
0.9112067968650308
0.9134606224623872
0.9156030603899457
0.9163008588100895
0.9164232218850811
0.9186648380296338
0.9207429262740603
0.9213439521852687
0.921416629205351
0.9236461312699562
0.9256613283152909
0.9261680520039196
0.9261923669089495
0.9284098873585478
0.9303637365945285
0.9307787255850147
0.9307560472138282
0.9329617528078487
0.9348558722529646
0.9351817765966621
0.9351135109810349
0.9373075996560775
0.9391436708740881
0.9393832076885419
0.9392707901272489
0.9414534876053918
0.9432332442981667
0.9433891820872204
0.9432340692648508
0.94540562561577
0.9471308422562933
0.947205985631717
0.9470096479043627
0.9491703341442238
0.9508428149826492
0.95083998994829
0.9506039040627978
0.9527540088305474
0.9543755774466272
0.9542976175005689
0.9540232598325549
0.9561630862041495
0.9577355756442947
0.9575853090394281
0.9572741491907066
0.9594040117576049
0.9609292555577217
0.9607094934813991
0.9603629886524054
0.962483210710332
0.9639630346458017
0.9636765605020746
0.9632961505360195
0.9654070614212296
0.9668432759094192
0.9664928361553734
0.966079938494895
0.9681818715529441
0.9695762652497525
0.9691645608213397
0.9687205670684905
0.9708138571990079
0.9721681909667951
0.9716978700805854
0.9712241422878193
0.9733091242594781
0.9746251262375989
0.974098778158552
0.973596645831308
0.9756736527852645
0.9769530141263907
0.9763731637821002
0.9758439222389095
0.9779132834888786
0.9791576542691435
0.978526758537088
0.9779716653273088
0.9800337063772336
0.9812446930742782
0.9805651367402723
0.9799854120896276
0.9820404518477752
0.983219614555112
0.982493707926474
0.981890530924456
0.9839388833130086
0.9850877347970415
0.9843177103887839
0.9836922226868946
0.9857341923916217
0.9868541946233504
0.9860422091123275
0.9853955094203087
0.9874313934734275
0.9885239578774843
0.9876720894975638
0.9870052344066231
0.9890353223847972
0.9901018106939079
0.9892120561399758
0.988526065109946
0.9905506359323776
0.9915923559382688
0.9906666371999833
0.9899624807767422
0.9919818090993359
0.9930000223863542
0.9920401759914123
0.9913188010315379
0.9933331410126326
0.9943290502332626
0.9933368471878606
0.99259913964214
0.99460874783866
0.9955835119705138
0.994560637452972
0.9938074553119346
0.9958125761230763
0.9967673038661731
0.9957153713272641
0.994947542170107
0.9969483997690806
0.9978841439365219
0.9968047040488871
0.9960229976597315
0.9980198185948882
0.9989375923171003
0.9978321095249667
0.9970372721667063
0.9990302737340547
0.9999310480659702
0.9988009114492099
0.9987080860819997
0.9999974921873747
1.0005343641054436
0.9999999996987483