20000.
19997.098478896
19995.647876092
19991.296699233
19985.496603496
19984.774934645
19984.108749496
19983.964961173
19983.328198506
19983.027379827
19982.876972175
19982.425756033
19981.824150419
19981.482179951
19981.311196898
19980.798256546
19980.114356627
19979.772745247
19979.601941734
19979.089539982
19978.406358156
19978.046177611
19977.866089761
19977.325835976
19976.605520394
19976.232595941
19976.046136311
19975.486767892
19974.740967773
19973.609914362
19973.044411632
19971.347999588
19969.086341217
19968.733654319
19967.926447694
19967.522856588
19966.312132273
19964.697947542
19964.317845802
19963.860177308
19963.631346979
19962.944871762
19962.029608283
19961.495388224
19961.228283536
19960.426990955
19959.35865099
19958.836530087
19958.575474738
19957.792329217
19956.748183094
19956.213610635
19955.946329756
19955.144508636
19954.07546403
19953.443162127
19953.127018665
19952.178618381
19950.914154917
19950.262344811
19949.936447719
19948.958788433
19947.655317377
19946.968454773
19946.625032315
19945.594800467
19944.221240912
19943.439405638
19943.048499465
19941.875826976
19940.312371075
19939.458036597
19939.030883053
19937.749477389
19936.041064773
19935.211650782
19934.796956695
19933.552926256
19931.894339932
19931.118635242
19930.730794189
19929.567316369
19928.016118414
19927.050229852
19926.567303092
19925.118593101
19923.18714381
19922.233318954
19921.756423614
19920.32580616
19918.418476221
19917.296265923
19916.735184443
19915.052034919
19912.808057039
19911.640108137
19911.056159332
19909.304415754
19906.968997615
19906.75748426
19906.263254663
19904.780639568
19902.803991409
19901.507447715
19900.859207493
19898.91461361
19896.322117597
19894.789953861
19894.023916183
19891.725980231
19888.662478822
19888.492491775
19886.580048507
19884.030410463
19879.868360769
19877.787662473
19871.546874443
19863.228872325
19860.804043495
19859.331888791
19858.595852305
19856.387906629
19853.444361217
19851.962191368
19851.221147883
19848.998183506
19846.034618519
19844.544246183
19843.799101931
19841.563837159
19838.583876088
19837.938701204
19837.230612176
19835.106496842
19832.274697143
19830.879995392
19830.182681246
19828.090886027
19825.302169247
19820.125645203
19817.537889869
19809.776651254
19799.433062144
19797.948840326
19796.727345052
19793.063311577
19788.178988973
19785.94621591
19784.829923771
19781.481425385
19777.017642859
19774.981693338
19773.9637971
19770.910422896
19766.839991102
19764.672824124
19763.589329656
19760.339202781
19756.006532117
19753.90869942
19752.859866531
19749.713702135
19745.51959618
19743.334277514
19742.241708798
19738.964365566
19734.595421326
19732.07025801
19730.807797427
19727.020900479
19721.972835622
19719.470904282
19718.220057544
19714.46799356
19709.466352657
19706.658345378
19705.254491659
19701.043530725
19695.43031647
19692.412859167
19690.904303768
19686.379331144
19680.347652399
19677.231766546
19675.674008504
19671.001474496
19664.773155805
19661.82442809
19660.350229937
19655.928298856
19650.033938395
19644.880402586
19642.304141361
19634.577385022
19624.279772163
19619.210239866
19616.675964653
19609.075103385
19598.945203772
19594.026833686
19586.343627816
19582.697728185
19580.875032741
19575.407964522
19568.120915327
19563.959679028
19561.879392574
19555.639860641
19547.32358129
19543.37412001
19541.399688474
19535.477590917
19527.584253309
19523.711642367
19521.77562476
19515.968724032
19508.228877329
19503.856162862
19501.670173029
19495.113673779
19486.375104441
19481.369005066
19478.866437493
19471.360663853
19461.357465433
19456.275517459
19453.735040949
19446.115601937
19435.960992979
19431.032330734
19428.568468136
19421.178755062
19411.330177288
19405.552118084
19402.66373327
19394.0011585
19382.457075797
19377.073773393
19374.382682703
19366.311653261
19355.555511663
19348.631424153
19345.170309057
19334.790678621
19320.959835398
19311.483515115
19306.747097702
19292.544815073
19273.624690257
19264.056797769
19259.274632466
19244.935258922
19225.832702284
19222.838396504
19218.767239981
19206.558943607
19190.293279282
19188.297847289
19184.658571098
19173.74488392
19159.202959567
19151.723211055
19147.984431626
19136.772472611
19121.833407088
19114.391561847
19110.671725104
19099.516558349
19084.653132383
19076.385275038
19072.252689331
19059.86030359
19043.349648788
19035.490564836
19031.562238927
19019.78212521
19004.086650232
18995.584575496
18991.334964293
18978.591834698
18961.614296869
18952.909194029
18948.558141062
18935.510975164
18918.128729299
18906.863891405
18901.233987665
18884.354333796
18861.871577441
18848.325038394
18841.555417209
18821.261139553
18794.236104193
18790.748758492
18784.401858133
18765.374017755
18740.033545512
18726.49677431
18719.732055479
18699.452558497
18672.447402103
18667.236262209
18660.286561484
18639.452980483
18611.711052954
18598.890460928
18592.483476595
18573.275764057
18547.696347023
18534.957360401
18528.591148029
18509.505628494
18484.088849095
18470.264667898
18463.356454414
18442.647313905
18415.071257377
18398.308975707
18389.933556804
18364.830170732
18331.412289782
18307.692987785
18295.844847428
18260.346414648
18213.122292466
18204.628107497
18167.999827974
18150.172825067
18123.076254549
18106.562129283
18098.310709898
18073.579007858
18040.655972541
18019.180189576
18008.45188607
17976.305286598
17933.532405095
17909.39992239
17897.345860689
17861.232334023
17813.194298438
17786.886488028
17773.74715541
17734.38736769
17682.043207667
17652.152934975
17637.22675065
17592.523884285
17533.096267421
17531.455401345
17519.65392992
17484.297161674
17437.265779217
17412.904125372
17400.736063918
17364.282875531
17315.797393977
17281.320897462
17264.108398041
17212.57369776
17144.09999043
17138.459346844
17116.331720931
17050.120114094
16962.236230788
16919.172211257
16897.681216636
16833.371886472
16748.006680891
16731.76595221
16674.789953284
16648.499467359
16635.369771697
16596.042781732
16543.751384335
16517.489222064
16504.373777663
16465.089897975
16412.856808922
16378.802594943
16361.801992376
16310.905990004
16243.290850846
16209.359098115
16192.419810659
16141.708089342
16074.339434779
16039.555759404
16022.192156595
15970.214051063
15901.172126336
15856.099730101
15833.611462664
15766.337849735
15677.08412415
15620.19850678
15591.8331482
15507.045761579
15394.712707571
15321.150494304
15284.501306452
15175.078913428
15030.399992541
14978.387292259
14876.985760042
14854.783258403
14822.143928775
14724.655610841
14595.667893601
14557.26051621
14464.982980786
14415.144711033
14390.290004419
14315.982720917
14217.502878542
14153.858837432
14122.14373179
14027.424174631
13902.118950908
13897.125275257
13826.637483748
13733.209602708
13675.262158927
13646.380190697
13560.099765195
13445.907192046
13376.02565702
13341.221201649
13237.350266451
13100.112602494
13036.858986778
13005.34680094
12911.266532208
12786.884004431
12709.046319626
12670.305338221
12554.789525589
12402.40504935
12302.725402564
12253.186405701
12105.763075422
11911.954067678
11886.253162006
11769.727949749
11616.136047534
11598.916414296
11488.40429762
11342.690988342
11270.363462054
11234.372831207
11127.0890691
10985.63606627
10919.647404052
10886.801862732
10788.856838458
10659.632837072
10588.036815402
10552.419333804
10446.28417305
10306.429330673
10243.845079782
10212.695609145
10119.814366227
9997.2854088192
9930.9320640548
9897.9207209286
9799.5436352517
9669.8935188295
9588.937766019
9548.7144010903
9429.0538500807
9271.8358220926
9253.5139235975
9217.392822541
9109.8733178034
8968.4624345669
8904.5671157752
8872.7903642689
8778.1388864192
8653.5057157243
8592.5463941052
8562.2279552962
8471.9129988256
8352.9732259951
8296.3801440668
8268.2275498742
8184.3416669582
8073.8162258868
8009.2974420617
7977.2316473944
7881.802480487
7756.3370448166
7692.8706081468
7661.3323973024
7567.4914283386
7444.155704699
7386.7634514144
7358.2334655088
7273.3029615106
7161.5852340994
7103.3954414318
7074.4780866402
6988.4304329789
6875.3260899412
6824.0041846568
6798.4870718802
6722.5068108614
6622.5190774902
6571.5851875893
6546.265329584
6470.889591088
6371.7369518985
6321.2903265923
6296.2169847246
6221.5921055754
6123.4663173265
6077.779978845
6055.0647896091
5987.4273338653
5898.4178866471
5852.7662885424
5830.0731567192
5762.5203344179
5673.6659256762
5630.5246397292
5609.0771652582
5545.2236804146
5461.2150173932
5419.496459559
5398.7568406805
5337.0129782414
5255.7848854203
5215.6236140524
5195.6582061849
5136.2193818816
5058.0240324415
5019.6192203527
5000.5263023899
4943.6821850811
4868.8939371396
4831.6897692826
4813.1944267488
4758.1321114783
4685.6943036843
4650.223916646
4632.5895398704
4580.0866326348
4511.0072061214
4476.9439093458
4460.0088378486
4409.5870223162
4343.2435460564
4310.7893225155
4294.6532640801
4246.6065886221
4183.3794694097
4151.9975343731
4136.3949566074
4089.9381378524
4028.8063422799
3998.5166027193
3983.4572367861
3938.6185905188
3879.6178605829
3850.8520657908
3836.5492489648
3793.9587528142
3737.9060000435
3710.5021327027
3696.875630502
3656.2956444706
3602.8810612822
3576.3907552383
3563.2187300682
3523.993021793
3472.3629737439
3446.960022688
3434.3283220745
3396.7102843187
3347.193091475
3322.7269002986
3310.5609487687
3274.329713283
3226.6374609076
3203.254085055
3191.6260202953
3156.9944801175
3111.4029355946
3089.0911509214
3077.9953286088
3044.9464241851
3001.4325534896
2979.9723025081
2969.299785297
2937.5110244319
2895.6547768033
2875.1647006951
2864.9740977165
2834.6184933164
2794.6440819417
2775.0629047333
2765.3238252871
2736.31118471
2698.1006083017
2679.2692844102
2669.9029665296
2642.0000161411
2605.2491762707
2587.2469191603
2578.2924921127
2551.6147305343
2516.4732809049
2499.2235624142
2490.6430940617
2465.0780395993
2431.3990321007
2414.8785562594
2406.660459512
2382.1735926145
2349.91155944
2334.0641307835
2326.1805382278
2302.6891691701
2271.7359595655
2256.5447819935
2248.9873291835
2226.4664982435
2196.7891418737
2182.2335358237
2174.9919385484
2153.4110136376
2124.9691769566
2111.0007839707
2104.051057513
2083.3388552778
2056.039403332
2042.6485016989
2035.9857913758
2016.1277726324
1989.9513783873
1977.0912101386
1970.6923252631
1951.6196641943
1926.4762797273
1914.1210523139
1907.9731845336
1889.647804755
1865.4874658183
1853.6355892887
1847.7379172055
1830.1572501756
1806.9762926958
1795.5774009694
1789.9049483285
1772.994884881
1750.6963857773
1739.7319447104
1734.2755016739
1718.0086393854
1696.5565862729
1686.0071467722
1680.7570514246
1665.1046530193
1644.4613029548
1634.2977007727
1629.2394797013
1614.1585560255
1594.2675843997
1584.4779151791
1579.6056460385
1565.0785485526
1545.9166978891
1536.4795513747
1531.7826034209
1517.7777349496
1499.3035564974
1490.1953417937
1485.662004689
1472.144571799
1454.3124531717
1445.5192939015
1441.1426712433
1428.0921505889
1410.875110379
1402.3805547401
1398.1524748096
1385.544566231
1368.9107005333
1360.6955786473
1356.6065236882
1344.4129404469
1328.3251487226
1320.3548389608
1316.3876357645
1304.5574039309
1288.9489796392
1281.2687795236
1277.4458571836
1266.0453934276
1251.0028855588
1243.5395640287
1239.8246165809
1228.746230424
1214.1288821636
1206.890176814
1203.2870240785
1192.5419809926
1178.3643662467
1171.3285316303
1167.8263834863
1157.3826407453
1143.6027918035
1136.765292711
1133.3618885212
1123.212691993
1109.8216678806
1103.1706256224
1099.8600663288
1089.9878786968
1076.9626653463
1070.4830214837
1067.2578335182
1057.6404548245
1044.9519616292
1038.6365706314
1035.4932025057
1026.1200627479
1013.7543914522
1007.5899941362
1004.5218661114
995.37342378408
983.30497513104
977.28112885862
974.2830582179
965.34391825274
953.55251858376
947.65960483554
944.72681857531
935.98280570955
924.44988614857
918.67850812414
915.8063445951
907.24361954852
895.95106349483
890.29132737282
887.47488049027
879.07888677423
868.00765828779
862.45046982252
859.68523156345
851.44259997215
840.57523006194
835.11123085591
832.39256464807
824.28955422627
813.60811002456
808.22766937032
805.55080653178
797.57329592551
787.05937376837
781.75246714771
779.11244734208
771.24576091003
760.88026532418
755.63557471822
753.02680155798
745.25439771137
735.01584196047
729.81949314879
727.23511108086
719.5367454641
709.39887705706
704.23213580468
701.66289369708
694.01127111138
683.93874793324
678.77269813865
676.20432445205
668.55736685397
658.49577444392
653.27805347875
650.68471720396
642.96631449206
632.81734340405
627.42886148454
624.75185105397
616.78915640298
606.32987663866
600.33582908561
597.36106278865
588.52491537151
576.94636901772
570.60261169075
567.45693798788
558.1235861122
545.91747700127
542.80059297272
534.01561023226
533.48716218452
531.59198859835
525.94676731924
518.51295045401
517.20678629622
515.55131400734
510.61662255002
504.1104303081
501.19539896791
499.74421038605
495.41580732964
489.70286434322
487.09387460775
485.79459674857
481.91752063084
476.79617641528
474.45456845565
473.28808040323
469.80579570896
465.20257280492
463.10524524249
462.06012991324
458.93891422
454.81006609603
452.94265199139
452.01182213585
449.23079452562
445.54935607951
444.84178595337
444.01688305432
441.55134120752
438.28523587569
437.87311978847
437.1552639506
435.00875001157
432.16311797546
430.85242548185
430.19857062336
428.24295380267
425.64928676228
424.22696369364
423.51758538007
421.39655980755
418.58504043304
417.08049537716
416.33025196324
414.08760934327
411.11619999053
409.51493638355
408.71664483711
406.33109512773
403.17200752131
401.41923670574
400.54571083921
397.93652207665
394.4840238754
392.48410706647
391.48795392564
388.51463885212
384.58531710256
382.23181695651
381.06047322866
377.5679356436
372.96096216391
370.23354023736
368.87731781409
364.83838632398
359.52185279734
356.49338437584
354.98873000445
350.51276424414
344.63247710887
341.12157162295
339.37955422266
334.20669691553
327.43199436911
323.11239776106
320.97401612521
314.64340931635
306.39639953801
301.29284589187
298.77303607708
291.33934739871
281.71467334421
273.49365163909
269.4735478691
257.76432636306
242.93963675952
240.39559215585
230.6260029832
225.50214079037
222.98305809775
215.59340037751
206.12005880233
200.28961881098
197.43653960445
189.11884363647
178.57109849284
173.12350070183
170.46234254546
162.72179804757
152.9450573484
148.31865485551
146.05819970767
139.48144563606
131.17078110806
127.22618932824
125.29860223358
119.68930572088
112.59890811282
109.22116460954
107.57048197593
102.76661458333
96.69350425414
93.794444223896
92.377673643999
88.254476386006
83.041727253809
80.550611029516
79.333218069786
75.790324905839
71.31135710855
69.16965755347
68.123050501745
65.077292002718
61.227048290624
59.385449050742
58.485526681954
55.866760308766
52.556560211163
50.973067830203
50.199303523045
47.947774056635
45.10203428141
43.740680605845
43.07549122034
41.140005621396
38.693958362798
37.523837267393
36.952113678278
35.288679759505
33.186662623072
32.181172360474
31.689909684139
30.260661856692
28.454763923609
27.59098780863
27.168982875752
25.941302218658
24.390252719624
23.648440816086
23.286038848834
22.231815779143
20.900051724074
20.263181076449
19.952060688839
19.047068925316
17.903942909379
17.357341500795
17.090330823118
16.313691856702
15.332794127928
14.863817907648
14.634736646048
13.968459689227
13.127035641625
12.724790426374
12.528313860465
11.956899674181
11.235348168614
10.890449824721
10.721991524261
10.232090765774
9.6135314751649
9.3178989272055
9.1735095229178
8.7536278613598
8.2235278434294
7.9702043221152
7.8464840883673
7.4867275603856
7.0325788010119
6.8155774335489
6.7096007775326
6.4014558340091
6.012496737274
5.8266671508461
5.7359173799995
5.4720608805015
5.1390356982533
4.9799487800708
4.9022617504897
4.6763968342316
4.3913478773989
4.2553406913357
4.1889249799866
3.995832937369
3.752151034147
3.635652754864
3.5787671199371
3.4133951384647
3.2047247740716
3.1050834060612
3.0564305793492
2.9149984928386
2.7365500896543
2.6513508667554
2.6097511910656
2.4888275588364
2.3362666703539
2.2634355672876
2.2278759069757
2.1245139178101
1.9941188007081
1.9318763152447
1.901487446489
1.8131590293776
1.7017371470278
1.6485570389142
1.6225934815675
1.5471305959465
1.4519443618866
1.4065180729964
1.3843407005883
1.3198847184581
1.238587484827
1.1997934832003
1.1808545404461
1.125812639619
1.0563935596319
1.0232709383572
1.0071011388961
0.96010875371032
0.90084530984028
0.87257105746204
0.85876847655161
0.81865697502441
0.76807412049919
0.74394356293118
0.73216408051597
0.69793295528484
0.65476796603881
0.63417794335955
0.62412702400239
0.59491997515801
0.55809222486472
0.54052662732453
0.53195225328267
0.50703662793564
0.47562160846459
0.46063894561015
0.45332554360924
0.43207466782685
0.4052816673285
0.39250438985349
0.38626761444997
0.36814561822243
0.34529855127839
0.33440388111349
0.32908613512837
0.31363492239624
0.29415587200676
0.28486793219006
0.28033452228438
0.26716258916839
0.250557684799
0.24264074593416
0.23877658379582
0.22754942445665
0.21339672668249
0.20664941577509
0.20335618951154
0.19378807002126
0.18172718374936
0.17597751820119
0.17317126689516
0.16501817207179
0.15474134189384
0.14984247551789
0.1474515116131
0.14050510361932
0.13174958713677
0.12757616433967
0.12553929314524
0.1196217344275
0.11216326752307
0.10860830012551
0.1068732946361
0.10183281352805
0.095480013716338
0.092452209843708
0.09097450634762
0.086681604694586
0.081271184964109
0.078692661562151
0.077434242646708
0.073778448498287
0.069171119568024
0.066975444688207
0.065903883318805
0.062790972064973
0.058867936146539
0.056998455686309
0.056086098197769
0.053435717590291
0.050095671902077
0.048504081628696
0.047727350473019
0.045470993734289
0.042627573117098
0.041272690909865
0.040611485269768
0.038690749090641
0.036270328951213
0.035117051694684
0.034554238192707
0.032919342382705
0.030859171212848
0.02987758135213
0.02939855787008
0.028007077665151
0.026253678159708
0.025418285988237
0.025010611697405
0.023826402292018
0.022334214452819
0.021623298608617
0.021276372107383
0.020268633625245
0.018998836368151
0.018393890740221
0.018098680024358
0.017241172684303
0.016160693888977
0.015645959244099
0.015394772995765
0.014665152203199
0.013745829663984
0.013307882375584
0.013094169274327
0.012473402710203
0.011691249734996
0.01133153508675
0.011155849649756
0.010644968179528
0.0099999997764826