20000.
19997.098478896
19995.647876092
19991.296699233
19985.496603496
19984.774934645
19984.108749496
19983.964961173
19983.328198506
19983.027379827
19982.876972175
19982.425756033
19981.824150419
19981.482179951
19981.311196898
19980.798256546
19980.114356627
19979.772745247
19979.601941734
19979.089539982
19978.406358156
19978.046177611
19977.866089761
19977.325835976
19976.605520394
19976.232595941
19976.046136311
19975.486767892
19974.740967773
19973.609914362
19973.044411632
19971.347999588
19969.086341217
19968.733654319
19967.926447694
19967.522856588
19966.312132273
19964.697947542
19964.317845802
19963.860177308
19963.631346979
19962.944871762
19962.029608283
19961.495388224
19961.228283536
19960.426990955
19959.35865099
19958.836530087
19958.575474738
19957.792329217
19956.748183094
19956.213610635
19955.946329756
19955.144508636
19954.07546403
19953.443162127
19953.127018665
19952.178618381
19950.914154917
19950.262344811
19949.936447719
19948.958788433
19947.655317377
19946.968454773
19946.625032315
19945.594800467
19944.221240912
19943.439405638
19943.048499465
19941.875826976
19940.312371075
19939.458036597
19939.030883053
19937.749477389
19936.041064773
19935.211650782
19934.796956695
19933.552926256
19931.894339932
19931.118635242
19930.730794189
19929.567316369
19928.016118414
19927.050229852
19926.567303092
19925.118593101
19923.18714381
19922.233318954
19921.756423614
19920.32580616
19918.418476221
19917.296265923
19916.735184443
19915.052034919
19912.808057039
19911.640108137
19911.056159332
19909.304415754
19906.968997615
19906.75748426
19906.263254663
19904.780639568
19902.803991409
19901.507447715
19900.859207493
19898.91461361
19896.322117597
19894.789953861
19894.023916183
19891.725980231
19888.662478822
19888.492491775
19886.580048507
19884.030410463
19879.868360769
19877.787662473
19871.546874443
19863.228872325
19860.804043495
19859.331888791
19858.595852305
19856.387906629
19853.444361217
19851.962191368
19851.221147883
19848.998183506
19846.034618519
19844.544246183
19843.799101931
19841.563837159
19838.583876088
19837.938701204
19837.230612176
19835.106496842
19832.274697143
19830.879995392
19830.182681246
19828.090886027
19825.302169247
19820.125645203
19817.537889869
19809.776651254
19799.433062144
19797.948840326
19796.727345052
19793.063311577
19788.178988973
19785.94621591
19784.829923771
19781.481425385
19777.017642859
19774.981693338
19773.9637971
19770.910422896
19766.839991102
19764.672824124
19763.589329656
19760.339202781
19756.006532117
19753.90869942
19752.859866531
19749.713702135
19745.51959618
19743.334277514
19742.241708798
19738.964365566
19734.595421326
19732.07025801
19730.807797427
19727.020900479
19721.972835622
19719.470904282
19718.220057544
19714.46799356
19709.466352657
19706.658345378
19705.254491659
19701.043530725
19695.43031647
19692.412859167
19690.904303768
19686.379331144
19680.347652399
19677.231766546
19675.674008504
19671.001474496
19664.773155805
19661.82442809
19660.350229937
19655.928298856
19650.033938395
19644.880402586
19642.304141361
19634.577385022
19624.279772163
19619.210239866
19616.675964653
19609.075103385
19598.945203772
19594.026833686
19586.343627816
19582.697728185
19580.875032741
19575.407964522
19568.120915327
19563.959679028
19561.879392574
19555.639860641
19547.32358129
19543.37412001
19541.399688474
19535.477590917
19527.584253309
19523.711642367
19521.77562476
19515.968724032
19508.228877329
19503.856162862
19501.670173029
19495.113673779
19486.375104441
19481.369005066
19478.866437493
19471.360663853
19461.357465433
19456.275517459
19453.735040949
19446.115601937
19435.960992979
19431.032330734
19428.568468136
19421.178755062
19411.330177288
19405.552118084
19402.66373327
19394.0011585
19382.457075797
19377.073773393
19374.382682703
19366.311653261
19355.555511663
19348.631424153
19345.170309057
19334.790678621
19320.959835398
19311.483515115
19306.747097702
19292.544815073
19273.624690257
19264.056797769
19259.274632466
19244.935258922
19225.832702284
19222.838396504
19218.767239981
19206.558943607
19190.293279282
19188.297847289
19184.658571098
19173.74488392
19159.202959567
19151.723211055
19147.984431626
19136.772472611
19121.833407088
19114.391561847
19110.671725104
19099.516558349
19084.653132383
19076.385275038
19072.252689331
19059.86030359
19043.349648788
19035.490564836
19031.562238927
19019.78212521
19004.086650232
18995.584575496
18991.334964293
18978.591834698
18961.614296869
18952.909194029
18948.558141062
18935.510975164
18918.128729299
18906.863891405
18901.233987665
18884.354333796
18861.871577441
18848.325038394
18841.555417209
18821.261139553
18794.236104193
18790.748758492
18784.401858133
18765.374017755
18740.033545512
18726.49677431
18719.732055479
18699.452558497
18672.447402103
18667.236262209
18660.286561484
18639.452980483
18611.711052954
18598.890460928
18592.483476595
18573.275764057
18547.696347023
18534.957360401
18528.591148029
18509.505628494
18484.088849095
18470.264667898
18463.356454414
18442.647313905
18415.071257377
18398.308975707
18389.933556804
18364.830170732
18331.412289782
18307.692987785
18295.844847428
18260.346414648
18213.122292466
18204.628107497
18167.999827974
18150.172825067
18123.076254549
18106.562129283
18098.310709898
18073.579007858
18040.655972541
18019.180189576
18008.45188607
17976.305286598
17933.532405095
17909.39992239
17897.345860689
17861.232334023
17813.194298438
17786.886488028
17773.74715541
17734.38736769
17682.043207667
17652.152934975
17637.22675065
17592.523884285
17533.096267421
17531.455401345
17519.65392992
17484.297161674
17437.265779217
17412.904125372
17400.736063918
17364.282875531
17315.797393977
17281.320897462
17264.108398041
17212.57369776
17144.09999043
17138.459346844
17116.331720931
17050.120114094
16962.236230788
16919.172211257
16897.681216636
16833.371886472
16748.006680891
16731.76595221
16674.789953284
16648.499467359
16635.369771697
16596.042781732
16543.751384335
16517.489222064
16504.373777663
16465.089897975
16412.856808922
16378.802594943
16361.801992376
16310.905990004
16243.290850846
16209.359098115
16192.419810659
16141.708089342
16074.339434779
16039.555759404
16022.192156595
15970.214051063
15901.172126336
15856.099730101
15833.611462664
15766.337849735
15677.08412415
15620.19850678
15591.8331482
15507.045761579
15394.712707571
15321.150494304
15284.501306452
15175.078913428
15030.399992541
14978.387292259
14876.985760042
14854.783258403
14822.143928775
14724.655610841
14595.667893601
14557.26051621
14464.982980786
14415.144711033
14390.290004419
14315.982720917
14217.502878542
14153.858837432
14122.14373179
14027.424174631
13902.118950908
13897.125275257
13826.637483748
13733.209602708
13675.262158927
13646.380190697
13560.099765195
13445.907192046
13376.02565702
13341.221201649
13237.350266451
13100.112602494
13036.858986778
13005.34680094
12911.266532208
12786.884004431
12709.046319626
12670.305338221
12554.789525589
12402.40504935
12302.725402564
12253.186405701
12105.763075422
11911.954067678
11886.253162006
11769.727949749
11616.136047534
11526.379088551
11405.248370161
11342.660373668
11311.495288997
11218.512874104
11095.724205356
11026.640558706
10992.26019753
10889.760957818
10754.580531813
10684.716499382
10649.954859631
10546.347035727
10409.769502678
10333.598002497
10295.721519096
10182.923029324
10034.445075791
10020.91237685
9990.3429515344
9899.1930668163
9778.9522373562
9716.1664021897
9684.9248132814
9591.8014897957
9469.0284360888
9401.7789903517
9368.3335807291
9268.7095272963
9137.5234970334
9045.5822492676
8999.9591213491
8864.4657616752
8686.9757249617
8649.865382369
8533.573302184
8448.4360188591
8406.186428041
8280.7011507002
8116.2965012482
8047.3607720577
7920.5523619834
7863.3305666641
7834.8748779921
7750.1241767462
7638.5476030943
7582.7046005565
7554.9363782128
7472.240358327
7363.3853625375
7309.9404108637
7283.3635773855
7204.2114310999
7100.0116979566
7048.8258953531
7023.3715382129
6947.5586607802
6847.7462969916
6796.9799545753
6771.7380915669
6696.5735574817
6597.6503954766
6543.8626196263
6517.1333944688
6437.5990141005
6333.0609994595
6283.4783321336
6258.8327589883
6185.4745293514
6088.9993086807
6042.8593676195
6019.9206725254
5951.6257214604
5861.7695090472
5815.7889363317
5792.9340799854
5724.9069932316
5635.4452504453
5593.6619515268
5572.8866183601
5511.0224447027
5429.6038444453
5388.1687284328
5367.5698970857
5306.2446958401
5225.5662803886
5184.9997056972
5164.8346659327
5104.8088752663
5025.8582791737
4987.3741085013
4968.2426690333
4911.2875547419
4836.3617731604
4799.2164219248
4780.7508669171
4725.7794026838
4653.4661156957
4618.3369402966
4600.8719235314
4548.8721590432
4480.4522107989
4446.4792863337
4429.5895448614
4379.3042784061
4313.1441215611
4280.5731142981
4264.3799617134
4216.1671266578
4152.7302058344
4121.5886338821
4106.1055312089
4060.0043339529
3999.3402262282
3969.1360534157
3954.1196153609
3909.4103147427
3850.5833081135
3821.9206310234
3807.6693998474
3765.2337576972
3709.3876724442
3681.6673922443
3667.8850308388
3626.8467433028
3572.8423890681
3546.5702646551
3533.5067354034
3494.6041525212
3443.3994793988
3418.2696460568
3405.7735861463
3368.5588295776
3319.5709472459
3295.4148891437
3283.4028569724
3247.6288329125
3200.5357165583
3177.3943315947
3165.8864602559
3131.6123195805
3086.4899702685
3064.1867086624
3053.0955870553
3020.0625155071
2976.5737141839
2955.3817452527
2944.8424065774
2913.4493657094
2872.111947549
2851.8009306419
2841.6993484261
2811.6087862581
2771.9830983168
2752.5259301506
2742.8486207489
2714.0203563695
2676.0534481077
2657.4522205412
2648.2001487609
2620.6367562861
2584.3313253274
2566.5012506279
2557.6323964327
2531.2092962591
2496.4026453584
2479.290254391
2470.7780970447
2445.4165741999
2412.0057020247
2395.6244320689
2387.4755641924
2363.1948982669
2331.2043661529
2315.5241435249
2307.7236268897
2284.4793941826
2253.8508721283
2238.7987052325
2231.3103600622
2208.9952731521
2179.5885948622
2165.1740249984
2158.0025277233
2136.630243266
2108.4627611923
2094.6342518601
2087.7540446899
2067.2487232614
2040.2212397302
2026.9564582386
2020.3564431891
2000.685062016
1974.7541724148
1962.0175088012
1955.680015312
1936.7900955559
1911.8870564823
1899.6594429882
1893.5749930968
1875.4383227422
1851.5260303296
1839.7764434892
1833.9296398869
1816.500480664
1793.5189966285
1782.2282221373
1776.6095171424
1759.8594619484
1737.7714546944
1726.9069718852
1721.5002283113
1705.3813538427
1684.1240515325
1673.6661096473
1668.4615164218
1652.9446445749
1632.4797318198
1622.4099003364
1617.3983013558
1602.4561985296
1582.7479055847
1573.0430848234
1568.2130118206
1553.8115967589
1534.8152284161
1525.4570397673
1520.7993641798
1506.9114921908
1488.5914117564
1479.560653061
1475.0658391091
1461.6631619144
1443.9821695606
1435.2610510213
1430.9202634811
1417.976512178
1400.9001291998
1392.4717280043
1388.2765620007
1375.7667462714
1359.2621700204
1351.1105286413
1347.053058366
1334.9536109181
1318.9899034325
1311.100170196
1307.1730185712
1295.462001668
1280.0103593651
1272.3613483035
1268.5540002917
1257.200178016
1242.2196664716
1234.7995049481
1231.1060615891
1220.0918853478
1205.5594488983
1198.3644816808
1194.7831166172
1184.1031125078
1170.0114650928
1163.0272050693
1159.5507248149
1149.1835110453
1135.5046021878
1128.7134683523
1125.3331473477
1115.2528048583
1101.9526702624
1095.3423201046
1092.0520298969
1082.2403431519
1069.2950874106
1062.8565420665
1059.6518219312
1050.0955226879
1037.4877178756
1031.2086217006
1028.0833386974
1018.7642061648
1006.4699686658
1000.3400496025
997.28910447147
988.19198670774
976.19145041211
970.19986206737
967.2178723188
958.3267832739
946.59900574191
940.73577673341
937.81779490701
929.1180437644
917.64378670174
911.8996531737
909.04108390762
900.519029505
889.28043871548
883.64592068477
880.8420633352
872.48375963531
861.46259954322
855.92835139944
853.17457394791
844.96628642633
834.14461626172
828.70132609057
825.99301559196
817.92107568148
807.28106250167
801.91904382516
799.25140470237
791.30161425951
780.82476090808
775.5337282492
772.90167187791
765.05897904279
754.72570822277
749.49363516809
746.89121579486
739.13804996141
728.92554668289
723.73748440392
721.15731663063
713.47187335738
703.35187254265
698.1867798266
695.61847450916
687.97010567297
677.90293479487
672.72709999824
670.15402051376
662.49368185233
652.41593396087
647.16507449549
644.55551363704
636.78979702054
626.58085595549
621.09498726572
618.3700903831
610.26691933843
599.62762734634
593.12303333849
589.89724414016
580.32475952474
567.80264533461
566.59252976859
563.84472172226
555.68099618108
544.97959991455
539.06631939702
530.76031148178
529.96050442924
528.15060722289
522.75791798078
515.65322122229
514.38597112704
512.80226656208
508.08034879661
501.8520248978
499.0492722782
497.65377116426
493.49063801116
487.9939189126
485.49372896
484.24844155681
480.53171169168
475.62040955934
473.38927067437
472.27762908159
468.95834251011
464.5688883647
462.58519884584
461.59653262835
458.64319430544
454.73478271403
453.95586623263
453.07815257385
450.45518084905
446.98149142393
446.47333510343
445.70495896808
443.40775578241
440.36322570941
440.05041503692
439.38561114319
437.39721958788
434.76002134087
433.32736381435
432.61280635118
430.47619613651
427.64378862598
426.13535298367
425.38313155565
423.13442501641
420.15463049891
418.58478752388
417.80206690331
415.46267597098
412.36385175498
410.71701908755
409.89607065794
407.44305793479
404.19519497036
402.42123076012
401.53717037191
398.89662518651
395.40289025276
393.41000665605
392.41733460412
389.45432189271
385.53841144365
383.20791376694
382.04795293758
378.58909517536
374.02594787515
371.41971998348
370.12342398373
366.26161837084
361.1751506012
358.3310382082
356.9173915622
352.70982565527
347.17679483104
343.9535004184
342.35309278425
337.59641163801
331.35681785426
327.58003357732
325.707814929
320.15511674934
312.89849361109
308.30369812261
306.03166478876
299.31553448061
290.58940915468
284.9716069628
282.20356503127
274.05972002911
263.56566280644
257.28546570835
254.20170809567
245.1704357491
233.62587825909
228.46285004421
225.92428240469
218.47657357319
208.9268055155
203.50582065601
200.84830485994
193.08217280007
183.19242934716
177.63759681788
174.92366667647
167.0281314167
157.05232099693
152.30438625001
149.98451956795
143.23478931883
134.70528011128
130.64689057119
128.66378009011
122.89323991903
115.59975484326
112.12094926998
110.42100410616
105.47425610326
99.221589265425
96.235245247133
94.775949955042
90.529498230994
85.162043125579
82.596703056834
81.343158530416
77.695522522251
73.085172142055
70.880904888273
69.80382841053
66.669808908653
62.708898219458
60.81481632163
59.889338116517
57.196552991287
53.793563713325
52.166168714327
51.3710276642
49.057587954939
46.134247766225
44.736223605183
44.053179464918
42.0659860068
39.555131128466
38.354404358688
37.767779255246
36.061191283637
33.905089845583
32.874065631916
32.370370970786
30.905121371411
29.054104359001
28.169029257464
27.736654369427
26.478943769978
24.890260207889
24.13068290677
23.759631476046
22.680361039319
21.317207740232
20.665519013812
20.347184181745
19.421300818142
18.251993953516
17.693032429078
17.420004050697
16.625939165832
15.623204002803
15.143917452434
14.909816489427
14.229003711948
13.369364213758
12.958518093654
12.757854103734
12.174314255324
11.437567748892
11.085494143579
10.91354252429
10.41352611363
9.7822907551585
9.4806719805478
9.3333681599174
8.9050472316643
8.3643719470512
8.1060539459994
7.9799021415719
7.6131045573019
7.1501327024122
6.9289640865084
6.8209586058225
6.5069388553653
6.1106181293769
5.9213113235809
5.828868673555
5.5601101712137
5.220942396725
5.0589538492765
4.9798541690964
4.749898708138
4.4597240000007
4.3212905700984
4.2536936922802
4.0571815717164
3.8092144360284
3.6906945281872
3.6328246868103
3.4646028536157
3.25236156133
3.1510325838899
3.1015581701803
2.9577471328489
2.7763178992477
2.6897098247636
2.6474242765256
2.5245146824995
2.3694654228591
2.2954581371157
2.2593258794551
2.1543059376727
2.0218334767109
1.9586090210802
1.9277421070589
1.8380295282149
1.7248733842332
1.6708734277008
1.6445107533451
1.5678922537667
1.4712581432823
1.4251473468773
1.4026367471605
1.3372159423334
1.2547099028571
1.2153443838855
1.196127221864
1.1402797791157
1.0698514768033
1.036251672625
1.0198495792766
0.97218463207478
0.912078591091
0.88340591857083
0.86940938801317
0.82873635161338
0.77745001584319
0.75298680208256
0.74104538576441
0.70634542745123
0.66259310929061
0.64172534248087
0.63153922173332
0.60194074311237
0.56462264589643
0.54682515640401
0.53813790271154
0.51289547884677
0.48107109013533
0.46589482328009
0.45848718077172
0.43696347430245
0.40982872034987
0.39688981086577
0.39057435923223
0.3722245965569
0.34909223538193
0.33806263136276
0.33267920592381
0.31703785657968
0.29732065570438
0.28792007616788
0.28333183955924
0.27000119153457
0.25319750162575
0.2451865393524
0.24127661278926
0.22991697589933
0.21559836166451
0.20877257276792
0.20544114936477
0.19576246093185
0.18356310351299
0.17774794085327
0.17490981121521
0.16666444113142
0.15627205583466
0.15131853085432
0.14890096448629
0.1418775551811
0.13302561619813
0.12880658485632
0.12674751642522
0.12076570948586
0.1132267943363
0.10963377395038
0.10788024892179
0.10278616625726
0.096366253475851
0.093306704490598
0.091813551780999
0.087475936716318
0.082009536199532
0.079404533928464
0.078133229060404
0.074440141553202
0.069786124800311
0.06756836633291
0.066486058305753
0.063342046311996
0.059380077952236
0.057492183751238
0.05657086575915
0.053894554589739
0.050522050927321
0.048915107982052
0.048130906159598
0.0458529312493
0.042982452785646
0.041614772887889
0.040947340066783
0.03900858489641
0.036565613627597
0.035401670714445
0.034833667643548
0.033183756024414
0.031104793915859
0.030114318464691
0.029630971692566
0.028226982818812
0.02645793115826
0.025615135118184
0.025203858635426
0.024009227566389
0.022504000460904
0.021786918278615
0.021436991810849
0.020420574497267
0.019139919674922
0.018529842822472
0.018232135812476
0.017367407070163
0.01627789471365
0.015758888003758
0.015505623538528
0.014769991178094
0.013843149397914
0.013401647386663
0.013186205112191
0.01256043695425
0.011772028697134
0.011396477190822
0.011213218422398
0.010680934495089
0.010010318154016
0.010008253627079
0.010007221523209
0.010004125850326
0.0099999997764826