20000.
19997.098478896
19995.647876092
19991.296699233
19985.496603496
19984.774934645
19984.108749496
19983.964961173
19983.328198506
19983.027379827
19982.876972175
19982.425756033
19981.824150419
19981.482179951
19981.311196898
19980.798256546
19980.114356627
19979.772745247
19979.601941734
19979.089539982
19978.406358156
19978.046177611
19977.866089761
19977.325835976
19976.605520394
19976.232595941
19976.046136311
19975.486767892
19974.740967773
19973.609914362
19973.044411632
19971.347999588
19969.086341217
19968.733654319
19967.926447694
19967.522856588
19966.312132273
19964.697947542
19964.317845802
19963.860177308
19963.631346979
19962.944871762
19962.029608283
19961.495388224
19961.228283536
19960.426990955
19959.35865099
19958.836530087
19958.575474738
19957.792329217
19956.748183094
19956.213610635
19955.946329756
19955.144508636
19954.07546403
19953.443162127
19953.127018665
19952.178618381
19950.914154917
19950.262344811
19949.936447719
19948.958788433
19947.655317377
19946.968454773
19946.625032315
19945.594800467
19944.221240912
19943.439405638
19943.048499465
19941.875826976
19940.312371075
19939.458036597
19939.030883053
19937.749477389
19936.041064773
19935.211650782
19934.796956695
19933.552926256
19931.894339932
19931.118635242
19930.730794189
19929.567316369
19928.016118414
19927.050229852
19926.567303092
19925.118593101
19923.18714381
19922.233318954
19921.756423614
19920.32580616
19918.418476221
19917.296265923
19916.735184443
19915.052034919
19912.808057039
19911.640108137
19911.056159332
19909.304415754
19906.968997615
19906.75748426
19906.263254663
19904.780639568
19902.803991409
19901.507447715
19900.859207493
19898.91461361
19896.322117597
19894.789953861
19894.023916183
19891.725980231
19888.662478822
19888.492491775
19886.580048507
19884.030410463
19879.868360769
19877.787662473
19871.546874443
19863.228872325
19860.804043495
19859.331888791
19858.595852305
19856.387906629
19853.444361217
19851.962191368
19851.221147883
19848.998183506
19846.034618519
19844.544246183
19843.799101931
19841.563837159
19838.583876088
19837.938701204
19837.230612176
19835.106496842
19832.274697143
19830.879995392
19830.182681246
19828.090886027
19825.302169247
19820.125645203
19817.537889869
19809.776651254
19799.433062144
19797.948840326
19796.727345052
19793.063311577
19788.178988973
19785.94621591
19784.829923771
19781.481425385
19777.017642859
19774.981693338
19773.9637971
19770.910422896
19766.839991102
19764.672824124
19763.589329656
19760.339202781
19756.006532117
19753.90869942
19752.859866531
19749.713702135
19745.51959618
19743.334277514
19742.241708798
19738.964365566
19734.595421326
19732.07025801
19730.807797427
19727.020900479
19721.972835622
19719.470904282
19718.220057544
19714.46799356
19709.466352657
19706.658345378
19705.254491659
19701.043530725
19695.43031647
19692.412859167
19690.904303768
19686.379331144
19680.347652399
19677.231766546
19675.674008504
19671.001474496
19664.773155805
19661.82442809
19660.350229937
19655.928298856
19650.033938395
19644.880402586
19642.304141361
19634.577385022
19624.279772163
19619.210239866
19616.675964653
19609.075103385
19598.945203772
19594.026833686
19586.343627816
19582.697728185
19580.875032741
19575.407964522
19568.120915327
19563.959679028
19561.879392574
19555.639860641
19547.32358129
19543.37412001
19541.399688474
19535.477590917
19527.584253309
19523.711642367
19521.77562476
19515.968724032
19508.228877329
19503.856162862
19501.670173029
19495.113673779
19486.375104441
19481.369005066
19478.866437493
19471.360663853
19461.357465433
19456.275517459
19453.735040949
19446.115601937
19435.960992979
19431.032330734
19428.568468136
19421.178755062
19411.330177288
19405.552118084
19402.66373327
19394.0011585
19382.457075797
19377.073773393
19374.382682703
19366.311653261
19355.555511663
19348.631424153
19345.170309057
19334.790678621
19320.959835398
19311.483515115
19306.747097702
19292.544815073
19273.624690257
19264.056797769
19259.274632466
19244.935258922
19225.832702284
19222.838396504
19218.767239981
19206.558943607
19190.293279282
19188.297847289
19184.658571098
19173.74488392
19159.202959567
19151.723211055
19147.984431626
19136.772472611
19121.833407088
19114.391561847
19110.671725104
19099.516558349
19084.653132383
19076.385275038
19072.252689331
19059.86030359
19043.349648788
19035.490564836
19031.562238927
19019.78212521
19004.086650232
18995.584575496
18991.334964293
18978.591834698
18961.614296869
18952.909194029
18948.558141062
18935.510975164
18918.128729299
18906.863891405
18901.233987665
18884.354333796
18861.871577441
18848.325038394
18841.555417209
18821.261139553
18794.236104193
18790.748758492
18784.401858133
18765.374017755
18740.033545512
18726.49677431
18719.732055479
18699.452558497
18672.447402103
18667.236262209
18660.286561484
18639.452980483
18611.711052954
18598.890460928
18592.483476595
18573.275764057
18547.696347023
18534.957360401
18528.591148029
18509.505628494
18484.088849095
18470.264667898
18463.356454414
18442.647313905
18415.071257377
18398.308975707
18389.933556804
18364.830170732
18331.412289782
18307.692987785
18295.844847428
18260.346414648
18213.122292466
18204.628107497
18167.999827974
18150.172825067
18123.076254549
18106.562129283
18098.310709898
18073.579007858
18040.655972541
18019.180189576
18008.45188607
17976.305286598
17933.532405095
17909.39992239
17897.345860689
17861.232334023
17813.194298438
17786.886488028
17773.74715541
17734.38736769
17682.043207667
17652.152934975
17637.22675065
17592.523884285
17533.096267421
17531.455401345
17519.65392992
17484.297161674
17437.265779217
17412.904125372
17400.736063918
17364.282875531
17315.797393977
17281.320897462
17264.108398041
17212.57369776
17144.09999043
17138.459346844
17116.331720931
17050.120114094
16962.236230788
16919.172211257
16897.681216636
16833.371886472
16748.006680891
16731.76595221
16674.789953284
16648.499467359
16635.369771697
16596.042781732
16543.751384335
16517.489222064
16504.373777663
16465.089897975
16412.856808922
16378.802594943
16361.801992376
16310.905990004
16243.290850846
16209.359098115
16192.419810659
16141.708089342
16074.339434779
16039.555759404
16022.192156595
15970.214051063
15901.172126336
15856.099730101
15833.611462664
15766.337849735
15677.08412415
15620.19850678
15591.8331482
15507.045761579
15394.712707571
15321.150494304
15284.501306452
15175.078913428
15030.399992541
14978.387292259
14876.985760042
14854.783258403
14822.143928775
14724.655610841
14595.667893601
14557.26051621
14464.982980786
14415.144711033
14390.290004419
14315.982720917
14217.502878542
14153.858837432
14122.14373179
14027.424174631
13902.118950908
13897.125275257
13826.637483748
13733.209602708
13675.262158927
13646.380190697
13560.099765195
13445.907192046
13376.02565702
13341.221201649
13237.350266451
13100.112602494
13036.858986778
13005.34680094
12911.266532208
12786.884004431
12709.046319626
12670.305338221
12554.789525589
12402.40504935
12302.725402564
12253.186405701
12105.763075422
11911.954067678
11886.253162006
11769.727949749
11616.136047534
11598.916414296
11488.40429762
11342.690988342
11270.363462054
11234.372831207
11127.0890691
10985.63606627
10919.647404052
10886.801862732
10788.856838458
10659.632837072
10588.036815402
10552.419333804
10446.28417305
10306.429330673
10243.845079782
10212.695609145
10119.814366227
9997.2854088192
9930.9320640548
9897.9207209286
9799.5436352517
9669.8935188295
9588.937766019
9548.7144010903
9429.0538500807
9271.8358220926
9253.5139235975
9217.392822541
9109.8733178034
8968.4624345669
8904.5671157752
8872.7903642689
8778.1388864192
8653.5057157243
8592.5463941052
8562.2279552962
8471.9129988256
8352.9732259951
8296.3801465262
8268.2275535507
8184.3416742367
8073.8162378538
8014.2639064564
7984.6526629839
7896.4737703076
7780.4148747965
7711.516302337
7677.2961486499
7575.5441197622
7441.969461592
7416.3003776091
7328.3085925248
7212.6080653846
7158.2445344128
7131.2166181634
7050.7436414345
6944.857184231
6895.3336345163
6870.7044471996
6797.3434656015
6700.7458539755
6646.0253399788
6618.8328844411
6537.9212563579
6431.5756028723
6383.234910547
6359.200984736
6287.640799279
6193.4782976737
6143.4778284008
6118.6291679504
6044.6846013741
5947.4800783647
5903.2167321423
5881.2087451266
5815.6758573396
5729.4331664903
5685.0699016857
5663.0172494157
5597.3712294518
5511.0254186039
5468.8935727161
5447.9485894583
5385.5937105983
5303.5626456676
5261.9541813749
5241.272521056
5179.7139913898
5098.7591596288
5059.6092675676
5040.1471917547
4982.2089883536
4905.9927622297
4868.6267452254
4850.0505941931
4794.7463248075
4721.9870328093
4685.8192551852
4667.8393823842
4614.3126502349
4543.8972591931
4509.0156018798
4491.6753154075
4440.0535461543
4372.1462215512
4339.0455545414
4322.5893132401
4273.5941169663
4209.1299752492
4177.5597359343
4161.8635226855
4115.1278490597
4053.6289875018
4023.3761761462
4008.3345428528
3963.546209326
3904.6059557907
3875.4296166884
3860.9233034114
3817.7293492875
3760.8881725221
3732.7648086032
3718.7820875476
3677.1474131311
3622.3587110063
3595.6282096896
3582.3370189975
3542.7575073355
3490.664230172
3464.9539398646
3452.1698940599
3414.1000656675
3363.9925609246
3339.3416748231
3327.0840532144
3290.58049228
3242.5313275401
3218.9564192885
3207.233318134
3172.3195608267
3126.3583912212
3103.986965048
3092.8613545122
3059.7232182644
3016.0906900808
2994.5747193552
2983.874360221
2952.0021486309
2910.0348183473
2889.4015821127
2879.13988975
2848.5729629371
2808.3212760438
2788.5932382599
2778.7812495911
2749.5519472605
2711.0572524065
2692.1623353954
2682.7643172835
2654.7666507967
2617.8904178767
2599.7515520861
2590.7293033721
2563.8499906328
2528.4442197596
2511.0677025613
2502.4242767324
2476.672102094
2442.7476425621
2426.1187033511
2417.846731814
2393.199656274
2360.7272783575
2344.8031149328
2336.8813588884
2313.2763092057
2282.1733973095
2266.8967435093
2259.296806615
2236.6495317132
2206.8059118911
2192.1760689273
2184.8975574542
2163.2067010724
2134.6201634304
2120.5671685781
2113.5754023184
2092.7381169801
2065.2742802125
2051.8042644793
2045.1022370311
2025.1272191698
1998.7970250474
1985.8707808047
1979.4390398909
1960.2685332951
1934.9963579414
1922.5886033548
1916.4145933526
1898.0112693969
1873.7481214918
1861.8230721511
1855.8890376623
1838.2001724825
1814.8770038782
1803.4184593544
1797.7163448586
1780.7179492968
1758.3031841494
1747.2804895321
1741.7950816767
1725.4419680874
1703.8763995009
1693.2679054021
1687.9884522764
1672.2486536306
1651.4903250405
1641.2797286152
1636.1981277018
1621.0475305262
1601.0647387237
1591.2259935444
1586.3293164899
1571.7295119254
1552.4719129044
1542.9871198402
1538.2664753101
1524.1910203942
1505.6238901548
1496.4737312125
1491.919525741
1478.3399000518
1460.4258113454
1451.5908629246
1447.1934515067
1434.0809850207
1416.782322702
1408.2469578694
1403.9985774411
1391.3301809817
1374.6166212592
1366.3634129094
1362.2554091868
1350.0053550632
1333.843137143
1325.8795621776
1321.9156218248
1310.0947649417
1294.4978898431
1286.7673429789
1282.9193986542
1271.4444699812
1256.3040640024
1248.8009782941
1245.0662560675
1233.928971828
1219.2340781435
1211.9596051475
1208.3386605851
1197.5406075327
1183.2931580532
1176.2321743586
1172.7174984448
1162.2363585885
1148.4070785334
1141.5454579229
1138.1300367762
1127.9449637896
1114.5065088844
1107.8307984433
1104.5079528811
1094.5990967776
1081.525433269
1075.0230123688
1071.7864767632
1062.1352179396
1049.4019288223
1043.0636308514
1039.9088521574
1030.5016515541
1018.0909619357
1011.9055478673
1008.8269472181
999.64722945616
987.5374108054
981.49454505957
978.48699253328
969.51951802612
957.69059731873
951.78012373614
948.83857971083
940.06838207271
928.50075574874
922.71278053181
919.83233694041
911.24484589027
899.91944171793
894.24470255944
891.42076588455
883.00235000287
871.9013363808
866.33029364742
863.55813496037
855.29476941934
844.39981957031
838.92325324371
836.19830417657
828.07644874153
817.36988849261
811.97842524286
809.2960441264
801.30195185745
790.76586155391
785.44930055644
782.80443924447
774.92317245043
764.53811045562
759.28545636413
756.67267752453
748.88816277705
738.63324591699
733.43112267175
730.84381629786
723.13653193028
712.98643931736
707.81689791763
705.24619980854
697.58998897733
687.51084488738
682.34702159559
679.77967237184
672.13543816267
662.07667608635
656.87081147652
654.28324916669
646.58156011569
636.45348113362
631.10139875376
628.44225867581
620.53187577214
610.13936957911
604.29701407165
601.3968483842
592.77959639934
581.48169274486
574.99058704435
571.77225740966
562.2249477883
549.74272593495
545.91431679884
536.79639258951
536.58779356026
534.64096230178
528.84274699465
521.20949238827
519.95046400448
518.2556845849
513.20441942917
506.54590146449
503.56338723296
502.07872181291
497.65093778961
491.80790837599
489.14459489079
487.81835148459
483.86115796904
478.63479004111
476.23736121686
475.04315365339
471.47846861189
466.76713067224
464.60951104371
463.53444411481
460.32414615694
456.07830816581
454.14371688758
453.17950065901
450.29911780607
446.48706598703
444.76744507077
443.91011978068
441.34804668547
437.95493721465
437.41921089322
436.66670239843
434.41693553065
431.43526695075
431.37567373102
430.74160285486
428.84497689475
426.32912685629
424.95218833664
424.26538761463
422.21163835346
419.48876269533
418.01343531515
417.27771846548
415.07832822262
412.16383048996
410.58914520021
409.80405998661
407.45779992841
404.35033610933
402.63261993486
401.77650010353
399.21904749399
395.83441614702
393.88720824138
392.91719921679
390.02148156574
386.19369471166
383.91307930264
382.77782694693
379.39217239578
374.92450355481
372.16969496453
370.79989038712
366.7206528447
361.35139229255
358.28623925142
356.76342647371
352.23371262458
346.28343194187
342.7173180102
340.94805641921
335.69488590361
328.81634735256
324.40724151418
322.22490890659
315.765602154
307.35416182188
302.12504627169
299.54394524928
291.9321951056
282.08322321418
274.72613548871
271.11986305403
260.58260149212
247.16721065038
241.47124818623
232.10174033444
227.54351850908
225.29808754068
218.69387181824
210.18840745831
204.51110810217
201.7302248149
193.61240753462
183.29451602232
177.53484598563
174.72324032913
166.55277732037
156.25004588301
151.39581725271
149.0255515163
142.13509429217
133.44084095952
129.34565683637
127.34543762667
121.52846435708
114.18371604523
110.70794286659
109.00993596581
104.07058511358
97.831162609274
94.868941911826
93.421637952751
89.210862929555
83.890238037309
81.358894696179
80.122011865621
76.52304887417
71.974638679256
69.807398289703
68.74837403882
65.66672677641
61.771662325823
59.913432002804
59.0053854802
56.362988862153
53.022943753494
51.427894091744
50.648453959127
48.3802992979
45.513303966108
44.143142351279
43.473608077247
41.525321929198
39.062746357813
37.885286483361
37.30993360398
35.63577257939
33.519828247182
32.507825201106
32.013339543182
30.574557278442
28.756262635078
27.886506827285
27.461544111878
26.225118840327
24.662711151677
23.915335280007
23.550183854185
22.487842320133
21.145555760461
20.503498759566
20.189818366633
19.277278417048
18.124392821307
17.572974896149
17.30358932667
16.519957746339
15.530040157591
15.056616954423
14.82534515159
14.152626563322
13.302911313556
12.896586353276
12.698101882032
12.120789773451
11.391661461912
11.043043295251
10.872755618982
10.377486650683
9.7520427163025
9.4530377626909
9.3069909419653
8.8822498950934
8.3459270690113
8.0895617962233
7.9643475249907
7.6002139695597
7.1404674617692
6.9207351978533
6.8134178827046
6.5013479149524
6.1073749823084
5.9191036836277
5.8271557719585
5.5597936083883
5.2222949345722
5.0610329281035
4.9822790282869
4.7532942177157
4.4642677492002
4.3263450750334
4.2589899678588
4.0631513532252
3.8159690798337
3.6977592766479
3.6400347429751
3.4722118164132
3.260421807059
3.1592699568896
3.1098769916925
2.966283344848
2.7850854988559
2.6985566053733
2.6563055639927
2.5334803014833
2.3785020742213
2.3045030819601
2.2683714478284
2.163340146343
2.030824197406
1.9675580159209
1.9366679042207
1.8468770344718
1.7335980829982
1.6795223516062
1.6531203509834
1.5763785860384
1.4795691535426
1.4333606430738
1.4108004143695
1.3452279701962
1.2625142969962
1.223038203695
1.2037654710784
1.1477504158236
1.0770972013769
1.0433806753778
1.0269202881285
0.97908088222848
0.91874366027771
0.8899529918267
0.87589777462189
0.83505001967108
0.78353412676748
0.75895509844231
0.74695624953527
0.71208594451607
0.66811119265208
0.64713216087059
0.63689098461863
0.60712966756077
0.56959993359802
0.55169727238931
0.54295806654321
0.51756231810306
0.48553938625102
0.47026496513228
0.46280890245327
0.44114254426162
0.41382361046872
0.4007940289417
0.39443389741974
0.37595268974022
0.35265102702956
0.34153836349436
0.33611404673235
0.32035254047715
0.30048088851467
0.29100475505979
0.28637935084454
0.27293959690929
0.25599589972087
0.24791661825458
0.243973105135
0.23251495861502
0.21807011868706
0.21118286497096
0.20782124179653
0.19805404244234
0.18574141426918
0.17987119693944
0.17700603035655
0.16868146991268
0.15818785319877
0.15318520429119
0.1507435239213
0.14364952519874
0.13470743688024
0.13044471985302
0.12836421513006
0.12231968856037
0.11470074322597
0.11106899080792
0.1092964666355
0.10414681965462
0.097656060825595
0.094562261884463
0.093052313698912
0.088665598545741
0.083136636808138
0.080501420230935
0.079215302909184
0.075478927894032
0.07076978990813
0.068525434269447
0.067430090266823
0.064247994508595
0.060237558099663
0.058326296345691
0.057393527831418
0.054683774390154
0.051268731094821
0.049641292705508
0.048847049779126
0.046539756712752
0.043632001756046
0.042246375196127
0.041570151576155
0.039605735068643
0.037130150323202
0.035950514413824
0.035374825753023
0.033702483996537
0.031595025947583
0.030590846505853
0.030100789290179
0.028677220186333
0.026883301950966
0.026028553833064
0.025611425593565
0.024399723000216
0.022872822309115
0.02214532565503
0.021790300934902
0.020759012963798
0.019459484545745
0.018840343742338
0.018538200147975
0.017660532781252
0.016554603495419
0.016027715434272
0.01577059367801
0.015023713798141
0.014082604526259
0.013634255610929
0.01341546267859
0.012779925655446
0.011979128571491
0.011597637443482
0.011411472248469
0.010870715519949
0.010189356008617
0.010151200065644
0.010132175706994
0.010075316287956
0.0099999997764826