0.9993100349485612
0.999285450563096
0.9992731577977261
0.9992362794197266
0.9991871063421726
0.9991809869337411
0.9991753377472663
0.9991741184083756
0.9991687184739609
0.9991661673778308
0.9991648918232292
0.9991610651573177
0.999155962917512
0.9991530625785476
0.9991516124007481
0.9991472618648644
0.9991414611257143
0.9991385635470804
0.9991371147492664
0.9991327683533716
0.999126973134221
0.9991239177479113
0.9991223900453822
0.9991178069350887
0.9991116960941752
0.9991085322724933
0.9991069503517035
0.9991022045864864
0.9990958768705239
0.9990862800050154
0.9990814814847963
0.9990670859079666
0.9990478915264523
0.999044898094353
0.9990380467178211
0.9990346209843111
0.9990243437746272
0.9990106406858708
0.9990074137532999
0.9990035282177044
0.9990015854350678
0.9989957570833198
0.9989879859033604
0.9989834498486121
0.9989811818013281
0.9989743776546708
0.9989653053972429
0.9989608713951882
0.9989586543746478
0.998952003308331
0.9989431351617366
0.998938594731236
0.9989363244959443
0.9989295137852682
0.9989204327762983
0.9989150614316263
0.9989123757313813
0.9989043186243374
0.9988935757280858
0.9988880376502658
0.9988852685814286
0.9988769613683186
0.9988658849923268
0.9988600479884608
0.998857129453605
0.9988483738418207
0.9988366995906918
0.998830054168708
0.9988267314152861
0.9988167631462207
0.998803471987619
0.9987962086860199
0.9987925769845272
0.9987816818698556
0.9987671548902259
0.9987601017200958
0.9987565750868957
0.9987459951776118
0.9987318884815052
0.998725290472485
0.9987219914259172
0.9987120942775447
0.9986988979478084
0.998690680386206
0.9986865715405253
0.9986742449910974
0.9986578093858592
0.9986496921970675
0.9986456335389997
0.9986334575525952
0.9986172227047078
0.9986076698548001
0.9986028933428356
0.9985885637910252
0.9985694574415357
0.9985595120044403
0.998554539190401
0.9985396207310503
0.9985197291511478
0.9985179275146796
0.998513717562015
0.9985010876910292
0.9984842476463436
0.998473200755711
0.9984676771934835
0.9984511064859931
0.9984290118381429
0.9984159524231191
0.9984094225538764
0.9983898329188743
0.9983637128832719
0.9983622634055195
0.9983459550090655
0.9983242101199423
0.9982887071995084
0.9982709545457757
0.998217696414378
0.9981466816580123
0.9981259732847492
0.9981133995258648
0.9981071124962823
0.9980882513816617
0.9980631027417012
0.9980504380375044
0.9980441055313263
0.9980251079865913
0.9979997774339665
0.9979870371611423
0.9979806668693659
0.9979615559683325
0.997936074262391
0.997930556847218
0.9979245010309423
0.9979063335583538
0.9978821098095467
0.9978701778667954
0.9978642117585822
0.9978463134103053
0.9978224485102508
0.9977781401057526
0.9977559840456132
0.9976895156112714
0.9976008848715391
0.9975881629284027
0.9975776917479884
0.9975462781427374
0.9975043919721126
0.9974852407203111
0.9974756647424599
0.9974469367550766
0.9974086316312611
0.997391157337071
0.997382419896545
0.9973562075298424
0.9973212567547001
0.9973026451445154
0.9972933390062432
0.9972654205396981
0.9972281948462487
0.9972101673243383
0.9972011532536011
0.9971741109925547
0.9971380536397336
0.9971192627843969
0.9971098670202553
0.9970816796756877
0.9970440954518172
0.9970223683490634
0.9970115043468676
0.9969789122715023
0.9969354547083245
0.9969139116372142
0.996903139659944
0.9968708236603845
0.9968277342315695
0.9968035377993307
0.9967914390302649
0.9967551426409919
0.9967067456338758
0.9966807229078145
0.9966677109003449
0.9966286747795113
0.9965766245435294
0.9965497291504154
0.9965362807767197
0.9964959355520437
0.9964421397044062
0.9964166640546623
0.9964039256248024
0.9963657102436045
0.9963147543859466
0.9962701892377325
0.9962479047849949
0.9961810511636127
0.9960919067904537
0.9960480019023465
0.9960260476219823
0.9959601845214991
0.9958723610893409
0.9958297012780477
0.9957630358376031
0.9957313910640962
0.9957155677304121
0.9956680975847928
0.9956048009823498
0.9955686440674949
0.9955505643846071
0.9954963251539555
0.9954240021363056
0.9953896434709273
0.9953724630260175
0.9953209215333846
0.9952521958261645
0.9952184666121792
0.9952016009092407
0.9951510036386374
0.9950835371026187
0.9950454080599728
0.995026342172026
0.9949691443107058
0.9948928759587465
0.9948491668646462
0.9948273105057313
0.9947617411694287
0.9946743094155068
0.9946298722898309
0.9946076518457305
0.9945409902544893
0.9944521019635427
0.994408940476305
0.9943873579618738
0.9943226101613375
0.9942362739973112
0.9941855989965862
0.9941602590848362
0.9940842389990576
0.9939828708717188
0.9939355774959141
0.9939119286846965
0.993840981936422
0.9937463793591534
0.9936854499584272
0.9936549817746807
0.9935635767038582
0.9934416918761715
0.9933581260781083
0.9933163366577534
0.9931909674997796
0.9930237867515866
0.9929391746774263
0.992896861859175
0.99276992244863
0.992600647543228
0.992574098563798
0.9925379889248708
0.9924296593284153
0.9922852036046097
0.9922674741524926
0.9922351288081054
0.9921380922050014
0.9920086971665351
0.9919420994864829
0.9919087965163189
0.9918088870079811
0.9916756605569247
0.9916092513046628
0.9915760425378175
0.9914764156547122
0.9913435660746998
0.9912696185042176
0.9912326395705735
0.9911217020497819
0.9909737682750139
0.9909033019390053
0.9908680640697349
0.9907623498119602
0.990621381940202
0.9905449676255881
0.9905067549544078
0.9903921161599433
0.9902392462903392
0.9901608048113194
0.9901215783008204
0.9900038979169831
0.9898469718719576
0.9897451886673309
0.9896942874588215
0.9895415824734471
0.9893379433948838
0.9892151161370122
0.989153688307677
0.9889694028228279
0.9887236416958148
0.9886919044327078
0.9886341101617314
0.988460725509205
0.9882295049111202
0.9881058460001284
0.9880440024116136
0.9878584696259943
0.9876110447794255
0.9875632591223557
0.9874994914749545
0.9873081864014679
0.9870530620801377
0.986935017696085
0.9868759823319183
0.9866988743561991
0.9864626871698795
0.9863449276500225
0.98628603495017
0.9861093549263653
0.9858737388415555
0.98574543699451
0.9856812708454761
0.9854887701103181
0.9852320516443069
0.985075796921445
0.9849976469320273
0.984763193679528
0.984450513212153
0.9842282012363368
0.984116999230561
0.9837833865147237
0.9833384164709064
0.983258239414425
0.9829120064217032
0.9827432047475496
0.9824862636492678
0.9823294625007276
0.9822510392304648
0.9820157659299265
0.9817019923360255
0.9814969782140972
0.9813944323752217
0.981086788898423
0.9806764685382726
0.9804444888157192
0.9803284495867076
0.979980324228149
0.9795159915740803
0.9792611159803847
0.9791336185697488
0.9787511169664297
0.9782409153412532
0.9779488256666087
0.9778027027554225
0.9773643215697705
0.9767795533502869
0.9767633941959699
0.9766469619892167
0.9762976574821697
0.9758317518552838
0.9755898725888471
0.9754688795453242
0.9751058917093618
0.9746217289643815
0.9742765516835414
0.9741038546911082
0.9735857463387193
0.9728945686320245
0.9728375692776563
0.9726133699803753
0.97194074253691
0.9710432905423232
0.9706016506651717
0.9703806538469413
0.9697176337581676
0.9688330124636771
0.9686641256385499
0.9680701379619113
0.9677952949132158
0.9676578053458991
0.9672453248951677
0.9666951219285939
0.9664180682511042
0.9662794727761055
0.9658636742769944
0.9653090434020074
0.9649463977207156
0.9647649573574569
0.9642206152331013
0.9634944277900388
0.9631287385375907
0.9629457749286569
0.9623968625506129
0.9616645741953692
0.9612851519679526
0.9610953127043776
0.9605257714595683
0.9597659483975137
0.9592679582649238
0.959018743873283
0.9582710597653545
0.9572734021860637
0.9566342818605207
0.9563143631141873
0.9553545389022997
0.9540735387611384
0.9532290975014347
0.9528062511026053
0.9515375913402755
0.9498438968547507
0.9492304318039445
0.9480273490486391
0.9477628944602461
0.9473727471467519
0.9462021956000121
0.9446396546598647
0.9441713211831135
0.9430402717288262
0.9424260824372809
0.9421186655509134
0.9411963436251071
0.9399654627073144
0.9391649936605397
0.9387642146900089
0.9375617547473835
0.9359565778439174
0.9358922708832224
0.93498161392152
0.933766323266013
0.9330079731141532
0.9326283164157898
0.9314892300083613
0.9299687565088831
0.9290312597845772
0.928561779388772
0.927153155868144
0.9252724183087585
0.9243982083063632
0.923960472841832
0.9226471014439667
0.9208937110970267
0.9197868777595879
0.9192324614795334
0.9175689403080536
0.9153473501932701
0.9138778378303692
0.9131413408946492
0.9109313523082636
0.9079784335277747
0.9075827427275327
0.9057761741279444
0.9033632530868396
0.9030904704654213
0.9013285506499034
0.8989753820580269
0.8977948684091068
0.8972035243194906
0.895429123479695
0.8930592635751852
0.8919421019581446
0.8913825548084955
0.8897035671059259
0.887461358996778
0.8862060801157281
0.8855772394033484
0.883690262029836
0.8811697967606209
0.8800295542615312
0.8794584472517686
0.8777447306147907
0.8754560729392329
0.8742036668840073
0.8735762895009274
0.8716936592626384
0.8691790106901355
0.8675898154695763
0.8667933445600068
0.8644030926130076
0.8612088375677918
0.8608332021433218
0.8600881683467593
0.857852292118121
0.8548647524920298
0.8534975418883675
0.8528125584346927
0.850756914335274
0.8480106357901411
0.8466512444312343
0.845970192786585
0.8439263162393412
0.8411957386366983
0.8398811378441611
0.8392225680391131
0.8372461494937538
0.8346058064379691
0.8330457308119977
0.8322639028803404
0.8299173717140838
0.8267813138879742
0.8251731040287323
0.8243670720507822
0.8219477989680605
0.818714117519878
0.8171886241153804
0.8164241152911375
0.814129468937976
0.8110625828596839
0.8094435620657688
0.8086320351384493
0.8061961248149233
0.8029397037234675
0.8014418118322315
0.8006910908234103
0.7984377284666271
0.795425711696058
0.7938712573796171
0.7930920722771989
0.7907531612627838
0.7876262099611365
0.7860136580983479
0.7852052040687709
0.782778310104172
0.7795330463267099
0.7780013734582946
0.7772334920883827
0.7749283998845435
0.77184612095645
0.7702440872808072
0.7694407498010378
0.7670290813907169
0.7638034484886077
0.762215750204918
0.7614195174257045
0.7590291215399991
0.7558315935798151
0.7542219061071089
0.7534145021557084
0.7509904732922175
0.7477473318732631
0.746121563661149
0.745305944953054
0.7428571628394093
0.7395802808705852
0.7379483596602883
0.737129513635724
0.7346709641955841
0.7313804417468187
0.729720487106513
0.7288873881072299
0.7263859393167835
0.7230372313969671
0.7213741384776795
0.72053931840393
0.7180326312107702
0.7146763454828056
0.7129977464722902
0.712154975882642
0.7096243317280061
0.7062353104281646
0.7045537112055683
0.7037092982027013
0.701173660188493
0.6977774397989495
0.6960675717382705
0.6952087835815661
0.6926298843862566
0.6891750078497391
0.6874383153560085
0.6865658872324475
0.6839459386847219
0.680435420744661
0.6786988905998409
0.6778264617738416
0.6752064700832181
0.6716956129209275
0.6699542941427823
0.6690793991114036
0.6664519601984592
0.6629309061557754
0.6611594180959036
0.6602692778073869
0.6575959803135484
0.6540131121947378
0.6522246599783841
0.6513259803409049
0.6486269903371743
0.6450096237618861
0.6431963764852254
0.642285255131844
0.6395488460887143
0.6358813577234076
0.634057196912485
0.6331406999244131
0.6303881223548989
0.6266993404499325
0.6248682979136189
0.6239485237810255
0.6211860922366955
0.6174847286202825
0.6156335135119175
0.6147038245477546
0.6119115858325899
0.6081709998505301
0.606314319491396
0.6053822057953858
0.602582682119618
0.5988334242216024
0.5969717762719677
0.5960375603188807
0.5932317214794003
0.5894753163713959
0.5875992625752816
0.5866582674476041
0.5838320500145621
0.5800498316598511
0.5781698257461977
0.5772273895480526
0.5743968387884372
0.5706105987411044
0.5687330640545037
0.5677924845552136
0.5649675086043987
0.5611907413765944
0.5593131651918611
0.5583732462073344
0.5555502393154156
0.5517782945759933
0.5499024763898758
0.5489641849896647
0.5461460427209556
0.5423829780557472
0.5405146251752218
0.5395808762023022
0.5367763476587191
0.533034015437447
0.5311789388345344
0.5302526819376973
0.5274706187626583
0.5237609479934012
0.5219213508125213
0.5210037212488247
0.5182475178896272
0.5145751101701311
0.5127548594824023
0.5118478111884939
0.5091233218608292
0.5054960208437974
0.5036991486146503
0.5028047042300505
0.5001179884900573
0.4965438668757525
0.4947708354312825
0.4938892391804088
0.4912410073670937
0.4877210102581366
0.48597684822775955
0.4851105979169973
0.4825083363322411
0.47905236846793287
0.4773403896818642
0.4764911232185098
0.4739397320042727
0.4705542363259475
0.4688767480309409
0.4680456010076889
0.46554846900426866
0.46223787341405
0.4605993630394859
0.45978853623693816
0.4573522569001492
0.4541251963855744
0.4525263128149562
0.4517361212207234
0.4493616140052746
0.4462192465996275
0.44466354874163966
0.44389573320580045
0.4415882075340188
0.43853733511246484
0.4370264463168192
0.4362818030586686
0.4340436247084904
0.43108732036878455
0.4296226327962779
0.4289018523794362
0.4267350667543775
0.4238760028870572
0.42246006418410503
0.42176440336240123
0.4196727586648831
0.4169158460014458
0.41555026546845136
0.4148805314678314
0.4128664190770773
0.41021480913608355
0.4089011414311295
0.4082581225538955
0.40632387241840834
0.40378065204125074
0.40251758201655624
0.4019007051620318
0.40004453294506154
0.3976074903262711
0.3964004200409099
0.3958123320955429
0.394042160844937
0.391721649849739
0.39057648873097284
0.39002004749385166
0.3883444452366862
0.38615156363280184
0.3850613552337824
0.3845333411320441
0.3829425011902926
0.38086476347428533
0.3798356271970295
0.379339013173302
0.37784183155344087
0.37589076705235597
0.37492423810645215
0.37445982658439
0.3730586317033981
0.3712373203330444
0.37033498470707576
0.36990360679317974
0.3686008018237517
0.366912412122309
0.3660750796572774
0.36567722256111107
0.36447414736274075
0.362920519051721
0.362151222639183
0.3617883893985355
0.3606894607566487
0.3592762776828692
0.35857632822511915
0.3582492459768446
0.3572565001177368
0.3559864584827654
0.35535786175923667
0.35506758013724843
0.3541840156689857
0.3530610061031612
0.3525058102923046
0.352253405276523
0.35148207926195124
0.3505100533936365
0.35003017288879607
0.3498166790524056
0.34916048970830393
0.3483432108824304
0.3479407973947013
0.34776736656286095
0.34722954057287386
0.34657116703105845
0.34624833015058293
0.3461161238717093
0.34569987079260706
0.34520455762631025
0.3449635609676297
0.34487383745664635
0.3445826108241555
0.34425482292333137
0.3440980732934696
0.3440521943334918
0.34388969676959685
0.3437342272874484
0.34366433287242043
0.343663806032127
0.3436340956044127
0.3436562137201203
0.3436760951120113
0.343722643552737
0.3438303168683075
0.34403601075954926
0.34414907839190284
0.3442447695219463
0.34449529148763747
0.3448917349573375
0.34510228526748954
0.345249792112724
0.34565018456416097
0.34624668602100966
0.3465607719175557
0.3467639570670535
0.3473243376013926
0.348134481445409
0.34856213378353257
0.34882754079572137
0.34956505727935694
0.3506121809669168
0.35117456575930384
0.3515163043112404
0.35246796834399413
0.3538030784757915
0.35457170450275627
0.3550392461948308
0.3563341386631233
0.3581371967751084
0.3591227060484098
0.35971866647779
0.36136220175439027
0.3636286676469614
0.3642648335797277
0.36602709480371315
0.36611436657081514
0.3665353587245372
0.3677295891121695
0.3693471926919287
0.3696183372970224
0.37001274671399265
0.3711371398681912
0.37265370403563497
0.3733313549641088
0.3736999705360118
0.37475517788344975
0.37617354002925746
0.37681823156448796
0.37716609045388194
0.3781647866483962
0.3795037847398886
0.3801122748334729
0.38043830753519703
0.3813768144987973
0.38263262794261294
0.3832008160027985
0.38350333901894385
0.3843764344759157
0.38554295128241006
0.3860665961497463
0.3863437580459857
0.38714582465392694
0.38821625826740247
0.38841528110460605
0.3886658442691368
0.389393036927386
0.39036290267571927
0.3904790471293429
0.3907003921164808
0.3913449142543664
0.39220419795909384
0.39259760864079263
0.3928028775877349
0.3934015958151155
0.3941995748620792
0.3946326559655032
0.39485973989987017
0.3955199554692559
0.3963995248806961
0.3968650525402758
0.3971101213056355
0.39782060734717817
0.39876683859736217
0.3992706201523821
0.3995371814437165
0.4003073649308085
0.4013328915794207
0.4018941030541494
0.4021933980346904
0.4030539125673389
0.4041996371033913
0.4048524840083088
0.40520509064692367
0.4062112110272669
0.4075509297480691
0.40833734713489317
0.4087701498704352
0.4099918258330762
0.41161916142533145
0.4125601635638957
0.4130896538340719
0.4145661019799103
0.41653420172389294
0.41762885639062314
0.41825824446433035
0.4199930884364293
0.4223071485778319
0.4236496178541873
0.42444724319313476
0.4266081117921547
0.42948780646583423
0.4312556054680778
0.43236209314735247
0.43527810406260653
0.43914416090634156
0.4414342501708076
0.44294706050135535
0.446813529841131
0.4518820401338981
0.4557016223094047
0.45876293379698035
0.46593720021578544
0.4748179995916481
0.47739427503184056
0.4839424406253379
0.4872639705218984
0.4896327256763378
0.4953090878824768
0.5024026856914893
0.5064197643601445
0.5096367658383385
0.5169133422980128
0.5255459654805925
0.5298171230631052
0.5333166039669014
0.540936004303976
0.5496424654364898
0.553712238231765
0.5570834058797136
0.564228519508815
0.5722332283885614
0.5759577278696356
0.5791870699593143
0.585834589011526
0.5931402724671078
0.5965284066303037
0.5996271166284755
0.6058127638801181
0.6124804842333332
0.6155627640718487
0.6185477026065138
0.6243240742863173
0.6304306159178389
0.6332445609323235
0.6361343377461831
0.641558901134902
0.6471830662825266
0.6497664593693374
0.6525789202173938
0.6577064313058963
0.6629207906919105
0.6653078768994418
0.6680587136626166
0.6729371850105047
0.6778040704737677
0.6800238896807299
0.6827261004227515
0.6873953300684312
0.6919657400077719
0.6940418122441411
0.6967056925437374
0.701197348001578
0.7055115402771016
0.7074622838002698
0.7100956964378008
0.7144341916265917
0.7185230787078294
0.7203625474791248
0.7229713035499274
0.7271749777292413
0.7310617735961217
0.7328004714238091
0.7353887264972101
0.7394710469377922
0.7431728652126462
0.7448185110746375
0.7473891280311334
0.7513597797369348
0.754889043956128
0.7564472347440091
0.7590020939540663
0.7628679041306903
0.7662335247182934
0.7677082814703348
0.7702485348392963
0.7740142252787702
0.7772225466661299
0.7786167501963083
0.7811430232999876
0.7848118054971782
0.7878673488659554
0.7891830790226659
0.7916956285835006
0.7952696645793693
0.7981756989136013
0.7994144938895188
0.8019133284129886
0.8053940815405793
0.8081530554088724
0.8093161067368775
0.8118010775315098
0.8151895751835322
0.8178034381254085
0.8188917350059783
0.8213626037548596
0.8246596310186673
0.8271300688215253
0.8281445031308878
0.8306009909980365
0.8338072305320958
0.8361358341479107
0.83707727531065
0.8395190974376396
0.8426352277646545
0.844823611613939
0.8456929586823438
0.8481198468647028
0.8511466084614897
0.8531964905701567
0.8539964836301228
0.8564042863683362
0.8593386347108435
0.8612520774641349
0.8619781665111897
0.864374209546985
0.8672246754410854
0.8690035255051367
0.8696628519983612
0.8720432128572295
0.8748071068803426
0.8764536900789033
0.877045339948144
0.8794098970848002
0.8820884807024258
0.8836052813505373
0.8841305780696194
0.8864793143274751
0.8890740486185856
0.890463740223712
0.8909241266635339
0.8932570830303788
0.8957695763072113
0.8970350107452678
0.8974320157009577
0.8997492881082737
0.9021812841731552
0.9033254746868801
0.9036607033046715
0.9059624391114071
0.9083158038416427
0.9093419055122939
0.909617029092499
0.9119034229366372
0.9141801294790607
0.915091418398356
0.9153081636398563
0.9175794529848292
0.9197815663729195
0.920581418266137
0.920741556456602
0.9229980169931102
0.9251276786459237
0.9258195476736418
0.9259248840932015
0.9281668250271916
0.9302262374415203
0.9308136356364392
0.9308659992392637
0.9330937587760799
0.9350851708649571
0.9355716485112923
0.9355728822282189
0.9377868231347793
0.9397125163343232
0.9401016433809796
0.9400535951253055
0.9422541005437264
0.9441163756790576
0.9444117248594408
0.9443162389580902
0.9465037085104313
0.9483048739015918
0.9485100047553252
0.948368914705741
0.9505437605709467
0.9522861208170978
0.9524045657061567
0.9522196869562087
0.9543823307007541
0.9560681767729502
0.9561034282050884
0.9558765519584871
0.9580274215145536
0.9596590221007645
0.9596145211187014
0.9593474096926676
0.9614869359561974
0.9630665289736058
0.9629456558169419
0.9626400366029296
0.9647686520073697
0.9662984384218468
0.9661045037042216
0.9657620664614522
0.9678802016268218
0.9693623391498469
0.9690985761375797
0.9687209689478861
0.9708290516675907
0.9722656498591533
0.9719352092148648
0.9715240367677217
0.9736224886021573
0.9750156036763705
0.9746215486887131
0.9741783671935939
0.9762676048296544
0.9776192379067562
0.9771645396077251
0.9766908588351879
0.9787712897371847
0.9800833823501013
0.9795709180225833
0.9790681958160855
0.9811402201520788
0.9824146535013122
0.9818472030129743
0.9813168511399023
0.983380855009086
0.984619446834916
0.9839996906456895
0.9834430631801159
0.9854994303229377
0.9867039378279976
0.9860344567939808
0.9854528668141731
0.987501959845651
0.9886740701439903
0.9879573535235848
0.9873520496490167
0.9893942279335325
0.9905355692428311
0.9897740007009593
0.9891461946442199
0.9911817964494344
0.9922939306518038
0.9914897942929733
0.9908406354246106
0.9928700017485501
0.9939544297168914
0.9931099191282503
0.992440519222044
0.9944639620582345
0.9955221165543331
0.9946393291640167
0.9939507420277653
0.9959685717166423
0.9970018298412753
0.9960827706346269
0.9953760204171711
0.9973885169901081
0.9983981819718672
0.9974447751979394
0.9967207983310868
0.9987282651002632
0.9997156041429349
0.9987296567269905
0.998148087773018
0.999993624730059
1.0008747515112266
0.9999999996379128