0.9993393045778741
0.9993147279610068
0.9993024390806852
0.9992655723608922
0.9992164148347084
0.9992102973621194
0.999204649962827
0.9992034310097005
0.9991980327837268
0.9991954824947489
0.999194207343732
0.9991903818886065
0.9991852812632587
0.9991823818420608
0.9991809321231548
0.9991765829639948
0.9991707840605748
0.9991678873989631
0.9991664390596707
0.999162094039383
0.9991563006544739
0.999153246235266
0.9991517190162995
0.999147137356741
0.9991410284502503
0.9991378656301418
0.9991362842101509
0.9991315399473821
0.9991252142348013
0.9991156204079488
0.9991108234071725
0.9990964323891376
0.9990772440870992
0.9990742516032173
0.9990674023970805
0.9990639777488263
0.999053703795148
0.9990400050482844
0.9990367791382679
0.9990328948339703
0.9990309526670013
0.9990251261623332
0.999017357445324
0.9990128228282947
0.9990105554998955
0.9990037535099974
0.9989946841284901
0.9989902515321172
0.9989880352144422
0.9989813862568213
0.9989725209220525
0.9989679819312844
0.9989657124158847
0.9989589038649892
0.998949825735969
0.9989444560948882
0.9989417712464751
0.9989337166950728
0.9989229772066823
0.9989174408857951
0.9989146726954624
0.998906368118022
0.9988952952566177
0.9988894601050182
0.9988865424963382
0.9988777896632542
0.9988661191174601
0.9988594758048863
0.9988561541062244
0.9988461890016633
0.9988329020629207
0.9988256410676125
0.998822010519331
0.9988111188645605
0.9987965964987541
0.9987895455689798
0.9987860200560197
0.9987754435077082
0.9987613412934848
0.9987547453809563
0.9987514473826888
0.9987415533794385
0.9987283612437108
0.9987201462940654
0.9987160387544475
0.9987037161235514
0.9986872857438185
0.9986791711361082
0.9986751137686636
0.998662941654463
0.9986467119702918
0.9986371621591927
0.9986323871667465
0.9986180621739553
0.9985989619042348
0.9985890196323065
0.9985840484009743
0.9985691346902479
0.998549249443013
0.9985474483801833
0.998543239767966
0.9985306139186834
0.9985137792371059
0.9985027358651101
0.9984972140623534
0.9984806486338974
0.9984585610262018
0.9984455057731144
0.9984389779850531
0.9984193945944645
0.9983932828867639
0.9983918338712137
0.9983755306755391
0.9983537927221859
0.9983183011291212
0.9983005541406496
0.9982473130114744
0.9981763209396699
0.9981556191843177
0.9981430494443839
0.9981367644244747
0.9981179093396829
0.9980927687413682
0.9980801080876633
0.9980737776069326
0.9980547861393596
0.99802946369152
0.9980167274958615
0.9980103592428716
0.9979912544590285
0.9979657809112663
0.9979602652628292
0.9979542113857535
0.997936049731516
0.9979118337422516
0.9978999056223269
0.9978939414257059
0.9978760488129345
0.9978521915619117
0.9978078973638478
0.9977857484093909
0.9977193013021742
0.9976306990219693
0.9976179811659655
0.9976075133498401
0.9975761098397103
0.9975342371344703
0.9975150920412089
0.9975055191430897
0.9974768003967884
0.997438507598788
0.9974210389290408
0.9974123043011213
0.9973861003738094
0.9973511608548302
0.997332555240268
0.9973232521002438
0.9972953426302267
0.9972581289362837
0.9972401072270553
0.9972310960630689
0.9972040625239511
0.9971680168042512
0.9971492320130398
0.9971398392814068
0.9971116610361868
0.9970740889490017
0.997052368864446
0.9970415083719458
0.9970089268281052
0.9969654833126104
0.996943947207573
0.9969331787139262
0.9969008731676368
0.9968577976820748
0.996833609082164
0.9968215142300032
0.996785229594476
0.9967368482660417
0.996710833973437
0.996697826183554
0.9966588027189879
0.9966067693661605
0.9965798827003401
0.9965664386912095
0.9965261065639798
0.9964723281882994
0.9964468608158642
0.9964341265254836
0.9963959235660927
0.9963449842786533
0.996300433629471
0.9962781564287758
0.9962113245738465
0.9961222092465647
0.99607831867348
0.9960563715530832
0.9959905299425439
0.9959027351869254
0.9958600893139039
0.9957934456666474
0.9957618112430066
0.995745993085535
0.9956985384737828
0.9956352625952866
0.9955991175244453
0.9955810437652379
0.9955268223124639
0.9954545230145015
0.9954201756236746
0.9954030008175534
0.9953514762474702
0.9952827731179819
0.9952490549903807
0.9952321948320938
0.9951816142014129
0.9951141698657916
0.9950760533764211
0.9950569937669809
0.9949998147488183
0.9949235715387745
0.9948798768620568
0.9948580277142928
0.9947924800214978
0.994705077148894
0.9946606547117927
0.9946384416145261
0.9945718020741983
0.9944829432086068
0.994439796018845
0.994418220655559
0.9943534943182988
0.9942671867947892
0.994216528616109
0.9941911971187062
0.9941152022895624
0.9940138678692503
0.9939665902311241
0.9939429492916474
0.9938720261704593
0.9937774551234786
0.993716546045825
0.9936860880284422
0.9935947134764467
0.9934728693862993
0.9933893315470846
0.9933475561152603
0.9932222289601185
0.993055104302073
0.992970520651391
0.9929282220542446
0.992801325345329
0.9926321074643013
0.9926055674378145
0.9925694699776946
0.9924611769456503
0.9923167700392991
0.9922990465840085
0.9922667121809906
0.9921697084245096
0.9920403572337515
0.9919737821433968
0.9919404904739353
0.9918406148916387
0.9917074337308043
0.9916410470766895
0.9916078496147537
0.9915082566702433
0.991375452397032
0.9913015300714698
0.9912645637675421
0.9911536641655796
0.9910057810180787
0.9909353388238675
0.9909001130321046
0.990794435033887
0.9906535155708931
0.9905771275255572
0.9905389279968111
0.9904243286615393
0.9902715114781481
0.9901930970648121
0.990153884095397
0.9900362443685254
0.9898793726109855
0.9897776246628252
0.9897267410964777
0.9895740890945699
0.9893705207928064
0.9892477362941995
0.9891863298648641
0.9890021086633841
0.9887564334409825
0.9887247072884522
0.9886669332527724
0.9884936093802563
0.9882624699941832
0.9881388545923081
0.9880770327791976
0.987891565405091
0.9876442279718001
0.9875964592236162
0.9875327141463061
0.9873414768742027
0.9870864431661307
0.9869684407856526
0.9869094264424466
0.9867323816081084
0.986496278792436
0.9863785614121091
0.9863196898012033
0.9861430731227461
0.985907541680571
0.9857792860074396
0.9857151429682507
0.9855227116563047
0.9852660859719696
0.9851098878371602
0.9850317661759055
0.984797398047667
0.9844848314037573
0.9842626005702184
0.9841514392051638
0.9838179486966401
0.9833731422584459
0.9832929947553974
0.982946889643572
0.9827781504698277
0.9825213046991778
0.9823645618441423
0.9822861677558075
0.9820509821450882
0.9817373258053153
0.9815323884914424
0.9814298811171456
0.9811223532821589
0.9807121876873752
0.9804802957395414
0.9803643004761068
0.9800163073348072
0.9795521517152503
0.9792973736401377
0.9791699250841436
0.9787875704356076
0.9782775656586833
0.977985589122904
0.9778395229077541
0.977401312329387
0.9768167727937515
0.9768006199850711
0.9766842334602277
0.9763350663316882
0.975869344649405
0.9756275612095944
0.975506616167918
0.9751437727003989
0.9746598032900544
0.9743147644055061
0.9741421367934948
0.9736242373303332
0.9729333398830915
0.9728763637579034
0.9726522557766285
0.9719799035577553
0.9710828215039489
0.970641364860987
0.9704204599674103
0.9697577169160547
0.9688734679486526
0.9687046525580353
0.9681109170221842
0.9678361911307946
0.9676987602640327
0.9672864564149071
0.9667364900793863
0.966459556032715
0.9663210204984174
0.9659054023352208
0.9653510131026051
0.9649885261217842
0.9648071653260167
0.9642630627959056
0.9635371968873487
0.9631716704021386
0.9629887884010525
0.9624401217669881
0.9617081632125726
0.9613289127791637
0.9611391596576135
0.9605698778449261
0.9598104030341975
0.9593126425303304
0.9590635433821401
0.9583162067684022
0.9573190166268954
0.9566801981068666
0.9563604309853396
0.9554010646200626
0.9541206818824369
0.9532766517730489
0.9528540122448472
0.9515859784387244
0.9498931310756596
0.9492799761292545
0.948077506603272
0.9478131878485669
0.9474232412165284
0.9462532964663953
0.9446915757064832
0.9442234903453927
0.9430930444907039
0.9424791856657275
0.9421719347599673
0.9412501138518573
0.9400199081376012
0.9392198823990524
0.9388193263852339
0.9376175406840089
0.9360132753362617
0.9359490051752335
0.9350388715783788
0.933824286094876
0.9330663800378501
0.9326869466142331
0.9315485350897655
0.9300289732625532
0.9290920451028284
0.9286228509241999
0.9272150940444127
0.9253355307282034
0.9244618734802382
0.9240244161371893
0.9227118863016983
0.9209596348904202
0.9198535300075459
0.9192994808524253
0.9176370730390138
0.9154169955372862
0.9139485007110303
0.9132125178883647
0.9110040938187846
0.9080533133588911
0.9076579133459691
0.9058526851042836
0.903441587521572
0.9031690134808957
0.9014084527851449
0.8990571320691945
0.8978775601294173
0.8972866907893543
0.8955137303155344
0.8931458287561316
0.892029604626938
0.8914705298640646
0.8897929743882986
0.8875527112725404
0.8862985381310482
0.8856702550864493
0.8837849705822924
0.8812668091626847
0.8801276256106537
0.8795570522149412
0.8778449535484365
0.8755584933619366
0.874307308367699
0.8736805467246315
0.8717997852766911
0.869287679101842
0.8677001191873227
0.8669044747227047
0.8645167386223924
0.8613259241355156
0.8609507001306728
0.8602064836888844
0.8579730930061402
0.8549889462779412
0.8536233169665933
0.8529391313349932
0.8508859104572545
0.8481429328215477
0.8467852034592326
0.8461049902441078
0.8440636598022193
0.841336549420208
0.8400236458612734
0.8393659319424619
0.8373921113441481
0.8347553011756239
0.8333177483982348
0.8325974550121015
0.8304357210567147
0.8275472544367549
0.8258095746406863
0.824938500802964
0.8223239644489845
0.8188286923320359
0.8181486724651108
0.815796362660738
0.8126523446502009
0.8111552746734416
0.8104050241012976
0.8081531909742857
0.8051435916023075
0.8037179941029365
0.8030036062907312
0.8008594123894595
0.7979938145213206
0.7963495300314731
0.7955252276111288
0.7930508810800171
0.789742540203652
0.7882178014364531
0.7874535009956833
0.7851592979432124
0.7820921490489314
0.7804415035285603
0.7796138456533486
0.7771292715788296
0.7738064653157642
0.7722723138641713
0.7715031275479242
0.7691941207804578
0.7661064122593869
0.7644967870935697
0.7636895609937824
0.761266218283
0.7580246998188249
0.7564211323186509
0.7556168386045586
0.7532022350722818
0.7499719767770657
0.7483106497518562
0.7474771672538062
0.7449747954781979
0.741626174723974
0.7399837333028146
0.7391596193418873
0.736685325040471
0.733373877308554
0.7317274905510451
0.730901254765273
0.7284205169581845
0.7250998745306539
0.7234258115838649
0.7225854938160289
0.720062373355356
0.7166842175957187
0.7149867157740368
0.7141344410547588
0.7115753228113176
0.7081482148701135
0.7064535290070869
0.7056025356384322
0.7030472090942097
0.6996246937142973
0.6979087903791682
0.6970469716755031
0.6944590544990547
0.6909922218700171
0.6892632708720114
0.6883947583055233
0.6857866723806977
0.6822922952049635
0.6805650257214392
0.6796972752215676
0.6770914384664395
0.6735997904378399
0.6718390975940873
0.6709544193615061
0.6682976625519971
0.6647372402813299
0.6629590524742703
0.6620655164750976
0.6593821034334797
0.6557857087415025
0.6540069774960774
0.6531131873951791
0.6504289895136498
0.6468316288080511
0.6450322483325643
0.6441281031362236
0.6414127606767783
0.6377737051862595
0.6359724821965261
0.6350675304629367
0.6323497552301024
0.6287078709815556
0.6268804687200494
0.6259624896305841
0.6232055464610013
0.6195115662888413
0.617670837893327
0.6167463862884341
0.6139699851168773
0.6102506832824623
0.6084011981403759
0.6074726523012789
0.6046839454652111
0.6009491813196411
0.5990984654706193
0.5981696899955011
0.5953802963134404
0.5916459195181483
0.5897790971037409
0.5888426754286653
0.5860302962031931
0.5822665678614544
0.5803964311386497
0.5794588793068756
0.5766431001650952
0.5728765713572989
0.5710035369926774
0.5700651382382916
0.5672468041328332
0.5634788228949937
0.5616088680637674
0.5606726911990243
0.557861018941863
0.5541041344454348
0.5522408169723966
0.551308705210344
0.5485092245489003
0.5447710011632071
0.5429178391164119
0.5419916049004738
0.5392097507682949
0.53549758735584
0.5336524598297303
0.5327310924610149
0.5299638098917753
0.5262737479617755
0.5244443695565206
0.5235317601833186
0.52079072915052
0.5171384412806284
0.5153263967229632
0.5144233667759267
0.5117110364524484
0.5080998441295876
0.5063121483274005
0.5054222054106322
0.5027491001719583
0.4991930200851646
0.49742936527527737
0.496552371382697
0.4939180528136147
0.4904165047999819
0.48868120444961954
0.4878193053272186
0.48523020093609875
0.4817916923477023
0.48008790550362695
0.47924266552471845
0.47670345414796417
0.4733341438841354
0.4716660771307036
0.4708395674105169
0.4683564520901908
0.465064484289961
0.4634338537956087
0.4626269148683174
0.4602023969706038
0.45699101727222297
0.4554007763118084
0.4546148545649231
0.4522532576575335
0.4491281084107474
0.44758070778028575
0.44681700220261794
0.4445219052451386
0.4414876472290504
0.4399851097340957
0.4392446124887405
0.4370189711007707
0.43407945413537324
0.4326236041909636
0.4319072156865684
0.429753707584735
0.4269124311177488
0.4255054798908222
0.4248142933532932
0.4227361747686384
0.4199974070987915
0.4186408513254248
0.41797562049458853
0.4159751220034577
0.4133418088792929
0.412037686375957
0.4113994326493036
0.4094795873811537
0.40695573207064306
0.40570641314866107
0.4050963204983113
0.4032606481247821
0.4008508866969835
0.3996544378414594
0.3990716485038443
0.39731749937456945
0.39501852520190184
0.39388343527643976
0.39333204823604534
0.3916717320769982
0.3894995000201562
0.3884230677848769
0.387901868924293
0.38633164546168813
0.38428144686857024
0.3832635129929045
0.38277252602695594
0.38129237152989315
0.37936434144625825
0.37840940329219136
0.37795083203261237
0.3765673115439648
0.3747699706544252
0.3738797728216717
0.37345452834328013
0.3721702863163972
0.37050713042957867
0.3696832965072787
0.3692922419268483
0.36810976204104273
0.3665840830818695
0.3658288505865448
0.3654731333028958
0.36439574896216015
0.3630118937651234
0.3623271288686971
0.3620077343710051
0.36103826827156255
0.359799938102632
0.3591877311705893
0.3589057541389504
0.3580473415174348
0.3569586202517138
0.3564211465261127
0.35617772780371665
0.3554336225692853
0.35449873187103054
0.35403805002460476
0.353834298256731
0.3532076230830884
0.352430635055918
0.35204903019463696
0.35188616980512555
0.351380368861654
0.3507657494111762
0.3504655599685597
0.35034486527794484
0.34996349077091016
0.3495158535103556
0.3492995690223018
0.34922241045327534
0.348969256831616
0.34869352562273764
0.3485637904025663
0.3485316486857843
0.34841077966501205
0.34831223648245757
0.3482719215967673
0.348286437736156
0.3483023152552122
0.3483867795912762
0.34843910822022484
0.34850215125338957
0.34865981995775386
0.3489338776725347
0.34908258761058103
0.3491963822019068
0.3495017928475195
0.34997326868214207
0.350223012919075
0.35039039298237074
0.35085107878786465
0.35152995689629196
0.3518871633212032
0.35211214004757885
0.3527387246201186
0.353639244849773
0.35411423282996274
0.3544033829170608
0.3552132750099254
0.35635905491113495
0.3569726128190798
0.3573394638438904
0.3583684882481627
0.3598087127599888
0.3606242833153237
0.36111142605146945
0.3624719552945612
0.36436261866479674
0.36545020555264135
0.36610325101197966
0.36791286417928837
0.37040867313983245
0.37121467402800473
0.3731837912125878
0.37320734266587735
0.373670879454745
0.37498939819539195
0.3767749713408553
0.3770555096406825
0.3774881248529201
0.37872448957124705
0.38039147314509203
0.3811368185573435
0.3815406753605462
0.3826992230247125
0.3842556992317783
0.3849623185619218
0.3853421449675904
0.3864347169399715
0.3878986110682626
0.3885663209284726
0.3889228906150299
0.3899508873328169
0.39132534495392907
0.39195052468525926
0.39228244161470976
0.39324145105726194
0.3945215402705677
0.395100379470588
0.39540604838295723
0.39629119992325873
0.3974712293169322
0.3979992459480535
0.39827663590690054
0.39908187592913424
0.40015445523378157
0.40031666020473256
0.4005633402647031
0.4012815147882897
0.4022377374620041
0.40225427897107896
0.4024640821392853
0.40307723614465535
0.4038935763774543
0.4043362407946288
0.4045671826600574
0.4052400594417252
0.40613533840846755
0.4066148779469191
0.40686607910593986
0.4075956996065684
0.40856586382869786
0.40908345601275725
0.40935585753939135
0.4101443413907779
0.4111921764663575
0.4117631141584616
0.41206566803689987
0.4129372780991806
0.4140949270638044
0.41474958281314317
0.4151003543924444
0.41610356818336813
0.4174351593627562
0.41821188460937064
0.41863507320086957
0.4198327063704785
0.42142120797495713
0.4223746232131737
0.42290732432935146
0.4243920572321409
0.4263593285376247
0.42745027571376537
0.42807324604877856
0.4297870695774634
0.4320563665431514
0.433368896665258
0.4341447697365412
0.43623713138853526
0.4389997632427042
0.44068482031479506
0.44173819562782074
0.44448889395916535
0.44809021437236496
0.4502006953324162
0.4516050340882044
0.4551366824524686
0.4596902475306167
0.46271168621671926
0.4650626321357417
0.47052697771779606
0.47722978315335535
0.4805681944372803
0.48565460944527944
0.4880813150786864
0.48981099319746146
0.4939184131103269
0.4990597593789216
0.5020416436013944
0.504544457981157
0.5100916512899126
0.5166903936800117
0.5201092059564516
0.5232321268068506
0.5297963344053704
0.5372136062369518
0.5406965110359312
0.5437841319486678
0.5501548328138288
0.5572616044061736
0.5605911472166489
0.5636206566332138
0.5697581116758974
0.5765169378768034
0.5796788256964273
0.5826513051925847
0.588552758814009
0.5949575999674237
0.5979450342037805
0.6008602136671526
0.6065218123026467
0.6125705639040029
0.6153814871802241
0.6182406841108025
0.6236657628562812
0.629367686301359
0.6320069898220126
0.6348140693851859
0.6400146899181054
0.6453899014891193
0.6478680051580219
0.6506287071999297
0.6556229238114288
0.6606979624729392
0.6630281419309434
0.6657489594021736
0.6705571717710854
0.6753603066154363
0.6775563175655673
0.6802435528751014
0.6848856046392781
0.6894434450098452
0.6915179661509477
0.6941771503501305
0.698670594866424
0.7030062349080215
0.7049700959911273
0.7076057356443521
0.7119651016437177
0.716097467103279
0.7179594375384136
0.7205749862379213
0.7248117120640276
0.7287556657132824
0.7305225731857563
0.7331205293037537
0.7372432658671237
0.7410101055116576
0.7426871121894749
0.7452691718842014
0.7492842428507094
0.7528823462237393
0.7544732737685602
0.7570404957707003
0.7609523873234701
0.7643878614312355
0.7658955050523432
0.7684484641992645
0.7722602776935148
0.7755375418911917
0.7769639457318533
0.7795028652617823
0.7832167045281504
0.7863389803857693
0.7876856652336459
0.7902105252745207
0.7938278120181967
0.7967975169856161
0.798065661097842
0.8005762845372197
0.8040980061470557
0.8069170595445521
0.8081076378138793
0.8106037563104738
0.8140306549126759
0.8167007091669621
0.817814597334511
0.8202959005964486
0.8236286132549473
0.8261512239543066
0.8271892745648982
0.8296554457675509
0.8328946051122158
0.8352713523866189
0.836234448532238
0.8386851881750621
0.8418314913718931
0.8440640633997952
0.844953441434258
0.8473878033794943
0.8504413653100759
0.8525316113217247
0.8533474741587622
0.8557663437277764
0.8587292577010714
0.8606792622875751
0.8614236578699056
0.8638262103804375
0.8666989135759178
0.8685109357510299
0.8691847461001768
0.8715708737388844
0.8743546514539526
0.876031189529506
0.8766357714848053
0.8790054365087988
0.8817017468266015
0.8832455046649087
0.8837823197392177
0.8861355455643852
0.8887460039422779
0.89015987789334
0.8906304802638568
0.8929673487808947
0.8954937166654394
0.8967807781990281
0.8971868051866475
0.8995074532066492
0.9019516242884018
0.9031150998420493
0.9034582613542771
0.9057628763734256
0.9081268612989823
0.9091701105901777
0.9094521779580185
0.9117409935329468
0.9140269038335003
0.9149533975497344
0.9151761921683373
0.9174494831132276
0.9196595149681045
0.9204728124939535
0.9206381946091835
0.9228962721570496
0.9250326903896801
0.9257364180025953
0.925846276007629
0.9280894829161688
0.9301546053535171
0.9307524355805955
0.9308086755293433
0.9330373814990036
0.9350335643406054
0.9355291961543325
0.935533732269299
0.9377483295180372
0.9396779534043463
0.9400750941531345
0.9400298398265572
0.9422307388245844
0.9440961960286438
0.9443985445419981
0.9443054041918814
0.9464930298157704
0.9482967124529967
0.9485079438037826
0.9483688055945251
0.9505435934045076
0.9522878826307287
0.9524116347199812
0.9522283637250982
0.9543907566547923
0.9560780132130163
0.9561178742396964
0.9558923067688927
0.9580427522953704
0.9596753080267563
0.9596348057904428
0.9593687442320986
0.9615076917691968
0.9630878422414473
0.9629704350877022
0.9626656439851284
0.9647935417539221
0.9663235392725064
0.9661326081648586
0.9657908092954466
0.9679081035483169
0.9693901523297699
0.9691289941873369
0.9687518651785838
0.9708589964443922
0.9722952473388071
0.9719670692912825
0.971556240750194
0.9736536427532859
0.9750461888720252
0.9746541049350222
0.9742111557680346
0.9762992560998848
0.9776501321231336
0.9771971573010506
0.9767236191823488
0.9788028341197987
0.9801140094061871
0.9796030625775448
0.9791004087809888
0.9811711484866428
0.9824445323787657
0.9818784245283423
0.9813480837887251
0.9834107443376502
0.9846481763955982
0.9840296230700317
0.9834729647363283
0.9855279316774107
0.9867311872639591
0.9860627971345503
0.9854811382788502
0.9875287886250006
0.9886995770868409
0.9879838572119526
0.9873784682541675
0.9894191592737949
0.9905591207643992
0.9897984774444727
0.9891705711849473
0.9912046525436534
0.9923153628162232
0.9915121046677735
0.9908628516206309
0.992890649193456
0.9939736127864005
0.9931299526772759
0.992460438971875
0.9944822987789552
0.9955389760991279
0.994656998837832
0.993968310950936
0.9959845409512699
0.997016305702552
0.9960980495110955
0.995391210879049
0.9974020818611904
0.998410244381651
0.9974576460007508
0.9967335993714176
0.9987394114076847
0.9997252429314347
0.9987401176268184
0.9997444871916549
0.9998439390605351
0.9999203685084334
0.9999999996218609