20000.
19997.098478896
19995.647876092
19991.296699233
19985.496603496
19984.774934645
19984.108749496
19983.964961173
19983.328198506
19983.027379827
19982.876972175
19982.425756033
19981.824150419
19981.482179951
19981.311196898
19980.798256546
19980.114356627
19979.772745247
19979.601941734
19979.089539982
19978.406358156
19978.046177611
19977.866089761
19977.325835976
19976.605520394
19976.232595941
19976.046136311
19975.486767892
19974.740967773
19973.609914362
19973.044411632
19971.347999588
19969.086341217
19968.733654319
19967.926447694
19967.522856588
19966.312132273
19964.697947542
19964.317845802
19963.860177308
19963.631346979
19962.944871762
19962.029608283
19961.495388224
19961.228283536
19960.426990955
19959.35865099
19958.836530087
19958.575474738
19957.792329217
19956.748183094
19956.213610635
19955.946329756
19955.144508636
19954.07546403
19953.443162127
19953.127018665
19952.178618381
19950.914154917
19950.262344811
19949.936447719
19948.958788433
19947.655317377
19946.968454773
19946.625032315
19945.594800467
19944.221240912
19943.439405638
19943.048499465
19941.875826976
19940.312371075
19939.458036597
19939.030883053
19937.749477389
19936.041064773
19935.211650782
19934.796956695
19933.552926256
19931.894339932
19931.118635242
19930.730794189
19929.567316369
19928.016118414
19927.050229852
19926.567303092
19925.118593101
19923.18714381
19922.233318954
19921.756423614
19920.32580616
19918.418476221
19917.296265923
19916.735184443
19915.052034919
19912.808057039
19911.640108137
19911.056159332
19909.304415754
19906.968997615
19906.75748426
19906.263254663
19904.780639568
19902.803991409
19901.507447715
19900.859207493
19898.91461361
19896.322117597
19894.789953861
19894.023916183
19891.725980231
19888.662478822
19888.492491775
19886.580048507
19884.030410463
19879.868360769
19877.787662473
19871.546874443
19863.228872325
19860.804043495
19859.331888791
19858.595852305
19856.387906629
19853.444361217
19851.962191368
19851.221147883
19848.998183506
19846.034618519
19844.544246183
19843.799101931
19841.563837159
19838.583876088
19837.938701204
19837.230612176
19835.106496842
19832.274697143
19830.879995392
19830.182681246
19828.090886027
19825.302169247
19820.125645203
19817.537889869
19809.776651254
19799.433062144
19797.948840326
19796.727345052
19793.063311577
19788.178988973
19785.94621591
19784.829923771
19781.481425385
19777.017642859
19774.981693338
19773.9637971
19770.910422896
19766.839991102
19764.672824124
19763.589329656
19760.339202781
19756.006532117
19753.90869942
19752.859866531
19749.713702135
19745.51959618
19743.334277514
19742.241708798
19738.964365566
19734.595421326
19732.07025801
19730.807797427
19727.020900479
19721.972835622
19719.470904282
19718.220057544
19714.46799356
19709.466352657
19706.658345378
19705.254491659
19701.043530725
19695.43031647
19692.412859167
19690.904303768
19686.379331144
19680.347652399
19677.231766546
19675.674008504
19671.001474496
19664.773155805
19661.82442809
19660.350229937
19655.928298856
19650.033938395
19644.880402586
19642.304141361
19634.577385022
19624.279772163
19619.210239866
19616.675964653
19609.075103385
19598.945203772
19594.026833686
19586.343627816
19582.697728185
19580.875032741
19575.407964522
19568.120915327
19563.959679028
19561.879392574
19555.639860641
19547.32358129
19543.37412001
19541.399688474
19535.477590917
19527.584253309
19523.711642367
19521.77562476
19515.968724032
19508.228877329
19503.856162862
19501.670173029
19495.113673779
19486.375104441
19481.369005066
19478.866437493
19471.360663853
19461.357465433
19456.275517459
19453.735040949
19446.115601937
19435.960992979
19431.032330734
19428.568468136
19421.178755062
19411.330177288
19405.552118084
19402.66373327
19394.0011585
19382.457075797
19377.073773393
19374.382682703
19366.311653261
19355.555511663
19348.631424153
19345.170309057
19334.790678621
19320.959835398
19311.483515115
19306.747097702
19292.544815073
19273.624690257
19264.056797769
19259.274632466
19244.935258922
19225.832702284
19222.838396504
19218.767239981
19206.558943607
19190.293279282
19188.297847289
19184.658571098
19173.74488392
19159.202959567
19151.723211055
19147.984431626
19136.772472611
19121.833407088
19114.391561847
19110.671725104
19099.516558349
19084.653132383
19076.385275038
19072.252689331
19059.86030359
19043.349648788
19035.490564836
19031.562238927
19019.78212521
19004.086650232
18995.584575496
18991.334964293
18978.591834698
18961.614296869
18952.909194029
18948.558141062
18935.510975164
18918.128729299
18906.863891405
18901.233987665
18884.354333796
18861.871577441
18848.325038394
18841.555417209
18821.261139553
18794.236104193
18790.748758492
18784.401858133
18765.374017755
18740.033545512
18726.49677431
18719.732055479
18699.452558497
18672.447402103
18667.236262209
18660.286561484
18639.452980483
18611.711052954
18598.890460928
18592.483476595
18573.275764057
18547.696347023
18534.957360401
18528.591148029
18509.505628494
18484.088849095
18470.264667898
18463.356454414
18442.647313905
18415.071257377
18398.308975707
18389.933556804
18364.830170732
18331.412289782
18307.692987785
18295.844847428
18260.346414648
18213.122292466
18204.628107497
18167.999827974
18150.172825067
18123.076254549
18106.562129283
18098.310709898
18073.579007858
18040.655972541
18019.180189576
18008.45188607
17976.305286598
17933.532405095
17909.39992239
17897.345860689
17861.232334023
17813.194298438
17786.886488028
17773.74715541
17734.38736769
17682.043207667
17652.152934975
17637.22675065
17592.523884285
17533.096267421
17531.455401345
17519.65392992
17484.297161674
17437.265779217
17412.904125372
17400.736063918
17364.282875531
17315.797393977
17281.320897462
17264.108398041
17212.57369776
17144.09999043
17138.459346844
17116.331720931
17050.120114094
16962.236230788
16919.172211257
16897.681216636
16833.371886472
16748.006680891
16731.76595221
16674.789953284
16648.499467359
16635.369771697
16596.042781732
16543.751384335
16517.489222064
16504.373777663
16465.089897975
16412.856808922
16378.802594943
16361.801992376
16310.905990004
16243.290850846
16209.359098115
16192.419810659
16141.708089342
16074.339434779
16039.555759404
16022.192156595
15970.214051063
15901.172126336
15856.099730101
15833.611462664
15766.337849735
15677.08412415
15620.19850678
15591.8331482
15507.045761579
15394.712707571
15321.150494304
15284.501306452
15175.078913428
15030.399992541
14978.387292259
14876.985760042
14854.783258403
14822.143928775
14724.655610841
14595.667893601
14557.26051621
14464.982980786
14415.144711033
14390.290004419
14315.982720917
14217.502878542
14153.858837432
14122.14373179
14027.424174631
13902.118950908
13897.125275257
13826.637483748
13733.209602708
13675.262158927
13646.380190697
13560.099765195
13445.907192046
13376.02565702
13341.221201649
13237.350266451
13100.112602494
13036.858986778
13005.34680094
12911.266532208
12786.884004431
12709.046319626
12670.305338221
12554.789525589
12402.40504935
12302.725402564
12253.186405701
12105.763075422
11911.954067678
11886.253162006
11769.727949749
11616.136047534
11598.916414296
11488.40429762
11342.690988342
11270.363462054
11234.372831207
11127.0890691
10985.63606627
10919.647404052
10886.801862732
10788.856838458
10659.632837072
10588.036815402
10552.419333804
10446.28417305
10306.429330673
10243.845079782
10212.695609145
10119.814366227
9997.2854088192
9930.9320640548
9897.9207209286
9799.5436352517
9669.8935188295
9588.937766019
9548.7144010903
9429.0538500807
9271.8358220926
9253.5139235975
9217.392822541
9109.8733178034
8968.4624345669
8904.5671172079
8872.7903664102
8778.1388906562
8653.5057226857
8596.6470181507
8568.3579159567
8484.0479371813
8372.9236939095
8275.1166859615
8226.6424602114
8082.9168689764
7895.1811511261
7785.7368964771
7732.0693644899
7705.3744813161
7625.8415467625
7521.073162291
7467.1369984351
7440.3141362842
7360.4222764571
7255.232652926
7204.4191495985
7179.1460082766
7103.8572949646
7004.6991296046
6954.1289577175
6928.9809436579
6854.0812430704
6755.4729065755
6697.4321068586
6668.5989737901
6582.8422211491
6470.2129264953
6456.5977993731
6432.5771172351
6361.0499350799
6266.9160448446
6220.9141291826
6198.0399528437
6129.9208385995
6040.2585165265
5991.5105284714
5967.2842646764
5895.1916375811
5800.4211695206
5756.4234880164
5734.5499544403
5669.426791415
5583.7448834039
5541.3441275807
5520.2646418273
5457.5060917237
5374.9364966711
5333.7603059703
5313.290651174
5252.3518298938
5172.1858894802
5133.1364555001
5113.722433675
5055.9198156157
4979.864737055
4941.957351446
4923.1120034191
4867.0060489519
4793.1914900197
4756.2752912468
4737.9239481865
4683.2936646783
4611.4318966954
4576.8347608474
4559.6336502068
4508.4172313151
4441.0224593884
4407.0951294218
4390.2287831322
4340.0160536222
4273.9579756827
4241.6064648896
4225.5226556566
4177.6362367285
4114.6307891913
4084.0673625028
4068.8708880027
4023.6198948217
3964.0671046774
3934.3028188706
3919.5045872163
3875.4430244339
3817.4638182136
3789.0992427643
3774.9960852178
3733.0007884865
3677.7328903912
3650.624454508
3637.1452586083
3597.0055538237
3544.1741918035
3518.011580561
3505.0027866355
3466.2643170119
3415.278221845
3390.403234284
3378.0337631254
3341.1954644944
3292.7018937782
3268.7776543515
3256.8807990283
3221.4493996929
3174.8064105497
3152.0358918386
3140.7119485284
3106.9836292541
3062.5753066389
3040.6105963915
3029.6873851321
2997.1526354735
2954.3158027005
2933.2999218991
2922.8481094899
2891.7155922666
2850.7207931494
2830.581675955
2820.5655324268
2790.7292576081
2751.4379350965
2732.2012397409
2722.6333853286
2694.1303877333
2656.5900241591
2638.1607392828
2628.9940945724
2601.6848239444
2565.7132383505
2548.040349124
2539.2496061347
2513.0589287525
2478.557763542
2461.6434499213
2453.229627198
2428.1603165712
2395.1326225509
2378.8942052493
2370.8163274633
2346.7469006288
2315.0340237211
2299.461976528
2291.7152759444
2268.6314119716
2238.2142186667
2223.3268788371
2215.920382963
2193.8486060354
2164.7611780326
2150.4702873575
2143.3602590508
2122.1709104435
2094.2439457436
2080.5337056548
2073.7122803689
2053.3819044781
2026.5844481962
2013.4259395044
2006.8787584978
1987.3646789771
1961.640751469
1949.0189084227
1942.7384740826
1924.0183381458
1899.3384593987
1887.2072336201
1881.1707074506
1863.1767355938
1839.4522292979
1827.79869888
1821.9996483874
1804.7126562188
1781.9182047448
1770.7211295125
1765.149003912
1748.5376139685
1726.6320149532
1715.8507842062
1710.4854393475
1694.4898582221
1673.3948604777
1663.0173619626
1657.8527707053
1642.4550321319
1622.1469468862
1612.1523691369
1607.1781961087
1592.3475730761
1572.7860750169
1563.1513876711
1558.3561991165
1544.0587133241
1525.1992431895
1515.9105193927
1511.2873924499
1497.5024363386
1479.317889291
1470.350422676
1465.887094612
1452.5782387312
1435.0208698299
1426.3620845233
1422.0523036681
1409.2009369923
1392.2462641526
1383.8766813131
1379.7107763986
1367.2881554967
1350.8984781124
1342.802111432
1338.7721425524
1326.754659002
1310.8989869486
1303.0643645098
1299.1646294654
1287.5353106975
1272.1913235174
1264.607789227
1260.8329907276
1249.5760669957
1234.7230205261
1227.3398771548
1223.6648773093
1212.7057704993
1198.2461542626
1191.0952966709
1187.535886566
1176.9213503129
1162.9160744292
1155.9730111441
1152.5170395474
1142.2109949759
1128.6128189954
1121.8606267624
1118.4996942531
1108.4771898638
1095.2534145373
1088.6794689944
1085.4073076512
1075.6497152764
1062.7759083212
1056.3714491781
1053.1837068025
1043.6780807597
1031.1372373585
1024.8890798488
1021.779212958
1012.5061167489
1000.2727690277
994.17155193809
991.1349128991
982.08053441499
970.1365679953
964.17193535136
961.20338493074
952.35246014021
940.67787739003
934.83951431629
931.93393518422
923.27127109405
911.84618125316
906.12491133113
903.2777518029
894.7898381071
883.59656101933
877.98309218637
875.1897450959
866.86291426645
855.8835812313
850.3685364243
847.62435461908
839.44482906169
828.66144721165
823.23532987581
820.53560951855
812.48945362848
801.88384690251
796.53709107817
793.877096911
785.95029371687
775.5042069431
770.22626160823
767.60077435217
759.77788838646
749.47125193682
744.24981324857
741.65275092038
733.91581268301
723.7253021224
718.54481505576
715.96849385255
708.29482220146
698.19104591831
693.02923827159
690.46266263158
682.81982599941
672.76081556674
667.58096442055
665.00601354785
657.34059984194
647.25731855179
641.98689511623
639.36779841888
631.57444487405
621.33087634866
615.777593528
613.01959236911
604.81948496877
594.05638330575
587.3426932805
584.01435471816
574.14207826352
561.23815047232
560.94882681432
553.14242659107
542.90262318261
542.26863445645
536.05581440268
527.88263965152
526.9181658579
525.12667636345
519.78867110622
512.75564314967
511.38365777648
509.80890310855
505.11367544522
498.92056891866
496.12560176345
494.73399513289
490.58255198946
485.1014335145
482.59751460342
481.3504058555
477.62838286959
472.71041703139
470.4668555066
469.34907094257
466.01162669116
461.59858850933
459.59541753168
458.59709421936
455.61511681743
451.6692877166
449.89522985727
449.01081561613
446.36799096856
442.86840649497
442.32677449623
441.55098566065
439.23177357842
436.15842900751
436.01925374384
435.3600352818
433.38835401115
430.77332917477
429.40753907564
428.72626870119
426.68893598069
423.9875448146
422.5301242962
421.80329371945
419.63029520212
416.75036798915
415.21375494891
414.44757431407
412.1575049438
409.12375131372
407.48191328719
406.66346666581
404.2179770537
400.98018535877
399.16609884301
398.26213552871
395.56251003768
391.99145408246
389.90012473158
388.85864778226
385.75087895472
381.64578914845
379.1774723135
377.94930676808
374.28862717232
369.46281586552
366.69058947282
365.31228637525
361.20838375596
355.80814032565
352.69837944117
351.15370601354
346.56015776982
340.52876392401
336.89210934135
335.08837197319
329.7348973924
322.72973989171
318.24643486319
316.02819202608
309.46580314782
300.92743586758
295.57982506295
292.94176172878
285.16800243672
275.12293818545
268.50750532879
265.25968134782
255.75002583506
243.59868820194
243.18968894594
240.66763868346
233.2573388124
223.73064663732
218.40485613635
215.78969263026
208.13058982011
198.33964966921
192.44099530559
189.55778279178
181.16474984635
170.5492468289
165.36610673208
162.83390920999
155.46759942721
146.1615993509
141.75299390078
139.59881010487
133.33069608734
125.40881255231
121.64119572695
119.80004813101
114.44212922602
107.66912436869
104.4389384378
102.86036999576
98.266385815816
92.458644175107
89.684620630471
88.328977346848
84.383762153854
79.396214352742
77.012033749006
75.846927131944
72.456305407711
68.170076461336
66.12029747179
65.118637803763
62.203788077349
58.519266027602
56.756891649063
55.8957089115
53.389772066612
50.222408204319
48.707287383437
47.966954780926
45.812792202137
43.090306532659
41.787989642616
41.151666309309
39.300245839495
36.960603916305
35.841464997469
35.294667868514
33.703821040629
31.693669905116
30.732200587805
30.262459625698
28.895879377136
27.169282861529
26.343507079505
25.940079289172
24.766487836943
23.283874928191
22.574855099466
22.228483142006
21.220929261916
19.948205198562
19.33962136458
19.042327788396
18.177587607072
17.085375523754
16.563164626613
16.308075479595
15.566138741194
14.629129303102
14.181175004501
13.962368150244
13.325996395534
12.522388385436
12.138253839919
11.950628275262
11.404974177257
10.715992481715
10.386689852828
10.225852992942
9.7581320266588
9.1676118824404
8.8854034114519
8.7475738060282
8.3467808708697
7.8408090400735
7.5990352771739
7.4809586115721
7.1376233577461
6.7042283257628
6.4971597826096
6.3960363346294
6.1020118656601
5.7308963170993
5.5536053394648
5.4670273260963
5.2153077163699
4.8976175123917
4.7462369322776
4.6723104169604
4.4573682157095
4.1860808538085
4.0561887600548
3.9927620510515
3.80837096871
3.5756939322772
3.4645819198959
3.4103274657244
3.2526087645503
3.0536047622723
2.9585868148492
2.9121923959559
2.7773288330715
2.6071756498058
2.5259422991514
2.4862797469736
2.3709898413141
2.2255428674187
2.1561123104007
2.1222135658316
2.0236817205068
1.8993851642933
1.8400574163102
1.8110921195112
1.7269033827459
1.6207077496918
1.5700250859086
1.5452812411825
1.4733650251284
1.3826559410872
1.3393688087455
1.3182361244985
1.2568177145838
1.1793546098787
1.1423922673213
1.1243478070096
1.071906600897
1.0057699111693
0.97421514826415
0.95881097669754
0.91404453327391
0.85759025226542
0.83065763412061
0.81751018615777
0.77930328931126
0.73112386633964
0.70814101672555
0.69692195186628
0.66432000014547
0.62321070990149
0.60360221710235
0.59403055590948
0.56621668361556
0.53114671552169
0.51442029839093
0.50625566362436
0.48253107750089
0.45261869165685
0.43835331357463
0.43139012333264
0.41115721011813
0.38564839686885
0.3734840576794
0.3675465385732
0.35029435909489
0.32854451580925
0.31817348904015
0.31311139563016
0.29840323413095
0.2798614398919
0.27102075181637
0.266705692882
0.25416837218856
0.23836389446757
0.23082887478902
0.22715116318085
0.21646588318111
0.20299660933075
0.19657535805392
0.19344130821866
0.18433578693119
0.17285830189535
0.16738694972158
0.16471656287005
0.1569583050755
0.14717939331748
0.14251803946127
0.14024301969087
0.1336335483432
0.12530291209984
0.12133214353164
0.11939419799465
0.11376411191009
0.10666813323439
0.10328604752043
0.10163543254857
0.096840179312378
0.090796585036688
0.087916239091905
0.086510514396214
0.082426768562643
0.077280059916268
0.0748272888595
0.073630252475382
0.070152819310214
0.065770364898448
0.063681914749252
0.062662691282836
0.059701856373624
0.055970548219214
0.054192483146984
0.053324746057791
0.050804014479025
0.047627415389125
0.046113748963819
0.04537505232962
0.043229206478961
0.040525100393757
0.039236634346601
0.038607845857569
0.036781297202941
0.034479609585031
0.033382931934593
0.032847743829013
0.031293111715652
0.02933411750178
0.02840075686873
0.02794527301054
0.026622184341704
0.024954993541967
0.024160691690142
0.023773072439654
0.022647129612381
0.021228385758406
0.020552473648041
0.020222631309315
0.019264527304463
0.018057291852261
0.017482163109252
0.017201504865746
0.016386276085428
0.015359085955925
0.014869749011367
0.014630958252962
0.013937348877024
0.013063414518778
0.012647097068439
0.012443940427502
0.011853842128382
0.011110342038291
0.010878823763126
0.010764880099161
0.010430159859158
0.0099999997764826